  0.0000000000    0.0150000000
  0.0002500000    0.0010000000    179    30
  0.0033855583    0.0033695092    0.0033356081    0.0032961439    0.0032545873
  0.0032119957    0.0031687810    0.0031251231    0.0030811226    0.0030368217
  0.0029922817    0.0029474954    0.0029024978    0.0028572822    0.0028118732
  0.0027662628    0.0027204732    0.0026744953    0.0026283497    0.0025820194
  0.0025355392    0.0024888936    0.0024420948    0.0023951655    0.0023480978
  0.0023009236    0.0022536376    0.0022062550    0.0021587958    0.0021112913
  0.0020637352    0.0020161765    0.0019686338    0.0019211211    0.0018736824
  0.0018263450    0.0017791498    0.0017321334    0.0016853309    0.0016388019
  0.0015925748    0.0015467020    0.0015012433    0.0014562129    0.0014116943
  0.0013676929    0.0013242556    0.0012814003    0.0012391411    0.0011974712
  0.0011563571    0.0011157209    0.0010754789    0.0010354422    0.0009953793
  0.0009549056    0.0009134258    0.0008700082    0.0008229850    0.0007688926
  0.0006982293    0.0006901892    0.0006901892    0.0006901892    0.0006901892
  0.0006901892    0.0006901892    0.0006901892    0.0006901892    0.0006901892
  0.0006901892    0.0006901892    0.0006901892    0.0006901892    0.0006901892
  0.0006901892    0.0006901892    0.0006901892    0.0006901892    0.0006901892
  0.0006901892    0.0006901892    0.0006901892    0.0006901892    0.0006901892
  0.0006901892    0.0006901892    0.0006901892    0.0006901892    0.0006901892
  0.0006901892    0.0006901892    0.0006901892    0.0006901892    0.0006901892
  0.0006901892    0.0006901892    0.0006901892    0.0006901892    0.0006901892
  0.0006901892    0.0006901892    0.0006901892    0.0006901892    0.0006901892
  0.0006901892    0.0006901892    0.0006901892    0.0006901892    0.0006901892
  0.0006901892    0.0006901892    0.0006901892    0.0006901892    0.0006901892
  0.0006901892    0.0006901892    0.0006901892    0.0006901892    0.0006901892
  0.0006901892    0.0006901892    0.0006901892    0.0006901892    0.0006901892
  0.0006901892    0.0006901892    0.0006901892    0.0006901892    0.0006901892
  0.0006901892    0.0006901892    0.0006901892    0.0006901892    0.0006901892
  0.0006901892    0.0006901892    0.0006901892    0.0006901892    0.0006901892
  0.0006901892    0.0006901892    0.0006901892    0.0006901892    0.0006901892
  0.0006901892    0.0006901892    0.0006901892    0.0006901892    0.0006901892
  0.0006901892    0.0006901892    0.0006901892    0.0006901892    0.0006901892
  0.0006901892    0.0006901892    0.0006901892    0.0006901892    0.0006901892
  0.0006901892    0.0006901892    0.0006901892    0.0006901892    0.0006901892
  0.0006901892    0.0006901892    0.0006901892    0.0006901892    0.0006901892
  0.0006901892    0.0006901892    0.0006901892    0.0006901892    0.0006901892
  0.0006901892    0.0006901892    0.0006901892    0.0006901892    0.0006901892
  0.0036028847    0.0035886612    0.0035570424    0.0035191187    0.0034786636
  0.0034369706    0.0033945219    0.0033515641    0.0033082162    0.0032645489
  0.0032206051    0.0031764152    0.0031319856    0.0030873465    0.0030424931
  0.0029974425    0.0029521875    0.0029067510    0.0028611232    0.0028153152
  0.0027693405    0.0027231833    0.0026768560    0.0026303741    0.0025837410
  0.0025369494    0.0024900329    0.0024429849    0.0023958182    0.0023485440
  0.0023011767    0.0022537367    0.0022062358    0.0021587096    0.0021111564
  0.0020636055    0.0020161006    0.0019686431    0.0019212980    0.0018740691
  0.0018270160    0.0017801651    0.0017335553    0.0016872428    0.0016412649
  0.0015956612    0.0015504897    0.0015057757    0.0014615727    0.0014179047
  0.0013747883    0.0013322629    0.0012903141    0.0012489312    0.0012080413
  0.0011676070    0.0011274867    0.0010875098    0.0010473944    0.0010067552
  0.0009649895    0.0009211202    0.0008734672    0.0008186310    0.0007475013
  0.0007472163    0.0007472163    0.0007472163    0.0007472163    0.0007472163
  0.0007472163    0.0007472163    0.0007472163    0.0007472163    0.0007472163
  0.0007472163    0.0007472163    0.0007472163    0.0007472163    0.0007472163
  0.0007472163    0.0007472163    0.0007472163    0.0007472163    0.0007472163
  0.0007472163    0.0007472163    0.0007472163    0.0007472163    0.0007472163
  0.0007472163    0.0007472163    0.0007472163    0.0007472163    0.0007472163
  0.0007472163    0.0007472163    0.0007472163    0.0007472163    0.0007472163
  0.0007472163    0.0007472163    0.0007472163    0.0007472163    0.0007472163
  0.0007472163    0.0007472163    0.0007472163    0.0007472163    0.0007472163
  0.0007472163    0.0007472163    0.0007472163    0.0007472163    0.0007472163
  0.0007472163    0.0007472163    0.0007472163    0.0007472163    0.0007472163
  0.0007472163    0.0007472163    0.0007472163    0.0007472163    0.0007472163
  0.0007472163    0.0007472163    0.0007472163    0.0007472163    0.0007472163
  0.0007472163    0.0007472163    0.0007472163    0.0007472163    0.0007472163
  0.0007472163    0.0007472163    0.0007472163    0.0007472163    0.0007472163
  0.0007472163    0.0007472163    0.0007472163    0.0007472163    0.0007472163
  0.0007472163    0.0007472163    0.0007472163    0.0007472163    0.0007472163
  0.0007472163    0.0007472163    0.0007472163    0.0007472163    0.0007472163
  0.0007472163    0.0007472163    0.0007472163    0.0007472163    0.0007472163
  0.0007472163    0.0007472163    0.0007472163    0.0007472163    0.0007472163
  0.0007472163    0.0007472163    0.0007472163    0.0007472163    0.0007472163
  0.0007472163    0.0007472163    0.0007472163    0.0007472163    0.0007472163
  0.0007472163    0.0007472163    0.0007472163    0.0007472163    0.0007472163
  0.0038186946    0.0038060641    0.0037766757    0.0037403524    0.0037010900
  0.0036603324    0.0036186839    0.0035764416    0.0035337556    0.0034907189
  0.0034473758    0.0034037693    0.0033599175    0.0033158423    0.0032715490
  0.0032270465    0.0031823459    0.0031374516    0.0030923700    0.0030470923
  0.0030016305    0.0029559908    0.0029101726    0.0028641871    0.0028180321
  0.0027717081    0.0027252278    0.0026785984    0.0026318239    0.0025849113
  0.0025378791    0.0024907140    0.0024434635    0.0023961089    0.0023486783
  0.0023011902    0.0022536678    0.0022061204    0.0021585746    0.0021110676
  0.0020636172    0.0020162438    0.0019689929    0.0019218991    0.0018749929
  0.0018283188    0.0017819308    0.0017358509    0.0016901269    0.0016448048
  0.0015999136    0.0015555113    0.0015116274    0.0014682906    0.0014255060
  0.0013832837    0.0013416283    0.0013005045    0.0012598464    0.0012195749
  0.0011795609    0.0011396048    0.0010994196    0.0010585987    0.0010165243
  0.0009722110    0.0009239610    0.0008684155    0.0008051040    0.0008051040
  0.0008051040    0.0008051040    0.0008051040    0.0008051040    0.0008051040
  0.0008051040    0.0008051040    0.0008051040    0.0008051040    0.0008051040
  0.0008051040    0.0008051040    0.0008051040    0.0008051040    0.0008051040
  0.0008051040    0.0008051040    0.0008051040    0.0008051040    0.0008051040
  0.0008051040    0.0008051040    0.0008051040    0.0008051040    0.0008051040
  0.0008051040    0.0008051040    0.0008051040    0.0008051040    0.0008051040
  0.0008051040    0.0008051040    0.0008051040    0.0008051040    0.0008051040
  0.0008051040    0.0008051040    0.0008051040    0.0008051040    0.0008051040
  0.0008051040    0.0008051040    0.0008051040    0.0008051040    0.0008051040
  0.0008051040    0.0008051040    0.0008051040    0.0008051040    0.0008051040
  0.0008051040    0.0008051040    0.0008051040    0.0008051040    0.0008051040
  0.0008051040    0.0008051040    0.0008051040    0.0008051040    0.0008051040
  0.0008051040    0.0008051040    0.0008051040    0.0008051040    0.0008051040
  0.0008051040    0.0008051040    0.0008051040    0.0008051040    0.0008051040
  0.0008051040    0.0008051040    0.0008051040    0.0008051040    0.0008051040
  0.0008051040    0.0008051040    0.0008051040    0.0008051040    0.0008051040
  0.0008051040    0.0008051040    0.0008051040    0.0008051040    0.0008051040
  0.0008051040    0.0008051040    0.0008051040    0.0008051040    0.0008051040
  0.0008051040    0.0008051040    0.0008051040    0.0008051040    0.0008051040
  0.0008051040    0.0008051040    0.0008051040    0.0008051040    0.0008051040
  0.0008051040    0.0008051040    0.0008051040    0.0008051040    0.0008051040
  0.0008051040    0.0008051040    0.0008051040    0.0008051040    0.0008051040
  0.0040331078    0.0040218398    0.0039945871    0.0039599327    0.0039219096
  0.0038821258    0.0038413081    0.0037998076    0.0037577854    0.0037153826
  0.0036726456    0.0036296323    0.0035863527    0.0035428329    0.0034991023
  0.0034551509    0.0034109928    0.0033666340    0.0033220828    0.0032773399
  0.0032324085    0.0031872936    0.0031420030    0.0030965193    0.0030508730
  0.0030050438    0.0029590492    0.0029128921    0.0028665782    0.0028200929
  0.0027734798    0.0027267074    0.0026798100    0.0026327793    0.0025856267
  0.0025383878    0.0024910456    0.0024436294    0.0023961526    0.0023486318
  0.0023010889    0.0022535551    0.0022060368    0.0021585741    0.0021111882
  0.0020639059    0.0020167796    0.0019698332    0.0019231009    0.0018766218
  0.0018304396    0.0017846011    0.0017391397    0.0016941051    0.0016495286
  0.0016054265    0.0015618722    0.0015188417    0.0014763648    0.0014344413
  0.0013930619    0.0013521725    0.0013117241    0.0012716022    0.0012316699
  0.0011917152    0.0011514436    0.0011104389    0.0010680416    0.0010232870
  0.0009744549    0.0009182390    0.0008638071    0.0008638071    0.0008638071
  0.0008638071    0.0008638071    0.0008638071    0.0008638071    0.0008638071
  0.0008638071    0.0008638071    0.0008638071    0.0008638071    0.0008638071
  0.0008638071    0.0008638071    0.0008638071    0.0008638071    0.0008638071
  0.0008638071    0.0008638071    0.0008638071    0.0008638071    0.0008638071
  0.0008638071    0.0008638071    0.0008638071    0.0008638071    0.0008638071
  0.0008638071    0.0008638071    0.0008638071    0.0008638071    0.0008638071
  0.0008638071    0.0008638071    0.0008638071    0.0008638071    0.0008638071
  0.0008638071    0.0008638071    0.0008638071    0.0008638071    0.0008638071
  0.0008638071    0.0008638071    0.0008638071    0.0008638071    0.0008638071
  0.0008638071    0.0008638071    0.0008638071    0.0008638071    0.0008638071
  0.0008638071    0.0008638071    0.0008638071    0.0008638071    0.0008638071
  0.0008638071    0.0008638071    0.0008638071    0.0008638071    0.0008638071
  0.0008638071    0.0008638071    0.0008638071    0.0008638071    0.0008638071
  0.0008638071    0.0008638071    0.0008638071    0.0008638071    0.0008638071
  0.0008638071    0.0008638071    0.0008638071    0.0008638071    0.0008638071
  0.0008638071    0.0008638071    0.0008638071    0.0008638071    0.0008638071
  0.0008638071    0.0008638071    0.0008638071    0.0008638071    0.0008638071
  0.0008638071    0.0008638071    0.0008638071    0.0008638071    0.0008638071
  0.0008638071    0.0008638071    0.0008638071    0.0008638071    0.0008638071
  0.0008638071    0.0008638071    0.0008638071    0.0008638071    0.0008638071
  0.0008638071    0.0008638071    0.0008638071    0.0008638071    0.0008638071
  0.0042462088    0.0042361120    0.0042108880    0.0041779210    0.0041411739
  0.0041024241    0.0040624704    0.0040217116    0.0039803813    0.0039386127
  0.0038964791    0.0038540440    0.0038113329    0.0037683768    0.0037251772
  0.0036817723    0.0036381579    0.0035943335    0.0035503108    0.0035061036
  0.0034616965    0.0034171076    0.0033723360    0.0033273828    0.0032822427
  0.0032369216    0.0031914366    0.0031457709    0.0030999375    0.0030539425
  0.0030077861    0.0029614633    0.0029149802    0.0028683626    0.0028216056
  0.0027747097    0.0027276849    0.0026805534    0.0026333174    0.0025859906
  0.0025385836    0.0024911171    0.0024436098    0.0023960642    0.0023485252
  0.0023010088    0.0022535373    0.0022061363    0.0021588285    0.0021116650
  0.0020646661    0.0020178774    0.0019713220    0.0019250535    0.0018791062
  0.0018335245    0.0017883382    0.0017435807    0.0016993065    0.0016555164
  0.0016122571    0.0015695482    0.0015273800    0.0014857425    0.0014446194
  0.0014039610    0.0013636795    0.0013236909    0.0012838255    0.0012438507
  0.0012034770    0.0011622587    0.0011195542    0.0010743607    0.0010249702
  0.0009681364    0.0009232794    0.0009232794    0.0009232794    0.0009232794
  0.0009232794    0.0009232794    0.0009232794    0.0009232794    0.0009232794
  0.0009232794    0.0009232794    0.0009232794    0.0009232794    0.0009232794
  0.0009232794    0.0009232794    0.0009232794    0.0009232794    0.0009232794
  0.0009232794    0.0009232794    0.0009232794    0.0009232794    0.0009232794
  0.0009232794    0.0009232794    0.0009232794    0.0009232794    0.0009232794
  0.0009232794    0.0009232794    0.0009232794    0.0009232794    0.0009232794
  0.0009232794    0.0009232794    0.0009232794    0.0009232794    0.0009232794
  0.0009232794    0.0009232794    0.0009232794    0.0009232794    0.0009232794
  0.0009232794    0.0009232794    0.0009232794    0.0009232794    0.0009232794
  0.0009232794    0.0009232794    0.0009232794    0.0009232794    0.0009232794
  0.0009232794    0.0009232794    0.0009232794    0.0009232794    0.0009232794
  0.0009232794    0.0009232794    0.0009232794    0.0009232794    0.0009232794
  0.0009232794    0.0009232794    0.0009232794    0.0009232794    0.0009232794
  0.0009232794    0.0009232794    0.0009232794    0.0009232794    0.0009232794
  0.0009232794    0.0009232794    0.0009232794    0.0009232794    0.0009232794
  0.0009232794    0.0009232794    0.0009232794    0.0009232794    0.0009232794
  0.0009232794    0.0009232794    0.0009232794    0.0009232794    0.0009232794
  0.0009232794    0.0009232794    0.0009232794    0.0009232794    0.0009232794
  0.0009232794    0.0009232794    0.0009232794    0.0009232794    0.0009232794
  0.0009232794    0.0009232794    0.0009232794    0.0009232794    0.0009232794
  0.0044580865    0.0044489946    0.0044256608    0.0043943795    0.0043589618
  0.0043212676    0.0042822053    0.0042422121    0.0042015881    0.0041604572
  0.0041189355    0.0040770804    0.0040349348    0.0039925250    0.0039498691
  0.0039069893    0.0038638989    0.0038206013    0.0037771030    0.0037334117
  0.0036895265    0.0036454483    0.0036012007    0.0035567564    0.0035121328
  0.0034673371    0.0034223597    0.0033772024    0.0033318700    0.0032863682
  0.0032406962    0.0031948562    0.0031488514    0.0031026887    0.0030563687
  0.0030098943    0.0029632801    0.0029165187    0.0028696299    0.0028226207
  0.0027754939    0.0027282623    0.0026809434    0.0026335492    0.0025860824
  0.0025385829    0.0024910409    0.0024435027    0.0023959781    0.0023484892
  0.0023010774    0.0022537535    0.0022065543    0.0021595143    0.0021126659
  0.0020660445    0.0020196788    0.0019736422    0.0019279314    0.0018826018
  0.0018376834    0.0017932306    0.0017492472    0.0017057833    0.0016628294
  0.0016204122    0.0015785324    0.0015371745    0.0014962951    0.0014558272
  0.0014157159    0.0013758265    0.0013360029    0.0012959986    0.0012555078
  0.0012140790    0.0011710472    0.0011254172    0.0010755001    0.0010180585
  0.0009834792    0.0009834792    0.0009834792    0.0009834792    0.0009834792
  0.0009834792    0.0009834792    0.0009834792    0.0009834792    0.0009834792
  0.0009834792    0.0009834792    0.0009834792    0.0009834792    0.0009834792
  0.0009834792    0.0009834792    0.0009834792    0.0009834792    0.0009834792
  0.0009834792    0.0009834792    0.0009834792    0.0009834792    0.0009834792
  0.0009834792    0.0009834792    0.0009834792    0.0009834792    0.0009834792
  0.0009834792    0.0009834792    0.0009834792    0.0009834792    0.0009834792
  0.0009834792    0.0009834792    0.0009834792    0.0009834792    0.0009834792
  0.0009834792    0.0009834792    0.0009834792    0.0009834792    0.0009834792
  0.0009834792    0.0009834792    0.0009834792    0.0009834792    0.0009834792
  0.0009834792    0.0009834792    0.0009834792    0.0009834792    0.0009834792
  0.0009834792    0.0009834792    0.0009834792    0.0009834792    0.0009834792
  0.0009834792    0.0009834792    0.0009834792    0.0009834792    0.0009834792
  0.0009834792    0.0009834792    0.0009834792    0.0009834792    0.0009834792
  0.0009834792    0.0009834792    0.0009834792    0.0009834792    0.0009834792
  0.0009834792    0.0009834792    0.0009834792    0.0009834792    0.0009834792
  0.0009834792    0.0009834792    0.0009834792    0.0009834792    0.0009834792
  0.0009834792    0.0009834792    0.0009834792    0.0009834792    0.0009834792
  0.0009834792    0.0009834792    0.0009834792    0.0009834792    0.0009834792
  0.0009834792    0.0009834792    0.0009834792    0.0009834792    0.0009834792
  0.0046688113    0.0046605885    0.0046390068    0.0046093813    0.0045753222
  0.0045387271    0.0045005614    0.0044613865    0.0044214535    0.0043809835
  0.0043400724    0.0042987975    0.0042572092    0.0042153407    0.0041732176
  0.0041308696    0.0040882926    0.0040454977    0.0040025206    0.0039593293
  0.0039159514    0.0038723930    0.0038286395    0.0037847109    0.0037405966
  0.0036962979    0.0036518290    0.0036071843    0.0035623499    0.0035173451
  0.0034721794    0.0034268357    0.0033813186    0.0033356349    0.0032897843
  0.0032437857    0.0031976081    0.0031512850    0.0031048239    0.0030582040
  0.0030114555    0.0029645705    0.0029175617    0.0028704419    0.0028232220
  0.0027759134    0.0027285253    0.0026810625    0.0026335540    0.0025860242
  0.0025384813    0.0024909558    0.0024434564    0.0023960202    0.0023486682
  0.0023014367    0.0022543582    0.0022074622    0.0021607675    0.0021143382
  0.0020681870    0.0020223640    0.0019769004    0.0019318391    0.0018872201
  0.0018430465    0.0017993596    0.0017562035    0.0017135483    0.0016714382
  0.0016298227    0.0015887233    0.0015480586    0.0015077883    0.0014678229
  0.0014280202    0.0013882140    0.0013481567    0.0013075378    0.0012658906
  0.0012225467    0.0011764989    0.0011260572    0.0010680428    0.0010443707
  0.0010443707    0.0010443707    0.0010443707    0.0010443707    0.0010443707
  0.0010443707    0.0010443707    0.0010443707    0.0010443707    0.0010443707
  0.0010443707    0.0010443707    0.0010443707    0.0010443707    0.0010443707
  0.0010443707    0.0010443707    0.0010443707    0.0010443707    0.0010443707
  0.0010443707    0.0010443707    0.0010443707    0.0010443707    0.0010443707
  0.0010443707    0.0010443707    0.0010443707    0.0010443707    0.0010443707
  0.0010443707    0.0010443707    0.0010443707    0.0010443707    0.0010443707
  0.0010443707    0.0010443707    0.0010443707    0.0010443707    0.0010443707
  0.0010443707    0.0010443707    0.0010443707    0.0010443707    0.0010443707
  0.0010443707    0.0010443707    0.0010443707    0.0010443707    0.0010443707
  0.0010443707    0.0010443707    0.0010443707    0.0010443707    0.0010443707
  0.0010443707    0.0010443707    0.0010443707    0.0010443707    0.0010443707
  0.0010443707    0.0010443707    0.0010443707    0.0010443707    0.0010443707
  0.0010443707    0.0010443707    0.0010443707    0.0010443707    0.0010443707
  0.0010443707    0.0010443707    0.0010443707    0.0010443707    0.0010443707
  0.0010443707    0.0010443707    0.0010443707    0.0010443707    0.0010443707
  0.0010443707    0.0010443707    0.0010443707    0.0010443707    0.0010443707
  0.0010443707    0.0010443707    0.0010443707    0.0010443707    0.0010443707
  0.0010443707    0.0010443707    0.0010443707    0.0010443707    0.0010443707
  0.0048784453    0.0048709895    0.0048510158    0.0048230053    0.0047903138
  0.0047548399    0.0047176173    0.0046792454    0.0046400626    0.0046002421
  0.0045599417    0.0045192461    0.0044782141    0.0044368870    0.0043952862
  0.0043534502    0.0043113824    0.0042691015    0.0042266161    0.0041839240
  0.0041410490    0.0040979807    0.0040547221    0.0040112888    0.0039676638
  0.0039238769    0.0038799029    0.0038357411    0.0037914138    0.0037469229
  0.0037022402    0.0036573924    0.0036123761    0.0035671803    0.0035218251
  0.0034762937    0.0034306009    0.0033847525    0.0033387389    0.0032925630
  0.0032462372    0.0031997679    0.0031531474    0.0031064113    0.0030595247
  0.0030125282    0.0029654090    0.0029181968    0.0028708845    0.0028235063
  0.0027760418    0.0027285430    0.0026810226    0.0026334709    0.0025859395
  0.0025384319    0.0024909731    0.0024436081    0.0023963441    0.0023492244
  0.0023022507    0.0022555038    0.0022089984    0.0021627555    0.0021168221
  0.0020712541    0.0020260433    0.0019812501    0.0019369107    0.0018930212
  0.0018496531    0.0018067665    0.0017644262    0.0017225892    0.0016812415
  0.0016403862    0.0015999316    0.0015598251    0.0015199943    0.0014802508
  0.0014404499    0.0014003374    0.0013595709    0.0013176981    0.0012740275
  0.0012275609    0.0011766040    0.0011180716    0.0011059131    0.0011059131
  0.0011059131    0.0011059131    0.0011059131    0.0011059131    0.0011059131
  0.0011059131    0.0011059131    0.0011059131    0.0011059131    0.0011059131
  0.0011059131    0.0011059131    0.0011059131    0.0011059131    0.0011059131
  0.0011059131    0.0011059131    0.0011059131    0.0011059131    0.0011059131
  0.0011059131    0.0011059131    0.0011059131    0.0011059131    0.0011059131
  0.0011059131    0.0011059131    0.0011059131    0.0011059131    0.0011059131
  0.0011059131    0.0011059131    0.0011059131    0.0011059131    0.0011059131
  0.0011059131    0.0011059131    0.0011059131    0.0011059131    0.0011059131
  0.0011059131    0.0011059131    0.0011059131    0.0011059131    0.0011059131
  0.0011059131    0.0011059131    0.0011059131    0.0011059131    0.0011059131
  0.0011059131    0.0011059131    0.0011059131    0.0011059131    0.0011059131
  0.0011059131    0.0011059131    0.0011059131    0.0011059131    0.0011059131
  0.0011059131    0.0011059131    0.0011059131    0.0011059131    0.0011059131
  0.0011059131    0.0011059131    0.0011059131    0.0011059131    0.0011059131
  0.0011059131    0.0011059131    0.0011059131    0.0011059131    0.0011059131
  0.0011059131    0.0011059131    0.0011059131    0.0011059131    0.0011059131
  0.0011059131    0.0011059131    0.0011059131    0.0011059131    0.0011059131
  0.0011059131    0.0011059131    0.0011059131    0.0011059131    0.0011059131
  0.0050870634    0.0050802588    0.0050617652    0.0050353221    0.0050039915
  0.0049696584    0.0049334084    0.0048958700    0.0048574192    0.0048182784
  0.0047786003    0.0047384923    0.0046980085    0.0046572134    0.0046161374
  0.0045748025    0.0045332339    0.0044914470    0.0044494460    0.0044072502
  0.0043648419    0.0043222686    0.0042794913    0.0042365347    0.0041934115
  0.0041501005    0.0041066058    0.0040629443    0.0040190995    0.0039751010
  0.0039309030    0.0038865483    0.0038420273    0.0037973212    0.0037524550
  0.0037074133    0.0036622043    0.0036168362    0.0035712910    0.0035255995
  0.0034797298    0.0034337156    0.0033875384    0.0033412181    0.0032947331
  0.0032481238    0.0032013735    0.0031545022    0.0031074976    0.0030604007
  0.0030131819    0.0029658774    0.0029184961    0.0028710410    0.0028235471
  0.0027760154    0.0027284661    0.0026809259    0.0026334005    0.0025859277
  0.0025385418    0.0024912377    0.0024440832    0.0023970674    0.0023502641
  0.0023036829    0.0022573488    0.0022113213    0.0021656303    0.0021202742
  0.0020753336    0.0020308228    0.0019867653    0.0019431854    0.0019000984
  0.0018575145    0.0018154335    0.0017738655    0.0017327944    0.0016921450
  0.0016518868    0.0016119393    0.0015722019    0.0015325225    0.0014927121
  0.0014525276    0.0014116093    0.0013694953    0.0013255111    0.0012786299
  0.0012271991    0.0011681667    0.0011680845    0.0011680845    0.0011680845
  0.0011680845    0.0011680845    0.0011680845    0.0011680845    0.0011680845
  0.0011680845    0.0011680845    0.0011680845    0.0011680845    0.0011680845
  0.0011680845    0.0011680845    0.0011680845    0.0011680845    0.0011680845
  0.0011680845    0.0011680845    0.0011680845    0.0011680845    0.0011680845
  0.0011680845    0.0011680845    0.0011680845    0.0011680845    0.0011680845
  0.0011680845    0.0011680845    0.0011680845    0.0011680845    0.0011680845
  0.0011680845    0.0011680845    0.0011680845    0.0011680845    0.0011680845
  0.0011680845    0.0011680845    0.0011680845    0.0011680845    0.0011680845
  0.0011680845    0.0011680845    0.0011680845    0.0011680845    0.0011680845
  0.0011680845    0.0011680845    0.0011680845    0.0011680845    0.0011680845
  0.0011680845    0.0011680845    0.0011680845    0.0011680845    0.0011680845
  0.0011680845    0.0011680845    0.0011680845    0.0011680845    0.0011680845
  0.0011680845    0.0011680845    0.0011680845    0.0011680845    0.0011680845
  0.0011680845    0.0011680845    0.0011680845    0.0011680845    0.0011680845
  0.0011680845    0.0011680845    0.0011680845    0.0011680845    0.0011680845
  0.0011680845    0.0011680845    0.0011680845    0.0011680845    0.0011680845
  0.0011680845    0.0011680845    0.0011680845    0.0011680845    0.0011680845
  0.0052947347    0.0052885064    0.0052713587    0.0052464000    0.0052164105
  0.0051832415    0.0051479805    0.0051113064    0.0050736064    0.0050351423
  0.0049960905    0.0049565687    0.0049166545    0.0048763804    0.0048358297
  0.0047949920    0.0047539181    0.0047126054    0.0046710818    0.0046293629
  0.0045874273    0.0045453202    0.0045030222    0.0044605302    0.0044178658
  0.0043750281    0.0043320158    0.0042888301    0.0042454612    0.0042019355
  0.0041582342    0.0041143516    0.0040703060    0.0040260938    0.0039817028
  0.0039371543    0.0038924279    0.0038475372    0.0038024862    0.0037572607
  0.0037118682    0.0036663177    0.0036206011    0.0035747394    0.0035287099
  0.0034825284    0.0034362038    0.0033897291    0.0033431082    0.0032963732
  0.0032494986    0.0032025027    0.0031553844    0.0031081816    0.0030608798
  0.0030135075    0.0029660638    0.0029185586    0.0028710252    0.0028234718
  0.0027759155    0.0027283944    0.0026809043    0.0026334881    0.0025861704
  0.0025389619    0.0024919144    0.0024450468    0.0023983754    0.0023519702
  0.0023058381    0.0022600202    0.0022145584    0.0021694801    0.0021247898
  0.0020805526    0.0020367707    0.0019934921    0.0019506845    0.0019083970
  0.0018665898    0.0018252907    0.0017844409    0.0017440032    0.0017039257
  0.0016641252    0.0016244749    0.0015848253    0.0015449981    0.0015047212
  0.0014636415    0.0014212946    0.0013769814    0.0013297077    0.0012778053
  0.0012308446    0.0012308446    0.0012308446    0.0012308446    0.0012308446
  0.0012308446    0.0012308446    0.0012308446    0.0012308446    0.0012308446
  0.0012308446    0.0012308446    0.0012308446    0.0012308446    0.0012308446
  0.0012308446    0.0012308446    0.0012308446    0.0012308446    0.0012308446
  0.0012308446    0.0012308446    0.0012308446    0.0012308446    0.0012308446
  0.0012308446    0.0012308446    0.0012308446    0.0012308446    0.0012308446
  0.0012308446    0.0012308446    0.0012308446    0.0012308446    0.0012308446
  0.0012308446    0.0012308446    0.0012308446    0.0012308446    0.0012308446
  0.0012308446    0.0012308446    0.0012308446    0.0012308446    0.0012308446
  0.0012308446    0.0012308446    0.0012308446    0.0012308446    0.0012308446
  0.0012308446    0.0012308446    0.0012308446    0.0012308446    0.0012308446
  0.0012308446    0.0012308446    0.0012308446    0.0012308446    0.0012308446
  0.0012308446    0.0012308446    0.0012308446    0.0012308446    0.0012308446
  0.0012308446    0.0012308446    0.0012308446    0.0012308446    0.0012308446
  0.0012308446    0.0012308446    0.0012308446    0.0012308446    0.0012308446
  0.0012308446    0.0012308446    0.0012308446    0.0012308446    0.0012308446
  0.0012308446    0.0012308446    0.0012308446    0.0012308446    0.0012308446
  0.0055015047    0.0054957812    0.0054798449    0.0054563005    0.0054276550
  0.0053956341    0.0053613849    0.0053255804    0.0052886533    0.0052508765
  0.0052124684    0.0051735419    0.0051341709    0.0050944426    0.0050543940
  0.0050140540    0.0049734706    0.0049326378    0.0048915806    0.0048503126
  0.0048088484    0.0047671909    0.0047253442    0.0046833270    0.0046411191
  0.0045987288    0.0045561769    0.0045134482    0.0044705529    0.0044274899
  0.0043842472    0.0043408390    0.0042972674    0.0042535240    0.0042096251
  0.0041655424    0.0041212945    0.0040768898    0.0040323051    0.0039875617
  0.0039426508    0.0038975751    0.0038523397    0.0038069394    0.0037613730
  0.0037156490    0.0036697691    0.0036237363    0.0035775549    0.0035312229
  0.0034847487    0.0034381255    0.0033913744    0.0033445101    0.0032975071
  0.0032504085    0.0032032024    0.0031559110    0.0031085273    0.0030610866
  0.0030135803    0.0029660513    0.0029184831    0.0028709240    0.0028233808
  0.0027758780    0.0027284347    0.0026810897    0.0026338547    0.0025867583
  0.0025398267    0.0024931098    0.0024466072    0.0024003906    0.0023544612
  0.0023088800    0.0022636646    0.0022188184    0.0021744161    0.0021304510
  0.0020869580    0.0020439515    0.0020014501    0.0019594293    0.0019178912
  0.0018768352    0.0018362020    0.0017959596    0.0017560502    0.0017163746
  0.0016767935    0.0016371720    0.0015973030    0.0015569217    0.0015156754
  0.0014730857    0.0014284620    0.0013807867    0.0013284243    0.0012941749
  0.0012941749    0.0012941749    0.0012941749    0.0012941749    0.0012941749
  0.0012941749    0.0012941749    0.0012941749    0.0012941749    0.0012941749
  0.0012941749    0.0012941749    0.0012941749    0.0012941749    0.0012941749
  0.0012941749    0.0012941749    0.0012941749    0.0012941749    0.0012941749
  0.0012941749    0.0012941749    0.0012941749    0.0012941749    0.0012941749
  0.0012941749    0.0012941749    0.0012941749    0.0012941749    0.0012941749
  0.0012941749    0.0012941749    0.0012941749    0.0012941749    0.0012941749
  0.0012941749    0.0012941749    0.0012941749    0.0012941749    0.0012941749
  0.0012941749    0.0012941749    0.0012941749    0.0012941749    0.0012941749
  0.0012941749    0.0012941749    0.0012941749    0.0012941749    0.0012941749
  0.0012941749    0.0012941749    0.0012941749    0.0012941749    0.0012941749
  0.0012941749    0.0012941749    0.0012941749    0.0012941749    0.0012941749
  0.0012941749    0.0012941749    0.0012941749    0.0012941749    0.0012941749
  0.0012941749    0.0012941749    0.0012941749    0.0012941749    0.0012941749
  0.0012941749    0.0012941749    0.0012941749    0.0012941749    0.0012941749
  0.0012941749    0.0012941749    0.0012941749    0.0012941749    0.0012941749
  0.0057074287    0.0057021648    0.0056873281    0.0056651117    0.0056377578
  0.0056069123    0.0055736599    0.0055387383    0.0055025981    0.0054655413
  0.0054277675    0.0053894328    0.0053506221    0.0053114355    0.0052718908
  0.0052320443    0.0051919415    0.0051515727    0.0051109754    0.0050701746
  0.0050291535    0.0049879409    0.0049465515    0.0049049600    0.0048631977
  0.0048212689    0.0047791525    0.0047368687    0.0046944247    0.0046518157
  0.0046090257    0.0045660654    0.0045229575    0.0044796652    0.0044362256
  0.0043926161    0.0043488395    0.0043049002    0.0042607912    0.0042165193
  0.0041720910    0.0041274829    0.0040827149    0.0040377872    0.0039926918
  0.0039474413    0.0039020210    0.0038564560    0.0038107145    0.0037648268
  0.0037187921    0.0036725956    0.0036262611    0.0035797854    0.0035331590
  0.0034864112    0.0034395355    0.0033925549    0.0033454437    0.0032982365
  0.0032509442    0.0032035658    0.0031561247    0.0031086153    0.0030610869
  0.0030135107    0.0029659456    0.0029183889    0.0028708730    0.0028234069
  0.0027760134    0.0027287552    0.0026815956    0.0026346282    0.0025878442
  0.0025412786    0.0024949601    0.0024489487    0.0024032236    0.0023578699
  0.0023128853    0.0022683181    0.0022241866    0.0021804968    0.0021372939
  0.0020945789    0.0020523424    0.0020105831    0.0019693094    0.0019284823
  0.0018880761    0.0018480130    0.0018082416    0.0017686673    0.0017291429
  0.0016895337    0.0016496118    0.0016091397    0.0015677138    0.0015248732
  0.0014799323    0.0014318737    0.0013790779    0.0013580315    0.0013580315
  0.0013580315    0.0013580315    0.0013580315    0.0013580315    0.0013580315
  0.0013580315    0.0013580315    0.0013580315    0.0013580315    0.0013580315
  0.0013580315    0.0013580315    0.0013580315    0.0013580315    0.0013580315
  0.0013580315    0.0013580315    0.0013580315    0.0013580315    0.0013580315
  0.0013580315    0.0013580315    0.0013580315    0.0013580315    0.0013580315
  0.0013580315    0.0013580315    0.0013580315    0.0013580315    0.0013580315
  0.0013580315    0.0013580315    0.0013580315    0.0013580315    0.0013580315
  0.0013580315    0.0013580315    0.0013580315    0.0013580315    0.0013580315
  0.0013580315    0.0013580315    0.0013580315    0.0013580315    0.0013580315
  0.0013580315    0.0013580315    0.0013580315    0.0013580315    0.0013580315
  0.0013580315    0.0013580315    0.0013580315    0.0013580315    0.0013580315
  0.0013580315    0.0013580315    0.0013580315    0.0013580315    0.0013580315
  0.0013580315    0.0013580315    0.0013580315    0.0013580315    0.0013580315
  0.0013580315    0.0013580315    0.0013580315    0.0013580315    0.0013580315
  0.0013580315    0.0013580315    0.0013580315    0.0013580315    0.0013580315
  0.0059125441    0.0059076751    0.0058938404    0.0058729037    0.0058467987
  0.0058170877    0.0057848635    0.0057508347    0.0057154908    0.0056791496
  0.0056420239    0.0056042999    0.0055660581    0.0055273964    0.0054883606
  0.0054490199    0.0054093712    0.0053694780    0.0053293302    0.0052889807
  0.0052483947    0.0052076283    0.0051666646    0.0051255180    0.0050841755
  0.0050426672    0.0050009956    0.0049591509    0.0049171380    0.0048749490
  0.0048326168    0.0047900962    0.0047474339    0.0047046004    0.0046616052
  0.0046184470    0.0045751119    0.0045316248    0.0044879858    0.0044441739
  0.0044002036    0.0043560680    0.0043117718    0.0042673098    0.0042226796
  0.0041779002    0.0041329490    0.0040878480    0.0040425780    0.0039971423
  0.0039515464    0.0039058160    0.0038599092    0.0038138647    0.0037676652
  0.0037213228    0.0036748417    0.0036282286    0.0035814745    0.0035345982
  0.0034876025    0.0034405013    0.0033932930    0.0033460037    0.0032986203
  0.0032511865    0.0032036784    0.0031561289    0.0031085627    0.0030609850
  0.0030134111    0.0029658714    0.0029183889    0.0028709707    0.0028236684
  0.0027764726    0.0027294436    0.0026825906    0.0026359563    0.0025895585
  0.0025434493    0.0024976317    0.0024521413    0.0024070326    0.0023622948
  0.0023179895    0.0022741328    0.0022307181    0.0021877843    0.0021453392
  0.0021033651    0.0020618703    0.0020208581    0.0019802510    0.0019400386
  0.0019001403    0.0018605066    0.0018210242    0.0017815473    0.0017419338
  0.0017019545    0.0016613568    0.0016197496    0.0015766684    0.0015314119
  0.0014829746    0.0014297363    0.0014224144    0.0014224144    0.0014224144
  0.0014224144    0.0014224144    0.0014224144    0.0014224144    0.0014224144
  0.0014224144    0.0014224144    0.0014224144    0.0014224144    0.0014224144
  0.0014224144    0.0014224144    0.0014224144    0.0014224144    0.0014224144
  0.0014224144    0.0014224144    0.0014224144    0.0014224144    0.0014224144
  0.0014224144    0.0014224144    0.0014224144    0.0014224144    0.0014224144
  0.0014224144    0.0014224144    0.0014224144    0.0014224144    0.0014224144
  0.0014224144    0.0014224144    0.0014224144    0.0014224144    0.0014224144
  0.0014224144    0.0014224144    0.0014224144    0.0014224144    0.0014224144
  0.0014224144    0.0014224144    0.0014224144    0.0014224144    0.0014224144
  0.0014224144    0.0014224144    0.0014224144    0.0014224144    0.0014224144
  0.0014224144    0.0014224144    0.0014224144    0.0014224144    0.0014224144
  0.0014224144    0.0014224144    0.0014224144    0.0014224144    0.0014224144
  0.0014224144    0.0014224144    0.0014224144    0.0014224144    0.0014224144
  0.0014224144    0.0014224144    0.0014224144    0.0014224144    0.0014224144
  0.0061169130    0.0061123919    0.0060994637    0.0060797135    0.0060548103
  0.0060262430    0.0059950285    0.0059619021    0.0059273621    0.0058917447
  0.0058552949    0.0058181794    0.0057805091    0.0057423792    0.0057038490
  0.0056649859    0.0056258310    0.0055863828    0.0055466913    0.0055067771
  0.0054666321    0.0054262812    0.0053857502    0.0053450211    0.0053041073
  0.0052630228    0.0052217681    0.0051803444    0.0051387538    0.0050969993
  0.0050550715    0.0050129882    0.0049707418    0.0049283511    0.0048857835
  0.0048430600    0.0048001761    0.0047571407    0.0047139384    0.0046705802
  0.0046270655    0.0045833704    0.0045395326    0.0044955416    0.0044513775
  0.0044070447    0.0043625610    0.0043179209    0.0042731104    0.0042281386
  0.0041830256    0.0041377194    0.0040922849    0.0040466840    0.0040009321
  0.0039550258    0.0039089719    0.0038627702    0.0038164221    0.0037699313
  0.0037233015    0.0036765488    0.0036296720    0.0035826728    0.0035355866
  0.0034883765    0.0034410824    0.0033936971    0.0033462390    0.0032987499
  0.0032511972    0.0032036128    0.0031560208    0.0031084383    0.0030608922
  0.0030133823    0.0029659392    0.0029185920    0.0028713585    0.0028242875
  0.0027773748    0.0027306701    0.0026841972    0.0026379850    0.0025920572
  0.0025464514    0.0025011821    0.0024563282    0.0024118599    0.0023678003
  0.0023242096    0.0022810960    0.0022384238    0.0021962378    0.0021545513
  0.0021133082    0.0020725056    0.0020321190    0.0019920789    0.0019523466
  0.0019128285    0.0018734167    0.0018339791    0.0017943499    0.0017543098
  0.0017135814    0.0016717968    0.0016284629    0.0015828850    0.0015340708
  0.0014872775    0.0014872775    0.0014872775    0.0014872775    0.0014872775
  0.0014872775    0.0014872775    0.0014872775    0.0014872775    0.0014872775
  0.0014872775    0.0014872775    0.0014872775    0.0014872775    0.0014872775
  0.0014872775    0.0014872775    0.0014872775    0.0014872775    0.0014872775
  0.0014872775    0.0014872775    0.0014872775    0.0014872775    0.0014872775
  0.0014872775    0.0014872775    0.0014872775    0.0014872775    0.0014872775
  0.0014872775    0.0014872775    0.0014872775    0.0014872775    0.0014872775
  0.0014872775    0.0014872775    0.0014872775    0.0014872775    0.0014872775
  0.0014872775    0.0014872775    0.0014872775    0.0014872775    0.0014872775
  0.0014872775    0.0014872775    0.0014872775    0.0014872775    0.0014872775
  0.0014872775    0.0014872775    0.0014872775    0.0014872775    0.0014872775
  0.0014872775    0.0014872775    0.0014872775    0.0014872775    0.0014872775
  0.0014872775    0.0014872775    0.0014872775    0.0014872775    0.0014872775
  0.0014872775    0.0014872775    0.0014872775    0.0014872775    0.0014872775
  0.0063205602    0.0063163630    0.0063042717    0.0062856039    0.0062618712
  0.0062344053    0.0062042010    0.0061719710    0.0061382440    0.0061033767
  0.0060675959    0.0060310847    0.0059940025    0.0059564080    0.0059183915
  0.0058800186    0.0058413286    0.0058023493    0.0057630965    0.0057236057
  0.0056838976    0.0056439635    0.0056038440    0.0055635335    0.0055230275
  0.0054823542    0.0054415114    0.0054004832    0.0053592990    0.0053179593
  0.0052764515    0.0052347775    0.0051929545    0.0051509583    0.0051088212
  0.0050665340    0.0050240756    0.0049814660    0.0049386996    0.0048957707
  0.0048526891    0.0048094502    0.0047660524    0.0047225066    0.0046787882
  0.0046349211    0.0045908835    0.0045467020    0.0045023440    0.0044578498
  0.0044131673    0.0043683491    0.0043233586    0.0042782152    0.0042329089
  0.0041874498    0.0041418504    0.0040960739    0.0040501555    0.0040041008
  0.0039578890    0.0039115284    0.0038650398    0.0038183990    0.0037716632
  0.0037247680    0.0036777735    0.0036306721    0.0035834573    0.0035361749
  0.0034887810    0.0034413410    0.0033938233    0.0033462710    0.0032986805
  0.0032510743    0.0032034944    0.0031559162    0.0031083781    0.0030609139
  0.0030135342    0.0029662806    0.0029191481    0.0028721606    0.0028254053
  0.0027788558    0.0027325265    0.0026865049    0.0026407852    0.0025954086
  0.0025503875    0.0025057654    0.0024615613    0.0024177871    0.0023744456
  0.0023316105    0.0022892106    0.0022472967    0.0022058558    0.0021648508
  0.0021242743    0.0020840885    0.0020442076    0.0020046261    0.0019652107
  0.0019258645    0.0018864519    0.0018467972    0.0018066797    0.0017658126
  0.0017238331    0.0016802537    0.0016343713    0.0015852083    0.0015526086
  0.0015526086    0.0015526086    0.0015526086    0.0015526086    0.0015526086
  0.0015526086    0.0015526086    0.0015526086    0.0015526086    0.0015526086
  0.0015526086    0.0015526086    0.0015526086    0.0015526086    0.0015526086
  0.0015526086    0.0015526086    0.0015526086    0.0015526086    0.0015526086
  0.0015526086    0.0015526086    0.0015526086    0.0015526086    0.0015526086
  0.0015526086    0.0015526086    0.0015526086    0.0015526086    0.0015526086
  0.0015526086    0.0015526086    0.0015526086    0.0015526086    0.0015526086
  0.0015526086    0.0015526086    0.0015526086    0.0015526086    0.0015526086
  0.0015526086    0.0015526086    0.0015526086    0.0015526086    0.0015526086
  0.0015526086    0.0015526086    0.0015526086    0.0015526086    0.0015526086
  0.0015526086    0.0015526086    0.0015526086    0.0015526086    0.0015526086
  0.0015526086    0.0015526086    0.0015526086    0.0015526086    0.0015526086
  0.0015526086    0.0015526086    0.0015526086    0.0015526086    0.0015526086
  0.0065235387    0.0065196111    0.0065082810    0.0064906400    0.0064680089
  0.0064416222    0.0064124148    0.0063810973    0.0063481957    0.0063140544
  0.0062789552    0.0062430795    0.0062065678    0.0061695113    0.0061320330
  0.0060941445    0.0060559176    0.0060173783    0.0059785735    0.0059395201
  0.0059002371    0.0058607138    0.0058210055    0.0057810885    0.0057410037
  0.0057007151    0.0056602652    0.0056196355    0.0055788538    0.0055379189
  0.0054968000    0.0054555270    0.0054141152    0.0053725368    0.0053307938
  0.0052889041    0.0052468699    0.0052046681    0.0051623172    0.0051198088
  0.0050771630    0.0050343590    0.0049913791    0.0049482574    0.0049049895
  0.0048615595    0.0048179663    0.0047742202    0.0047303339    0.0046862593
  0.0046420582    0.0045976742    0.0045531350    0.0045084559    0.0044635984
  0.0044186020    0.0043734422    0.0043281281    0.0042826591    0.0042370257
  0.0041912512    0.0041453180    0.0040992515    0.0040530386    0.0040066662
  0.0039601648    0.0039135427    0.0038667757    0.0038199035    0.0037728883
  0.0037257898    0.0036785904    0.0036312751    0.0035838979    0.0035364463
  0.0034889209    0.0034413601    0.0033937663    0.0033461654    0.0032985472
  0.0032509622    0.0032034047    0.0031559234    0.0031084953    0.0030611843
  0.0030140147    0.0029669917    0.0029201532    0.0028735309    0.0028271297
  0.0027810158    0.0027351801    0.0026896867    0.0026445224    0.0025997313
  0.0025553609    0.0025114253    0.0024679144    0.0024248552    0.0023822564
  0.0023401348    0.0022984853    0.0022572814    0.0022165109    0.0021761430
  0.0021361409    0.0020964347    0.0020569700    0.0020176506    0.0019783601
  0.0019389423    0.0018992586    0.0018590517    0.0018180665    0.0017758740
  0.0017320504    0.0016858706    0.0016363452    0.0016183972    0.0016183972
  0.0016183972    0.0016183972    0.0016183972    0.0016183972    0.0016183972
  0.0016183972    0.0016183972    0.0016183972    0.0016183972    0.0016183972
  0.0016183972    0.0016183972    0.0016183972    0.0016183972    0.0016183972
  0.0016183972    0.0016183972    0.0016183972    0.0016183972    0.0016183972
  0.0016183972    0.0016183972    0.0016183972    0.0016183972    0.0016183972
  0.0016183972    0.0016183972    0.0016183972    0.0016183972    0.0016183972
  0.0016183972    0.0016183972    0.0016183972    0.0016183972    0.0016183972
  0.0016183972    0.0016183972    0.0016183972    0.0016183972    0.0016183972
  0.0016183972    0.0016183972    0.0016183972    0.0016183972    0.0016183972
  0.0016183972    0.0016183972    0.0016183972    0.0016183972    0.0016183972
  0.0016183972    0.0016183972    0.0016183972    0.0016183972    0.0016183972
  0.0016183972    0.0016183972    0.0016183972    0.0016183972    0.0016183972
  0.0067258673    0.0067222026    0.0067115344    0.0066948625    0.0066732824
  0.0066479375    0.0066197192    0.0065893187    0.0065572241    0.0065238435
  0.0064894239    0.0064541838    0.0064182439    0.0063817476    0.0063447813
  0.0063073887    0.0062696228    0.0062315426    0.0061931764    0.0061545387
  0.0061156817    0.0060765739    0.0060372547    0.0059977469    0.0059580422
  0.0059181491    0.0058780945    0.0058378561    0.0057974619    0.0057568926
  0.0057161766    0.0056752960    0.0056342650    0.0055930681    0.0055517347
  0.0055102364    0.0054686028    0.0054268075    0.0053848532    0.0053427565
  0.0053005082    0.0052581253    0.0052155723    0.0051728682    0.0051300071
  0.0050870213    0.0050438534    0.0050005381    0.0049570838    0.0049134630
  0.0048696868    0.0048257535    0.0047816753    0.0047374293    0.0046930296
  0.0046484678    0.0046037697    0.0045588955    0.0045138840    0.0044686988
  0.0044233806    0.0043778739    0.0043322314    0.0042864443    0.0042405133
  0.0041944330    0.0041482074    0.0041018432    0.0040553293    0.0040086929
  0.0039619255    0.0039150386    0.0038680449    0.0038209325    0.0037737167
  0.0037264140    0.0036790267    0.0036315722    0.0035840404    0.0035364767
  0.0034888799    0.0034412654    0.0033936356    0.0033460251    0.0032984449
  0.0032509151    0.0032034903    0.0031561377    0.0031089053    0.0030618285
  0.0030149411    0.0029682393    0.0029217650    0.0028755328    0.0028295982
  0.0027839803    0.0027387038    0.0026937659    0.0026492451    0.0026051141
  0.0025614440    0.0025182010    0.0024753944    0.0024330726    0.0023912033
  0.0023498073    0.0023088416    0.0022682845    0.0022281215    0.0021882804
  0.0021487289    0.0021093763    0.0020701416    0.0020308812    0.0019914895
  0.0019517550    0.0019114455    0.0018702963    0.0018279284    0.0017838556
  0.0017373835    0.0016874964    0.0016846041    0.0016846041    0.0016846041
  0.0016846041    0.0016846041    0.0016846041    0.0016846041    0.0016846041
  0.0016846041    0.0016846041    0.0016846041    0.0016846041    0.0016846041
  0.0016846041    0.0016846041    0.0016846041    0.0016846041    0.0016846041
  0.0016846041    0.0016846041    0.0016846041    0.0016846041    0.0016846041
  0.0016846041    0.0016846041    0.0016846041    0.0016846041    0.0016846041
  0.0016846041    0.0016846041    0.0016846041    0.0016846041    0.0016846041
  0.0016846041    0.0016846041    0.0016846041    0.0016846041    0.0016846041
  0.0016846041    0.0016846041    0.0016846041    0.0016846041    0.0016846041
  0.0016846041    0.0016846041    0.0016846041    0.0016846041    0.0016846041
  0.0016846041    0.0016846041    0.0016846041    0.0016846041    0.0016846041
  0.0016846041    0.0016846041    0.0016846041    0.0016846041    0.0016846041
  0.0069275821    0.0069241463    0.0069141199    0.0068983178    0.0068777400
  0.0068534242    0.0068261550    0.0067966455    0.0067653840    0.0067327507
  0.0066990342    0.0066644159    0.0066290725    0.0065931276    0.0065566844
  0.0065197846    0.0064824976    0.0064448628    0.0064069429    0.0063687325
  0.0063302656    0.0062915608    0.0062526558    0.0062135210    0.0061742135
  0.0061347073    0.0060950275    0.0060551670    0.0060151520    0.0059749611
  0.0059346056    0.0058941133    0.0058534498    0.0058126431    0.0057716917
  0.0057305782    0.0056893180    0.0056479101    0.0056063556    0.0055646406
  0.0055227956    0.0054808085    0.0054386537    0.0053963763    0.0053539115
  0.0053113328    0.0052685903    0.0052257038    0.0051826666    0.0051394595
  0.0050961296    0.0050526209    0.0050089812    0.0049651819    0.0049212226
  0.0048771020    0.0048328331    0.0047884164    0.0047438309    0.0046991131
  0.0046542224    0.0046091868    0.0045639886    0.0045186367    0.0044731374
  0.0044274806    0.0043816747    0.0043357322    0.0042896346    0.0042434052
  0.0041970292    0.0041505226    0.0041038731    0.0040571087    0.0040102107
  0.0039632105    0.0039160994    0.0038688682    0.0038215648    0.0037741710
  0.0037267126    0.0036791762    0.0036316118    0.0035839938    0.0035363741
  0.0034887230    0.0034410993    0.0033934920    0.0033459539    0.0032984875
  0.0032511045    0.0032038193    0.0031566950    0.0031097325    0.0030629514
  0.0030164110    0.0029700958    0.0029240635    0.0028783094    0.0028329312
  0.0027878492    0.0027431621    0.0026988920    0.0026550211    0.0026115942
  0.0025686261    0.0025260787    0.0024840364    0.0024424028    0.0024012428
  0.0023605089    0.0023201564    0.0022801757    0.0022405006    0.0022011053
  0.0021618556    0.0021226783    0.0020834536    0.0020440370    0.0020042527
  0.0019638434    0.0019225568    0.0018799799    0.0018356652    0.0017888720
  0.0017512353    0.0017512353    0.0017512353    0.0017512353    0.0017512353
  0.0017512353    0.0017512353    0.0017512353    0.0017512353    0.0017512353
  0.0017512353    0.0017512353    0.0017512353    0.0017512353    0.0017512353
  0.0017512353    0.0017512353    0.0017512353    0.0017512353    0.0017512353
  0.0017512353    0.0017512353    0.0017512353    0.0017512353    0.0017512353
  0.0017512353    0.0017512353    0.0017512353    0.0017512353    0.0017512353
  0.0017512353    0.0017512353    0.0017512353    0.0017512353    0.0017512353
  0.0017512353    0.0017512353    0.0017512353    0.0017512353    0.0017512353
  0.0017512353    0.0017512353    0.0017512353    0.0017512353    0.0017512353
  0.0017512353    0.0017512353    0.0017512353    0.0017512353    0.0017512353
  0.0017512353    0.0017512353    0.0017512353    0.0017512353    0.0017512353
  0.0071287133    0.0071254849    0.0071160448    0.0071010532    0.0070814324
  0.0070580797    0.0070317673    0.0070031502    0.0069726994    0.0069408272
  0.0069077879    0.0068738233    0.0068390709    0.0068036927    0.0067677526
  0.0067313471    0.0066945438    0.0066573620    0.0066198635    0.0065820777
  0.0065440367    0.0065057217    0.0064672055    0.0064284731    0.0063895300
  0.0063503987    0.0063111042    0.0062716199    0.0062319545    0.0061921345
  0.0061521701    0.0061120224    0.0060717354    0.0060312886    0.0059907099
  0.0059499642    0.0059090808    0.0058680420    0.0058268772    0.0057855391
  0.0057440886    0.0057024650    0.0056606999    0.0056188092    0.0055767643
  0.0055345690    0.0054922266    0.0054497398    0.0054071266    0.0053643379
  0.0053214059    0.0052783364    0.0052350968    0.0051917207    0.0051481905
  0.0051045144    0.0050606894    0.0050167127    0.0049725594    0.0049282760
  0.0048838288    0.0048392292    0.0047944809    0.0047495851    0.0047045140
  0.0046593051    0.0046139313    0.0045684116    0.0045227541    0.0044769352
  0.0044309756    0.0043848773    0.0043386313    0.0042922416    0.0042457228
  0.0041990807    0.0041523026    0.0041054168    0.0040583953    0.0040112769
  0.0039640549    0.0039167422    0.0038693461    0.0038218795    0.0037743367
  0.0037267660    0.0036791462    0.0036315037    0.0035838527    0.0035362052
  0.0034885699    0.0034410181    0.0033934806    0.0033460782    0.0032987519
  0.0032515836    0.0032045459    0.0031577177    0.0031110914    0.0030646827
  0.0030185697    0.0029727069    0.0029271689    0.0028819999    0.0028371705
  0.0027927221    0.0027487050    0.0027050832    0.0026619216    0.0026191925
  0.0025769116    0.0025350964    0.0024937274    0.0024527993    0.0024122815
  0.0023721418    0.0023323313    0.0022928207    0.0022535197    0.0022143689
  0.0021752685    0.0021360530    0.0020966188    0.0020567640    0.0020162564
  0.0019748104    0.0019320566    0.0018874638    0.0018404085    0.0018182557
  0.0018182557    0.0018182557    0.0018182557    0.0018182557    0.0018182557
  0.0018182557    0.0018182557    0.0018182557    0.0018182557    0.0018182557
  0.0018182557    0.0018182557    0.0018182557    0.0018182557    0.0018182557
  0.0018182557    0.0018182557    0.0018182557    0.0018182557    0.0018182557
  0.0018182557    0.0018182557    0.0018182557    0.0018182557    0.0018182557
  0.0018182557    0.0018182557    0.0018182557    0.0018182557    0.0018182557
  0.0018182557    0.0018182557    0.0018182557    0.0018182557    0.0018182557
  0.0018182557    0.0018182557    0.0018182557    0.0018182557    0.0018182557
  0.0018182557    0.0018182557    0.0018182557    0.0018182557    0.0018182557
  0.0018182557    0.0018182557    0.0018182557    0.0018182557    0.0018182557
  0.0073293016    0.0073262531    0.0073173277    0.0073031120    0.0072843875
  0.0072619790    0.0072365800    0.0072088267    0.0071791941    0.0071480675
  0.0071157481    0.0070824201    0.0070482817    0.0070134554    0.0069780428
  0.0069421397    0.0069057933    0.0068690782    0.0068320172    0.0067946569
  0.0067570100    0.0067191106    0.0066809585    0.0066426097    0.0066040492
  0.0065652996    0.0065263484    0.0064872206    0.0064479405    0.0064084648
  0.0063688542    0.0063290834    0.0062891460    0.0062490693    0.0062088314
  0.0061684437    0.0061279179    0.0060872502    0.0060464534    0.0060054932
  0.0059643828    0.0059231519    0.0058817687    0.0058402470    0.0057985729
  0.0057567613    0.0057148276    0.0056727297    0.0056304988    0.0055881088
  0.0055455778    0.0055029091    0.0054601069    0.0054171348    0.0053740268
  0.0053307747    0.0052873594    0.0052437893    0.0052000844    0.0051562285
  0.0051122190    0.0050680529    0.0050237417    0.0049792608    0.0049346473
  0.0048898663    0.0048449544    0.0047998707    0.0047546402    0.0047092698
  0.0046637316    0.0046180440    0.0045722264    0.0045262551    0.0044801414
  0.0044338956    0.0043874795    0.0043409673    0.0042943038    0.0042475238
  0.0042006242    0.0041536040    0.0041064915    0.0040592512    0.0040119303
  0.0039645317    0.0039170537    0.0038695178    0.0038219394    0.0037743112
  0.0037266434    0.0036789840    0.0036313076    0.0035836617    0.0035360620
  0.0034885393    0.0034410872    0.0033937282    0.0033464823    0.0032994030
  0.0032524989    0.0032057951    0.0031593117    0.0031130929    0.0030671308
  0.0030214957    0.0029761594    0.0029312017    0.0028866242    0.0028424304
  0.0027986273    0.0027552680    0.0027123620    0.0026699003    0.0026278846
  0.0025863215    0.0025451914    0.0025044845    0.0024641603    0.0024242142
  0.0023845720    0.0023452057    0.0023060266    0.0022669431    0.0022278754
  0.0021886979    0.0021492235    0.0021093091    0.0020686833    0.0020270822
  0.0019841204    0.0019392876    0.0018919350    0.0018856562    0.0018856562
  0.0018856562    0.0018856562    0.0018856562    0.0018856562    0.0018856562
  0.0018856562    0.0018856562    0.0018856562    0.0018856562    0.0018856562
  0.0018856562    0.0018856562    0.0018856562    0.0018856562    0.0018856562
  0.0018856562    0.0018856562    0.0018856562    0.0018856562    0.0018856562
  0.0018856562    0.0018856562    0.0018856562    0.0018856562    0.0018856562
  0.0018856562    0.0018856562    0.0018856562    0.0018856562    0.0018856562
  0.0018856562    0.0018856562    0.0018856562    0.0018856562    0.0018856562
  0.0018856562    0.0018856562    0.0018856562    0.0018856562    0.0018856562
  0.0018856562    0.0018856562    0.0018856562    0.0018856562    0.0018856562
  0.0075293520    0.0075264938    0.0075180401    0.0075045510    0.0074866673
  0.0074651292    0.0074406307    0.0074137444    0.0073849288    0.0073545430
  0.0073229175    0.0072902394    0.0072566885    0.0072224281    0.0071875590
  0.0071521563    0.0071162853    0.0070800203    0.0070434017    0.0070064560
  0.0069692134    0.0069317070    0.0068939535    0.0068559901    0.0068178000
  0.0067794051    0.0067408091    0.0067020547    0.0066631112    0.0066240043
  0.0065847413    0.0065452956    0.0065057116    0.0064659810    0.0064260965
  0.0063860686    0.0063458914    0.0063055762    0.0062651175    0.0062245119
  0.0061837868    0.0061428911    0.0061018862    0.0060607209    0.0060194265
  0.0059779846    0.0059364258    0.0058947036    0.0058528487    0.0058108474
  0.0057687146    0.0057264239    0.0056840059    0.0056414494    0.0055987439
  0.0055558792    0.0055128740    0.0054697472    0.0054264368    0.0053830027
  0.0053394129    0.0052956874    0.0052517962    0.0052077615    0.0051635676
  0.0051192245    0.0050747326    0.0050301023    0.0049852984    0.0049403587
  0.0048952614    0.0048500000    0.0048046227    0.0047590574    0.0047133754
  0.0046675409    0.0046215521    0.0045754382    0.0045291682    0.0044827637
  0.0044362356    0.0043895593    0.0043427681    0.0042958753    0.0042488511
  0.0042017121    0.0041544848    0.0041071714    0.0040597637    0.0040122661
  0.0039647166    0.0039171206    0.0038694917    0.0038218143    0.0037741356
  0.0037264503    0.0036787829    0.0036311510    0.0035835803    0.0035360828
  0.0034887040    0.0034414149    0.0033942875    0.0033473272    0.0033005407
  0.0032539627    0.0032076591    0.0031615997    0.0031158549    0.0030704014
  0.0030253110    0.0029805759    0.0029362063    0.0028922571    0.0028487180
  0.0028056212    0.0027629646    0.0027207558    0.0026790025    0.0026376623
  0.0025967621    0.0025562728    0.0025161554    0.0024763832    0.0024369045
  0.0023976601    0.0023585796    0.0023195865    0.0022805304    0.0022413551
  0.0022018605    0.0021618571    0.0021211285    0.0020793706    0.0020361914
  0.0019911173    0.0019534239    0.0019534239    0.0019534239    0.0019534239
  0.0019534239    0.0019534239    0.0019534239    0.0019534239    0.0019534239
  0.0019534239    0.0019534239    0.0019534239    0.0019534239    0.0019534239
  0.0019534239    0.0019534239    0.0019534239    0.0019534239    0.0019534239
  0.0019534239    0.0019534239    0.0019534239    0.0019534239    0.0019534239
  0.0019534239    0.0019534239    0.0019534239    0.0019534239    0.0019534239
  0.0019534239    0.0019534239    0.0019534239    0.0019534239    0.0019534239
  0.0019534239    0.0019534239    0.0019534239    0.0019534239    0.0019534239
  0.0019534239    0.0019534239    0.0019534239    0.0019534239    0.0019534239
  0.0077289166    0.0077261886    0.0077181967    0.0077053479    0.0076882797
  0.0076676121    0.0076439692    0.0076179231    0.0075898942    0.0075602573
  0.0075293319    0.0074972880    0.0074643707    0.0074306610    0.0073963220
  0.0073614273    0.0073260416    0.0072902382    0.0072540363    0.0072175214
  0.0071806821    0.0071435708    0.0071062026    0.0070685954    0.0070307874
  0.0069927421    0.0069545199    0.0069161055    0.0068775046    0.0068387418
  0.0067998231    0.0067607380    0.0067214948    0.0066820837    0.0066425497
  0.0066028485    0.0065630257    0.0065230564    0.0064829342    0.0064426704
  0.0064022760    0.0063617461    0.0063210922    0.0062802779    0.0062393486
  0.0061982682    0.0061570510    0.0061157099    0.0060742125    0.0060325888
  0.0059908223    0.0059489139    0.0059068921    0.0058647151    0.0058223835
  0.0057799142    0.0057373237    0.0056945869    0.0056516928    0.0056086605
  0.0055654802    0.0055221576    0.0054786856    0.0054350569    0.0053912929
  0.0053473868    0.0053033100    0.0052591092    0.0052147561    0.0051702255
  0.0051255645    0.0050807494    0.0050357912    0.0049906700    0.0049453992
  0.0049000053    0.0048544353    0.0048087187    0.0047628814    0.0047168886
  0.0046707491    0.0046244800    0.0045780629    0.0045315177    0.0044848562
  0.0044380527    0.0043911303    0.0043441037    0.0042969694    0.0042497344
  0.0042024170    0.0041550071    0.0041075073    0.0040599384    0.0040123440
  0.0039646806    0.0039169951    0.0038693068    0.0038215873    0.0037739257
  0.0037262573    0.0036786709    0.0036311322    0.0035837027    0.0035363765
  0.0034892028    0.0034421543    0.0033953034    0.0033486560    0.0033022661
  0.0032561147    0.0032102589    0.0031646859    0.0031194394    0.0030745562
  0.0030300576    0.0029859536    0.0029422509    0.0028989638    0.0028561136
  0.0028137255    0.0027717399    0.0027302265    0.0026891244    0.0026484485
  0.0026081590    0.0025682299    0.0025286229    0.0024892985    0.0024501822
  0.0024111842    0.0023722552    0.0023332455    0.0022940401    0.0022545128
  0.0022144247    0.0021735711    0.0021316437    0.0020882724    0.0020429507
  0.0020215406    0.0020215406    0.0020215406    0.0020215406    0.0020215406
  0.0020215406    0.0020215406    0.0020215406    0.0020215406    0.0020215406
  0.0020215406    0.0020215406    0.0020215406    0.0020215406    0.0020215406
  0.0020215406    0.0020215406    0.0020215406    0.0020215406    0.0020215406
  0.0020215406    0.0020215406    0.0020215406    0.0020215406    0.0020215406
  0.0020215406    0.0020215406    0.0020215406    0.0020215406    0.0020215406
  0.0020215406    0.0020215406    0.0020215406    0.0020215406    0.0020215406
  0.0020215406    0.0020215406    0.0020215406    0.0020215406    0.0020215406
  0.0079279820    0.0079254092    0.0079178144    0.0079055951    0.0078892593
  0.0078694079    0.0078466101    0.0078213904    0.0077941520    0.0077652653
  0.0077350173    0.0077036259    0.0076712979    0.0076381778    0.0076043666
  0.0075699793    0.0075350797    0.0074997199    0.0074639795    0.0074278615
  0.0073914346    0.0073547097    0.0073177412    0.0072805054    0.0072430411
  0.0072053677    0.0071674872    0.0071294221    0.0070911762    0.0070527541
  0.0070141619    0.0069754060    0.0069364936    0.0068974316    0.0068582278
  0.0068188555    0.0067793591    0.0067397119    0.0066999234    0.0066600045
  0.0066199472    0.0065797624    0.0065394276    0.0064989701    0.0064583683
  0.0064176347    0.0063767811    0.0063357712    0.0062946494    0.0062533822
  0.0062119822    0.0061704476    0.0061287775    0.0060869702    0.0060450263
  0.0060029451    0.0059607275    0.0059183597    0.0058758582    0.0058332245
  0.0057904475    0.0057475304    0.0057044632    0.0056612359    0.0056178812
  0.0055743772    0.0055307440    0.0054869353    0.0054429968    0.0053989240
  0.0053546625    0.0053102962    0.0052657484    0.0052210778    0.0051762362
  0.0051312595    0.0050861243    0.0050408329    0.0049953994    0.0049498279
  0.0049041099    0.0048582403    0.0048122267    0.0047660958    0.0047198133
  0.0046733883    0.0046268428    0.0045801648    0.0045333576    0.0044864336
  0.0044393954    0.0043922500    0.0043450021    0.0042976677    0.0042502448
  0.0042027522    0.0041551811    0.0041075590    0.0040598978    0.0040122011
  0.0039644892    0.0039167600    0.0038690721    0.0038213961    0.0037737522
  0.0037262074    0.0036787120    0.0036313432    0.0035841170    0.0035370391
  0.0034900988    0.0034434016    0.0033968995    0.0033506697    0.0033046871
  0.0032589978    0.0032136505    0.0031686255    0.0031239586    0.0030796923
  0.0030358313    0.0029923865    0.0029493614    0.0029067364    0.0028645934
  0.0028228815    0.0027815907    0.0027407166    0.0027002606    0.0026601495
  0.0026204135    0.0025809531    0.0025417667    0.0025027635    0.0024638552
  0.0024249514    0.0023859869    0.0023467767    0.0023071901    0.0022670199
  0.0022260273    0.0021839417    0.0021403770    0.0020948225    0.0020900050
  0.0020900050    0.0020900050    0.0020900050    0.0020900050    0.0020900050
  0.0020900050    0.0020900050    0.0020900050    0.0020900050    0.0020900050
  0.0020900050    0.0020900050    0.0020900050    0.0020900050    0.0020900050
  0.0020900050    0.0020900050    0.0020900050    0.0020900050    0.0020900050
  0.0020900050    0.0020900050    0.0020900050    0.0020900050    0.0020900050
  0.0020900050    0.0020900050    0.0020900050    0.0020900050    0.0020900050
  0.0020900050    0.0020900050    0.0020900050    0.0020900050    0.0020900050
  0.0081266005    0.0081241598    0.0081169333    0.0081052994    0.0080896680
  0.0080705892    0.0080485940    0.0080241563    0.0079977061    0.0079695418
  0.0079399846    0.0079092585    0.0078775300    0.0078449902    0.0078117180
  0.0077778291    0.0077434083    0.0077085065    0.0076732033    0.0076375207
  0.0076015059    0.0075651689    0.0075285643    0.0074917069    0.0074546142
  0.0074172856    0.0073797613    0.0073420432    0.0073041341    0.0072660379
  0.0072277598    0.0071893431    0.0071507561    0.0071120240    0.0070731349
  0.0070340967    0.0069949178    0.0069556054    0.0069161509    0.0068765455
  0.0068368161    0.0067969375    0.0067569544    0.0067168250    0.0066765603
  0.0066361534    0.0065956338    0.0065549779    0.0065141820    0.0064732739
  0.0064322173    0.0063910408    0.0063497104    0.0063082699    0.0062666860
  0.0062249728    0.0061831289    0.0061411385    0.0060990166    0.0060567480
  0.0060143489    0.0059718205    0.0059291495    0.0058863375    0.0058433750
  0.0058002785    0.0057570378    0.0057136434    0.0056701288    0.0056264440
  0.0055826240    0.0055386610    0.0054945365    0.0054502721    0.0054058634
  0.0053613068    0.0053166011    0.0052717552    0.0052267569    0.0051815838
  0.0051362948    0.0050908450    0.0050452486    0.0049995203    0.0049536426
  0.0049076419    0.0048614701    0.0048151673    0.0047687423    0.0047221910
  0.0046754835    0.0046286709    0.0045817543    0.0045346973    0.0044875517
  0.0044403196    0.0043929718    0.0043455240    0.0042980266    0.0042504453
  0.0042028303    0.0041551326    0.0041074299    0.0040596913    0.0040119698
  0.0039642501    0.0039165483    0.0038688751    0.0038212980    0.0037737830
  0.0037263732    0.0036790737    0.0036319273    0.0035849298    0.0035381430
  0.0034915611    0.0034452231    0.0033991549    0.0033533890    0.0033078875
  0.0032627439    0.0032179456    0.0031735197    0.0031294843    0.0030858615
  0.0030426377    0.0029998710    0.0029575292    0.0029156187    0.0028741215
  0.0028330654    0.0027924209    0.0027521473    0.0027122674    0.0026726881
  0.0026333725    0.0025943268    0.0025554056    0.0025165654    0.0024777173
  0.0024387534    0.0023995237    0.0023598812    0.0023196274    0.0022784957
  0.0022362555    0.0021924763    0.0021587868    0.0021587868    0.0021587868
  0.0021587868    0.0021587868    0.0021587868    0.0021587868    0.0021587868
  0.0021587868    0.0021587868    0.0021587868    0.0021587868    0.0021587868
  0.0021587868    0.0021587868    0.0021587868    0.0021587868    0.0021587868
  0.0021587868    0.0021587868    0.0021587868    0.0021587868    0.0021587868
  0.0021587868    0.0021587868    0.0021587868    0.0021587868    0.0021587868
  0.0021587868    0.0021587868    0.0021587868    0.0021587868    0.0021587868
  0.0083247514    0.0083224399    0.0083155687    0.0083044651    0.0082894997
  0.0082711866    0.0082499652    0.0082263014    0.0082005838    0.0081731518
  0.0081442703    0.0081141937    0.0080830923    0.0080511155    0.0080183870
  0.0079850015    0.0079510656    0.0079166292    0.0078817717    0.0078465139
  0.0078108814    0.0077749468    0.0077387212    0.0077022402    0.0076654991
  0.0076285373    0.0075913336    0.0075539705    0.0075163880    0.0074786103
  0.0074406806    0.0074025836    0.0073643236    0.0073259074    0.0072873217
  0.0072486113    0.0072097455    0.0071707317    0.0071315971    0.0070923121
  0.0070529038    0.0070133630    0.0069736813    0.0069338675    0.0068939317
  0.0068538486    0.0068136636    0.0067733358    0.0067328753    0.0066922765
  0.0066515678    0.0066107276    0.0065697676    0.0065286670    0.0064874224
  0.0064460631    0.0064045539    0.0063629394    0.0063211870    0.0062792800
  0.0062372773    0.0061951037    0.0061528042    0.0061103783    0.0060677978
  0.0060250941    0.0059822396    0.0059392506    0.0058961308    0.0058528415
  0.0058094287    0.0057658686    0.0057221672    0.0056783163    0.0056343357
  0.0055901803    0.0055458960    0.0055014786    0.0054568730    0.0054121521
  0.0053673004    0.0053222672    0.0052770899    0.0052317786    0.0051863231
  0.0051407144    0.0050949658    0.0050490696    0.0050030414    0.0049568651
  0.0049105677    0.0048641132    0.0048175522    0.0047708522    0.0047240416
  0.0046770919    0.0046300425    0.0045828875    0.0045356203    0.0044882713
  0.0044408560    0.0043933337    0.0043457565    0.0042981062    0.0042504151
  0.0042026776    0.0041549581    0.0041071775    0.0040594515    0.0040117344
  0.0039640298    0.0039163953    0.0038688648    0.0038213893    0.0037740523
  0.0037268311    0.0036797837    0.0036329334    0.0035862953    0.0035398471
  0.0034936974    0.0034477740    0.0034021859    0.0033569238    0.0033119768
  0.0032673989    0.0032232114    0.0031794110    0.0031360270    0.0030930729
  0.0030505440    0.0030084305    0.0029667607    0.0029255156    0.0028846721
  0.0028442301    0.0028041549    0.0027644510    0.0027250371    0.0026858787
  0.0026469188    0.0026080994    0.0025693274    0.0025305212    0.0024915497
  0.0024522991    0.0024125884    0.0023722249    0.0023309812    0.0022885609
  0.0022445880    0.0022278945    0.0022278945    0.0022278945    0.0022278945
  0.0022278945    0.0022278945    0.0022278945    0.0022278945    0.0022278945
  0.0022278945    0.0022278945    0.0022278945    0.0022278945    0.0022278945
  0.0022278945    0.0022278945    0.0022278945    0.0022278945    0.0022278945
  0.0022278945    0.0022278945    0.0022278945    0.0022278945    0.0022278945
  0.0022278945    0.0022278945    0.0022278945    0.0022278945    0.0022278945
  0.0085225027    0.0085202906    0.0085137555    0.0085031403    0.0084888165
  0.0084711813    0.0084507201    0.0084278159    0.0084028371    0.0083761185
  0.0083479141    0.0083184873    0.0082879666    0.0082565737    0.0082243877
  0.0081915267    0.0081580750    0.0081241047    0.0080896730    0.0080548214
  0.0080196186    0.0079840711    0.0079482330    0.0079121174    0.0078757395
  0.0078391179    0.0078022711    0.0077652194    0.0077279851    0.0076905281
  0.0076529334    0.0076151433    0.0075771827    0.0075390960    0.0075008289
  0.0074624082    0.0074238588    0.0073851683    0.0073463247    0.0073073734
  0.0072682469    0.0072290097    0.0071896512    0.0071501434    0.0071105138
  0.0070707711    0.0070308895    0.0069908781    0.0069507479    0.0069104905
  0.0068700992    0.0068295859    0.0067889268    0.0067481675    0.0067072848
  0.0066662419    0.0066251001    0.0065838221    0.0065424053    0.0065008779
  0.0064592055    0.0064174014    0.0063754802    0.0063334098    0.0062912038
  0.0062488621    0.0062063999    0.0061637882    0.0061210573    0.0060781787
  0.0060351416    0.0059919765    0.0059486720    0.0059052324    0.0058616475
  0.0058179088    0.0057740351    0.0057300316    0.0056858650    0.0056415566
  0.0055971006    0.0055524916    0.0055077524    0.0054628424    0.0054178200
  0.0053726241    0.0053272900    0.0052818173    0.0052361957    0.0051904281
  0.0051445146    0.0050984833    0.0050523045    0.0050059828    0.0049595368
  0.0049129500    0.0048662415    0.0048194096    0.0047724641    0.0047254124
  0.0046782289    0.0046309720    0.0045836162    0.0045361733    0.0044886581
  0.0044410393    0.0043933951    0.0043457126    0.0042979644    0.0042502194
  0.0042024176    0.0041546688    0.0041069063    0.0040591806    0.0040115480
  0.0039639414    0.0039164303    0.0038690542    0.0038217987    0.0037747032
  0.0037277746    0.0036810343    0.0036345175    0.0035882254    0.0035422431
  0.0034965154    0.0034511289    0.0034060562    0.0033613409    0.0033169976
  0.0032730496    0.0032294890    0.0031863322    0.0031436160    0.0031013191
  0.0030594592    0.0030180268    0.0029769919    0.0029363980    0.0028961648
  0.0028562838    0.0028167126    0.0027774702    0.0027384453    0.0026996091
  0.0026608645    0.0026221439    0.0025833484    0.0025443833    0.0025050948
  0.0024653057    0.0024248543    0.0023834914    0.0023408893    0.0022973066
  0.0022973066    0.0022973066    0.0022973066    0.0022973066    0.0022973066
  0.0022973066    0.0022973066    0.0022973066    0.0022973066    0.0022973066
  0.0022973066    0.0022973066    0.0022973066    0.0022973066    0.0022973066
  0.0022973066    0.0022973066    0.0022973066    0.0022973066    0.0022973066
  0.0022973066    0.0022973066    0.0022973066    0.0022973066    0.0022973066
  0.0087198433    0.0087177475    0.0087114979    0.0087013449    0.0086876045
  0.0086706705    0.0086508993    0.0086287089    0.0086044697    0.0085784392
  0.0085509082    0.0085221260    0.0084922255    0.0084613860    0.0084297351
  0.0083973917    0.0083644406    0.0083309303    0.0082969412    0.0082625139
  0.0082277170    0.0081925779    0.0081571062    0.0081213585    0.0080853274
  0.0080490513    0.0080125492    0.0079758403    0.0079389246    0.0079018032
  0.0078645197    0.0078270350    0.0077893944    0.0077516017    0.0077136608
  0.0076755378    0.0076372975    0.0075989062    0.0075603706    0.0075216975
  0.0074828941    0.0074439676    0.0074048875    0.0073656997    0.0073263746
  0.0072869215    0.0072473487    0.0072076465    0.0071678246    0.0071278746
  0.0070878056    0.0070476100    0.0070072809    0.0069668460    0.0069262639
  0.0068855802    0.0068447717    0.0068038160    0.0067627586    0.0067215450
  0.0066802206    0.0066387650    0.0065971910    0.0065554796    0.0065136446
  0.0064716677    0.0064295780    0.0063873285    0.0063449651    0.0063024559
  0.0062598169    0.0062170343    0.0061741232    0.0061310716    0.0060878801
  0.0060445396    0.0060010792    0.0059574623    0.0059137059    0.0058698023
  0.0058257567    0.0057815744    0.0057372363    0.0056927621    0.0056481212
  0.0056033602    0.0055584502    0.0055134002    0.0054681952    0.0054228487
  0.0053773333    0.0053316995    0.0052859222    0.0052400054    0.0051939499
  0.0051477602    0.0051014285    0.0050549716    0.0050083747    0.0049616638
  0.0049148263    0.0048678701    0.0048208057    0.0047736208    0.0047263560
  0.0046789833    0.0046315166    0.0045839847    0.0045363819    0.0044887324
  0.0044410130    0.0043932741    0.0043454796    0.0042977116    0.0042498948
  0.0042021100    0.0041543959    0.0041066766    0.0040590813    0.0040115346
  0.0039640769    0.0039167933    0.0038696142    0.0038226220    0.0037757917
  0.0037292086    0.0036828631    0.0036367416    0.0035909107    0.0035453857
  0.0035002067    0.0034553533    0.0034108636    0.0033667345    0.0033230202
  0.0032796915    0.0032367988    0.0031943246    0.0031522598    0.0031106348
  0.0030694306    0.0030286087    0.0029882184    0.0029481775    0.0029084897
  0.0028691001    0.0028299660    0.0027910717    0.0027523202    0.0027136637
  0.0026750003    0.0026362270    0.0025972511    0.0025579086    0.0025180592
  0.0024775023    0.0024359812    0.0023932401    0.0023670046    0.0023670046
  0.0023670046    0.0023670046    0.0023670046    0.0023670046    0.0023670046
  0.0023670046    0.0023670046    0.0023670046    0.0023670046    0.0023670046
  0.0023670046    0.0023670046    0.0023670046    0.0023670046    0.0023670046
  0.0023670046    0.0023670046    0.0023670046    0.0023670046    0.0023670046
  0.0089168012    0.0089147866    0.0089088159    0.0088991167    0.0088859163
  0.0088696260    0.0088505393    0.0088290580    0.0088055044    0.0087801786
  0.0087533121    0.0087251395    0.0086958475    0.0086655719    0.0086344662
  0.0086026511    0.0085701644    0.0085371255    0.0085035909    0.0084696007
  0.0084352007    0.0084004406    0.0083653742    0.0083299674    0.0082943017
  0.0082583926    0.0082222360    0.0081858512    0.0081492374    0.0081124589
  0.0080754738    0.0080383053    0.0080009775    0.0079634723    0.0079258353
  0.0078880295    0.0078500807    0.0078119731    0.0077737338    0.0077353681
  0.0076968425    0.0076582040    0.0076194390    0.0075805362    0.0075415223
  0.0075023473    0.0074630765    0.0074236991    0.0073841678    0.0073445100
  0.0073047354    0.0072648519    0.0072248509    0.0071847252    0.0071444654
  0.0071040834    0.0070635886    0.0070229740    0.0069822331    0.0069413606
  0.0069003676    0.0068592488    0.0068179991    0.0067766480    0.0067351566
  0.0066935235    0.0066517765    0.0066098974    0.0065678992    0.0065257491
  0.0064834763    0.0064410793    0.0063985286    0.0063558673    0.0063130526
  0.0062701139    0.0062270099    0.0061837988    0.0061404409    0.0060969389
  0.0060532956    0.0060095017    0.0059655755    0.0059215214    0.0058773038
  0.0058329434    0.0057884466    0.0057437947    0.0056990074    0.0056540820
  0.0056090008    0.0055637733    0.0055184117    0.0054728890    0.0054272523
  0.0053814445    0.0053355113    0.0052894546    0.0052432451    0.0051968949
  0.0051504316    0.0051038268    0.0050571082    0.0050102506    0.0049632925
  0.0049162294    0.0048690423    0.0048217600    0.0047743712    0.0047269175
  0.0046793526    0.0046317626    0.0045840776    0.0045363456    0.0044885804
  0.0044407958    0.0043929808    0.0043451565    0.0042973873    0.0042496149
  0.0042018624    0.0041542056    0.0041066218    0.0040591553    0.0040117659
  0.0039645632    0.0039174888    0.0038706092    0.0038239297    0.0037774868
  0.0037312796    0.0036853394    0.0036396940    0.0035943855    0.0035493939
  0.0035047659    0.0034604965    0.0034166060    0.0033731305    0.0033300461
  0.0032873849    0.0032451413    0.0032033355    0.0031619160    0.0031209392
  0.0030803552    0.0030401399    0.0030002964    0.0029607857    0.0029215424
  0.0028825641    0.0028437671    0.0028051131    0.0027665181    0.0027278932
  0.0026891304    0.0026501278    0.0026107642    0.0025708400    0.0025301542
  0.0024885195    0.0024455852    0.0024369991    0.0024369991    0.0024369991
  0.0024369991    0.0024369991    0.0024369991    0.0024369991    0.0024369991
  0.0024369991    0.0024369991    0.0024369991    0.0024369991    0.0024369991
  0.0024369991    0.0024369991    0.0024369991    0.0024369991    0.0024369991
  0.0091133676    0.0091114481    0.0091057451    0.0090964332    0.0090837727
  0.0090680842    0.0090496448    0.0090288626    0.0090059826    0.0089813247
  0.0089551082    0.0089275530    0.0088988527    0.0088691714    0.0088385924
  0.0088072874    0.0087752939    0.0087427325    0.0087096356    0.0086760667
  0.0086420947    0.0086077225    0.0085730267    0.0085379945    0.0085026852
  0.0084671136    0.0084312971    0.0083952319    0.0083589602    0.0083224814
  0.0082858175    0.0082489688    0.0082119380    0.0081747486    0.0081373826
  0.0080998651    0.0080622215    0.0080243928    0.0079864477    0.0079483700
  0.0079101458    0.0078718006    0.0078333010    0.0077946938    0.0077559660
  0.0077171049    0.0076781179    0.0076390132    0.0075997785    0.0075604230
  0.0075209549    0.0074813634    0.0074416575    0.0074018274    0.0073618827
  0.0073218145    0.0072816317    0.0072413272    0.0072008935    0.0071603397
  0.0071196600    0.0070788818    0.0070379649    0.0069969201    0.0069557757
  0.0069144768    0.0068730679    0.0068315452    0.0067898722    0.0067480933
  0.0067061584    0.0066641274    0.0066219512    0.0065796438    0.0065372033
  0.0064946296    0.0064519227    0.0064090948    0.0063661049    0.0063229824
  0.0062797436    0.0062363462    0.0061928220    0.0061491587    0.0061053477
  0.0060613913    0.0060172955    0.0059730765    0.0059286883    0.0058841765
  0.0058394955    0.0057946783    0.0057497324    0.0057046420    0.0056594019
  0.0056140105    0.0055684666    0.0055228148    0.0054770095    0.0054310491
  0.0053849704    0.0053387630    0.0052924087    0.0052459187    0.0051993213
  0.0051525778    0.0051057255    0.0050587482    0.0050116562    0.0049644638
  0.0049171706    0.0048697859    0.0048223089    0.0047747603    0.0047271479
  0.0046794400    0.0046317106    0.0045839260    0.0045361084    0.0044882961
  0.0044404521    0.0043926220    0.0043448431    0.0042970816    0.0042493875
  0.0042017780    0.0041542474    0.0041068237    0.0040595363    0.0040123943
  0.0039654720    0.0039186969    0.0038721477    0.0038258518    0.0037798164
  0.0037340747    0.0036886162    0.0036435206    0.0035987246    0.0035543292
  0.0035102712    0.0034666301    0.0034233571    0.0033805244    0.0033380982
  0.0032961063    0.0032545193    0.0032133393    0.0031725720    0.0031321884
  0.0030921945    0.0030525095    0.0030131563    0.0029740585    0.0029352173
  0.0028965196    0.0028579548    0.0028194138    0.0027808268    0.0027420834
  0.0027030549    0.0026636264    0.0026236282    0.0025828428    0.0025410500
  0.0025072667    0.0025072667    0.0025072667    0.0025072667    0.0025072667
  0.0025072667    0.0025072667    0.0025072667    0.0025072667    0.0025072667
  0.0025072667    0.0025072667    0.0025072667    0.0025072667    0.0025072667
  0.0093095721    0.0093077342    0.0093022839    0.0092933633    0.0092811838
  0.0092660472    0.0092482624    0.0092281113    0.0092059137    0.0091819053
  0.0091563190    0.0091293853    0.0091012792    0.0090721700    0.0090421432
  0.0090113243    0.0089798496    0.0089477426    0.0089150847    0.0088819393
  0.0088483754    0.0088144183    0.0087800743    0.0087454235    0.0087104782
  0.0086752527    0.0086397634    0.0086040290    0.0085680917    0.0085319265
  0.0084955558    0.0084590020    0.0084222881    0.0083853935    0.0083483212
  0.0083110957    0.0082737210    0.0082362223    0.0081985395    0.0081607418
  0.0081228133    0.0080847379    0.0080465426    0.0080082130    0.0079697554
  0.0079311762    0.0078924631    0.0078536420    0.0078147006    0.0077756466
  0.0077364489    0.0076971539    0.0076577313    0.0076181899    0.0075785566
  0.0075387838    0.0074988998    0.0074588942    0.0074187587    0.0073785218
  0.0073381561    0.0072976895    0.0072570969    0.0072163712    0.0071755239
  0.0071345647    0.0070935045    0.0070522870    0.0070109742    0.0069695119
  0.0069279440    0.0068862346    0.0068444118    0.0068024715    0.0067603960
  0.0067181669    0.0066758290    0.0066333653    0.0065907583    0.0065480083
  0.0065051447    0.0064621368    0.0064189870    0.0063757106    0.0063323080
  0.0062887390    0.0062450490    0.0062012123    0.0061572325    0.0061131150
  0.0060688486    0.0060244539    0.0059799085    0.0059352198    0.0058903803
  0.0058454115    0.0058002943    0.0057550389    0.0057096397    0.0056641077
  0.0056184043    0.0055725888    0.0055266362    0.0054805244    0.0054343099
  0.0053879397    0.0053414481    0.0052948066    0.0052480735    0.0052011996
  0.0051542103    0.0051071331    0.0050599330    0.0050126174    0.0049652168
  0.0049177346    0.0048701744    0.0048225335    0.0047748606    0.0047270918
  0.0046792945    0.0046314600    0.0045836336    0.0045357690    0.0044879294
  0.0044400926    0.0043923353    0.0043445741    0.0042969231    0.0042493476
  0.0042018887    0.0041545639    0.0041073643    0.0040603262    0.0040134887
  0.0039668943    0.0039205134    0.0038743494    0.0038285102    0.0037829176
  0.0037376813    0.0036927781    0.0036482137    0.0036039965    0.0035602023
  0.0035167660    0.0034737476    0.0034311481    0.0033889523    0.0033471973
  0.0033058399    0.0032648905    0.0032243300    0.0031841496    0.0031443278
  0.0031048158    0.0030656195    0.0030266911    0.0029879619    0.0029493423
  0.0029108579    0.0028723608    0.0028337939    0.0027950506    0.0027559985
  0.0027165181    0.0026764079    0.0026355383    0.0025936005    0.0025778132
  0.0025778132    0.0025778132    0.0025778132    0.0025778132    0.0025778132
  0.0025778132    0.0025778132    0.0025778132    0.0025778132    0.0025778132
  0.0095054308    0.0095036866    0.0094984425    0.0094898862    0.0094781738
  0.0094635844    0.0094464033    0.0094268858    0.0094053222    0.0093819396
  0.0093569847    0.0093306723    0.0093031591    0.0092745942    0.0092450915
  0.0092148044    0.0091837957    0.0091521642    0.0091199664    0.0090872662
  0.0090540837    0.0090205175    0.0089865720    0.0089523044    0.0089177015
  0.0088828251    0.0088476677    0.0088122701    0.0087766285    0.0087407863
  0.0087047416    0.0086684938    0.0086320659    0.0085954592    0.0085586754
  0.0085217394    0.0084846532    0.0084474210    0.0084100465    0.0083725119
  0.0083348650    0.0082970682    0.0082591268    0.0082210879    0.0081829160
  0.0081445965    0.0081061761    0.0080676213    0.0080289592    0.0079901756
  0.0079512782    0.0079122548    0.0078731318    0.0078338784    0.0077945033
  0.0077550132    0.0077154177    0.0076757048    0.0076358851    0.0075959466
  0.0075558818    0.0075157177    0.0074754265    0.0074350007    0.0073944859
  0.0073538390    0.0073130700    0.0072722065    0.0072311904    0.0071900838
  0.0071488299    0.0071074570    0.0070659772    0.0070243676    0.0069826413
  0.0069407769    0.0068987883    0.0068566563    0.0068144097    0.0067720460
  0.0067295463    0.0066868962    0.0066441235    0.0066012277    0.0065581930
  0.0065150210    0.0064717122    0.0064282532    0.0063846742    0.0063409482
  0.0062971070    0.0062530968    0.0062089637    0.0061646582    0.0061202503
  0.0060756789    0.0060309765    0.0059861234    0.0059411380    0.0058960046
  0.0058507034    0.0058053068    0.0057597363    0.0057140509    0.0056682012
  0.0056222208    0.0055761194    0.0055298765    0.0054835034    0.0054369902
  0.0053903503    0.0053435994    0.0052967273    0.0052497194    0.0052026129
  0.0051554313    0.0051081102    0.0050606891    0.0050132124    0.0049656210
  0.0049179797    0.0048702622    0.0048224945    0.0047746963    0.0047268673
  0.0046789923    0.0046311089    0.0045832438    0.0045353838    0.0044875634
  0.0044397947    0.0043921107    0.0043444972    0.0042969907    0.0042495700
  0.0042023550    0.0041552303    0.0041083548    0.0040616373    0.0040151530
  0.0039689084    0.0039229581    0.0038772824    0.0038318832    0.0037868655
  0.0037421517    0.0036977880    0.0036538364    0.0036102567    0.0035670422
  0.0035242666    0.0034818930    0.0034399509    0.0033984123    0.0033572676
  0.0033165268    0.0032761847    0.0032361981    0.0031965639    0.0031572321
  0.0031181812    0.0030793602    0.0030407334    0.0030022403    0.0029638031
  0.0029253628    0.0028868046    0.0028480616    0.0028089779    0.0027694216
  0.0027292442    0.0026882414    0.0026486079    0.0026486079    0.0026486079
  0.0026486079    0.0026486079    0.0026486079    0.0026486079    0.0026486079
