  0.0000000000    0.0150000000
  0.0002500000    0.0010000000    179    30
  0.0000000238    0.0815329790    0.1384483576    0.1786780119    0.2095588923
  0.2347469568    0.2561627626    0.2749152899    0.2916960478    0.3069649458
  0.3210401297    0.3341549635    0.3464814425    0.3581536055    0.3692750692
  0.3799303770    0.3901868105    0.4001015902    0.4097212553    0.4190873384
  0.4282324553    0.4371880770    0.4459800959    0.4546305895    0.4631614923
  0.4715898275    0.4799334288    0.4882075071    0.4964256525    0.5045996428
  0.5127431154    0.5208650351    0.5289759874    0.5370863676    0.5452039480
  0.5533372164    0.5614934683    0.5696798563    0.5779035330    0.5861689806
  0.5944836855    0.6028522730    0.6112784624    0.6197705030    0.6283290148
  0.6369627714    0.6456759214    0.6544759989    0.6633707285    0.6723707914
  0.6814910650    0.6907535315    0.7001827002    0.7098216295    0.7197250605
  0.7299793959    0.7407196283    0.7521621943    0.7647002459    0.7791657209
  0.7978905439    0.7999999762    0.7999999762    0.7999999762    0.7999999762
  0.7999999762    0.7999999762    0.7999999762    0.7999999762    0.7999999762
  0.7999999762    0.7999999762    0.7999999762    0.7999999762    0.7999999762
  0.7999999762    0.7999999762    0.7999999762    0.7999999762    0.7999999762
  0.7999999762    0.7999999762    0.7999999762    0.7999999762    0.7999999762
  0.7999999762    0.7999999762    0.7999999762    0.7999999762    0.7999999762
  0.7999999762    0.7999999762    0.7999999762    0.7999999762    0.7999999762
  0.7999999762    0.7999999762    0.7999999762    0.7999999762    0.7999999762
  0.7999999762    0.7999999762    0.7999999762    0.7999999762    0.7999999762
  0.7999999762    0.7999999762    0.7999999762    0.7999999762    0.7999999762
  0.7999999762    0.7999999762    0.7999999762    0.7999999762    0.7999999762
  0.7999999762    0.7999999762    0.7999999762    0.7999999762    0.7999999762
  0.7999999762    0.7999999762    0.7999999762    0.7999999762    0.7999999762
  0.7999999762    0.7999999762    0.7999999762    0.7999999762    0.7999999762
  0.7999999762    0.7999999762    0.7999999762    0.7999999762    0.7999999762
  0.7999999762    0.7999999762    0.7999999762    0.7999999762    0.7999999762
  0.7999999762    0.7999999762    0.7999999762    0.7999999762    0.7999999762
  0.7999999762    0.7999999762    0.7999999762    0.7999999762    0.7999999762
  0.7999999762    0.7999999762    0.7999999762    0.7999999762    0.7999999762
  0.7999999762    0.7999999762    0.7999999762    0.7999999762    0.7999999762
  0.7999999762    0.7999999762    0.7999999762    0.7999999762    0.7999999762
  0.7999999762    0.7999999762    0.7999999762    0.7999999762    0.7999999762
  0.7999999762    0.7999999762    0.7999999762    0.7999999762    0.7999999762
  0.7999999762    0.7999999762    0.7999999762    0.7999999762    0.7999999762
  0.0000000238    0.0732393980    0.1273587942    0.1667409182    0.1972986460
  0.2223229647    0.2436280489    0.2622842550    0.2789688826    0.2941348791
  0.3080993891    0.3210926771    0.3332881212    0.3448176622    0.3557865381
  0.3662778139    0.3763604403    0.3860897779    0.3955138922    0.4046724558
  0.4135992289    0.4223252535    0.4308760405    0.4392738581    0.4475393057
  0.4556915522    0.4637453318    0.4717165709    0.4796187162    0.4874644518
  0.4952650785    0.5030309916    0.5107724428    0.5184974432    0.5262163401
  0.5339369059    0.5416651011    0.5494103670    0.5571763754    0.5649719477
  0.5728006601    0.5806689024    0.5885819197    0.5965427637    0.6045563459
  0.6126270533    0.6207571268    0.6289518118    0.6372133493    0.6455466032
  0.6539574385    0.6624486208    0.6710294485    0.6797088385    0.6885040522
  0.6974289179    0.7065128565    0.7157917261    0.7253227472    0.7351853132
  0.7455047369    0.7564880133    0.7684998751    0.7822938204    0.7999305487
  0.7999999762    0.7999999762    0.7999999762    0.7999999762    0.7999999762
  0.7999999762    0.7999999762    0.7999999762    0.7999999762    0.7999999762
  0.7999999762    0.7999999762    0.7999999762    0.7999999762    0.7999999762
  0.7999999762    0.7999999762    0.7999999762    0.7999999762    0.7999999762
  0.7999999762    0.7999999762    0.7999999762    0.7999999762    0.7999999762
  0.7999999762    0.7999999762    0.7999999762    0.7999999762    0.7999999762
  0.7999999762    0.7999999762    0.7999999762    0.7999999762    0.7999999762
  0.7999999762    0.7999999762    0.7999999762    0.7999999762    0.7999999762
  0.7999999762    0.7999999762    0.7999999762    0.7999999762    0.7999999762
  0.7999999762    0.7999999762    0.7999999762    0.7999999762    0.7999999762
  0.7999999762    0.7999999762    0.7999999762    0.7999999762    0.7999999762
  0.7999999762    0.7999999762    0.7999999762    0.7999999762    0.7999999762
  0.7999999762    0.7999999762    0.7999999762    0.7999999762    0.7999999762
  0.7999999762    0.7999999762    0.7999999762    0.7999999762    0.7999999762
  0.7999999762    0.7999999762    0.7999999762    0.7999999762    0.7999999762
  0.7999999762    0.7999999762    0.7999999762    0.7999999762    0.7999999762
  0.7999999762    0.7999999762    0.7999999762    0.7999999762    0.7999999762
  0.7999999762    0.7999999762    0.7999999762    0.7999999762    0.7999999762
  0.7999999762    0.7999999762    0.7999999762    0.7999999762    0.7999999762
  0.7999999762    0.7999999762    0.7999999762    0.7999999762    0.7999999762
  0.7999999762    0.7999999762    0.7999999762    0.7999999762    0.7999999762
  0.7999999762    0.7999999762    0.7999999762    0.7999999762    0.7999999762
  0.7999999762    0.7999999762    0.7999999762    0.7999999762    0.7999999762
  0.0000000238    0.0660951853    0.1173379660    0.1557305574    0.1858858347
  0.2107080221    0.2318845034    0.2504392862    0.2670303106    0.2821016550
  0.2959669352    0.3088540792    0.3209352255    0.3323422670    0.3431796789
  0.3535310507    0.3634641409    0.3730353594    0.3822916269    0.3912736177
  0.4000150442    0.4085454226    0.4168907404    0.4250732660    0.4331135988
  0.4410299063    0.4488379717    0.4565523386    0.4641866446    0.4717530966
  0.4792623758    0.4867264509    0.4941526651    0.5015520811    0.5089322805
  0.5163010359    0.5236654520    0.5310333490    0.5384109735    0.5458036184
  0.5532176256    0.5606593370    0.5681326628    0.5756422281    0.5831929922
  0.5907882929    0.5984305620    0.6061247587    0.6138736010    0.6216792822
  0.6295456648    0.6374733686    0.6454655886    0.6535250902    0.6616572618
  0.6698667288    0.6781588316    0.6865432501    0.6950343847    0.7036491156
  0.7124119520    0.7213596106    0.7305450678    0.7400448561    0.7499770403
  0.7605345964    0.7720580816    0.7852370024    0.7999999762    0.7999999762
  0.7999999762    0.7999999762    0.7999999762    0.7999999762    0.7999999762
  0.7999999762    0.7999999762    0.7999999762    0.7999999762    0.7999999762
  0.7999999762    0.7999999762    0.7999999762    0.7999999762    0.7999999762
  0.7999999762    0.7999999762    0.7999999762    0.7999999762    0.7999999762
  0.7999999762    0.7999999762    0.7999999762    0.7999999762    0.7999999762
  0.7999999762    0.7999999762    0.7999999762    0.7999999762    0.7999999762
  0.7999999762    0.7999999762    0.7999999762    0.7999999762    0.7999999762
  0.7999999762    0.7999999762    0.7999999762    0.7999999762    0.7999999762
  0.7999999762    0.7999999762    0.7999999762    0.7999999762    0.7999999762
  0.7999999762    0.7999999762    0.7999999762    0.7999999762    0.7999999762
  0.7999999762    0.7999999762    0.7999999762    0.7999999762    0.7999999762
  0.7999999762    0.7999999762    0.7999999762    0.7999999762    0.7999999762
  0.7999999762    0.7999999762    0.7999999762    0.7999999762    0.7999999762
  0.7999999762    0.7999999762    0.7999999762    0.7999999762    0.7999999762
  0.7999999762    0.7999999762    0.7999999762    0.7999999762    0.7999999762
  0.7999999762    0.7999999762    0.7999999762    0.7999999762    0.7999999762
  0.7999999762    0.7999999762    0.7999999762    0.7999999762    0.7999999762
  0.7999999762    0.7999999762    0.7999999762    0.7999999762    0.7999999762
  0.7999999762    0.7999999762    0.7999999762    0.7999999762    0.7999999762
  0.7999999762    0.7999999762    0.7999999762    0.7999999762    0.7999999762
  0.7999999762    0.7999999762    0.7999999762    0.7999999762    0.7999999762
  0.7999999762    0.7999999762    0.7999999762    0.7999999762    0.7999999762
  0.0000000238    0.0599282980    0.1082967043    0.1455778360    0.1752541304
  0.1998323202    0.2208587408    0.2393025160    0.2557989836    0.2707796812
  0.2845532179    0.2973443747    0.3093242884    0.3206240892    0.3313466787
  0.3415763140    0.3513805151    0.3608154058    0.3699278116    0.3787577391
  0.3873392820    0.3957017183    0.4038704634    0.4118691683    0.4197162390
  0.4274308443    0.4350281477    0.4425226450    0.4499273539    0.4572555780
  0.4645159483    0.4717210531    0.4788787127    0.4859987497    0.4930893660
  0.5001567125    0.5072099447    0.5142549276    0.5212983847    0.5283464193
  0.5354047060    0.5424779177    0.5495725393    0.5566922903    0.5638421774
  0.5710267305    0.5782483339    0.5855113268    0.5928190947    0.6001744986
  0.6075798750    0.6150369406    0.6225483656    0.6301149130    0.6377391100
  0.6454243898    0.6531680822    0.6609775305    0.6688539267    0.6768017054
  0.6848258734    0.6929371119    0.7011454821    0.7094702959    0.7179347754
  0.7265739679    0.7354377985    0.7445983648    0.7541717768    0.7643341780
  0.7754057646    0.7880180597    0.7999999762    0.7999999762    0.7999999762
  0.7999999762    0.7999999762    0.7999999762    0.7999999762    0.7999999762
  0.7999999762    0.7999999762    0.7999999762    0.7999999762    0.7999999762
  0.7999999762    0.7999999762    0.7999999762    0.7999999762    0.7999999762
  0.7999999762    0.7999999762    0.7999999762    0.7999999762    0.7999999762
  0.7999999762    0.7999999762    0.7999999762    0.7999999762    0.7999999762
  0.7999999762    0.7999999762    0.7999999762    0.7999999762    0.7999999762
  0.7999999762    0.7999999762    0.7999999762    0.7999999762    0.7999999762
  0.7999999762    0.7999999762    0.7999999762    0.7999999762    0.7999999762
  0.7999999762    0.7999999762    0.7999999762    0.7999999762    0.7999999762
  0.7999999762    0.7999999762    0.7999999762    0.7999999762    0.7999999762
  0.7999999762    0.7999999762    0.7999999762    0.7999999762    0.7999999762
  0.7999999762    0.7999999762    0.7999999762    0.7999999762    0.7999999762
  0.7999999762    0.7999999762    0.7999999762    0.7999999762    0.7999999762
  0.7999999762    0.7999999762    0.7999999762    0.7999999762    0.7999999762
  0.7999999762    0.7999999762    0.7999999762    0.7999999762    0.7999999762
  0.7999999762    0.7999999762    0.7999999762    0.7999999762    0.7999999762
  0.7999999762    0.7999999762    0.7999999762    0.7999999762    0.7999999762
  0.7999999762    0.7999999762    0.7999999762    0.7999999762    0.7999999762
  0.7999999762    0.7999999762    0.7999999762    0.7999999762    0.7999999762
  0.7999999762    0.7999999762    0.7999999762    0.7999999762    0.7999999762
  0.7999999762    0.7999999762    0.7999999762    0.7999999762    0.7999999762
  0.0000000238    0.0545881987    0.1001476526    0.1362220526    0.1653467417
  0.1896363974    0.2104881525    0.2288095713    0.2452060938    0.2600971937
  0.2737837076    0.2864868879    0.2983752489    0.3095787287    0.3202009439
  0.3303234816    0.3400144815    0.3493303061    0.3583173990    0.3670150042
  0.3754579306    0.3836748362    0.3916913748    0.3995299101    0.4072107553
  0.4147513151    0.4221665621    0.4294718504    0.4366795778    0.4438013792
  0.4508482695    0.4578307867    0.4647580385    0.4716375589    0.4784779310
  0.4852872610    0.4920723677    0.4988393068    0.5055948496    0.5123449087
  0.5190953493    0.5258511782    0.5326174974    0.5394002199    0.5462022543
  0.5530282736    0.5598826647    0.5667693377    0.5736920595    0.5806527853
  0.5876553774    0.5947016478    0.6017948866    0.6089360952    0.6161271334
  0.6233690977    0.6306640387    0.6380132914    0.6454161882    0.6528764009
  0.6603932142    0.6679679632    0.6756049871    0.6833084345    0.6910827398
  0.6989368200    0.7068836451    0.7149368048    0.7231212378    0.7314724684
  0.7400357008    0.7488822699    0.7581177473    0.7679123640    0.7785629988
  0.7906485796    0.7999999762    0.7999999762    0.7999999762    0.7999999762
  0.7999999762    0.7999999762    0.7999999762    0.7999999762    0.7999999762
  0.7999999762    0.7999999762    0.7999999762    0.7999999762    0.7999999762
  0.7999999762    0.7999999762    0.7999999762    0.7999999762    0.7999999762
  0.7999999762    0.7999999762    0.7999999762    0.7999999762    0.7999999762
  0.7999999762    0.7999999762    0.7999999762    0.7999999762    0.7999999762
  0.7999999762    0.7999999762    0.7999999762    0.7999999762    0.7999999762
  0.7999999762    0.7999999762    0.7999999762    0.7999999762    0.7999999762
  0.7999999762    0.7999999762    0.7999999762    0.7999999762    0.7999999762
  0.7999999762    0.7999999762    0.7999999762    0.7999999762    0.7999999762
  0.7999999762    0.7999999762    0.7999999762    0.7999999762    0.7999999762
  0.7999999762    0.7999999762    0.7999999762    0.7999999762    0.7999999762
  0.7999999762    0.7999999762    0.7999999762    0.7999999762    0.7999999762
  0.7999999762    0.7999999762    0.7999999762    0.7999999762    0.7999999762
  0.7999999762    0.7999999762    0.7999999762    0.7999999762    0.7999999762
  0.7999999762    0.7999999762    0.7999999762    0.7999999762    0.7999999762
  0.7999999762    0.7999999762    0.7999999762    0.7999999762    0.7999999762
  0.7999999762    0.7999999762    0.7999999762    0.7999999762    0.7999999762
  0.7999999762    0.7999999762    0.7999999762    0.7999999762    0.7999999762
  0.7999999762    0.7999999762    0.7999999762    0.7999999762    0.7999999762
  0.7999999762    0.7999999762    0.7999999762    0.7999999762    0.7999999762
  0.0000000238    0.0499459505    0.0928077936    0.1276070833    0.1561128855
  0.1800709486    0.2007219076    0.2189059973    0.2351955175    0.2499952078
  0.2635963202    0.2762161493    0.2880198717    0.2991363764    0.3096675634
  0.3196952581    0.3292865992    0.3384972811    0.3473740339    0.3559561491
  0.3642776728    0.3723678827    0.3802511454    0.3879510641    0.3954867125
  0.4028751612    0.4101327181    0.4172734022    0.4243099451    0.4312536955
  0.4381154776    0.4449052095    0.4516318083    0.4583035707    0.4649285555
  0.4715141535    0.4780668020    0.4845937490    0.4911004305    0.4975927591
  0.5040766954    0.5105572462    0.5170392275    0.5235274076    0.5300271273
  0.5365411997    0.5430755854    0.5496324778    0.5562162161    0.5628305197
  0.5694773912    0.5761610746    0.5828837156    0.5896475554    0.5964548826
  0.6033075571    0.6102078199    0.6171539068    0.6241503477    0.6311964273
  0.6382931948    0.6454393625    0.6526378870    0.6598869085    0.6671901464
  0.6745476007    0.6819610834    0.6894343138    0.6969737768    0.7045887232
  0.7122872114    0.7200870752    0.7280097246    0.7360897779    0.7443713427
  0.7529219866    0.7618438959    0.7712951899    0.7815512419    0.7931519270
  0.7999999762    0.7999999762    0.7999999762    0.7999999762    0.7999999762
  0.7999999762    0.7999999762    0.7999999762    0.7999999762    0.7999999762
  0.7999999762    0.7999999762    0.7999999762    0.7999999762    0.7999999762
  0.7999999762    0.7999999762    0.7999999762    0.7999999762    0.7999999762
  0.7999999762    0.7999999762    0.7999999762    0.7999999762    0.7999999762
  0.7999999762    0.7999999762    0.7999999762    0.7999999762    0.7999999762
  0.7999999762    0.7999999762    0.7999999762    0.7999999762    0.7999999762
  0.7999999762    0.7999999762    0.7999999762    0.7999999762    0.7999999762
  0.7999999762    0.7999999762    0.7999999762    0.7999999762    0.7999999762
  0.7999999762    0.7999999762    0.7999999762    0.7999999762    0.7999999762
  0.7999999762    0.7999999762    0.7999999762    0.7999999762    0.7999999762
  0.7999999762    0.7999999762    0.7999999762    0.7999999762    0.7999999762
  0.7999999762    0.7999999762    0.7999999762    0.7999999762    0.7999999762
  0.7999999762    0.7999999762    0.7999999762    0.7999999762    0.7999999762
  0.7999999762    0.7999999762    0.7999999762    0.7999999762    0.7999999762
  0.7999999762    0.7999999762    0.7999999762    0.7999999762    0.7999999762
  0.7999999762    0.7999999762    0.7999999762    0.7999999762    0.7999999762
  0.7999999762    0.7999999762    0.7999999762    0.7999999762    0.7999999762
  0.7999999762    0.7999999762    0.7999999762    0.7999999762    0.7999999762
  0.7999999762    0.7999999762    0.7999999762    0.7999999762    0.7999999762
  0.0000000238    0.0458929777    0.0861970186    0.1196794748    0.1475084066
  0.1710921526    0.1915159941    0.2095449209    0.2257194757    0.2404232264
  0.2539388895    0.2664777994    0.2782018423    0.2892377615    0.2996860266
  0.3096274614    0.3191293955    0.3282470942    0.3370255232    0.3455057383
  0.3537202597    0.3616980314    0.3694650888    0.3770426989    0.3844510317
  0.3917073965    0.3988267660    0.4058234453    0.4127106905    0.4194992304
  0.4261990786    0.4328208208    0.4393731833    0.4458642244    0.4523018122
  0.4586921453    0.4650438070    0.4713616610    0.4776513338    0.4839201212
  0.4901719809    0.4964128256    0.5026474237    0.5088800192    0.5151152372
  0.5213571787    0.5276102781    0.5338789701    0.5401661634    0.5464749098
  0.5528093100    0.5591718435    0.5655664206    0.5719949961    0.5784604311
  0.5849644899    0.5915090322    0.5980959654    0.6047281504    0.6114042997
  0.6181272745    0.6248967886    0.6317136049    0.6385773420    0.6454875708
  0.6524465799    0.6594532251    0.6665054083    0.6736079931    0.6807582617
  0.6879623652    0.6952193975    0.7025387049    0.7099254847    0.7173904657
  0.7249511480    0.7326282263    0.7404541254    0.7484707117    0.7567433119
  0.7653685808    0.7744964361    0.7843856096    0.7955345869    0.7999999762
  0.7999999762    0.7999999762    0.7999999762    0.7999999762    0.7999999762
  0.7999999762    0.7999999762    0.7999999762    0.7999999762    0.7999999762
  0.7999999762    0.7999999762    0.7999999762    0.7999999762    0.7999999762
  0.7999999762    0.7999999762    0.7999999762    0.7999999762    0.7999999762
  0.7999999762    0.7999999762    0.7999999762    0.7999999762    0.7999999762
  0.7999999762    0.7999999762    0.7999999762    0.7999999762    0.7999999762
  0.7999999762    0.7999999762    0.7999999762    0.7999999762    0.7999999762
  0.7999999762    0.7999999762    0.7999999762    0.7999999762    0.7999999762
  0.7999999762    0.7999999762    0.7999999762    0.7999999762    0.7999999762
  0.7999999762    0.7999999762    0.7999999762    0.7999999762    0.7999999762
  0.7999999762    0.7999999762    0.7999999762    0.7999999762    0.7999999762
  0.7999999762    0.7999999762    0.7999999762    0.7999999762    0.7999999762
  0.7999999762    0.7999999762    0.7999999762    0.7999999762    0.7999999762
  0.7999999762    0.7999999762    0.7999999762    0.7999999762    0.7999999762
  0.7999999762    0.7999999762    0.7999999762    0.7999999762    0.7999999762
  0.7999999762    0.7999999762    0.7999999762    0.7999999762    0.7999999762
  0.7999999762    0.7999999762    0.7999999762    0.7999999762    0.7999999762
  0.7999999762    0.7999999762    0.7999999762    0.7999999762    0.7999999762
  0.7999999762    0.7999999762    0.7999999762    0.7999999762    0.7999999762
  0.0000000238    0.0423382998    0.0802405119    0.1123880148    0.1394925833
  0.1626626253    0.1828310728    0.2006886721    0.2167357683    0.2313387156
  0.2447671175    0.2572258711    0.2688730478    0.2798326731    0.2902041674
  0.3000670195    0.3094876528    0.3185204744    0.3272115946    0.3356003523
  0.3437193155    0.3515980482    0.3592616320    0.3667314291    0.3740277529
  0.3811665773    0.3881644964    0.3950353861    0.4017908335    0.4084421396
  0.4150009394    0.4214755774    0.4278750181    0.4342079401    0.4404809237
  0.4467018843    0.4528768301    0.4590116739    0.4651128531    0.4711860418
  0.4772359133    0.4832673311    0.4892857790    0.4952941179    0.5012990236
  0.5073028326    0.5133107424    0.5193255186    0.5253517866    0.5313918352
  0.5374511957    0.5435307264    0.5496337175    0.5557649374    0.5619250059
  0.5681177855    0.5743455172    0.5806089640    0.5869116068    0.5932540655
  0.5996399164    0.6060669184    0.6125371695    0.6190525770    0.6256126642
  0.6322158575    0.6388654947    0.6455592871    0.6522963762    0.6590790510
  0.6659025908    0.6727722406    0.6796828985    0.6866393805    0.6936439753
  0.7006961584    0.7078059912    0.7149788141    0.7222224951    0.7295582056
  0.7370029688    0.7445877314    0.7523559809    0.7603667974    0.7687148333
  0.7775398970    0.7870865107    0.7978106260    0.7999999762    0.7999999762
  0.7999999762    0.7999999762    0.7999999762    0.7999999762    0.7999999762
  0.7999999762    0.7999999762    0.7999999762    0.7999999762    0.7999999762
  0.7999999762    0.7999999762    0.7999999762    0.7999999762    0.7999999762
  0.7999999762    0.7999999762    0.7999999762    0.7999999762    0.7999999762
  0.7999999762    0.7999999762    0.7999999762    0.7999999762    0.7999999762
  0.7999999762    0.7999999762    0.7999999762    0.7999999762    0.7999999762
  0.7999999762    0.7999999762    0.7999999762    0.7999999762    0.7999999762
  0.7999999762    0.7999999762    0.7999999762    0.7999999762    0.7999999762
  0.7999999762    0.7999999762    0.7999999762    0.7999999762    0.7999999762
  0.7999999762    0.7999999762    0.7999999762    0.7999999762    0.7999999762
  0.7999999762    0.7999999762    0.7999999762    0.7999999762    0.7999999762
  0.7999999762    0.7999999762    0.7999999762    0.7999999762    0.7999999762
  0.7999999762    0.7999999762    0.7999999762    0.7999999762    0.7999999762
  0.7999999762    0.7999999762    0.7999999762    0.7999999762    0.7999999762
  0.7999999762    0.7999999762    0.7999999762    0.7999999762    0.7999999762
  0.7999999762    0.7999999762    0.7999999762    0.7999999762    0.7999999762
  0.7999999762    0.7999999762    0.7999999762    0.7999999762    0.7999999762
  0.7999999762    0.7999999762    0.7999999762    0.7999999762    0.7999999762
  0.0000000238    0.0392064810    0.0748688459    0.1056840181    0.1320275068
  0.1547482252    0.1746343851    0.1923018694    0.2082110643    0.2227053404
  0.2360427618    0.2484204054    0.2599922419    0.2708788157    0.2811774969
  0.2909673929    0.3003132105    0.3092691183    0.3178808928    0.3261868238
  0.3342209578    0.3420102835    0.3495815039    0.3569555521    0.3641512632
  0.3711867094    0.3780771017    0.3848355055    0.3914750338    0.3980056047
  0.4044395685    0.4107843637    0.4170491457    0.4232427359    0.4293713808
  0.4354426622    0.4414627790    0.4474373579    0.4533730745    0.4592737913
  0.4651464224    0.4709941149    0.4768225908    0.4826354265    0.4884382486
  0.4942331553    0.5000252485    0.5058176279    0.5116147757    0.5174185514
  0.5232343435    0.5290639162    0.5349106550    0.5407780409    0.5466676950
  0.5525830984    0.5585268259    0.5645006418    0.5705079317    0.5765496016
  0.5826268911    0.5887436152    0.5948984861    0.6010956049    0.6073327303
  0.6136121988    0.6199352980    0.6263002157    0.6327071905    0.6391587019
  0.6456506014    0.6521835566    0.6587569952    0.6653704882    0.6720237017
  0.6787165403    0.6854492903    0.6922214746    0.6990340948    0.7058943987
  0.7128052473    0.7197739363    0.7268104792    0.7339310408    0.7411560297
  0.7485133886    0.7560459852    0.7638113737    0.7718962908    0.7804367781
  0.7896582842    0.7999862432    0.7999999762    0.7999999762    0.7999999762
  0.7999999762    0.7999999762    0.7999999762    0.7999999762    0.7999999762
  0.7999999762    0.7999999762    0.7999999762    0.7999999762    0.7999999762
  0.7999999762    0.7999999762    0.7999999762    0.7999999762    0.7999999762
  0.7999999762    0.7999999762    0.7999999762    0.7999999762    0.7999999762
  0.7999999762    0.7999999762    0.7999999762    0.7999999762    0.7999999762
  0.7999999762    0.7999999762    0.7999999762    0.7999999762    0.7999999762
  0.7999999762    0.7999999762    0.7999999762    0.7999999762    0.7999999762
  0.7999999762    0.7999999762    0.7999999762    0.7999999762    0.7999999762
  0.7999999762    0.7999999762    0.7999999762    0.7999999762    0.7999999762
  0.7999999762    0.7999999762    0.7999999762    0.7999999762    0.7999999762
  0.7999999762    0.7999999762    0.7999999762    0.7999999762    0.7999999762
  0.7999999762    0.7999999762    0.7999999762    0.7999999762    0.7999999762
  0.7999999762    0.7999999762    0.7999999762    0.7999999762    0.7999999762
  0.7999999762    0.7999999762    0.7999999762    0.7999999762    0.7999999762
  0.7999999762    0.7999999762    0.7999999762    0.7999999762    0.7999999762
  0.7999999762    0.7999999762    0.7999999762    0.7999999762    0.7999999762
  0.7999999762    0.7999999762    0.7999999762    0.7999999762    0.7999999762
  0.0000000238    0.0364341497    0.0700179338    0.0995208979    0.1250774145
  0.1473174334    0.1668961287    0.1843547583    0.2001133680    0.2144915342
  0.2277333975    0.2400280714    0.2515237570    0.2623392344    0.2725679159
  0.2822887182    0.2915647268    0.3004499674    0.3089889288    0.3172196627
  0.3251762629    0.3328855753    0.3403732061    0.3476612806    0.3547680140
  0.3617107153    0.3685045004    0.3751631021    0.3816992044    0.3881228209
  0.3944449663    0.4006751299    0.4068210840    0.4128907919    0.4188921213
  0.4248308897    0.4307142973    0.4365476847    0.4423364401    0.4480865240
  0.4538025618    0.4594888926    0.4651505232    0.4707906961    0.4764147997
  0.4820260763    0.4876280546    0.4932249308    0.4988201857    0.5044158697
  0.5100168943    0.5156256914    0.5212460279    0.5268791437    0.5325291395
  0.5381979227    0.5438888311    0.5496045828    0.5553464651    0.5611173391
  0.5669193983    0.5727533579    0.5786226988    0.5845278025    0.5904700518
  0.5964518785    0.6024726152    0.6085337877    0.6146370649    0.6207799196
  0.6269642591    0.6331894636    0.6394540548    0.6457580328    0.6521027803
  0.6584840536    0.6649029493    0.6713561296    0.6778469324    0.6843711615
  0.6909324884    0.6975277185    0.7041618586    0.7108376265    0.7175590754
  0.7243332148    0.7311722517    0.7380905390    0.7451065302    0.7522495985
  0.7595597029    0.7670912981    0.7749298811    0.7832000017    0.7921172857
  0.7999999762    0.7999999762    0.7999999762    0.7999999762    0.7999999762
  0.7999999762    0.7999999762    0.7999999762    0.7999999762    0.7999999762
  0.7999999762    0.7999999762    0.7999999762    0.7999999762    0.7999999762
  0.7999999762    0.7999999762    0.7999999762    0.7999999762    0.7999999762
  0.7999999762    0.7999999762    0.7999999762    0.7999999762    0.7999999762
  0.7999999762    0.7999999762    0.7999999762    0.7999999762    0.7999999762
  0.7999999762    0.7999999762    0.7999999762    0.7999999762    0.7999999762
  0.7999999762    0.7999999762    0.7999999762    0.7999999762    0.7999999762
  0.7999999762    0.7999999762    0.7999999762    0.7999999762    0.7999999762
  0.7999999762    0.7999999762    0.7999999762    0.7999999762    0.7999999762
  0.7999999762    0.7999999762    0.7999999762    0.7999999762    0.7999999762
  0.7999999762    0.7999999762    0.7999999762    0.7999999762    0.7999999762
  0.7999999762    0.7999999762    0.7999999762    0.7999999762    0.7999999762
  0.7999999762    0.7999999762    0.7999999762    0.7999999762    0.7999999762
  0.7999999762    0.7999999762    0.7999999762    0.7999999762    0.7999999762
  0.7999999762    0.7999999762    0.7999999762    0.7999999762    0.7999999762
  0.7999999762    0.7999999762    0.7999999762    0.7999999762    0.7999999762
  0.0000000238    0.0339691877    0.0656307936    0.0938544989    0.1186074972
  0.1403414965    0.1595893145    0.1768216372    0.1924165010    0.2066696882
  0.2198101759    0.2320185900    0.2434381247    0.2541820765    0.2643432856
  0.2739977598    0.2832075834    0.2920262575    0.3004977942    0.3086600542
  0.3165452719    0.3241818190    0.3315943003    0.3388036966    0.3458298445
  0.3526894808    0.3593968153    0.3659661531    0.3724092245    0.3787371397
  0.3849603891    0.3910876989    0.3971273661    0.4030874491    0.4089744329
  0.4147961855    0.4205580950    0.4262656450    0.4319252729    0.4375411272
  0.4431185007    0.4486618280    0.4541753531    0.4596633673    0.4651300669
  0.4705788374    0.4760133982    0.4814372301    0.4868535757    0.4922660112
  0.4976774454    0.5030915022    0.5085103273    0.5139364004    0.5193741560
  0.5248244047    0.5302908659    0.5357753515    0.5412811995    0.5468096018
  0.5523640394    0.5579447985    0.5635559320    0.5691975355    0.5748719454
  0.5805805922    0.5863250971    0.5921056509    0.5979243994    0.6037818670
  0.6096789122    0.6156146288    0.6215913057    0.6276060343    0.6336605787
  0.6397524118    0.6458816290    0.6520496130    0.6582514524    0.6644885778
  0.6707588434    0.6770610571    0.6833938360    0.6897590399    0.6961559534
  0.7025836706    0.7090466261    0.7155464411    0.7220871210    0.7286769629
  0.7353282213    0.7420531988    0.7488720179    0.7558120012    0.7629107714
  0.7702217817    0.7778250933    0.7858420134    0.7944726229    0.7999999762
  0.7999999762    0.7999999762    0.7999999762    0.7999999762    0.7999999762
  0.7999999762    0.7999999762    0.7999999762    0.7999999762    0.7999999762
  0.7999999762    0.7999999762    0.7999999762    0.7999999762    0.7999999762
  0.7999999762    0.7999999762    0.7999999762    0.7999999762    0.7999999762
  0.7999999762    0.7999999762    0.7999999762    0.7999999762    0.7999999762
  0.7999999762    0.7999999762    0.7999999762    0.7999999762    0.7999999762
  0.7999999762    0.7999999762    0.7999999762    0.7999999762    0.7999999762
  0.7999999762    0.7999999762    0.7999999762    0.7999999762    0.7999999762
  0.7999999762    0.7999999762    0.7999999762    0.7999999762    0.7999999762
  0.7999999762    0.7999999762    0.7999999762    0.7999999762    0.7999999762
  0.7999999762    0.7999999762    0.7999999762    0.7999999762    0.7999999762
  0.7999999762    0.7999999762    0.7999999762    0.7999999762    0.7999999762
  0.7999999762    0.7999999762    0.7999999762    0.7999999762    0.7999999762
  0.7999999762    0.7999999762    0.7999999762    0.7999999762    0.7999999762
  0.7999999762    0.7999999762    0.7999999762    0.7999999762    0.7999999762
  0.7999999762    0.7999999762    0.7999999762    0.7999999762    0.7999999762
  0.0000000238    0.0317678213    0.0616550207    0.0886422873    0.1125859022
  0.1337925673    0.1526895761    0.1696784735    0.1850966692    0.1992150068
  0.2122484446    0.2243671179    0.2357079744    0.2463801622    0.2564746141
  0.2660646677    0.2752112627    0.2839672327    0.2923755407    0.3004731417
  0.3082931280    0.3158626795    0.3232057333    0.3303447962    0.3372976542
  0.3440809965    0.3507106543    0.3571993589    0.3635589361    0.3698005438
  0.3759347677    0.3819703341    0.3879145861    0.3937767267    0.3995623350
  0.4052788496    0.4109322309    0.4165280581    0.4220718622    0.4275684595
  0.4330221891    0.4384386778    0.4438211679    0.4491737127    0.4545006514
  0.4598049879    0.4650911093    0.4703611612    0.4756199598    0.4808695078
  0.4861127615    0.4913536310    0.4965940237    0.5018369913    0.5070858717
  0.5123422384    0.5176090956    0.5228881598    0.5281835318    0.5334961653
  0.5388281584    0.5441824198    0.5495603800    0.5549649477    0.5603960752
  0.5658581018    0.5713502645    0.5768753767    0.5824339628    0.5880281210
  0.5936588526    0.5993247747    0.6050304651    0.6107722044    0.6165526628
  0.6223716021    0.6282289267    0.6341220617    0.6400543451    0.6460209131
  0.6520229578    0.6580578089    0.6641247034    0.6702236414    0.6763511419
  0.6825069189    0.6886913061    0.6949039221    0.7011428595    0.7074104548
  0.7137073278    0.7200392962    0.7264092207    0.7328239202    0.7392963648
  0.7458374739    0.7524688959    0.7592132330    0.7661121607    0.7732146025
  0.7805960417    0.7883719206    0.7967305422    0.7999999762    0.7999999762
  0.7999999762    0.7999999762    0.7999999762    0.7999999762    0.7999999762
  0.7999999762    0.7999999762    0.7999999762    0.7999999762    0.7999999762
  0.7999999762    0.7999999762    0.7999999762    0.7999999762    0.7999999762
  0.7999999762    0.7999999762    0.7999999762    0.7999999762    0.7999999762
  0.7999999762    0.7999999762    0.7999999762    0.7999999762    0.7999999762
  0.7999999762    0.7999999762    0.7999999762    0.7999999762    0.7999999762
  0.7999999762    0.7999999762    0.7999999762    0.7999999762    0.7999999762
  0.7999999762    0.7999999762    0.7999999762    0.7999999762    0.7999999762
  0.7999999762    0.7999999762    0.7999999762    0.7999999762    0.7999999762
  0.7999999762    0.7999999762    0.7999999762    0.7999999762    0.7999999762
  0.7999999762    0.7999999762    0.7999999762    0.7999999762    0.7999999762
  0.7999999762    0.7999999762    0.7999999762    0.7999999762    0.7999999762
  0.7999999762    0.7999999762    0.7999999762    0.7999999762    0.7999999762
  0.7999999762    0.7999999762    0.7999999762    0.7999999762    0.7999999762
  0.7999999762    0.7999999762    0.7999999762    0.7999999762    0.7999999762
  0.0000000238    0.0297940969    0.0580453157    0.0838448763    0.1069810629
  0.1276461840    0.1461735964    0.1629032373    0.1781323195    0.1921068907
  0.2050263643    0.2170504332    0.2283097982    0.2389096022    0.2489371061
  0.2584632635    0.2675493479    0.2762446165    0.2845930815    0.2926302195
  0.3003893614    0.3078963995    0.3151761770    0.3222495317    0.3291358232
  0.3358506441    0.3424087763    0.3488240004    0.3551081896    0.3612725019
  0.3673255682    0.3732781649    0.3791366816    0.3849098921    0.3906043768
  0.3962267637    0.4017834902    0.4072792292    0.4127191305    0.4181090593
  0.4234529734    0.4287555933    0.4340207815    0.4392526388    0.4444551229
  0.4496309519    0.4547845125    0.4599181890    0.4650359869    0.4701408148
  0.4752354860    0.4803217173    0.4854042292    0.4904840231    0.4955647230
  0.5006483793    0.5057373762    0.5108340502    0.5159414530    0.5210612059
  0.5261956453    0.5313466311    0.5365166903    0.5417070627    0.5469208956
  0.5521582842    0.5574229479    0.5627156496    0.5680373430    0.5733901262
  0.5787755728    0.5841943026    0.5896471262    0.5951359987    0.6006598711
  0.6062215090    0.6118192434    0.6174542189    0.6231256247    0.6288338900
  0.6345770597    0.6403563261    0.6461704016    0.6520163774    0.6578958273
  0.6638046503    0.6697417498    0.6757079840    0.6816999197    0.6877163172
  0.6937580347    0.6998230219    0.7059097052    0.7120235205    0.7181632757
  0.7243346453    0.7305397749    0.7367870092    0.7430881739    0.7494545221
  0.7559067011    0.7624678850    0.7691765547    0.7760794878    0.7832503080
  0.7907981157    0.7989021540    0.7999999762    0.7999999762    0.7999999762
  0.7999999762    0.7999999762    0.7999999762    0.7999999762    0.7999999762
  0.7999999762    0.7999999762    0.7999999762    0.7999999762    0.7999999762
  0.7999999762    0.7999999762    0.7999999762    0.7999999762    0.7999999762
  0.7999999762    0.7999999762    0.7999999762    0.7999999762    0.7999999762
  0.7999999762    0.7999999762    0.7999999762    0.7999999762    0.7999999762
  0.7999999762    0.7999999762    0.7999999762    0.7999999762    0.7999999762
  0.7999999762    0.7999999762    0.7999999762    0.7999999762    0.7999999762
  0.7999999762    0.7999999762    0.7999999762    0.7999999762    0.7999999762
  0.7999999762    0.7999999762    0.7999999762    0.7999999762    0.7999999762
  0.7999999762    0.7999999762    0.7999999762    0.7999999762    0.7999999762
  0.7999999762    0.7999999762    0.7999999762    0.7999999762    0.7999999762
  0.7999999762    0.7999999762    0.7999999762    0.7999999762    0.7999999762
  0.7999999762    0.7999999762    0.7999999762    0.7999999762    0.7999999762
  0.7999999762    0.7999999762    0.7999999762    0.7999999762    0.7999999762
  0.0000000238    0.0280171633    0.0547605276    0.0794263124    0.1017638922
  0.1218769312    0.1400203943    0.1564763784    0.1715043306    0.1853257418
  0.1981237650    0.2100484610    0.2212231874    0.2317486525    0.2417086840
  0.2511721849    0.2601974249    0.2688348055    0.2771255255    0.2851055861
  0.2928069353    0.3002562284    0.3074765921    0.3144897699    0.3213139772
  0.3279652834    0.3344585180    0.3408068419    0.3470221281    0.3531150579
  0.3590958834    0.3649727583    0.3707542658    0.3764471292    0.3820595026
  0.3875970125    0.3930657625    0.3984709024    0.4038181543    0.4091119528
  0.4143568754    0.4195581198    0.4247182608    0.4298414946    0.4349322557
  0.4399937868    0.4450288057    0.4500406504    0.4550329924    0.4600084066
  0.4649688482    0.4699193239    0.4748597383    0.4797943830    0.4847251654
  0.4896548033    0.4945853472    0.4995192766    0.5044589281    0.5094065905
  0.5143643141    0.5193337679    0.5243172884    0.5293171644    0.5343337774
  0.5393713236    0.5444300413    0.5495126486    0.5546204329    0.5597533464
  0.5649153471    0.5701070547    0.5753293276    0.5805832624    0.5858695269
  0.5911901712    0.5965456247    0.6019360781    0.6073623896    0.6128233194
  0.6183210135    0.6238539457    0.6294218779    0.6350246191    0.6406615496
  0.6463312864    0.6520336390    0.6577635527    0.6635237932    0.6693127394
  0.6751259089    0.6809619665    0.6868236780    0.6927063704    0.6986076117
  0.7045310736    0.7104751348    0.7164401770    0.7224300623    0.7284462214
  0.7344944239    0.7405822992    0.7467193842    0.7529190779    0.7591998339
  0.7655861616    0.7721126318    0.7788268328    0.7857986689    0.7931305170
  0.7999999762    0.7999999762    0.7999999762    0.7999999762    0.7999999762
  0.7999999762    0.7999999762    0.7999999762    0.7999999762    0.7999999762
  0.7999999762    0.7999999762    0.7999999762    0.7999999762    0.7999999762
  0.7999999762    0.7999999762    0.7999999762    0.7999999762    0.7999999762
  0.7999999762    0.7999999762    0.7999999762    0.7999999762    0.7999999762
  0.7999999762    0.7999999762    0.7999999762    0.7999999762    0.7999999762
  0.7999999762    0.7999999762    0.7999999762    0.7999999762    0.7999999762
  0.7999999762    0.7999999762    0.7999999762    0.7999999762    0.7999999762
  0.7999999762    0.7999999762    0.7999999762    0.7999999762    0.7999999762
  0.7999999762    0.7999999762    0.7999999762    0.7999999762    0.7999999762
  0.7999999762    0.7999999762    0.7999999762    0.7999999762    0.7999999762
  0.7999999762    0.7999999762    0.7999999762    0.7999999762    0.7999999762
  0.7999999762    0.7999999762    0.7999999762    0.7999999762    0.7999999762
  0.7999999762    0.7999999762    0.7999999762    0.7999999762    0.7999999762
  0.0000000238    0.0264113665    0.0517644167    0.0753525496    0.0969056845
  0.1164621592    0.1342096567    0.1503795862    0.1651951551    0.1788538218
  0.1915236235    0.2033441305    0.2144301653    0.2248789549    0.2347700357
  0.2441701651    0.2531360388    0.2617158651    0.2699510813    0.2778766394
  0.2855229616    0.2929174185    0.3000824690    0.3070391893    0.3138060808
  0.3203987360    0.3268318892    0.3331191778    0.3392714262    0.3452993631
  0.3512131929    0.3570216417    0.3627322435    0.3683532953    0.3738905191
  0.3793505430    0.3847399950    0.3900635958    0.3953266859    0.4005341291
  0.4056901693    0.4107990026    0.4158647299    0.4208906889    0.4258814096
  0.4308392286    0.4357682943    0.4406707048    0.4455505610    0.4504092455
  0.4552514791    0.4600778818    0.4648925066    0.4696969748    0.4744942904
  0.4792862654    0.4840747118    0.4888635874    0.4936535597    0.4984465837
  0.5032458544    0.5080530405    0.5128694296    0.5176983595    0.5225390673
  0.5273968935    0.5322709322    0.5371637583    0.5420777082    0.5470125914
  0.5519726515    0.5569567442    0.5619684458    0.5670076609    0.5720765352
  0.5771759748    0.5823054552    0.5874685049    0.5926647902    0.5978944063
  0.6031583071    0.6084559679    0.6137892962    0.6191585779    0.6245597124
  0.6299957037    0.6354671717    0.6409692049    0.6465031862    0.6520669222
  0.6576603651    0.6632806063    0.6689264536    0.6745967627    0.6802913904
  0.6860034704    0.6917382956    0.6974902868    0.7032592535    0.7090464830
  0.7148510695    0.7206737280    0.7265197992    0.7323870897    0.7382850885
  0.7442196608    0.7502002954    0.7562405348    0.7623581648    0.7685779810
  0.7749321699    0.7814659834    0.7882469416    0.7953711271    0.7999999762
  0.7999999762    0.7999999762    0.7999999762    0.7999999762    0.7999999762
  0.7999999762    0.7999999762    0.7999999762    0.7999999762    0.7999999762
  0.7999999762    0.7999999762    0.7999999762    0.7999999762    0.7999999762
  0.7999999762    0.7999999762    0.7999999762    0.7999999762    0.7999999762
  0.7999999762    0.7999999762    0.7999999762    0.7999999762    0.7999999762
  0.7999999762    0.7999999762    0.7999999762    0.7999999762    0.7999999762
  0.7999999762    0.7999999762    0.7999999762    0.7999999762    0.7999999762
  0.7999999762    0.7999999762    0.7999999762    0.7999999762    0.7999999762
  0.7999999762    0.7999999762    0.7999999762    0.7999999762    0.7999999762
  0.7999999762    0.7999999762    0.7999999762    0.7999999762    0.7999999762
  0.7999999762    0.7999999762    0.7999999762    0.7999999762    0.7999999762
  0.7999999762    0.7999999762    0.7999999762    0.7999999762    0.7999999762
  0.7999999762    0.7999999762    0.7999999762    0.7999999762    0.7999999762
  0.0000000238    0.0249552488    0.0490258455    0.0715923071    0.0923804998
  0.1113795996    0.1287225008    0.1445951223    0.1591878176    0.1726758242
  0.1852103472    0.1969204664    0.2079145670    0.2182839632    0.2281037569
  0.2374399424    0.2463464022    0.2548702002    0.2630507708    0.2709229231
  0.2785166025    0.2858589411    0.2929714441    0.2998755693    0.3065881491
  0.3131267309    0.3195043802    0.3257347345    0.3318285704    0.3377966166
  0.3436495543    0.3493951082    0.3550408602    0.3605951071    0.3660645247
  0.3714548826    0.3767717600    0.3820214510    0.3872082949    0.3923372507
  0.3974120855    0.4024375677    0.4074183226    0.4123567343    0.4172564268
  0.4221212626    0.4269545317    0.4317587137    0.4365363359    0.4412918806
  0.4460256815    0.4507424593    0.4554436445    0.4601309538    0.4648083448
  0.4694763899    0.4741383791    0.4787960768    0.4834516287    0.4881075144
  0.4927648306    0.4974262953    0.5020928621    0.5067671537    0.5114515543
  0.5161468744    0.5208544970    0.5255775690    0.5303160906    0.5350738764
  0.5398499727    0.5446471453    0.5494680166    0.5543118715    0.5591811419
  0.5640778780    0.5690018415    0.5739548445    0.5789373636    0.5839517355
  0.5889970541    0.5940755129    0.5991859198    0.6043313742    0.6095097303
  0.6147211313    0.6199666739    0.6252454519    0.6305568457    0.6359014273
  0.6412760973    0.6466823816    0.6521163702    0.6575796366    0.6630695581
  0.6685825586    0.6741175413    0.6796748877    0.6852519751    0.6908474207
  0.6964584589    0.7020843267    0.7077255011    0.7133811712    0.7190517664
  0.7247379065    0.7304432154    0.7361697435    0.7419230700    0.7477104902
  0.7535431147    0.7594303370    0.7653927088    0.7714507818    0.7776420832
  0.7840035200    0.7906022310    0.7975312471    0.7999999762    0.7999999762
  0.7999999762    0.7999999762    0.7999999762    0.7999999762    0.7999999762
  0.7999999762    0.7999999762    0.7999999762    0.7999999762    0.7999999762
  0.7999999762    0.7999999762    0.7999999762    0.7999999762    0.7999999762
  0.7999999762    0.7999999762    0.7999999762    0.7999999762    0.7999999762
  0.7999999762    0.7999999762    0.7999999762    0.7999999762    0.7999999762
  0.7999999762    0.7999999762    0.7999999762    0.7999999762    0.7999999762
  0.7999999762    0.7999999762    0.7999999762    0.7999999762    0.7999999762
  0.7999999762    0.7999999762    0.7999999762    0.7999999762    0.7999999762
  0.7999999762    0.7999999762    0.7999999762    0.7999999762    0.7999999762
  0.7999999762    0.7999999762    0.7999999762    0.7999999762    0.7999999762
  0.7999999762    0.7999999762    0.7999999762    0.7999999762    0.7999999762
  0.7999999762    0.7999999762    0.7999999762    0.7999999762    0.7999999762
  0.0000000238    0.0236301184    0.0465169668    0.0681173086    0.0881630182
  0.1066080809    0.1235404730    0.1391066313    0.1534679174    0.1667762041
  0.1791687250    0.1907632113    0.2016613245    0.2119477510    0.2216951609
  0.2309658766    0.2398125410    0.2482798338    0.2564067602    0.2642273188
  0.2717699766    0.2790618181    0.2861247301    0.2929782629    0.2996407747
  0.3061279535    0.3124534369    0.3186306715    0.3246704817    0.3305840254
  0.3363799334    0.3420674562    0.3476541281    0.3531478167    0.3585541964
  0.3638805151    0.3691313982    0.3743131876    0.3794307470    0.3844880342
  0.3894898653    0.3944395781    0.3993423223    0.4042009592    0.4090192556
  0.4137991667    0.4185458899    0.4232610941    0.4279472113    0.4326080084
  0.4372456789    0.4418626547    0.4464608908    0.4510435820    0.4556124449
  0.4601700068    0.4647172689    0.4692579508    0.4737924337    0.4783242464
  0.4828536749    0.4873848677    0.4919174910    0.4964538813    0.5009957075
  0.5055451632    0.5101037741    0.5146731138    0.5192555189    0.5238514662
  0.5284631491    0.5330918074    0.5377386332    0.5424060106    0.5470949411
  0.5518063784    0.5565420866    0.5613027811    0.5660908937    0.5709058523
  0.5757494211    0.5806224585    0.5855265379    0.5904616117    0.5954286337
  0.6004280806    0.6054584265    0.6105230570    0.6156205416    0.6207502127
  0.6259112597    0.6311049700    0.6363299608    0.6415860891    0.6468705893
  0.6521827459    0.6575213671    0.6628868341    0.6682737112    0.6736839533
  0.6791118383    0.6845592260    0.6900245905    0.6955032587    0.7009964228
  0.7065006018    0.7120174170    0.7175469160    0.7230876684    0.7286433458
  0.7342139482    0.7398044825    0.7454188585    0.7510666132    0.7567534685
  0.7624953985    0.7683099031    0.7742173433    0.7802490473    0.7864464998
  0.7928710699    0.7996148348    0.7999999762    0.7999999762    0.7999999762
  0.7999999762    0.7999999762    0.7999999762    0.7999999762    0.7999999762
  0.7999999762    0.7999999762    0.7999999762    0.7999999762    0.7999999762
  0.7999999762    0.7999999762    0.7999999762    0.7999999762    0.7999999762
  0.7999999762    0.7999999762    0.7999999762    0.7999999762    0.7999999762
  0.7999999762    0.7999999762    0.7999999762    0.7999999762    0.7999999762
  0.7999999762    0.7999999762    0.7999999762    0.7999999762    0.7999999762
  0.7999999762    0.7999999762    0.7999999762    0.7999999762    0.7999999762
  0.7999999762    0.7999999762    0.7999999762    0.7999999762    0.7999999762
  0.7999999762    0.7999999762    0.7999999762    0.7999999762    0.7999999762
  0.7999999762    0.7999999762    0.7999999762    0.7999999762    0.7999999762
  0.7999999762    0.7999999762    0.7999999762    0.7999999762    0.7999999762
  0.0000000238    0.0224205732    0.0442128420    0.0649017572    0.0842298269
  0.1021268606    0.1186460733    0.1338993788    0.1480205297    0.1611420870
  0.1733855963    0.1848595381    0.1956568003    0.2058574438    0.2155298471
  0.2247337580    0.2335193396    0.2419303179    0.2500036001    0.2577729464
  0.2652666807    0.2725099802    0.2795243025    0.2863305330    0.2929446459
  0.2993833780    0.3056600809    0.3117877722    0.3177770853    0.3236391783
  0.3293831110    0.3350166559    0.3405488729    0.3459860086    0.3513348818
  0.3566020727    0.3617929220    0.3669126272    0.3719661474    0.3769584894
  0.3818928957    0.3867738485    0.3916059732    0.3963912249    0.4011352777
  0.4058387518    0.4105063677    0.4151403189    0.4197436094    0.4243194818
  0.4288687944    0.4333959341    0.4379015207    0.4423887491    0.4468599081
  0.4513170481    0.4557617903    0.4601960421    0.4646225691    0.4690417051
  0.4734570265    0.4778692484    0.4822807074    0.4866929770    0.4911073446
  0.4955261469    0.4999505281    0.5043817759    0.5088223219    0.5132727861
  0.5177355051    0.5222114325    0.5267027140    0.5312097788    0.5357350588
  0.5402789354    0.5448431730    0.5494301558    0.5540390730    0.5586724520
  0.5633306742    0.5680161238    0.5727277517    0.5774686098    0.5822375536
  0.5870378256    0.5918676615    0.5967293501    0.6016214609    0.6065451860
  0.6115012407    0.6164902925    0.6215097189    0.6265607595    0.6316433191
  0.6367544889    0.6418962717    0.6470655680    0.6522632837    0.6574832678
  0.6627312422    0.6680004358    0.6732890844    0.6785980463    0.6839234591
  0.6892635107    0.6946197748    0.6999847174    0.7053642511    0.7107514143
  0.7161479712    0.7215552568    0.7269718409    0.7324005365    0.7378402472
  0.7432998419    0.7487820387    0.7542942762    0.7598452806    0.7654471636
  0.7711189985    0.7768791914    0.7827614069    0.7888015032    0.7950630903
  0.7999999762    0.7999999762    0.7999999762    0.7999999762    0.7999999762
  0.7999999762    0.7999999762    0.7999999762    0.7999999762    0.7999999762
  0.7999999762    0.7999999762    0.7999999762    0.7999999762    0.7999999762
  0.7999999762    0.7999999762    0.7999999762    0.7999999762    0.7999999762
  0.7999999762    0.7999999762    0.7999999762    0.7999999762    0.7999999762
  0.7999999762    0.7999999762    0.7999999762    0.7999999762    0.7999999762
  0.7999999762    0.7999999762    0.7999999762    0.7999999762    0.7999999762
  0.7999999762    0.7999999762    0.7999999762    0.7999999762    0.7999999762
  0.7999999762    0.7999999762    0.7999999762    0.7999999762    0.7999999762
  0.7999999762    0.7999999762    0.7999999762    0.7999999762    0.7999999762
  0.7999999762    0.7999999762    0.7999999762    0.7999999762    0.7999999762
  0.0000000238    0.0213131189    0.0420922518    0.0619220018    0.0805588484
  0.0979176760    0.1140226603    0.1289576292    0.1428324461    0.1557601690
  0.1678493261    0.1791967630    0.1898891687    0.2000003099    0.2095958948
  0.2187312365    0.2274544954    0.2358083963    0.2438287020    0.2515473127
  0.2589918852    0.2661880732    0.2731559515    0.2799155474    0.2864843130
  0.2928770304    0.2991070986    0.3051878691    0.3111304045    0.3169442415
  0.3226384878    0.3282228708    0.3337038279    0.3390892267    0.3443847418
  0.3495975733    0.3547324896    0.3597952604    0.3647898436    0.3697221994
  0.3745947123    0.3794131994    0.3841804743    0.3888995409    0.3935745001
  0.3982084990    0.4028043985    0.4073648214    0.4118918657    0.4163898706
  0.4208600760    0.4253046274    0.4297269583    0.4341280222    0.4385105848
  0.4428763151    0.4472273111    0.4515655279    0.4558938265    0.4602121115
  0.4645236254    0.4688294649    0.4731313467    0.4774307013    0.4817304373
  0.4860305548    0.4903337240    0.4946408510    0.4989531755    0.5032731295
  0.5076013803    0.5119395018    0.5162893057    0.5206521749    0.5250290155
  0.5294211149    0.5338304758    0.5382574797    0.5427048445    0.5471723795
  0.5516618490    0.5561741590    0.5607106447    0.5652719736    0.5698601961
  0.5744742632    0.5791167974    0.5837878466    0.5884883165    0.5932188749
  0.5979806185    0.6027709723    0.6075950861    0.6124475718    0.6173329592
  0.6222475767    0.6271942377    0.6321691275    0.6371737242    0.6422077417
  0.6472667456    0.6523544550    0.6574661970    0.6625991583    0.6677554846
  0.6729320288    0.6781249762    0.6833362818    0.6885604620    0.6937984228
  0.6990478754    0.7043060541    0.7095726252    0.7148461103    0.7201267004
  0.7254146338    0.7307113886    0.7360164881    0.7413345575    0.7466675520
  0.7520202398    0.7574035883    0.7628228426    0.7682915449    0.7738259077
  0.7794470549    0.7851828814    0.7910759211    0.7971763372    0.7999999762
  0.7999999762    0.7999999762    0.7999999762    0.7999999762    0.7999999762
  0.7999999762    0.7999999762    0.7999999762    0.7999999762    0.7999999762
  0.7999999762    0.7999999762    0.7999999762    0.7999999762    0.7999999762
  0.7999999762    0.7999999762    0.7999999762    0.7999999762    0.7999999762
  0.7999999762    0.7999999762    0.7999999762    0.7999999762    0.7999999762
  0.7999999762    0.7999999762    0.7999999762    0.7999999762    0.7999999762
  0.7999999762    0.7999999762    0.7999999762    0.7999999762    0.7999999762
  0.7999999762    0.7999999762    0.7999999762    0.7999999762    0.7999999762
  0.7999999762    0.7999999762    0.7999999762    0.7999999762    0.7999999762
  0.7999999762    0.7999999762    0.7999999762    0.7999999762    0.7999999762
  0.0000000238    0.0202962160    0.0401365995    0.0591567278    0.0771301031
  0.0939617872    0.1096546412    0.1242683649    0.1378911257    0.1506193876
  0.1625475168    0.1737640142    0.1843468428    0.1943656206    0.2038810492
  0.2129457235    0.2216060877    0.2299017668    0.2378683329    0.2455362082
  0.2529329062    0.2600819826    0.2670051813    0.2737200975    0.2802444220
  0.2865928411    0.2927794695    0.2988160849    0.3047131300    0.3104821444
  0.3161306143    0.3216676950    0.3271013498    0.3324378729    0.3376845121
  0.3428468943    0.3479302645    0.3529399157    0.3578803301    0.3627570391
  0.3675737619    0.3723335505    0.3770411253    0.3816993952    0.3863122225
  0.3908821344    0.3954115629    0.3999046564    0.4043630362    0.4087900400
  0.4131875277    0.4175576448    0.4219024420    0.4262252092    0.4305269480
  0.4348098040    0.4390763521    0.4433282137    0.4475663424    0.4517931223
  0.4560103655    0.4602197409    0.4644224882    0.4686210871    0.4728157759
  0.4770093203    0.4812017679    0.4853963614    0.4895933867    0.4937942266
  0.4980013132    0.5022153616    0.5064370871    0.5106687784    0.5149114847
  0.5191661119    0.5234356642    0.5277185202    0.5320183992    0.5363352060
  0.5406704664    0.5450256586    0.5494010210    0.5537995100    0.5582203627
  0.5626648188    0.5671345472    0.5716297865    0.5761512041    0.5807006121
  0.5852789164    0.5898849249    0.5945214510    0.5991871119    0.6038826704
  0.6086073637    0.6133628607    0.6181491613    0.6229660749    0.6278115034
  0.6326859713    0.6375886679    0.6425191164    0.6474753141    0.6524579287
  0.6574629545    0.6624923944    0.6675409079    0.6726081133    0.6776935339
  0.6827961206    0.6879112482    0.6930374384    0.6981739283    0.7033191919
  0.7084712744    0.7136295557    0.7187930822    0.7239623308    0.7291355848
  0.7343159437    0.7395027876    0.7447002172    0.7499130487    0.7551440477
  0.7604003191    0.7656940699    0.7710334063    0.7764374018    0.7819243193
  0.7875228167    0.7932716608    0.7992215395    0.7999999762    0.7999999762
  0.7999999762    0.7999999762    0.7999999762    0.7999999762    0.7999999762
  0.7999999762    0.7999999762    0.7999999762    0.7999999762    0.7999999762
  0.7999999762    0.7999999762    0.7999999762    0.7999999762    0.7999999762
  0.7999999762    0.7999999762    0.7999999762    0.7999999762    0.7999999762
  0.7999999762    0.7999999762    0.7999999762    0.7999999762    0.7999999762
  0.7999999762    0.7999999762    0.7999999762    0.7999999762    0.7999999762
  0.7999999762    0.7999999762    0.7999999762    0.7999999762    0.7999999762
  0.7999999762    0.7999999762    0.7999999762    0.7999999762    0.7999999762
  0.7999999762    0.7999999762    0.7999999762    0.7999999762    0.7999999762
  0.0000000238    0.0193598509    0.0383287191    0.0565865755    0.0739243269
  0.0902426004    0.1055268049    0.1198172808    0.1331836462    0.1457074404
  0.1574700594    0.1685506582    0.1790206194    0.1889433146    0.1983755827
  0.2073675871    0.2159630537    0.2241999388    0.2321120024    0.2397293329
  0.2470780611    0.2541811705    0.2610594034    0.2677305937    0.2742120981
  0.2805184126    0.2866628885    0.2926567316    0.2985117674    0.3042374372
  0.3098426104    0.3153364420    0.3207253695    0.3260166407    0.3312169313
  0.3363319159    0.3413673162    0.3463279486    0.3512186766    0.3560441732
  0.3608076334    0.3655145407    0.3701667547    0.3747690916    0.3793240309
  0.3838350058    0.3883040667    0.3927353144    0.3971304178    0.4014923334
  0.4058228254    0.4101250887    0.4144002199    0.4186506987    0.4228788614
  0.4270869017    0.4312760592    0.4354475260    0.4396050692    0.4437483072
  0.4478800535    0.4520011187    0.4561141253    0.4602198362    0.4643202543
  0.4684164286    0.4725099325    0.4766016722    0.4806943178    0.4847879171
  0.4888845682    0.4929859877    0.4970915556    0.5012054682    0.5053261518
  0.5094564199    0.5135977030    0.5177500486    0.5219160795    0.5260962248
  0.5302912474    0.5345036745    0.5387333632    0.5429809332    0.5472491503
  0.5515385389    0.5558491945    0.5601824999    0.5645400286    0.5689229727
  0.5733308077    0.5777646303    0.5822250128    0.5867141008    0.5912307501
  0.5957765818    0.6003515005    0.6049557447    0.6095891237    0.6142521620
  0.6189433336    0.6236652613    0.6284147501    0.6331923723    0.6379986048
  0.6428318262    0.6476886511    0.6525715113    0.6574759722    0.6624038935
  0.6673503637    0.6723159552    0.6772995234    0.6822967291    0.6873077631
  0.6923290491    0.6973598719    0.7023982286    0.7074420691    0.7124927282
  0.7175461531    0.7226023912    0.7276622057    0.7327251196    0.7377925634
  0.7428661108    0.7479485273    0.7530425787    0.7581573725    0.7632937670
  0.7684647322    0.7736817122    0.7789588690    0.7843169451    0.7897841215
  0.7953951597    0.7999999762    0.7999999762    0.7999999762    0.7999999762
  0.7999999762    0.7999999762    0.7999999762    0.7999999762    0.7999999762
  0.7999999762    0.7999999762    0.7999999762    0.7999999762    0.7999999762
  0.7999999762    0.7999999762    0.7999999762    0.7999999762    0.7999999762
  0.7999999762    0.7999999762    0.7999999762    0.7999999762    0.7999999762
  0.7999999762    0.7999999762    0.7999999762    0.7999999762    0.7999999762
  0.7999999762    0.7999999762    0.7999999762    0.7999999762    0.7999999762
  0.7999999762    0.7999999762    0.7999999762    0.7999999762    0.7999999762
  0.7999999762    0.7999999762    0.7999999762    0.7999999762    0.7999999762
  0.0000000238    0.0184956312    0.0366542101    0.0541948080    0.0709246397
  0.0867433310    0.1016244650    0.1155918360    0.1286993742    0.1410141706
  0.1526066065    0.1635473490    0.1738994837    0.1837232351    0.1930700064
  0.2019869566    0.2105156660    0.2186922789    0.2265497923    0.2341157198
  0.2414163828    0.2484737158    0.2553078890    0.2619369268    0.2683762789
  0.2746416807    0.2807449579    0.2866984606    0.2925130129    0.2981979132
  0.3037619352    0.3092137098    0.3145606279    0.3198097944    0.3249665022
  0.3300377607    0.3350279093    0.3399426699    0.3447869539    0.3495648623
  0.3542801619    0.3589368582    0.3635381937    0.3680886507    0.3725901365
  0.3770466089    0.3814605951    0.3858343363    0.3901714087    0.3944733381
  0.3987428904    0.4029823542    0.4071927786    0.4113776922    0.4155389071
  0.4196777582    0.4237955332    0.4278948069    0.4319775343    0.4360448122
  0.4400984526    0.4441398382    0.4481707335    0.4521927595    0.4562067270
  0.4602141142    0.4642174006    0.4682162523    0.4722129583    0.4762098074
  0.4802063227    0.4842046976    0.4882056475    0.4922113180    0.4962223768
  0.5002391100    0.5042646646    0.5082992792    0.5123430014    0.5163985491
  0.5204668283    0.5245481730    0.5286447763    0.5327569246    0.5368853807
  0.5410325289    0.5451985598    0.5493840933    0.5535905123    0.5578187227
  0.5620692492    0.5663436651    0.5706431627    0.5749680758    0.5793174028
  0.5836946249    0.5880986929    0.5925296068    0.5969902754    0.6014770269
  0.6059945345    0.6105390787    0.6151135206    0.6197157145    0.6243467569
  0.6290046453    0.6336919546    0.6384049654    0.6431442499    0.6479067087
  0.6526942015    0.6575031042    0.6623347044    0.6671859980    0.6720543623
  0.6769382715    0.6818362951    0.6867473364    0.6916694403    0.6966003656
  0.7015365362    0.7064811945    0.7114272833    0.7163776636    0.7213290453
  0.7262821913    0.7312366724    0.7361927271    0.7411506891    0.7461135626
  0.7510853052    0.7560664892    0.7610657454    0.7660888910    0.7711418867
  0.7762406111    0.7813973188    0.7866326571    0.7919718504    0.7974510431
  0.7999999762    0.7999999762    0.7999999762    0.7999999762    0.7999999762
  0.7999999762    0.7999999762    0.7999999762    0.7999999762    0.7999999762
  0.7999999762    0.7999999762    0.7999999762    0.7999999762    0.7999999762
  0.7999999762    0.7999999762    0.7999999762    0.7999999762    0.7999999762
  0.7999999762    0.7999999762    0.7999999762    0.7999999762    0.7999999762
  0.7999999762    0.7999999762    0.7999999762    0.7999999762    0.7999999762
  0.7999999762    0.7999999762    0.7999999762    0.7999999762    0.7999999762
  0.7999999762    0.7999999762    0.7999999762    0.7999999762    0.7999999762
  0.0000000238    0.0176959276    0.0351001978    0.0519651175    0.0681149244
  0.0834497213    0.0979344130    0.1115798235    0.1244263887    0.1365287066
  0.1479475260    0.1587440729    0.1689759016    0.1786965609    0.1879552126
  0.1967949629    0.2052551031    0.2133705854    0.2211714983    0.2286862612
  0.2359384298    0.2429501772    0.2497402430    0.2563271761    0.2627261400
  0.2689510584    0.2750149965    0.2809292555    0.2867044687    0.2923502207
  0.2978753328    0.3032878160    0.3085949659    0.3138034105    0.3189192533
  0.3239492178    0.3288974524    0.3337696791    0.3385702848    0.3433034658
  0.3479733706    0.3525835752    0.3571383238    0.3616400957    0.3660927057
  0.3704988241    0.3748608828    0.3791826010    0.3834651232    0.3877119780
  0.3919249773    0.3961063623    0.4002582788    0.4043826818    0.4084815741
  0.4125567198    0.4166098833    0.4206431627    0.4246577024    0.4286549807
  0.4326369524    0.4366050005    0.4405608892    0.4445062876    0.4484415293
  0.4523686647    0.4562884092    0.4602035761    0.4641137838    0.4680205107
  0.4719269037    0.4758311510    0.4797372103    0.4836440802    0.4875547647
  0.4914691210    0.4953891039    0.4993158102    0.5032498598    0.5071923018
  0.5111444712    0.5151077509    0.5190830946    0.5230704546    0.5270723581
  0.5310895681    0.5351225138    0.5391726255    0.5432410479    0.5473284006
  0.5514356375    0.5555638075    0.5597137690    0.5638859987    0.5680816889
  0.5723012686    0.5765462160    0.5808163881    0.5851124525    0.5894353628
  0.5937852144    0.5981632471    0.6025674582    0.6070006132    0.6114624739
  0.6159506083    0.6204685926    0.6250129938    0.6295839071    0.6341815710
  0.6388073206    0.6434557676    0.6481298208    0.6528255224    0.6575445890
  0.6622842550    0.6670413733    0.6718170404    0.6766086817    0.6814129591
  0.6862289667    0.6910548925    0.6958896399    0.7007332087    0.7055786371
  0.7104277849    0.7152797461    0.7201327562    0.7249847174    0.7298385859
  0.7346897364    0.7395431757    0.7443958998    0.7492522955    0.7541157484
  0.7589905024    0.7638777971    0.7687889814    0.7737303972    0.7787146807
  0.7837562799    0.7888724089    0.7940887213    0.7994405031    0.7999999762
  0.7999999762    0.7999999762    0.7999999762    0.7999999762    0.7999999762
  0.7999999762    0.7999999762    0.7999999762    0.7999999762    0.7999999762
  0.7999999762    0.7999999762    0.7999999762    0.7999999762    0.7999999762
  0.7999999762    0.7999999762    0.7999999762    0.7999999762    0.7999999762
  0.7999999762    0.7999999762    0.7999999762    0.7999999762    0.7999999762
  0.7999999762    0.7999999762    0.7999999762    0.7999999762    0.7999999762
  0.7999999762    0.7999999762    0.7999999762    0.7999999762    0.7999999762
  0.0000000238    0.0169542551    0.0336550474    0.0498836756    0.0654800653
  0.0803470373    0.0944433928    0.1077699423    0.1203546762    0.1322424650
  0.1434840441    0.1541326284    0.1642404318    0.1738552809    0.1830229044
  0.1917834520    0.2001734495    0.2082260370    0.2159699202    0.2234318972
  0.2306350946    0.2376010656    0.2443480253    0.2508929968    0.2572512865
  0.2634371519    0.2694623232    0.2753384352    0.2810759306    0.2866843462
  0.2921723604    0.2975468397    0.3028160810    0.3079861879    0.3130636930
  0.3180542231    0.3229629755    0.3277945757    0.3325540304    0.3372458696
  0.3418733358    0.3464409590    0.3509509802    0.3554079294    0.3598146200
  0.3641741037    0.3684884787    0.3727608919    0.3769940615    0.3811894655
  0.3853504419    0.3894782782    0.3935761213    0.3976444960    0.4016863108
  0.4057029486    0.4096961737    0.4136681318    0.4176199675    0.4215536356
  0.4254701853    0.4293710470    0.4332579851    0.4371322393    0.4409956217
  0.4448487997    0.4486933470    0.4525307894    0.4563613653    0.4601877451
  0.4640101194    0.4678297758    0.4716484785    0.4754666567    0.4792855501
  0.4831063509    0.4869302988    0.4907580137    0.4945910692    0.4984314203
  0.5022779226    0.5061332941    0.5099980593    0.5138727427    0.5177591085
  0.5216571569    0.5255697966    0.5294965982    0.5334383726    0.5373961687
  0.5413723707    0.5453659773    0.5493780375    0.5534111738    0.5574642897
  0.5615382433    0.5656356096    0.5697567701    0.5739004374    0.5780694246
  0.5822623491    0.5864826441    0.5907277346    0.5950001001    0.5992983103
  0.6036238432    0.6079771757    0.6123584986    0.6167654753    0.6212004900
  0.6256621599    0.6301508665    0.6346651793    0.6392056227    0.6437695742
  0.6483574152    0.6529674768    0.6575982332    0.6622478247    0.6669185877
  0.6716045618    0.6763061285    0.6810211420    0.6857476950    0.6904834986
  0.6952286005    0.6999778509    0.7047321081    0.7094894171    0.7142493486
  0.7190081835    0.7237659216    0.7285233259    0.7332763433    0.7380294085
  0.7427826166    0.7475326300    0.7522876501    0.7570476770    0.7618164778
  0.7665988684    0.7714028120    0.7762359381    0.7811095953    0.7860405207
  0.7910415411    0.7961415529    0.7999999762    0.7999999762    0.7999999762
  0.7999999762    0.7999999762    0.7999999762    0.7999999762    0.7999999762
  0.7999999762    0.7999999762    0.7999999762    0.7999999762    0.7999999762
  0.7999999762    0.7999999762    0.7999999762    0.7999999762    0.7999999762
  0.7999999762    0.7999999762    0.7999999762    0.7999999762    0.7999999762
  0.7999999762    0.7999999762    0.7999999762    0.7999999762    0.7999999762
  0.7999999762    0.7999999762    0.7999999762    0.7999999762    0.7999999762
  0.0000000238    0.0162649393    0.0323087454    0.0479380369    0.0630069971
  0.0774221182    0.0911390066    0.1041500330    0.1164739370    0.1281452417
  0.1392071009    0.1497050047    0.1596852064    0.1691917658    0.1782656908
  0.1869447470    0.1952626467    0.2032506704    0.2109361410    0.2183447123
  0.2254991293    0.2324187517    0.2391220808    0.2456253290    0.2519438505
  0.2580905676    0.2640785456    0.2699171782    0.2756181955    0.2811905622
  0.2866418123    0.2919802904    0.2972130537    0.3023467779    0.3073879480
  0.3123410940    0.3172123671    0.3220064402    0.3267272711    0.3313798189
  0.3359673738    0.3404939413    0.3449632883    0.3493783712    0.3537420511
  0.3580579042    0.3623274565    0.3665545225    0.3707411528    0.3748898745
  0.3790021181    0.3830806494    0.3871271372    0.3911440611    0.3951333761
  0.3990960360    0.4030347109    0.4069496870    0.4108435869    0.4147184134
  0.4185737371    0.4224133730    0.4262372732    0.4300467253    0.4338439226
  0.4376291990    0.4414046049    0.4451707602    0.4489288092    0.4526810884
  0.4564272642    0.4601691484    0.4639076948    0.4676441908    0.4713790655
  0.4751148939    0.4788511038    0.4825889349    0.4863312006    0.4900764704
  0.4938262701    0.4975833178    0.5013474226    0.5051190615    0.5088996649
  0.5126906157    0.5164923429    0.5203061342    0.5241324186    0.5279728651
  0.5318273783    0.5356983423    0.5395848513    0.5434892416    0.5474112749
  0.5513532400    0.5553144217    0.5592962503    0.5633000135    0.5673252821
  0.5713725805    0.5754446268    0.5795401812    0.5836611509    0.5878069162
  0.5919789553    0.5961749792    0.6003998041    0.6046488523    0.6089252234
  0.6132295847    0.6175599337    0.6219154119    0.6262991190    0.6307073832
  0.6351421595    0.6396007776    0.6440824270    0.6485865831    0.6531148195
  0.6576610327    0.6622295618    0.6668138742    0.6714141607    0.6760309458
  0.6806604147    0.6853004217    0.6899505854    0.6946079493    0.6992706060
  0.7039375067    0.7086078405    0.7132781267    0.7179481268    0.7226173162
  0.7272835016    0.7319473505    0.7366057634    0.7412623644    0.7459171057
  0.7505710840    0.7552258253    0.7598853350    0.7645521879    0.7692333460
  0.7739334822    0.7786628008    0.7834318876    0.7882536650    0.7931460142
  0.7981323004    0.7999999762    0.7999999762    0.7999999762    0.7999999762
  0.7999999762    0.7999999762    0.7999999762    0.7999999762    0.7999999762
  0.7999999762    0.7999999762    0.7999999762    0.7999999762    0.7999999762
  0.7999999762    0.7999999762    0.7999999762    0.7999999762    0.7999999762
  0.7999999762    0.7999999762    0.7999999762    0.7999999762    0.7999999762
  0.7999999762    0.7999999762    0.7999999762    0.7999999762    0.7999999762
  0.0000000238    0.0156229258    0.0310521364    0.0461164236    0.0606828928
  0.0746633768    0.0880101442    0.1007101297    0.1127740622    0.1242281675
  0.1351081133    0.1454527140    0.1553035498    0.1646987200    0.1736765623
  0.1822715521    0.1905154943    0.1984374762    0.2060638189    0.2134184599
  0.2205223322    0.2273954153    0.2340547800    0.2405165434    0.2467951536
  0.2529038191    0.2588542223    0.2646569967    0.2703219175    0.2758590937
  0.2812750101    0.2865788698    0.2917772532    0.2968756437    0.3018814802
  0.3067998648    0.3116352797    0.3163929701    0.3210777521    0.3256926775
  0.3302434683    0.3347321272    0.3391623735    0.3435382128    0.3478619814
  0.3521363020    0.3563646555    0.3605492830    0.3646924257    0.3687965155
  0.3728639364    0.3768965483    0.3808969259    0.3848657370    0.3888053656
  0.3927186728    0.3966055632    0.4004686594    0.4043096304    0.4081290960
  0.4119294882    0.4157117605    0.4194769144    0.4232271910    0.4269633532
  0.4306866407    0.4343978167    0.4380989313    0.4417901754    0.4454734564
  0.4491503000    0.4528207541    0.4564862013    0.4601475954    0.4638062239
  0.4674633741    0.4711194277    0.4747751474    0.4784325838    0.4820920706
  0.4857547045    0.4894215345    0.4930928469    0.4967709303    0.5004546404
  0.5041471243    0.5078480482    0.5115583181    0.5152792692    0.5190118074
  0.5227566481    0.5265138865    0.5302855253    0.5340722799    0.5378745317
  0.5416937113    0.5455301046    0.5493847609    0.5532582998    0.5571511984
  0.5610656977    0.5650002241    0.5689568758    0.5729360342    0.5769381285
  0.5809654474    0.5850155592    0.5890898943    0.5931905985    0.5973155737
  0.6014683485    0.6056448698    0.6098489046    0.6140789270    0.6183330297
  0.6226152182    0.6269226313    0.6312539816    0.6356104136    0.6399905443
  0.6443942785    0.6488207579    0.6532684088    0.6577373743    0.6622226477
  0.6667275190    0.6712465525    0.6757810354    0.6803280115    0.6848857641
  0.6894523382    0.6940273046    0.6986084223    0.7031921625    0.7077785730
  0.7123649836    0.7169502497    0.7215348005    0.7261134863    0.7306899786
  0.7352622747    0.7398315668    0.7443935156    0.7489536047    0.7535110235
  0.7580703020    0.7626331091    0.7672035933    0.7717853785    0.7763863325
  0.7810158014    0.7856819391    0.7903991461    0.7951867342    0.7999999762
  0.7999999762    0.7999999762    0.7999999762    0.7999999762    0.7999999762
  0.7999999762    0.7999999762    0.7999999762    0.7999999762    0.7999999762
  0.7999999762    0.7999999762    0.7999999762    0.7999999762    0.7999999762
  0.7999999762    0.7999999762    0.7999999762    0.7999999762    0.7999999762
  0.7999999762    0.7999999762    0.7999999762    0.7999999762    0.7999999762
  0.0000000238    0.0150237799    0.0298773527    0.0444085836    0.0584968805
  0.0720584154    0.0850457430    0.0974403620    0.1092460871    0.1204831362
  0.1311797380    0.1413689375    0.1510872126    0.1603691816    0.1692488909
  0.1777578592    0.1859257936    0.1937802553    0.2013458014    0.2086451292
  0.2156982183    0.2225238085    0.2291393042    0.2355593920    0.2417986155
  0.2478691816    0.2537826777    0.2595494509    0.2651795149    0.2706819296
  0.2760639906    0.2813342810    0.2864988089    0.2915640116    0.2965357065
  0.3014204741    0.3062217474    0.3109452009    0.3155951738    0.3201756716
  0.3246904135    0.3291428804    0.3335372686    0.3378755808    0.3421616316
  0.3463980913    0.3505873919    0.3547322989    0.3588350058    0.3628980398
  0.3669232607    0.3709129572    0.3748693228    0.3787934542    0.3826882601
  0.3865542173    0.3903936148    0.3942085981    0.3979994535    0.4017691374
  0.4055177927    0.4092473269    0.4129586935    0.4166537046    0.4203332186
  0.4239989042    0.4276510477    0.4312921762    0.4349220991    0.4385427237
  0.4421546698    0.4457594156    0.4493574381    0.4529501677    0.4565384150
  0.4601236105    0.4637056112    0.4672866106    0.4708668947    0.4744477034
  0.4780297518    0.4816137075    0.4852011442    0.4887922525    0.4923889399
  0.4959905386    0.4995989084    0.5032145739    0.5068388700    0.5104724169
  0.5141167879    0.5177713156    0.5214375734    0.5251164675    0.5288087130
  0.5325151205    0.5362367868    0.5399740458    0.5437284231    0.5474996805
  0.5512892962    0.5550978422    0.5589259386    0.5627748251    0.5666438341
  0.5705350161    0.5744488478    0.5783848524    0.5823441744    0.5863268137
  0.5903345346    0.5943660498    0.5984238863    0.6025050879    0.6066139936
  0.6107475519    0.6149046659    0.6190899134    0.6232974768    0.6275317430
  0.6317914248    0.6360725164    0.6403792143    0.6447074175    0.6490589857
  0.6534294367    0.6578193426    0.6622295618    0.6666562319    0.6710983515
  0.6755530119    0.6800212622    0.6845000982    0.6889889002    0.6934837103
  0.6979851007    0.7024890661    0.7069949865    0.7115023851    0.7160076857
  0.7205100775    0.7250107527    0.7295039892    0.7339935064    0.7384765387
  0.7429549456    0.7474289656    0.7518969774    0.7563633204    0.7608284712
  0.7652968645    0.7697726488    0.7742592573    0.7787651300    0.7832968473
  0.7878649473    0.7924837828    0.7971671820    0.7999999762    0.7999999762
  0.7999999762    0.7999999762    0.7999999762    0.7999999762    0.7999999762
  0.7999999762    0.7999999762    0.7999999762    0.7999999762    0.7999999762
  0.7999999762    0.7999999762    0.7999999762    0.7999999762    0.7999999762
  0.7999999762    0.7999999762    0.7999999762    0.7999999762    0.7999999762
  0.0000000238    0.0144636393    0.0287771940    0.0428050756    0.0564381361
  0.0695973158    0.0822354078    0.0943303347    0.1058811426    0.1169011354
  0.1274135828    0.1374463797    0.1470301867    0.1561966658    0.1649758577
  0.1733967066    0.1814875364    0.1892728090    0.1967759848    0.2040186644
  0.2110203505    0.2177984953    0.2243688822    0.2307476282    0.2369468927
  0.2429790258    0.2488558054    0.2545873880    0.2601835489    0.2656516314
  0.2710008383    0.2762381315    0.2813699484    0.2864030600    0.2913423300
  0.2961941481    0.3009630442    0.3056540251    0.3102710009    0.3148178816
  0.3192993402    0.3237179041    0.3280771971    0.3323807955    0.3366309881
  0.3408318281    0.3449843168    0.3490912676    0.3531563044    0.3571809530
  0.3611671686    0.3651166677    0.3690316439    0.3729142427    0.3767663240
  0.3805894136    0.3843847990    0.3881541967    0.3918992758    0.3956216574
  0.3993223906    0.4030029535    0.4066647291    0.4103082418    0.4139355898
  0.4175481558    0.4211461782    0.4247313261    0.4283042669    0.4318670034
  0.4354196787    0.4389632940    0.4424998045    0.4460287333    0.4495524168
  0.4530708075    0.4565861464    0.4600974321    0.4636068583    0.4671151876
  0.4706231356    0.4741318941    0.4776417494    0.4811533689    0.4846686602
  0.4881878614    0.4917115927    0.4952412844    0.4987770319    0.5023198843
  0.5058711290    0.5094312429    0.5130007982    0.5165814161    0.5201722860
  0.5237763643    0.5273926973    0.5310220957    0.5346666098    0.5383264303
  0.5420015097    0.5456937075    0.5494028807    0.5531308413    0.5568769693
  0.5606421709    0.5644282579    0.5682348967    0.5720632792    0.5759127378
  0.5797859907    0.5836802721    0.5875994444    0.5915421724    0.5955087423
  0.5994993925    0.6035154581    0.6075566053    0.6116206884    0.6157111883
  0.6198276758    0.6239670515    0.6281311750    0.6323184252    0.6365310907
  0.6407642126    0.6450211763    0.6492986441    0.6535966158    0.6579131842
  0.6622486353    0.6666008711    0.6709682703    0.6753480673    0.6797409296
  0.6841437101    0.6885558844    0.6929755926    0.6973994970    0.7018279314
  0.7062579393    0.7106883764    0.7151164770    0.7195438623    0.7239650965
  0.7283817053    0.7327930689    0.7371970892    0.7415938616    0.7459858656
  0.7503704786    0.7547512293    0.7591277361    0.7635031939    0.7678809404
  0.7722655058    0.7766609430    0.7810723066    0.7855101824    0.7899851561
  0.7945058107    0.7990928411    0.7999999762    0.7999999762    0.7999999762
  0.7999999762    0.7999999762    0.7999999762    0.7999999762    0.7999999762
  0.7999999762    0.7999999762    0.7999999762    0.7999999762    0.7999999762
  0.7999999762    0.7999999762    0.7999999762    0.7999999762    0.7999999762
  0.0000000238    0.0139390230    0.0277451754    0.0412977457    0.0544972658
  0.0672700644    0.0795697451    0.0913713217    0.1026704550    0.1134750128
  0.1238031149    0.1336780310    0.1431260347    0.1521744490    0.1608515978
  0.1691828489    0.1771943331    0.1849087954    0.1923486948    0.1995339632
  0.2064826727    0.2132125139    0.2197380304    0.2260743380    0.2322336912
  0.2382280588    0.2440684080    0.2497651339    0.2553267241    0.2607620001
  0.2660784483    0.2712833643    0.2763836145    0.2813848734    0.2862934351
  0.2911141157    0.2958513975    0.3005112410    0.3050965071    0.3096115828
  0.3140607119    0.3184467077    0.3227738142    0.3270440340    0.3312606573
  0.3354267836    0.3395448446    0.3436171770    0.3476463556    0.3516344786
  0.3555834532    0.3594955206    0.3633723974    0.3672161341    0.3710282564
  0.3748106718    0.3785646677    0.3822920561    0.3859945059    0.3896730661
  0.3933293581    0.3969639063    0.4005790949    0.4041757822    0.4077543974
  0.4113176107    0.4148652315    0.4183984995    0.4219194651    0.4254278421
  0.4289261103    0.4324134588    0.4358922720    0.4393630743    0.4428267717
  0.4462843180    0.4497366190    0.4531839609    0.4566286325    0.4600704908
  0.4635099173    0.4669489145    0.4703873873    0.4738264322    0.4772672415
  0.4807103872    0.4841565847    0.4876059294    0.4910608053    0.4945204973
  0.4979872465    0.5014607191    0.5049414396    0.5084307909    0.5119295835
  0.5154387236    0.5189590693    0.5224897146    0.5260332346    0.5295902967
  0.5331604719    0.5367449045    0.5403451681    0.5439614058    0.5475935698
  0.5512439013    0.5549117804    0.5585985422    0.5623048544    0.5660307169
  0.5697770834    0.5735444307    0.5773335695    0.5811445475    0.5849776506
  0.5888352633    0.5927149057    0.5966187716    0.6005467176    0.6044977903
  0.6084744692    0.6124752760    0.6164991617    0.6205484629    0.6246211767
  0.6287173986    0.6328376532    0.6369810343    0.6411466837    0.6453342676
  0.6495402575    0.6537686586    0.6580154657    0.6622791529    0.6665592432
  0.6708538294    0.6751629114    0.6794817686    0.6838135004    0.6881515265
  0.6924988031    0.6968497992    0.7012062311    0.7055625200    0.7099197626
  0.7142745733    0.7186270952    0.7229759455    0.7273185015    0.7316551447
  0.7359832048    0.7403061152    0.7446197748    0.7489273310    0.7532260180
  0.7575210810    0.7618106127    0.7660991907    0.7703888655    0.7746842623
  0.7789910555    0.7833138227    0.7876609087    0.7920434237    0.7964726686
  0.7999999762    0.7999999762    0.7999999762    0.7999999762    0.7999999762
  0.7999999762    0.7999999762    0.7999999762    0.7999999762    0.7999999762
  0.7999999762    0.7999999762    0.7999999762    0.7999999762    0.7999999762
  0.0000000238    0.0134468317    0.0267757177    0.0398786783    0.0526655912
  0.0650678396    0.0770394087    0.0885551691    0.0996061563    0.1101970434
  0.1203411341    0.1300573111    0.1393680334    0.1482971907    0.1568701029
  0.1651105165    0.1730406046    0.1806832552    0.1880585909    0.1951853514
  0.2020806074    0.2087607622    0.2152412653    0.2215346098    0.2276536226
  0.2336099386    0.2394140959    0.2450758219    0.2506034136    0.2560058832
  0.2612906218    0.2664643526    0.2715332270    0.2765038729    0.2813820124
  0.2861723661    0.2908798456    0.2955085039    0.3000639200    0.3045486212
  0.3089667559    0.3133221388    0.3176174879    0.3218562841    0.3260412931
  0.3301750898    0.3342606783    0.3382997751    0.3422950506    0.3462485552
  0.3501631498    0.3540396452    0.3578807116    0.3616879702    0.3654624224
  0.3692069292    0.3729223967    0.3766104937    0.3802729368    0.3839104414
  0.3875249624    0.3911170721    0.3946886778    0.3982411623    0.4017754316
  0.4052922487    0.4087924242    0.4122785330    0.4157499075    0.4192090750
  0.4226557016    0.4260917902    0.4295174360    0.4329335928    0.4363417387
  0.4397432089    0.4431375742    0.4465261698    0.4499102354    0.4532906294
  0.4566672564    0.4600417376    0.4634148836    0.4667869806    0.4701586962
  0.4735320330    0.4769063711    0.4802831888    0.4836631060    0.4870467901
  0.4904351473    0.4938284159    0.4972279310    0.5006342649    0.5040482759
  0.5074701071    0.5109009981    0.5143414736    0.5177922964    0.5212539434
  0.5247284174    0.5282144785    0.5317137003    0.5352276564    0.5387549639
  0.5422984362    0.5458574533    0.5494339228    0.5530264616    0.5566376925
  0.5602673292    0.5639151812    0.5675833464    0.5712723017    0.5749818087
  0.5787121534    0.5824642897    0.5862388849    0.5900347948    0.5938554049
  0.5976987123    0.6015656710    0.6054549456    0.6093694448    0.6133070230
  0.6172692537    0.6212531805    0.6252633333    0.6292948008    0.6333497763
  0.6374266386    0.6415248632    0.6456454039    0.6497864485    0.6539463282
  0.6581229448    0.6623176336    0.6665303469    0.6707549334    0.6749954462
  0.6792454004    0.6835056067    0.6877750158    0.6920526266    0.6963329077
  0.7006187677    0.7049057722    0.7091922998    0.7134781122    0.7177592993
  0.7220371008    0.7263091326    0.7305748701    0.7348326921    0.7390823126
  0.7433246851    0.7475570917    0.7517802954    0.7559966803    0.7602096796
  0.7644149542    0.7686196566    0.7728247404    0.7770346880    0.7812552214
  0.7854912996    0.7897529840    0.7940452337    0.7983848333    0.7999999762
  0.7999999762    0.7999999762    0.7999999762    0.7999999762    0.7999999762
  0.7999999762    0.7999999762    0.7999999762    0.7999999762    0.7999999762
  0.0000000238    0.0129842520    0.0258636236    0.0385411978    0.0509351015
  0.0629815340    0.0746361494    0.0858729124    0.0966804743    0.1070600271
  0.1170206785    0.1265775919    0.1357500792    0.1445591211    0.1530267477
  0.1611738920    0.1690221071    0.1765911818    0.1839002371    0.1909669638
  0.1978083849    0.2044386625    0.2108724833    0.2171224356    0.2232012510
  0.2291191816    0.2348870516    0.2405136824    0.2460082293    0.2513779879
  0.2566306829    0.2617733717    0.2668121099    0.2717529535    0.2766014814
  0.2813624144    0.2860404730    0.2906402349    0.2951658487    0.2996216059
  0.3040101767    0.3083359480    0.3126020193    0.3168103456    0.3209647417
  0.3250682592    0.3291222811    0.3331301451    0.3370935202    0.3410148382
  0.3448960543    0.3487394571    0.3525461912    0.3563188791    0.3600590467
  0.3637680292    0.3674472570    0.3710983992    0.3747227907    0.3783219099
  0.3818974257    0.3854498625    0.3889810801    0.3924925089    0.3959841013
  0.3994580984    0.4029152632    0.4063558817    0.4097825289    0.4131944895
  0.4165942430    0.4199819326    0.4233581781    0.4267243624    0.4300810575
  0.4334295988    0.4367705107    0.4401051283    0.4434334040    0.4467561960
  0.4500746965    0.4533902407    0.4567026377    0.4600126505    0.4633214235
  0.4666297197    0.4699382067    0.4732479811    0.4765588045    0.4798721552
  0.4831878424    0.4865081072    0.4898322821    0.4931626558    0.4964975595
  0.4998396635    0.5031886339    0.5065458059    0.5099111795    0.5132861376
  0.5166718245    0.5200666666    0.5234739065    0.5268923044    0.5303242922
  0.5337693453    0.5372277498    0.5407011271    0.5441897154    0.5476945639
  0.5512159109    0.5547540426    0.5583098650    0.5618848085    0.5654782534
  0.5690898657    0.5727229357    0.5763767958    0.5800502539    0.5837465048
  0.5874635458    0.5912033796    0.5949654818    0.5987498045    0.6025569677
  0.6063883543    0.6102430105    0.6141203165    0.6180215597    0.6219456434
  0.6258926630    0.6298614740    0.6338531256    0.6378665209    0.6419029474
  0.6459567785    0.6500339746    0.6541267157    0.6582397699    0.6623691797
  0.6665146112    0.6706727743    0.6748447180    0.6790298700    0.6832217932
  0.6874244452    0.6916343927    0.6958472967    0.7000644445    0.7042854548
  0.7085045099    0.7127228498    0.7169368982    0.7211470842    0.7253524065
  0.7295505762    0.7337398291    0.7379212141    0.7420928717    0.7462558508
  0.7504092932    0.7545542955    0.7586909533    0.7628205061    0.7669457674
  0.7710677862    0.7751914263    0.7793182135    0.7834555864    0.7876089811
  0.7917847395    0.7959929705    0.7999999762    0.7999999762    0.7999999762
  0.7999999762    0.7999999762    0.7999999762    0.7999999762    0.7999999762
