  0.0000000000    0.0036000000
  0.0000500000    0.0006000000    299    19
  0.0007787760    0.0007706599    0.0007613027    0.0007519198    0.0007425420
  0.0007331807    0.0007238291    0.0007144939    0.0007051724    0.0006958715
  0.0006865886    0.0006773249    0.0006680812    0.0006588588    0.0006496561
  0.0006404774    0.0006313216    0.0006221904    0.0006130856    0.0006040067
  0.0005949533    0.0005859252    0.0005769301    0.0005679608    0.0005590252
  0.0005501191    0.0005412459    0.0005324045    0.0005235988    0.0005148282
  0.0005060905    0.0004973924    0.0004887301    0.0004801068    0.0004715217
  0.0004629745    0.0004544716    0.0004460076    0.0004375857    0.0004292042
  0.0004208689    0.0004125758    0.0004043249    0.0003961191    0.0003879552
  0.0003798376    0.0003717605    0.0003637273    0.0003557366    0.0003477893
  0.0003398828    0.0003320109    0.0003241788    0.0003163793    0.0003086134
  0.0003008715    0.0002931540    0.0002854564    0.0002777632    0.0002700706
  0.0002623732    0.0002546499    0.0002468841    0.0002390500    0.0002311305
  0.0002230724    0.0002148229    0.0002063107    0.0001974085    0.0001879230
  0.0001775235    0.0001654949    0.0001498416    0.0001231492    0.0001231492
  0.0001231492    0.0001231492    0.0001231492    0.0001231492    0.0001231492
  0.0001231492    0.0001231492    0.0001231492    0.0001231492    0.0001231492
  0.0001231492    0.0001231492    0.0001231492    0.0001231492    0.0001231492
  0.0001231492    0.0001231492    0.0001231492    0.0001231492    0.0001231492
  0.0001231492    0.0001231492    0.0001231492    0.0001231492    0.0001231492
  0.0001231492    0.0001231492    0.0001231492    0.0001231492    0.0001231492
  0.0001231492    0.0001231492    0.0001231492    0.0001231492    0.0001231492
  0.0001231492    0.0001231492    0.0001231492    0.0001231492    0.0001231492
  0.0001231492    0.0001231492    0.0001231492    0.0001231492    0.0001231492
  0.0001231492    0.0001231492    0.0001231492    0.0001231492    0.0001231492
  0.0001231492    0.0001231492    0.0001231492    0.0001231492    0.0001231492
  0.0001231492    0.0001231492    0.0001231492    0.0001231492    0.0001231492
  0.0001231492    0.0001231492    0.0001231492    0.0001231492    0.0001231492
  0.0001231492    0.0001231492    0.0001231492    0.0001231492    0.0001231492
  0.0001231492    0.0001231492    0.0001231492    0.0001231492    0.0001231492
  0.0001231492    0.0001231492    0.0001231492    0.0001231492    0.0001231492
  0.0001231492    0.0001231492    0.0001231492    0.0001231492    0.0001231492
  0.0001231492    0.0001231492    0.0001231492    0.0001231492    0.0001231492
  0.0001231492    0.0001231492    0.0001231492    0.0001231492    0.0001231492
  0.0001231492    0.0001231492    0.0001231492    0.0001231492    0.0001231492
  0.0001231492    0.0001231492    0.0001231492    0.0001231492    0.0001231492
  0.0001231492    0.0001231492    0.0001231492    0.0001231492    0.0001231492
  0.0001231492    0.0001231492    0.0001231492    0.0001231492    0.0001231492
  0.0001231492    0.0001231492    0.0001231492    0.0001231492    0.0001231492
  0.0001231492    0.0001231492    0.0001231492    0.0001231492    0.0001231492
  0.0001231492    0.0001231492    0.0001231492    0.0001231492    0.0001231492
  0.0001231492    0.0001231492    0.0001231492    0.0001231492    0.0001231492
  0.0001231492    0.0001231492    0.0001231492    0.0001231492    0.0001231492
  0.0001231492    0.0001231492    0.0001231492    0.0001231492    0.0001231492
  0.0001231492    0.0001231492    0.0001231492    0.0001231492    0.0001231492
  0.0001231492    0.0001231492    0.0001231492    0.0001231492    0.0001231492
  0.0001231492    0.0001231492    0.0001231492    0.0001231492    0.0001231492
  0.0001231492    0.0001231492    0.0001231492    0.0001231492    0.0001231492
  0.0001231492    0.0001231492    0.0001231492    0.0001231492    0.0001231492
  0.0001231492    0.0001231492    0.0001231492    0.0001231492    0.0001231492
  0.0001231492    0.0001231492    0.0001231492    0.0001231492    0.0001231492
  0.0001231492    0.0001231492    0.0001231492    0.0001231492    0.0001231492
  0.0001231492    0.0001231492    0.0001231492    0.0001231492    0.0001231492
  0.0001231492    0.0001231492    0.0001231492    0.0001231492    0.0001231492
  0.0001231492    0.0001231492    0.0001231492    0.0001231492    0.0001231492
  0.0001231492    0.0001231492    0.0001231492    0.0001231492    0.0001231492
  0.0001231492    0.0001231492    0.0001231492    0.0001231492    0.0001231492
  0.0001231492    0.0001231492    0.0001231492    0.0001231492    0.0001231492
  0.0001231492    0.0001231492    0.0001231492    0.0001231492    0.0001231492
  0.0001231492    0.0001231492    0.0001231492    0.0001231492    0.0001231492
  0.0009204829    0.0009129268    0.0009035446    0.0008940913    0.0008846185
  0.0008751507    0.0008656853    0.0008562283    0.0008467821    0.0008373424
  0.0008279154    0.0008184973    0.0008090944    0.0007997063    0.0007903294
  0.0007809670    0.0007716191    0.0007622890    0.0007529737    0.0007436766
  0.0007343983    0.0007251392    0.0007159000    0.0007066785    0.0006974814
  0.0006883013    0.0006791478    0.0006700193    0.0006609117    0.0006518322
  0.0006427769    0.0006337478    0.0006247444    0.0006157740    0.0006068263
  0.0005979139    0.0005890320    0.0005801811    0.0005713618    0.0005625754
  0.0005538253    0.0005451083    0.0005364262    0.0005277813    0.0005191736
  0.0005106036    0.0005020704    0.0004935772    0.0004851219    0.0004767067
  0.0004683322    0.0004599996    0.0004517054    0.0004434520    0.0004352423
  0.0004270714    0.0004189389    0.0004108501    0.0004027997    0.0003947884
  0.0003868123    0.0003788746    0.0003709725    0.0003631022    0.0003552608
  0.0003474450    0.0003396536    0.0003318806    0.0003241159    0.0003163617
  0.0003086037    0.0003008292    0.0002930328    0.0002851940    0.0002772984
  0.0002693100    0.0002612084    0.0002529442    0.0002444562    0.0002356686
  0.0002264494    0.0002166059    0.0002058010    0.0001933502    0.0001775135
  0.0001485228    0.0001478171    0.0001478171    0.0001478171    0.0001478171
  0.0001478171    0.0001478171    0.0001478171    0.0001478171    0.0001478171
  0.0001478171    0.0001478171    0.0001478171    0.0001478171    0.0001478171
  0.0001478171    0.0001478171    0.0001478171    0.0001478171    0.0001478171
  0.0001478171    0.0001478171    0.0001478171    0.0001478171    0.0001478171
  0.0001478171    0.0001478171    0.0001478171    0.0001478171    0.0001478171
  0.0001478171    0.0001478171    0.0001478171    0.0001478171    0.0001478171
  0.0001478171    0.0001478171    0.0001478171    0.0001478171    0.0001478171
  0.0001478171    0.0001478171    0.0001478171    0.0001478171    0.0001478171
  0.0001478171    0.0001478171    0.0001478171    0.0001478171    0.0001478171
  0.0001478171    0.0001478171    0.0001478171    0.0001478171    0.0001478171
  0.0001478171    0.0001478171    0.0001478171    0.0001478171    0.0001478171
  0.0001478171    0.0001478171    0.0001478171    0.0001478171    0.0001478171
  0.0001478171    0.0001478171    0.0001478171    0.0001478171    0.0001478171
  0.0001478171    0.0001478171    0.0001478171    0.0001478171    0.0001478171
  0.0001478171    0.0001478171    0.0001478171    0.0001478171    0.0001478171
  0.0001478171    0.0001478171    0.0001478171    0.0001478171    0.0001478171
  0.0001478171    0.0001478171    0.0001478171    0.0001478171    0.0001478171
  0.0001478171    0.0001478171    0.0001478171    0.0001478171    0.0001478171
  0.0001478171    0.0001478171    0.0001478171    0.0001478171    0.0001478171
  0.0001478171    0.0001478171    0.0001478171    0.0001478171    0.0001478171
  0.0001478171    0.0001478171    0.0001478171    0.0001478171    0.0001478171
  0.0001478171    0.0001478171    0.0001478171    0.0001478171    0.0001478171
  0.0001478171    0.0001478171    0.0001478171    0.0001478171    0.0001478171
  0.0001478171    0.0001478171    0.0001478171    0.0001478171    0.0001478171
  0.0001478171    0.0001478171    0.0001478171    0.0001478171    0.0001478171
  0.0001478171    0.0001478171    0.0001478171    0.0001478171    0.0001478171
  0.0001478171    0.0001478171    0.0001478171    0.0001478171    0.0001478171
  0.0001478171    0.0001478171    0.0001478171    0.0001478171    0.0001478171
  0.0001478171    0.0001478171    0.0001478171    0.0001478171    0.0001478171
  0.0001478171    0.0001478171    0.0001478171    0.0001478171    0.0001478171
  0.0001478171    0.0001478171    0.0001478171    0.0001478171    0.0001478171
  0.0001478171    0.0001478171    0.0001478171    0.0001478171    0.0001478171
  0.0001478171    0.0001478171    0.0001478171    0.0001478171    0.0001478171
  0.0001478171    0.0001478171    0.0001478171    0.0001478171    0.0001478171
  0.0001478171    0.0001478171    0.0001478171    0.0001478171    0.0001478171
  0.0001478171    0.0001478171    0.0001478171    0.0001478171    0.0001478171
  0.0001478171    0.0001478171    0.0001478171    0.0001478171    0.0001478171
  0.0001478171    0.0001478171    0.0001478171    0.0001478171    0.0001478171
  0.0001478171    0.0001478171    0.0001478171    0.0001478171    0.0001478171
  0.0001478171    0.0001478171    0.0001478171    0.0001478171    0.0001478171
  0.0001478171    0.0001478171    0.0001478171    0.0001478171    0.0001478171
  0.0001478171    0.0001478171    0.0001478171    0.0001478171    0.0001478171
  0.0010624900    0.0010556292    0.0010463403    0.0010368792    0.0010273821
  0.0010178665    0.0010083521    0.0009988316    0.0009893188    0.0009798075
  0.0009702999    0.0009607983    0.0009513010    0.0009418143    0.0009323329
  0.0009228632    0.0009134001    0.0009039425    0.0008945005    0.0008850694
  0.0008756448    0.0008662366    0.0008568405    0.0008474560    0.0008380860
  0.0008287301    0.0008193880    0.0008100629    0.0008007547    0.0007914631
  0.0007821886    0.0007729343    0.0007636975    0.0007544817    0.0007452843
  0.0007361092    0.0007269569    0.0007178285    0.0007087219    0.0006996412
  0.0006905822    0.0006815490    0.0006725459    0.0006635665    0.0006546206
  0.0006456972    0.0006368086    0.0006279471    0.0006191154    0.0006103207
  0.0006015542    0.0005928234    0.0005841247    0.0005754616    0.0005668333
  0.0005582394    0.0005496839    0.0005411629    0.0005326811    0.0005242353
  0.0005158290    0.0005074596    0.0004991297    0.0004908379    0.0004825855
  0.0004743706    0.0004661925    0.0004580555    0.0004499520    0.0004418893
  0.0004338600    0.0004258624    0.0004179022    0.0004099695    0.0004020689
  0.0003941889    0.0003863381    0.0003785036    0.0003706790    0.0003628721
  0.0003550641    0.0003472471    0.0003394200    0.0003315635    0.0003236726
  0.0003157210    0.0003076906    0.0002995579    0.0002912807    0.0002828162
  0.0002741096    0.0002650626    0.0002555573    0.0002453859    0.0002342228
  0.0002214208    0.0002054473    0.0001798185    0.0001732684    0.0001732684
  0.0001732684    0.0001732684    0.0001732684    0.0001732684    0.0001732684
  0.0001732684    0.0001732684    0.0001732684    0.0001732684    0.0001732684
  0.0001732684    0.0001732684    0.0001732684    0.0001732684    0.0001732684
  0.0001732684    0.0001732684    0.0001732684    0.0001732684    0.0001732684
  0.0001732684    0.0001732684    0.0001732684    0.0001732684    0.0001732684
  0.0001732684    0.0001732684    0.0001732684    0.0001732684    0.0001732684
  0.0001732684    0.0001732684    0.0001732684    0.0001732684    0.0001732684
  0.0001732684    0.0001732684    0.0001732684    0.0001732684    0.0001732684
  0.0001732684    0.0001732684    0.0001732684    0.0001732684    0.0001732684
  0.0001732684    0.0001732684    0.0001732684    0.0001732684    0.0001732684
  0.0001732684    0.0001732684    0.0001732684    0.0001732684    0.0001732684
  0.0001732684    0.0001732684    0.0001732684    0.0001732684    0.0001732684
  0.0001732684    0.0001732684    0.0001732684    0.0001732684    0.0001732684
  0.0001732684    0.0001732684    0.0001732684    0.0001732684    0.0001732684
  0.0001732684    0.0001732684    0.0001732684    0.0001732684    0.0001732684
  0.0001732684    0.0001732684    0.0001732684    0.0001732684    0.0001732684
  0.0001732684    0.0001732684    0.0001732684    0.0001732684    0.0001732684
  0.0001732684    0.0001732684    0.0001732684    0.0001732684    0.0001732684
  0.0001732684    0.0001732684    0.0001732684    0.0001732684    0.0001732684
  0.0001732684    0.0001732684    0.0001732684    0.0001732684    0.0001732684
  0.0001732684    0.0001732684    0.0001732684    0.0001732684    0.0001732684
  0.0001732684    0.0001732684    0.0001732684    0.0001732684    0.0001732684
  0.0001732684    0.0001732684    0.0001732684    0.0001732684    0.0001732684
  0.0001732684    0.0001732684    0.0001732684    0.0001732684    0.0001732684
  0.0001732684    0.0001732684    0.0001732684    0.0001732684    0.0001732684
  0.0001732684    0.0001732684    0.0001732684    0.0001732684    0.0001732684
  0.0001732684    0.0001732684    0.0001732684    0.0001732684    0.0001732684
  0.0001732684    0.0001732684    0.0001732684    0.0001732684    0.0001732684
  0.0001732684    0.0001732684    0.0001732684    0.0001732684    0.0001732684
  0.0001732684    0.0001732684    0.0001732684    0.0001732684    0.0001732684
  0.0001732684    0.0001732684    0.0001732684    0.0001732684    0.0001732684
  0.0001732684    0.0001732684    0.0001732684    0.0001732684    0.0001732684
  0.0001732684    0.0001732684    0.0001732684    0.0001732684    0.0001732684
  0.0001732684    0.0001732684    0.0001732684    0.0001732684    0.0001732684
  0.0001732684    0.0001732684    0.0001732684    0.0001732684    0.0001732684
  0.0001732684    0.0001732684    0.0001732684    0.0001732684    0.0001732684
  0.0001732684    0.0001732684    0.0001732684    0.0001732684    0.0001732684
  0.0001732684    0.0001732684    0.0001732684    0.0001732684    0.0001732684
  0.0001732684    0.0001732684    0.0001732684    0.0001732684    0.0001732684
  0.0001732684    0.0001732684    0.0001732684    0.0001732684    0.0001732684
  0.0012044060    0.0011983146    0.0011892306    0.0011798375    0.0011703664
  0.0011608604    0.0011513380    0.0011418031    0.0011322697    0.0011227301
  0.0011131901    0.0011036514    0.0010941159    0.0010845809    0.0010750486
  0.0010655207    0.0010559953    0.0010464784    0.0010369639    0.0010274539
  0.0010179507    0.0010084525    0.0009989614    0.0009894799    0.0009800064
  0.0009705430    0.0009610847    0.0009516377    0.0009422007    0.0009327763
  0.0009233632    0.0009139570    0.0009045676    0.0008951868    0.0008858246
  0.0008764733    0.0008671391    0.0008578216    0.0008485170    0.0008392318
  0.0008299622    0.0008207117    0.0008114767    0.0008022640    0.0007930705
  0.0007838995    0.0007747454    0.0007656180    0.0007565115    0.0007474298
  0.0007383710    0.0007293387    0.0007203314    0.0007113503    0.0007023939
  0.0006934692    0.0006845702    0.0006757034    0.0006668657    0.0006580544
  0.0006492793    0.0006405350    0.0006318197    0.0006231409    0.0006144922
  0.0006058815    0.0005973052    0.0005887625    0.0005802532    0.0005717854
  0.0005633467    0.0005549501    0.0005465904    0.0005382629    0.0005299713
  0.0005217196    0.0005135032    0.0005053264    0.0004971757    0.0004890689
  0.0004809922    0.0004729489    0.0004649344    0.0004569552    0.0004490005
  0.0004410703    0.0004331611    0.0004252792    0.0004174075    0.0004095489
  0.0004016975    0.0003938474    0.0003859868    0.0003781149    0.0003702150
  0.0003622775    0.0003542876    0.0003462233    0.0003380689    0.0003297906
  0.0003213450    0.0003126998    0.0003037784    0.0002944931    0.0002847165
  0.0002742552    0.0002627749    0.0002496778    0.0002335868    0.0002097335
  0.0001994450    0.0001994450    0.0001994450    0.0001994450    0.0001994450
  0.0001994450    0.0001994450    0.0001994450    0.0001994450    0.0001994450
  0.0001994450    0.0001994450    0.0001994450    0.0001994450    0.0001994450
  0.0001994450    0.0001994450    0.0001994450    0.0001994450    0.0001994450
  0.0001994450    0.0001994450    0.0001994450    0.0001994450    0.0001994450
  0.0001994450    0.0001994450    0.0001994450    0.0001994450    0.0001994450
  0.0001994450    0.0001994450    0.0001994450    0.0001994450    0.0001994450
  0.0001994450    0.0001994450    0.0001994450    0.0001994450    0.0001994450
  0.0001994450    0.0001994450    0.0001994450    0.0001994450    0.0001994450
  0.0001994450    0.0001994450    0.0001994450    0.0001994450    0.0001994450
  0.0001994450    0.0001994450    0.0001994450    0.0001994450    0.0001994450
  0.0001994450    0.0001994450    0.0001994450    0.0001994450    0.0001994450
  0.0001994450    0.0001994450    0.0001994450    0.0001994450    0.0001994450
  0.0001994450    0.0001994450    0.0001994450    0.0001994450    0.0001994450
  0.0001994450    0.0001994450    0.0001994450    0.0001994450    0.0001994450
  0.0001994450    0.0001994450    0.0001994450    0.0001994450    0.0001994450
  0.0001994450    0.0001994450    0.0001994450    0.0001994450    0.0001994450
  0.0001994450    0.0001994450    0.0001994450    0.0001994450    0.0001994450
  0.0001994450    0.0001994450    0.0001994450    0.0001994450    0.0001994450
  0.0001994450    0.0001994450    0.0001994450    0.0001994450    0.0001994450
  0.0001994450    0.0001994450    0.0001994450    0.0001994450    0.0001994450
  0.0001994450    0.0001994450    0.0001994450    0.0001994450    0.0001994450
  0.0001994450    0.0001994450    0.0001994450    0.0001994450    0.0001994450
  0.0001994450    0.0001994450    0.0001994450    0.0001994450    0.0001994450
  0.0001994450    0.0001994450    0.0001994450    0.0001994450    0.0001994450
  0.0001994450    0.0001994450    0.0001994450    0.0001994450    0.0001994450
  0.0001994450    0.0001994450    0.0001994450    0.0001994450    0.0001994450
  0.0001994450    0.0001994450    0.0001994450    0.0001994450    0.0001994450
  0.0001994450    0.0001994450    0.0001994450    0.0001994450    0.0001994450
  0.0001994450    0.0001994450    0.0001994450    0.0001994450    0.0001994450
  0.0001994450    0.0001994450    0.0001994450    0.0001994450    0.0001994450
  0.0001994450    0.0001994450    0.0001994450    0.0001994450    0.0001994450
  0.0001994450    0.0001994450    0.0001994450    0.0001994450    0.0001994450
  0.0001994450    0.0001994450    0.0001994450    0.0001994450    0.0001994450
  0.0001994450    0.0001994450    0.0001994450    0.0001994450    0.0001994450
  0.0001994450    0.0001994450    0.0001994450    0.0001994450    0.0001994450
  0.0001994450    0.0001994450    0.0001994450    0.0001994450    0.0001994450
  0.0001994450    0.0001994450    0.0001994450    0.0001994450    0.0001994450
  0.0013459703    0.0013406582    0.0013319038    0.0013226485    0.0013132492
  0.0013037909    0.0012942991    0.0012847905    0.0012752694    0.0012657408
  0.0012562057    0.0012466651    0.0012371251    0.0012275825    0.0012180386
  0.0012084905    0.0011989491    0.0011894021    0.0011798605    0.0011703169
  0.0011607776    0.0011512398    0.0011417056    0.0011321766    0.0011226462
  0.0011131249    0.0011036059    0.0010940914    0.0010845834    0.0010750797
  0.0010655825    0.0010560897    0.0010466076    0.0010371304    0.0010276640
  0.0010182070    0.0010087576    0.0009993181    0.0009898871    0.0009804672
  0.0009710604    0.0009616621    0.0009522784    0.0009429081    0.0009335467
  0.0009242040    0.0009148790    0.0009055606    0.0008962653    0.0008869824
  0.0008777180    0.0008684718    0.0008592401    0.0008500295    0.0008408426
  0.0008316703    0.0008225187    0.0008133940    0.0008042877    0.0007952031
  0.0007861435    0.0007771096    0.0007680993    0.0007591160    0.0007501553
  0.0007412236    0.0007323224    0.0007234498    0.0007145997    0.0007057841
  0.0006969945    0.0006882377    0.0006795134    0.0006708164    0.0006621585
  0.0006535258    0.0006449327    0.0006363661    0.0006278426    0.0006193452
  0.0006108868    0.0006024578    0.0005940708    0.0005857156    0.0005773946
  0.0005691090    0.0005608577    0.0005526444    0.0005444583    0.0005363091
  0.0005281945    0.0005201077    0.0005120512    0.0005040278    0.0004960236
  0.0004880513    0.0004801018    0.0004721753    0.0004642629    0.0004563644
  0.0004484741    0.0004405876    0.0004327018    0.0004248100    0.0004168985
  0.0004089625    0.0004009949    0.0003929724    0.0003848885    0.0003767129
  0.0003684345    0.0003600095    0.0003514089    0.0003425829    0.0003334597
  0.0003239525    0.0003139322    0.0003032004    0.0002914383    0.0002780837
  0.0002619070    0.0002391996    0.0002262989    0.0002262989    0.0002262989
  0.0002262989    0.0002262989    0.0002262989    0.0002262989    0.0002262989
  0.0002262989    0.0002262989    0.0002262989    0.0002262989    0.0002262989
  0.0002262989    0.0002262989    0.0002262989    0.0002262989    0.0002262989
  0.0002262989    0.0002262989    0.0002262989    0.0002262989    0.0002262989
  0.0002262989    0.0002262989    0.0002262989    0.0002262989    0.0002262989
  0.0002262989    0.0002262989    0.0002262989    0.0002262989    0.0002262989
  0.0002262989    0.0002262989    0.0002262989    0.0002262989    0.0002262989
  0.0002262989    0.0002262989    0.0002262989    0.0002262989    0.0002262989
  0.0002262989    0.0002262989    0.0002262989    0.0002262989    0.0002262989
  0.0002262989    0.0002262989    0.0002262989    0.0002262989    0.0002262989
  0.0002262989    0.0002262989    0.0002262989    0.0002262989    0.0002262989
  0.0002262989    0.0002262989    0.0002262989    0.0002262989    0.0002262989
  0.0002262989    0.0002262989    0.0002262989    0.0002262989    0.0002262989
  0.0002262989    0.0002262989    0.0002262989    0.0002262989    0.0002262989
  0.0002262989    0.0002262989    0.0002262989    0.0002262989    0.0002262989
  0.0002262989    0.0002262989    0.0002262989    0.0002262989    0.0002262989
  0.0002262989    0.0002262989    0.0002262989    0.0002262989    0.0002262989
  0.0002262989    0.0002262989    0.0002262989    0.0002262989    0.0002262989
  0.0002262989    0.0002262989    0.0002262989    0.0002262989    0.0002262989
  0.0002262989    0.0002262989    0.0002262989    0.0002262989    0.0002262989
  0.0002262989    0.0002262989    0.0002262989    0.0002262989    0.0002262989
  0.0002262989    0.0002262989    0.0002262989    0.0002262989    0.0002262989
  0.0002262989    0.0002262989    0.0002262989    0.0002262989    0.0002262989
  0.0002262989    0.0002262989    0.0002262989    0.0002262989    0.0002262989
  0.0002262989    0.0002262989    0.0002262989    0.0002262989    0.0002262989
  0.0002262989    0.0002262989    0.0002262989    0.0002262989    0.0002262989
  0.0002262989    0.0002262989    0.0002262989    0.0002262989    0.0002262989
  0.0002262989    0.0002262989    0.0002262989    0.0002262989    0.0002262989
  0.0002262989    0.0002262989    0.0002262989    0.0002262989    0.0002262989
  0.0002262989    0.0002262989    0.0002262989    0.0002262989    0.0002262989
  0.0002262989    0.0002262989    0.0002262989    0.0002262989    0.0002262989
  0.0002262989    0.0002262989    0.0002262989    0.0002262989    0.0002262989
  0.0002262989    0.0002262989    0.0002262989    0.0002262989    0.0002262989
  0.0002262989    0.0002262989    0.0002262989    0.0002262989    0.0002262989
  0.0002262989    0.0002262989    0.0002262989    0.0002262989    0.0002262989
  0.0014870099    0.0014824301    0.0014741169    0.0014650681    0.0014557954
  0.0014464231    0.0014369994    0.0014275392    0.0014180616    0.0014085708
  0.0013990671    0.0013895613    0.0013800386    0.0013705158    0.0013609888
  0.0013514588    0.0013419219    0.0013323848    0.0013228436    0.0013133049
  0.0013037601    0.0012942158    0.0012846686    0.0012751249    0.0012655813
  0.0012560395    0.0012464964    0.0012369537    0.0012274130    0.0012178805
  0.0012083399    0.0011988108    0.0011892817    0.0011797541    0.0011702346
  0.0011607160    0.0011512003    0.0011416894    0.0011321894    0.0011226897
  0.0011132006    0.0011037157    0.0010942412    0.0010847710    0.0010753113
  0.0010658601    0.0010564156    0.0010469839    0.0010375597    0.0010281450
  0.0010187460    0.0010093536    0.0009999777    0.0009906131    0.0009812590
  0.0009719212    0.0009625952    0.0009532904    0.0009439955    0.0009347200
  0.0009254598    0.0009162142    0.0009069893    0.0008977815    0.0008885935
  0.0008794280    0.0008702788    0.0008611517    0.0008520498    0.0008429642
  0.0008339069    0.0008248693    0.0008158548    0.0008068696    0.0007979083
  0.0007889718    0.0007800638    0.0007711819    0.0007623250    0.0007535046
  0.0007447037    0.0007359391    0.0007272020    0.0007184919    0.0007098202
  0.0007011744    0.0006925589    0.0006839808    0.0006754354    0.0006669164
  0.0006584376    0.0006499866    0.0006415711    0.0006331923    0.0006248431
  0.0006165299    0.0006082483    0.0005999990    0.0005917829    0.0005836009
  0.0005754456    0.0005673298    0.0005592361    0.0005511665    0.0005431326
  0.0005351200    0.0005271274    0.0005191658    0.0005112124    0.0005032797
  0.0004953576    0.0004874438    0.0004795281    0.0004716189    0.0004636899
  0.0004557573    0.0004477918    0.0004397931    0.0004317488    0.0004236492
  0.0004154614    0.0004071812    0.0003987793    0.0003902260    0.0003814674
  0.0003724718    0.0003631583    0.0003534441    0.0003431918    0.0003322196
  0.0003202125    0.0003066375    0.0002903851    0.0002684714    0.0002537867
  0.0002537867    0.0002537867    0.0002537867    0.0002537867    0.0002537867
  0.0002537867    0.0002537867    0.0002537867    0.0002537867    0.0002537867
  0.0002537867    0.0002537867    0.0002537867    0.0002537867    0.0002537867
  0.0002537867    0.0002537867    0.0002537867    0.0002537867    0.0002537867
  0.0002537867    0.0002537867    0.0002537867    0.0002537867    0.0002537867
  0.0002537867    0.0002537867    0.0002537867    0.0002537867    0.0002537867
  0.0002537867    0.0002537867    0.0002537867    0.0002537867    0.0002537867
  0.0002537867    0.0002537867    0.0002537867    0.0002537867    0.0002537867
  0.0002537867    0.0002537867    0.0002537867    0.0002537867    0.0002537867
  0.0002537867    0.0002537867    0.0002537867    0.0002537867    0.0002537867
  0.0002537867    0.0002537867    0.0002537867    0.0002537867    0.0002537867
  0.0002537867    0.0002537867    0.0002537867    0.0002537867    0.0002537867
  0.0002537867    0.0002537867    0.0002537867    0.0002537867    0.0002537867
  0.0002537867    0.0002537867    0.0002537867    0.0002537867    0.0002537867
  0.0002537867    0.0002537867    0.0002537867    0.0002537867    0.0002537867
  0.0002537867    0.0002537867    0.0002537867    0.0002537867    0.0002537867
  0.0002537867    0.0002537867    0.0002537867    0.0002537867    0.0002537867
  0.0002537867    0.0002537867    0.0002537867    0.0002537867    0.0002537867
  0.0002537867    0.0002537867    0.0002537867    0.0002537867    0.0002537867
  0.0002537867    0.0002537867    0.0002537867    0.0002537867    0.0002537867
  0.0002537867    0.0002537867    0.0002537867    0.0002537867    0.0002537867
  0.0002537867    0.0002537867    0.0002537867    0.0002537867    0.0002537867
  0.0002537867    0.0002537867    0.0002537867    0.0002537867    0.0002537867
  0.0002537867    0.0002537867    0.0002537867    0.0002537867    0.0002537867
  0.0002537867    0.0002537867    0.0002537867    0.0002537867    0.0002537867
  0.0002537867    0.0002537867    0.0002537867    0.0002537867    0.0002537867
  0.0002537867    0.0002537867    0.0002537867    0.0002537867    0.0002537867
  0.0002537867    0.0002537867    0.0002537867    0.0002537867    0.0002537867
  0.0002537867    0.0002537867    0.0002537867    0.0002537867    0.0002537867
  0.0002537867    0.0002537867    0.0002537867    0.0002537867    0.0002537867
  0.0002537867    0.0002537867    0.0002537867    0.0002537867    0.0002537867
  0.0002537867    0.0002537867    0.0002537867    0.0002537867    0.0002537867
  0.0002537867    0.0002537867    0.0002537867    0.0002537867    0.0002537867
  0.0016274071    0.0016234918    0.0016157085    0.0016069439    0.0015978412
  0.0015885891    0.0015792601    0.0015698836    0.0015604775    0.0015510452
  0.0015415974    0.0015321337    0.0015226603    0.0015131777    0.0015036867
  0.0014941937    0.0014846887    0.0014751784    0.0014656691    0.0014561514
  0.0014466264    0.0014371008    0.0014275757    0.0014180419    0.0014085113
  0.0013989746    0.0013894386    0.0013798994    0.0013703584    0.0013608171
  0.0013512769    0.0013417343    0.0013321907    0.0013226478    0.0013131117
  0.0013035697    0.0012940281    0.0012844932    0.0012749571    0.0012654262
  0.0012558974    0.0012463678    0.0012368394    0.0012273225    0.0012178056
  0.0012082949    0.0011987877    0.0011892858    0.0011797869    0.0011702969
  0.0011608135    0.0011513345    0.0011418658    0.0011324012    0.0011229469
  0.0011135005    0.0011040684    0.0010946366    0.0010852190    0.0010758139
  0.0010664195    0.0010570341    0.0010476601    0.0010383033    0.0010289551
  0.0010196212    0.0010103041    0.0010010025    0.0009917082    0.0009824379
  0.0009731833    0.0009639435    0.0009547215    0.0009455160    0.0009363303
  0.0009271634    0.0009180211    0.0009088968    0.0008997901    0.0008907103
  0.0008816477    0.0008726116    0.0008635990    0.0008546097    0.0008456444
  0.0008367059    0.0008277919    0.0008189031    0.0008100397    0.0008012112
  0.0007924043    0.0007836284    0.0007748817    0.0007661628    0.0007574732
  0.0007488169    0.0007401878    0.0007315974    0.0007230308    0.0007144973
  0.0007059989    0.0006975287    0.0006890894    0.0006806859    0.0006723126
  0.0006639762    0.0006556701    0.0006473893    0.0006391421    0.0006309282
  0.0006227499    0.0006145907    0.0006064690    0.0005983697    0.0005902946
  0.0005822517    0.0005742285    0.0005662264    0.0005582421    0.0005502763
  0.0005423265    0.0005343839    0.0005264479    0.0005185188    0.0005105746
  0.0005026331    0.0004946732    0.0004866866    0.0004786710    0.0004706052
  0.0004624898    0.0004542986    0.0004460291    0.0004376388    0.0004291161
  0.0004204302    0.0004115296    0.0004023680    0.0003928768    0.0003829664
  0.0003725017    0.0003613065    0.0003490667    0.0003353034    0.0003190061
  0.0002976756    0.0002818693    0.0002818693    0.0002818693    0.0002818693
  0.0002818693    0.0002818693    0.0002818693    0.0002818693    0.0002818693
  0.0002818693    0.0002818693    0.0002818693    0.0002818693    0.0002818693
  0.0002818693    0.0002818693    0.0002818693    0.0002818693    0.0002818693
  0.0002818693    0.0002818693    0.0002818693    0.0002818693    0.0002818693
  0.0002818693    0.0002818693    0.0002818693    0.0002818693    0.0002818693
  0.0002818693    0.0002818693    0.0002818693    0.0002818693    0.0002818693
  0.0002818693    0.0002818693    0.0002818693    0.0002818693    0.0002818693
  0.0002818693    0.0002818693    0.0002818693    0.0002818693    0.0002818693
  0.0002818693    0.0002818693    0.0002818693    0.0002818693    0.0002818693
  0.0002818693    0.0002818693    0.0002818693    0.0002818693    0.0002818693
  0.0002818693    0.0002818693    0.0002818693    0.0002818693    0.0002818693
  0.0002818693    0.0002818693    0.0002818693    0.0002818693    0.0002818693
  0.0002818693    0.0002818693    0.0002818693    0.0002818693    0.0002818693
  0.0002818693    0.0002818693    0.0002818693    0.0002818693    0.0002818693
  0.0002818693    0.0002818693    0.0002818693    0.0002818693    0.0002818693
  0.0002818693    0.0002818693    0.0002818693    0.0002818693    0.0002818693
  0.0002818693    0.0002818693    0.0002818693    0.0002818693    0.0002818693
  0.0002818693    0.0002818693    0.0002818693    0.0002818693    0.0002818693
  0.0002818693    0.0002818693    0.0002818693    0.0002818693    0.0002818693
  0.0002818693    0.0002818693    0.0002818693    0.0002818693    0.0002818693
  0.0002818693    0.0002818693    0.0002818693    0.0002818693    0.0002818693
  0.0002818693    0.0002818693    0.0002818693    0.0002818693    0.0002818693
  0.0002818693    0.0002818693    0.0002818693    0.0002818693    0.0002818693
  0.0002818693    0.0002818693    0.0002818693    0.0002818693    0.0002818693
  0.0002818693    0.0002818693    0.0002818693    0.0002818693    0.0002818693
  0.0002818693    0.0002818693    0.0002818693    0.0002818693    0.0002818693
  0.0002818693    0.0002818693    0.0002818693    0.0002818693    0.0002818693
  0.0002818693    0.0002818693    0.0002818693    0.0002818693    0.0002818693
  0.0002818693    0.0002818693    0.0002818693    0.0002818693    0.0002818693
  0.0002818693    0.0002818693    0.0002818693    0.0002818693    0.0002818693
  0.0017670920    0.0017637452    0.0017565672    0.0017481423    0.0017392601
  0.0017301741    0.0017209695    0.0017116975    0.0017023805    0.0016930267
  0.0016836522    0.0016742561    0.0016648441    0.0016554224    0.0016459853
  0.0016365395    0.0016270856    0.0016176245    0.0016081569    0.0015986782
  0.0015892007    0.0015797083    0.0015702193    0.0015607175    0.0015512156
  0.0015417088    0.0015321984    0.0015226856    0.0015131714    0.0015036464
  0.0014941224    0.0014845954    0.0014750665    0.0014655372    0.0014560033
  0.0014464714    0.0014369325    0.0014273930    0.0014178594    0.0014083179
  0.0013987799    0.0013892418    0.0013797050    0.0013701661    0.0013606313
  0.0013510925    0.0013415559    0.0013320233    0.0013224957    0.0013129656
  0.0013034393    0.0012939182    0.0012843995    0.0012748844    0.0012653706
  0.0012558639    0.0012463617    0.0012368656    0.0012273773    0.0012178942
  0.0012084140    0.0011989426    0.0011894776    0.0011800251    0.0011705745
  0.0011611318    0.0011516990    0.0011422781    0.0011328708    0.0011234713
  0.0011140818    0.0011047039    0.0010953364    0.0010859811    0.0010766403
  0.0010673123    0.0010579993    0.0010486999    0.0010394128    0.0010301440
  0.0010208921    0.0010116560    0.0010024415    0.0009932372    0.0009840528
  0.0009748938    0.0009657495    0.0009566258    0.0009475222    0.0009384380
  0.0009293761    0.0009203422    0.0009113239    0.0009023330    0.0008933693
  0.0008844240    0.0008755060    0.0008666154    0.0008577468    0.0008489090
  0.0008400968    0.0008313137    0.0008225545    0.0008138287    0.0008051260
  0.0007964609    0.0007878213    0.0007792110    0.0007706315    0.0007620821
  0.0007535616    0.0007450744    0.0007366177    0.0007281959    0.0007197956
  0.0007114370    0.0007031090    0.0006948021    0.0006865301    0.0006782914
  0.0006700797    0.0006618966    0.0006537460    0.0006456184    0.0006375113
  0.0006294387    0.0006213856    0.0006133556    0.0006053375    0.0005973416
  0.0005893655    0.0005814039    0.0005734453    0.0005654925    0.0005575425
  0.0005495816    0.0005416140    0.0005336394    0.0005256391    0.0005176067
  0.0005095309    0.0005014084    0.0004932183    0.0004849417    0.0004765736
  0.0004680815    0.0004594464    0.0004506255    0.0004415858    0.0004322658
  0.0004226080    0.0004125132    0.0004018541    0.0003904456    0.0003780152
  0.0003640683    0.0003477322    0.0003268769    0.0003105193    0.0003105193
  0.0003105193    0.0003105193    0.0003105193    0.0003105193    0.0003105193
  0.0003105193    0.0003105193    0.0003105193    0.0003105193    0.0003105193
  0.0003105193    0.0003105193    0.0003105193    0.0003105193    0.0003105193
  0.0003105193    0.0003105193    0.0003105193    0.0003105193    0.0003105193
  0.0003105193    0.0003105193    0.0003105193    0.0003105193    0.0003105193
  0.0003105193    0.0003105193    0.0003105193    0.0003105193    0.0003105193
  0.0003105193    0.0003105193    0.0003105193    0.0003105193    0.0003105193
  0.0003105193    0.0003105193    0.0003105193    0.0003105193    0.0003105193
  0.0003105193    0.0003105193    0.0003105193    0.0003105193    0.0003105193
  0.0003105193    0.0003105193    0.0003105193    0.0003105193    0.0003105193
  0.0003105193    0.0003105193    0.0003105193    0.0003105193    0.0003105193
  0.0003105193    0.0003105193    0.0003105193    0.0003105193    0.0003105193
  0.0003105193    0.0003105193    0.0003105193    0.0003105193    0.0003105193
  0.0003105193    0.0003105193    0.0003105193    0.0003105193    0.0003105193
  0.0003105193    0.0003105193    0.0003105193    0.0003105193    0.0003105193
  0.0003105193    0.0003105193    0.0003105193    0.0003105193    0.0003105193
  0.0003105193    0.0003105193    0.0003105193    0.0003105193    0.0003105193
  0.0003105193    0.0003105193    0.0003105193    0.0003105193    0.0003105193
  0.0003105193    0.0003105193    0.0003105193    0.0003105193    0.0003105193
  0.0003105193    0.0003105193    0.0003105193    0.0003105193    0.0003105193
  0.0003105193    0.0003105193    0.0003105193    0.0003105193    0.0003105193
  0.0003105193    0.0003105193    0.0003105193    0.0003105193    0.0003105193
  0.0003105193    0.0003105193    0.0003105193    0.0003105193    0.0003105193
  0.0003105193    0.0003105193    0.0003105193    0.0003105193    0.0003105193
  0.0003105193    0.0003105193    0.0003105193    0.0003105193    0.0003105193
  0.0003105193    0.0003105193    0.0003105193    0.0003105193    0.0003105193
  0.0003105193    0.0003105193    0.0003105193    0.0003105193    0.0003105193
  0.0003105193    0.0003105193    0.0003105193    0.0003105193    0.0003105193
  0.0019060273    0.0019031657    0.0018966074    0.0018885881    0.0018799779
  0.0018710830    0.0018620353    0.0018528892    0.0018436783    0.0018344287
  0.0018251431    0.0018158260    0.0018064957    0.0017971390    0.0017877751
  0.0017783913    0.0017690008    0.0017595978    0.0017501893    0.0017407696
  0.0017313397    0.0017219065    0.0017124586    0.0017030091    0.0016935529
  0.0016840909    0.0016746241    0.0016651475    0.0016556739    0.0016461869
  0.0016366990    0.0016272055    0.0016177076    0.0016082063    0.0015987026
  0.0015891922    0.0015796817    0.0015701666    0.0015606483    0.0015511277
  0.0015416006    0.0015320738    0.0015225483    0.0015130201    0.0015034903
  0.0014939551    0.0014844209    0.0014748889    0.0014653502    0.0014558164
  0.0014462785    0.0014367431    0.0014272113    0.0014176748    0.0014081447
  0.0013986125    0.0013890800    0.0013795485    0.0013700241    0.0013605036
  0.0013509791    0.0013414662    0.0013319522    0.0013224437    0.0013129373
  0.0013034304    0.0012939336    0.0012844484    0.0012749630    0.0012654793
  0.0012560078    0.0012465413    0.0012370859    0.0012276308    0.0012181901
  0.0012087535    0.0011993306    0.0011899155    0.0011805136    0.0011711152
  0.0011617301    0.0011523563    0.0011429955    0.0011336460    0.0011243138
  0.0011149893    0.0011056821    0.0010963870    0.0010871062    0.0010778416
  0.0010685919    0.0010593561    0.0010501428    0.0010409444    0.0010317661
  0.0010226039    0.0010134634    0.0010043433    0.0009952367    0.0009861588
  0.0009770960    0.0009680604    0.0009590422    0.0009500471    0.0009410805
  0.0009321305    0.0009232112    0.0009143085    0.0009054392    0.0008965947
  0.0008877782    0.0008789840    0.0008702240    0.0008614867    0.0008527737
  0.0008440982    0.0008354428    0.0008268235    0.0008182266    0.0008096627
  0.0008011330    0.0007926288    0.0007841546    0.0007757065    0.0007672963
  0.0007589113    0.0007505629    0.0007422376    0.0007339379    0.0007256725
  0.0007174384    0.0007092314    0.0007010531    0.0006928944    0.0006847713
  0.0006766622    0.0006685826    0.0006605260    0.0006524892    0.0006444708
  0.0006364623    0.0006284727    0.0006204995    0.0006125211    0.0006045552
  0.0005965927    0.0005886264    0.0005806449    0.0005726497    0.0005646371
  0.0005565888    0.0005485085    0.0005403798    0.0005321893    0.0005239237
  0.0005155701    0.0005071081    0.0004985154    0.0004897611    0.0004808202
  0.0004716410    0.0004621736    0.0004523550    0.0004420844    0.0004312451
  0.0004196509    0.0004070225    0.0003929352    0.0003765600    0.0003560791
  0.0003397062    0.0003397062    0.0003397062    0.0003397062    0.0003397062
  0.0003397062    0.0003397062    0.0003397062    0.0003397062    0.0003397062
  0.0003397062    0.0003397062    0.0003397062    0.0003397062    0.0003397062
  0.0003397062    0.0003397062    0.0003397062    0.0003397062    0.0003397062
  0.0003397062    0.0003397062    0.0003397062    0.0003397062    0.0003397062
  0.0003397062    0.0003397062    0.0003397062    0.0003397062    0.0003397062
  0.0003397062    0.0003397062    0.0003397062    0.0003397062    0.0003397062
  0.0003397062    0.0003397062    0.0003397062    0.0003397062    0.0003397062
  0.0003397062    0.0003397062    0.0003397062    0.0003397062    0.0003397062
  0.0003397062    0.0003397062    0.0003397062    0.0003397062    0.0003397062
  0.0003397062    0.0003397062    0.0003397062    0.0003397062    0.0003397062
  0.0003397062    0.0003397062    0.0003397062    0.0003397062    0.0003397062
  0.0003397062    0.0003397062    0.0003397062    0.0003397062    0.0003397062
  0.0003397062    0.0003397062    0.0003397062    0.0003397062    0.0003397062
  0.0003397062    0.0003397062    0.0003397062    0.0003397062    0.0003397062
  0.0003397062    0.0003397062    0.0003397062    0.0003397062    0.0003397062
  0.0003397062    0.0003397062    0.0003397062    0.0003397062    0.0003397062
  0.0003397062    0.0003397062    0.0003397062    0.0003397062    0.0003397062
  0.0003397062    0.0003397062    0.0003397062    0.0003397062    0.0003397062
  0.0003397062    0.0003397062    0.0003397062    0.0003397062    0.0003397062
  0.0003397062    0.0003397062    0.0003397062    0.0003397062    0.0003397062
  0.0003397062    0.0003397062    0.0003397062    0.0003397062    0.0003397062
  0.0003397062    0.0003397062    0.0003397062    0.0003397062    0.0003397062
  0.0003397062    0.0003397062    0.0003397062    0.0003397062    0.0003397062
  0.0003397062    0.0003397062    0.0003397062    0.0003397062    0.0003397062
  0.0003397062    0.0003397062    0.0003397062    0.0003397062    0.0003397062
  0.0020441819    0.0020417293    0.0020357845    0.0020282234    0.0020199252
  0.0020112648    0.0020023973    0.0019934013    0.0019843220    0.0019751844
  0.0019660036    0.0019567830    0.0019475346    0.0019382708    0.0019289842
  0.0019196815    0.0019103626    0.0019010280    0.0018916847    0.0018823331
  0.0018729672    0.0018635944    0.0018542087    0.0018448172    0.0018354209
  0.0018260142    0.0018165976    0.0018071786    0.0017977516    0.0017883114
  0.0017788711    0.0017694256    0.0017599756    0.0017505162    0.0017410542
  0.0017315846    0.0017221144    0.0017126386    0.0017031521    0.0016936680
  0.0016841755    0.0016746814    0.0016651810    0.0016556812    0.0016461714
  0.0016366643    0.0016271551    0.0016176338    0.0016081184    0.0015985988
  0.0015890762    0.0015795516    0.0015700265    0.0015604964    0.0015509626
  0.0015414370    0.0015319050    0.0015223729    0.0015128421    0.0015033087
  0.0014937790    0.0014842442    0.0014747106    0.0014651798    0.0014556528
  0.0014461211    0.0014365962    0.0014270743    0.0014175519    0.0014080355
  0.0013985168    0.0013890021    0.0013794976    0.0013699859    0.0013604873
  0.0013509938    0.0013415027    0.0013320110    0.0013225337    0.0013130588
  0.0013035927    0.0012941324    0.0012846794    0.0012752359    0.0012657988
  0.0012563741    0.0012469512    0.0012375401    0.0012281426    0.0012187481
  0.0012093706    0.0012000040    0.0011906461    0.0011813027    0.0011719718
  0.0011626553    0.0011533476    0.0011440547    0.0011347855    0.0011255237
  0.0011162754    0.0011070493    0.0010978338    0.0010886412    0.0010794632
  0.0010703021    0.0010611634    0.0010520461    0.0010429422    0.0010338609
  0.0010247977    0.0010157584    0.0010067423    0.0009977480    0.0009887755
  0.0009798241    0.0009709056    0.0009620010    0.0009531251    0.0009442749
  0.0009354526    0.0009266529    0.0009178810    0.0009091344    0.0009004158
  0.0008917313    0.0008830673    0.0008744270    0.0008658195    0.0008572445
  0.0008487005    0.0008401832    0.0008316887    0.0008232304    0.0008147976
  0.0008064008    0.0007980249    0.0007896769    0.0007813671    0.0007730796
  0.0007648250    0.0007565866    0.0007483839    0.0007402085    0.0007320594
  0.0007239258    0.0007158242    0.0007077413    0.0006996821    0.0006916306
  0.0006836098    0.0006756000    0.0006675962    0.0006596125    0.0006516342
  0.0006436543    0.0006356783    0.0006276926    0.0006197080    0.0006117030
  0.0006036750    0.0005956201    0.0005875294    0.0005793945    0.0005712074
  0.0005629520    0.0005546162    0.0005461820    0.0005376270    0.0005289331
  0.0005200707    0.0005110059    0.0005017008    0.0004920938    0.0004821159
  0.0004716874    0.0004606639    0.0004488955    0.0004361128    0.0004218859
  0.0004054790    0.0003853271    0.0003694070    0.0003694070    0.0003694070
  0.0003694070    0.0003694070    0.0003694070    0.0003694070    0.0003694070
  0.0003694070    0.0003694070    0.0003694070    0.0003694070    0.0003694070
  0.0003694070    0.0003694070    0.0003694070    0.0003694070    0.0003694070
  0.0003694070    0.0003694070    0.0003694070    0.0003694070    0.0003694070
  0.0003694070    0.0003694070    0.0003694070    0.0003694070    0.0003694070
  0.0003694070    0.0003694070    0.0003694070    0.0003694070    0.0003694070
  0.0003694070    0.0003694070    0.0003694070    0.0003694070    0.0003694070
  0.0003694070    0.0003694070    0.0003694070    0.0003694070    0.0003694070
  0.0003694070    0.0003694070    0.0003694070    0.0003694070    0.0003694070
  0.0003694070    0.0003694070    0.0003694070    0.0003694070    0.0003694070
  0.0003694070    0.0003694070    0.0003694070    0.0003694070    0.0003694070
  0.0003694070    0.0003694070    0.0003694070    0.0003694070    0.0003694070
  0.0003694070    0.0003694070    0.0003694070    0.0003694070    0.0003694070
  0.0003694070    0.0003694070    0.0003694070    0.0003694070    0.0003694070
  0.0003694070    0.0003694070    0.0003694070    0.0003694070    0.0003694070
  0.0003694070    0.0003694070    0.0003694070    0.0003694070    0.0003694070
  0.0003694070    0.0003694070    0.0003694070    0.0003694070    0.0003694070
  0.0003694070    0.0003694070    0.0003694070    0.0003694070    0.0003694070
  0.0003694070    0.0003694070    0.0003694070    0.0003694070    0.0003694070
  0.0003694070    0.0003694070    0.0003694070    0.0003694070    0.0003694070
  0.0003694070    0.0003694070    0.0003694070    0.0003694070    0.0003694070
  0.0003694070    0.0003694070    0.0003694070    0.0003694070    0.0003694070
  0.0003694070    0.0003694070    0.0003694070    0.0003694070    0.0003694070
  0.0021815709    0.0021794548    0.0021740954    0.0021670048    0.0021590658
  0.0021506678    0.0021420143    0.0021331953    0.0021242612    0.0021152573
  0.0021061902    0.0020970768    0.0020879360    0.0020787583    0.0020695645
  0.0020603464    0.0020511110    0.0020418583    0.0020325884    0.0020233086
  0.0020140193    0.0020047139    0.0019953999    0.0019860711    0.0019767417
  0.0019673987    0.0019580496    0.0019486884    0.0019393158    0.0019299458
  0.0019205595    0.0019111706    0.0019017735    0.0018923689    0.0018829577
  0.0018735407    0.0018641189    0.0018546929    0.0018452572    0.0018358192
  0.0018263673    0.0018169208    0.0018074623    0.0017979988    0.0017885312
  0.0017790666    0.0017695875    0.0017601074    0.0017506208    0.0017411351
  0.0017316391    0.0017221457    0.0017126443    0.0017031417    0.0016936388
  0.0016841254    0.0016746139    0.0016650996    0.0016555837    0.0016460671
  0.0016365455    0.0016270202    0.0016174975    0.0016079679    0.0015984434
  0.0015889140    0.0015793868    0.0015698573    0.0015603268    0.0015507966
  0.0015412679    0.0015317367    0.0015222147    0.0015126827    0.0015031571
  0.0014936342    0.0014841105    0.0014745920    0.0014650706    0.0014555572
  0.0014460483    0.0014365405    0.0014270351    0.0014175340    0.0014080380
  0.0013985490    0.0013890591    0.0013795788    0.0013701054    0.0013606357
  0.0013511756    0.0013417180    0.0013322729    0.0013228293    0.0013134015
  0.0013039782    0.0012945654    0.0012851566    0.0012757613    0.0012663772
  0.0012569982    0.0012476419    0.0012382902    0.0012289484    0.0012196188
  0.0012103030    0.0012010067    0.0011917202    0.0011824454    0.0011731881
  0.0011639500    0.0011547221    0.0011455138    0.0011363231    0.0011271486
  0.0011179890    0.0011088495    0.0010997294    0.0010906301    0.0010815537
  0.0010724895    0.0010634496    0.0010544388    0.0010454344    0.0010364636
  0.0010275164    0.0010185825    0.0010096800    0.0010008020    0.0009919416
  0.0009831138    0.0009743117    0.0009655296    0.0009567757    0.0009480498
  0.0009393490    0.0009306762    0.0009220318    0.0009134204    0.0009048296
  0.0008962676    0.0008877373    0.0008792367    0.0008707517    0.0008623079
  0.0008538911    0.0008455046    0.0008371427    0.0008288088    0.0008204957
  0.0008122180    0.0008039687    0.0007957383    0.0007875461    0.0007793646
  0.0007712130    0.0007630939    0.0007549911    0.0007468983    0.0007388419
  0.0007307874    0.0007227587    0.0007147486    0.0007067433    0.0006987441
  0.0006907595    0.0006827708    0.0006747839    0.0006667979    0.0006587930
  0.0006507796    0.0006427442    0.0006346876    0.0006265941    0.0006184605
  0.0006102759    0.0006020318    0.0005937020    0.0005853002    0.0005767796
  0.0005681403    0.0005593481    0.0005503776    0.0005411979    0.0005317609
  0.0005220168    0.0005118980    0.0005013094    0.0004901316    0.0004782023
  0.0004652577    0.0004509132    0.0004344906    0.0004145943    0.0003995939
  0.0003995939    0.0003995939    0.0003995939    0.0003995939    0.0003995939
  0.0003995939    0.0003995939    0.0003995939    0.0003995939    0.0003995939
  0.0003995939    0.0003995939    0.0003995939    0.0003995939    0.0003995939
  0.0003995939    0.0003995939    0.0003995939    0.0003995939    0.0003995939
  0.0003995939    0.0003995939    0.0003995939    0.0003995939    0.0003995939
  0.0003995939    0.0003995939    0.0003995939    0.0003995939    0.0003995939
  0.0003995939    0.0003995939    0.0003995939    0.0003995939    0.0003995939
  0.0003995939    0.0003995939    0.0003995939    0.0003995939    0.0003995939
  0.0003995939    0.0003995939    0.0003995939    0.0003995939    0.0003995939
  0.0003995939    0.0003995939    0.0003995939    0.0003995939    0.0003995939
  0.0003995939    0.0003995939    0.0003995939    0.0003995939    0.0003995939
  0.0003995939    0.0003995939    0.0003995939    0.0003995939    0.0003995939
  0.0003995939    0.0003995939    0.0003995939    0.0003995939    0.0003995939
  0.0003995939    0.0003995939    0.0003995939    0.0003995939    0.0003995939
  0.0003995939    0.0003995939    0.0003995939    0.0003995939    0.0003995939
  0.0003995939    0.0003995939    0.0003995939    0.0003995939    0.0003995939
  0.0003995939    0.0003995939    0.0003995939    0.0003995939    0.0003995939
  0.0003995939    0.0003995939    0.0003995939    0.0003995939    0.0003995939
  0.0003995939    0.0003995939    0.0003995939    0.0003995939    0.0003995939
  0.0003995939    0.0003995939    0.0003995939    0.0003995939    0.0003995939
  0.0003995939    0.0003995939    0.0003995939    0.0003995939    0.0003995939
  0.0023181799    0.0023163414    0.0023115237    0.0023049346    0.0022973770
  0.0022892786    0.0022808592    0.0022722370    0.0022634752    0.0022546106
  0.0022456787    0.0022366879    0.0022276568    0.0022185825    0.0022094859
  0.0022003657    0.0021912137    0.0021820520    0.0021728654    0.0021636689
  0.0021544552    0.0021452246    0.0021359848    0.0021267362    0.0021174720
  0.0021081999    0.0020989204    0.0020896270    0.0020803275    0.0020710153
  0.0020616982    0.0020523699    0.0020430379    0.0020336960    0.0020243451
  0.0020149925    0.0020056254    0.0019962514    0.0019868780    0.0019774858
  0.0019680956    0.0019587016    0.0019492913    0.0019398853    0.0019304647
  0.0019210435    0.0019116159    0.0019021828    0.0018927451    0.0018833037
  0.0018738529    0.0018643938    0.0018549398    0.0018454733    0.0018360071
  0.0018265302    0.0018170498    0.0018075725    0.0017980873    0.0017885953
  0.0017791034    0.0017696065    0.0017601116    0.0017506019    0.0017411021
  0.0017315899    0.0017220778    0.0017125668    0.0017030468    0.0016935299
  0.0016840117    0.0016744876    0.0016649643    0.0016554430    0.0016459192
  0.0016363888    0.0016268635    0.0016173392    0.0016078118    0.0015982825
  0.0015887575    0.0015792329    0.0015697050    0.0015601800    0.0015506590
  0.0015411383    0.0015316192    0.0015221079    0.0015125909    0.0015030790
  0.0014935741    0.0014840676    0.0014745702    0.0014650740    0.0014555851
  0.0014460954    0.0014366156    0.0014271380    0.0014176642    0.0014082043
  0.0013987418    0.0013892964    0.0013798559    0.0013704218    0.0013609958
  0.0013515753    0.0013421660    0.0013327647    0.0013233741    0.0013139946
  0.0013046206    0.0012952693    0.0012859222    0.0012765852    0.0012672603
  0.0012579486    0.0012486600    0.0012393727    0.0012301078    0.0012208482
  0.0012116107    0.0012023933    0.0011931833    0.0011839966    0.0011748176
  0.0011656659    0.0011565326    0.0011474095    0.0011383121    0.0011292290
  0.0011201721    0.0011111300    0.0011021115    0.0010931156    0.0010841410
  0.0010751832    0.0010662545    0.0010573501    0.0010484630    0.0010396025
  0.0010307666    0.0010219616    0.0010131773    0.0010044137    0.0009956761
  0.0009869723    0.0009782911    0.0009696322    0.0009610088    0.0009524106
  0.0009438319    0.0009352912    0.0009267735    0.0009182839    0.0009098201
  0.0009013853    0.0008929781    0.0008845985    0.0008762545    0.0008679282
  0.0008596326    0.0008513615    0.0008431185    0.0008348922    0.0008266974
  0.0008185349    0.0008103797    0.0008022609    0.0007941598    0.0007860751
  0.0007780035    0.0007699543    0.0007619178    0.0007539058    0.0007458921
  0.0007378912    0.0007298967    0.0007219008    0.0007139121    0.0007059135
  0.0006979114    0.0006898854    0.0006818524    0.0006737885    0.0006656966
  0.0006575594    0.0006493821    0.0006411418    0.0006328337    0.0006244455
  0.0006159652    0.0006073658    0.0005986383    0.0005897486    0.0005806797
  0.0005713790    0.0005618212    0.0005519516    0.0005416834    0.0005309540
  0.0005196297    0.0005075374    0.0004944666    0.0004800063    0.0004635623
  0.0004438987    0.0004302483    0.0004302483    0.0004302483    0.0004302483
  0.0004302483    0.0004302483    0.0004302483    0.0004302483    0.0004302483
  0.0004302483    0.0004302483    0.0004302483    0.0004302483    0.0004302483
  0.0004302483    0.0004302483    0.0004302483    0.0004302483    0.0004302483
  0.0004302483    0.0004302483    0.0004302483    0.0004302483    0.0004302483
  0.0004302483    0.0004302483    0.0004302483    0.0004302483    0.0004302483
  0.0004302483    0.0004302483    0.0004302483    0.0004302483    0.0004302483
  0.0004302483    0.0004302483    0.0004302483    0.0004302483    0.0004302483
  0.0004302483    0.0004302483    0.0004302483    0.0004302483    0.0004302483
  0.0004302483    0.0004302483    0.0004302483    0.0004302483    0.0004302483
  0.0004302483    0.0004302483    0.0004302483    0.0004302483    0.0004302483
  0.0004302483    0.0004302483    0.0004302483    0.0004302483    0.0004302483
  0.0004302483    0.0004302483    0.0004302483    0.0004302483    0.0004302483
  0.0004302483    0.0004302483    0.0004302483    0.0004302483    0.0004302483
  0.0004302483    0.0004302483    0.0004302483    0.0004302483    0.0004302483
  0.0004302483    0.0004302483    0.0004302483    0.0004302483    0.0004302483
  0.0004302483    0.0004302483    0.0004302483    0.0004302483    0.0004302483
  0.0004302483    0.0004302483    0.0004302483    0.0004302483    0.0004302483
  0.0004302483    0.0004302483    0.0004302483    0.0004302483    0.0004302483
  0.0024540353    0.0024524310    0.0024481025    0.0024420050    0.0024348491
  0.0024270788    0.0024189174    0.0024105150    0.0024019328    0.0023932383
  0.0023844498    0.0023755907    0.0023666792    0.0023577272    0.0023487320
  0.0023397076    0.0023306608    0.0023215828    0.0023124888    0.0023033784
  0.0022942518    0.0022851011    0.0022759421    0.0022667748    0.0022575844
  0.0022483940    0.0022391814    0.0022299621    0.0022207365    0.0022114978
  0.0022022465    0.0021929905    0.0021837231    0.0021744521    0.0021651636
  0.0021558728    0.0021465730    0.0021372650    0.0021279494    0.0021186267
  0.0021092978    0.0020999562    0.0020906099    0.0020812593    0.0020718982
  0.0020625344    0.0020531617    0.0020437809    0.0020343993    0.0020250045
  0.0020156103    0.0020062111    0.0019967944    0.0019873806    0.0019779643
  0.0019685327    0.0019591065    0.0019496671    0.0019402218    0.0019307777
  0.0019213230    0.0019118648    0.0019024042    0.0018929419    0.0018834662
  0.0018739969    0.0018645162    0.0018550312    0.0018455488    0.0018360580
  0.0018265659    0.0018170670    0.0018075686    0.0017980597    0.0017885590
  0.0017790499    0.0017695392    0.0017600221    0.0017505112    0.0017409960
  0.0017314776    0.0017219571    0.0017124355    0.0017029140    0.0016933879
  0.0016838641    0.0016743433    0.0016648216    0.0016552944    0.0016457687
  0.0016362503    0.0016267249    0.0016171990    0.0016076789    0.0015981657
  0.0015886452    0.0015791289    0.0015696180    0.0015601087    0.0015506023
  0.0015411002    0.0015315985    0.0015220985    0.0015126067    0.0015031242
  0.0014936425    0.0014841632    0.0014746924    0.0014652269    0.0014557679
  0.0014463169    0.0014368707    0.0014274261    0.0014179984    0.0014085795
  0.0013991627    0.0013897579    0.0013803664    0.0013709774    0.0013616046
  0.0013522331    0.0013428852    0.0013335416    0.0013242120    0.0013148906
  0.0013055863    0.0012962969    0.0012870165    0.0012777503    0.0012685000
  0.0012592639    0.0012500433    0.0012408400    0.0012316519    0.0012224849
  0.0012133292    0.0012041942    0.0011950781    0.0011859795    0.0011768960
  0.0011678406    0.0011587978    0.0011497764    0.0011407850    0.0011318054
  0.0011228466    0.0011139136    0.0011049990    0.0010961144    0.0010872523
  0.0010784145    0.0010695977    0.0010608037    0.0010520408    0.0010433024
  0.0010345875    0.0010258957    0.0010172326    0.0010085976    0.0009999871
  0.0009913985    0.0009828453    0.0009743161    0.0009658164    0.0009573439
  0.0009488907    0.0009404646    0.0009320713    0.0009237038    0.0009153669
  0.0009070571    0.0008987602    0.0008904985    0.0008822616    0.0008740504
  0.0008658614    0.0008576936    0.0008495497    0.0008414258    0.0008333243
  0.0008252466    0.0008171773    0.0008091323    0.0008010886    0.0007930722
  0.0007850544    0.0007770546    0.0007690470    0.0007610575    0.0007530563
  0.0007450582    0.0007370462    0.0007290252    0.0007209755    0.0007129109
  0.0007048206    0.0006966850    0.0006885145    0.0006802885    0.0006719900
  0.0006636301    0.0006551770    0.0006466195    0.0006379473    0.0006291319
  0.0006201433    0.0006109696    0.0006015622    0.0005918929    0.0005818883
  0.0005714953    0.0005606223    0.0005491484    0.0005369271    0.0005237186
  0.0005091705    0.0004927062    0.0004732298    0.0004613493    0.0004613493
  0.0004613493    0.0004613493    0.0004613493    0.0004613493    0.0004613493
  0.0004613493    0.0004613493    0.0004613493    0.0004613493    0.0004613493
  0.0004613493    0.0004613493    0.0004613493    0.0004613493    0.0004613493
  0.0004613493    0.0004613493    0.0004613493    0.0004613493    0.0004613493
  0.0004613493    0.0004613493    0.0004613493    0.0004613493    0.0004613493
  0.0004613493    0.0004613493    0.0004613493    0.0004613493    0.0004613493
  0.0004613493    0.0004613493    0.0004613493    0.0004613493    0.0004613493
  0.0004613493    0.0004613493    0.0004613493    0.0004613493    0.0004613493
  0.0004613493    0.0004613493    0.0004613493    0.0004613493    0.0004613493
  0.0004613493    0.0004613493    0.0004613493    0.0004613493    0.0004613493
  0.0004613493    0.0004613493    0.0004613493    0.0004613493    0.0004613493
  0.0004613493    0.0004613493    0.0004613493    0.0004613493    0.0004613493
  0.0004613493    0.0004613493    0.0004613493    0.0004613493    0.0004613493
  0.0004613493    0.0004613493    0.0004613493    0.0004613493    0.0004613493
  0.0004613493    0.0004613493    0.0004613493    0.0004613493    0.0004613493
  0.0004613493    0.0004613493    0.0004613493    0.0004613493    0.0004613493
  0.0025891505    0.0025877344    0.0025838534    0.0025782249    0.0025714834
  0.0025640531    0.0025561819    0.0025480126    0.0025396474    0.0025311275
  0.0025224951    0.0025137812    0.0025050033    0.0024961645    0.0024872862
  0.0024783741    0.0024694263    0.0024604499    0.0024514522    0.0024424326
  0.0024333909    0.0024243348    0.0024152644    0.0024061718    0.0023970731
  0.0023879526    0.0023788186    0.0023696792    0.0023605271    0.0023513626
  0.0023421861    0.0023330060    0.0023238071    0.0023146055    0.0023053939
  0.0022961728    0.0022869354    0.0022776973    0.0022684514    0.0022591908
  0.0022499312    0.0022406583    0.0022313726    0.0022220895    0.0022127876
  0.0022034897    0.0021941743    0.0021848568    0.0021755306    0.0021661962
  0.0021568616    0.0021475131    0.0021381657    0.0021288060    0.0021194349
  0.0021100667    0.0021006883    0.0020913009    0.0020819115    0.0020725144
  0.0020631170    0.0020537064    0.0020442971    0.0020348764    0.0020254519
  0.0020160240    0.0020065873    0.0019971424    0.0019877034    0.0019782514
  0.0019687937    0.0019593378    0.0019498778    0.0019404087    0.0019309371
  0.0019214581    0.0019119788    0.0019024997    0.0018930096    0.0018835216
  0.0018740246    0.0018645256    0.0018550254    0.0018455248    0.0018360190
  0.0018265092    0.0018170017    0.0018074920    0.0017979751    0.0017884581
  0.0017789417    0.0017694212    0.0017599036    0.0017503839    0.0017408635
  0.0017313376    0.0017218186    0.0017122966    0.0017027724    0.0016932475
  0.0016837278    0.0016742150    0.0016646888    0.0016551766    0.0016456537
  0.0016361467    0.0016266364    0.0016171243    0.0016076213    0.0015981135
  0.0015886176    0.0015791196    0.0015696256    0.0015601418    0.0015506551
  0.0015411761    0.0015317111    0.0015222420    0.0015127802    0.0015033265
  0.0014938776    0.0014844353    0.0014750050    0.0014655792    0.0014561594
  0.0014467471    0.0014373478    0.0014279544    0.0014185767    0.0014092037
  0.0013998450    0.0013904938    0.0013811558    0.0013718283    0.0013625126
  0.0013532145    0.0013439236    0.0013346454    0.0013253889    0.0013161406
  0.0013069018    0.0012976859    0.0012884904    0.0012793018    0.0012701332
  0.0012609790    0.0012518477    0.0012427307    0.0012336332    0.0012245565
  0.0012154919    0.0012064559    0.0011974319    0.0011884363    0.0011794570
  0.0011704991    0.0011615649    0.0011526525    0.0011437607    0.0011348951
  0.0011260445    0.0011172239    0.0011084285    0.0010996611    0.0010909168
  0.0010821950    0.0010734925    0.0010648254    0.0010561816    0.0010475607
  0.0010389678    0.0010303991    0.0010218522    0.0010133456    0.0010048512
  0.0009963968    0.0009879579    0.0009795498    0.0009711679    0.0009628147
  0.0009544833    0.0009461763    0.0009379031    0.0009296486    0.0009214107
  0.0009132064    0.0009050301    0.0008968660    0.0008887294    0.0008806084
  0.0008725088    0.0008644193    0.0008563626    0.0008483077    0.0008402787
  0.0008322524    0.0008242370    0.0008162203    0.0008082237    0.0008002230
  0.0007922157    0.0007842078    0.0007761969    0.0007681708    0.0007601315
  0.0007520655    0.0007439715    0.0007358477    0.0007276794    0.0007194543
  0.0007111826    0.0007028372    0.0006944129    0.0006858930    0.0006772610
  0.0006685126    0.0006596120    0.0006505373    0.0006412559    0.0006317461
  0.0006219598    0.0006118352    0.0006013169    0.0005903134    0.0005787067
  0.0005663580    0.0005530235    0.0005383971    0.0005219213    0.0005026262
  0.0004928800    0.0004928800    0.0004928800    0.0004928800    0.0004928800
  0.0004928800    0.0004928800    0.0004928800    0.0004928800    0.0004928800
  0.0004928800    0.0004928800    0.0004928800    0.0004928800    0.0004928800
  0.0004928800    0.0004928800    0.0004928800    0.0004928800    0.0004928800
  0.0004928800    0.0004928800    0.0004928800    0.0004928800    0.0004928800
  0.0004928800    0.0004928800    0.0004928800    0.0004928800    0.0004928800
  0.0004928800    0.0004928800    0.0004928800    0.0004928800    0.0004928800
  0.0004928800    0.0004928800    0.0004928800    0.0004928800    0.0004928800
  0.0004928800    0.0004928800    0.0004928800    0.0004928800    0.0004928800
  0.0004928800    0.0004928800    0.0004928800    0.0004928800    0.0004928800
  0.0004928800    0.0004928800    0.0004928800    0.0004928800    0.0004928800
  0.0004928800    0.0004928800    0.0004928800    0.0004928800    0.0004928800
  0.0004928800    0.0004928800    0.0004928800    0.0004928800    0.0004928800
  0.0004928800    0.0004928800    0.0004928800    0.0004928800    0.0004928800
  0.0027235483    0.0027222940    0.0027187972    0.0027136198    0.0027072985
  0.0027002304    0.0026926575    0.0026847435    0.0026765908    0.0026682660
  0.0026598103    0.0026512540    0.0026426139    0.0026339097    0.0026251540
  0.0026163607    0.0026075187    0.0025986522    0.0025897512    0.0025808318
  0.0025718850    0.0025629189    0.0025539331    0.0025449276    0.0025359109
  0.0025268745    0.0025178271    0.0025087688    0.0024996915    0.0024906040
  0.0024815064    0.0024723993    0.0024632828    0.0024541494    0.0024450076
  0.0024358579    0.0024267007    0.0024175285    0.0024083498    0.0023991650
  0.0023899669    0.0023807638    0.0023715562    0.0023623291    0.0023530988
  0.0023438654    0.0023346221    0.0023253694    0.0023161079    0.0023068383
  0.0022975612    0.0022882771    0.0022789867    0.0022696905    0.0022603819
  0.0022510762    0.0022417521    0.0022324319    0.0022230949    0.0022137559
  0.0022044086    0.0021950604    0.0021856984    0.0021763369    0.0021669628
  0.0021575839    0.0021482074    0.0021388139    0.0021294173    0.0021200188
  0.0021106187    0.0021012044    0.0020917836    0.0020823635    0.0020729383
  0.0020635020    0.0020540623    0.0020446261    0.0020351751    0.0020257228
  0.0020162699    0.0020068046    0.0019973404    0.0019878719    0.0019783997
  0.0019689249    0.0019594420    0.0019499519    0.0019404678    0.0019309783
  0.0019214842    0.0019119926    0.0019024862    0.0018929839    0.0018834808
  0.0018739717    0.0018644695    0.0018549517    0.0018454367    0.0018359254
  0.0018264074    0.0018168892    0.0018073718    0.0017978565    0.0017883329
  0.0017788185    0.0017692925    0.0017597723    0.0017502590    0.0017407322
  0.0017312140    0.0017217006    0.0017121820    0.0017026703    0.0016931556
  0.0016836448    0.0016741334    0.0016646331    0.0016551296    0.0016456290
  0.0016361327    0.0016266418    0.0016171525    0.0016076708    0.0015981931
  0.0015887159    0.0015792450    0.0015697819    0.0015603277    0.0015508789
  0.0015414324    0.0015319935    0.0015225687    0.0015131455    0.0015037294
  0.0014943264    0.0014849290    0.0014755432    0.0014661654    0.0014567973
  0.0014474406    0.0014380959    0.0014287613    0.0014194372    0.0014101261
  0.0014008288    0.0013915426    0.0013822732    0.0013730102    0.0013637667
  0.0013545406    0.0013453253    0.0013361263    0.0013269454    0.0013177724
  0.0013086203    0.0012994945    0.0012903746    0.0012812834    0.0012722018
  0.0012631417    0.0012541008    0.0012450850    0.0012360819    0.0012271034
  0.0012181447    0.0012092007    0.0012002860    0.0011913965    0.0011825175
  0.0011736762    0.0011648557    0.0011560485    0.0011472750    0.0011385152
  0.0011297959    0.0011210885    0.0011124047    0.0011037575    0.0010951290
  0.0010865237    0.0010779495    0.0010693892    0.0010608676    0.0010523745
  0.0010438968    0.0010354532    0.0010270267    0.0010186330    0.0010102590
  0.0010019203    0.0009935961    0.0009853095    0.0009770359    0.0009687943
  0.0009605624    0.0009523701    0.0009441865    0.0009360370    0.0009278956
  0.0009197826    0.0009116823    0.0009036019    0.0008955452    0.0008874945
  0.0008794619    0.0008714350    0.0008634164    0.0008554062    0.0008474003
  0.0008394039    0.0008313939    0.0008233878    0.0008153781    0.0008073393
  0.0007992954    0.0007912329    0.0007831446    0.0007750221    0.0007668618
  0.0007586547    0.0007503898    0.0007420639    0.0007336662    0.0007251870
  0.0007166051    0.0007078986    0.0006990755    0.0006900857    0.0006809216
  0.0006715458    0.0006619379    0.0006520336    0.0006417929    0.0006311589
  0.0006200290    0.0006082972    0.0005958087    0.0005823831    0.0005676701
  0.0005511744    0.0005320410    0.0005248233    0.0005248233    0.0005248233
  0.0005248233    0.0005248233    0.0005248233    0.0005248233    0.0005248233
  0.0005248233    0.0005248233    0.0005248233    0.0005248233    0.0005248233
  0.0005248233    0.0005248233    0.0005248233    0.0005248233    0.0005248233
  0.0005248233    0.0005248233    0.0005248233    0.0005248233    0.0005248233
  0.0005248233    0.0005248233    0.0005248233    0.0005248233    0.0005248233
  0.0005248233    0.0005248233    0.0005248233    0.0005248233    0.0005248233
  0.0005248233    0.0005248233    0.0005248233    0.0005248233    0.0005248233
  0.0005248233    0.0005248233    0.0005248233    0.0005248233    0.0005248233
  0.0005248233    0.0005248233    0.0005248233    0.0005248233    0.0005248233
  0.0005248233    0.0005248233    0.0005248233    0.0005248233    0.0005248233
  0.0005248233    0.0005248233    0.0005248233    0.0005248233    0.0005248233
  0.0028572484    0.0028561370    0.0028529773    0.0028482211    0.0028423090
  0.0028356016    0.0028283467    0.0028207039    0.0028127867    0.0028046704
  0.0027963957    0.0027880011    0.0027795211    0.0027709565    0.0027623377
  0.0027536604    0.0027449395    0.0027361726    0.0027273848    0.0027185659
  0.0027097149    0.0027008400    0.0026919495    0.0026830345    0.0026741033
  0.0026651560    0.0026561926    0.0026472131    0.0026382264    0.0026292154
  0.0026201976    0.0026111646    0.0026021254    0.0025930716    0.0025840121
  0.0025749305    0.0025658441    0.0025567531    0.0025476495    0.0025385340
  0.0025294070    0.0025202771    0.0025111365    0.0025019778    0.0024928257
  0.0024836564    0.0024744785    0.0024652925    0.0024560991    0.0024468985
  0.0024376837    0.0024284707    0.0024192445    0.0024100056    0.0024007703
  0.0023915157    0.0023822655    0.0023730052    0.0023637350    0.0023544558
  0.0023451682    0.0023358802    0.0023265774    0.0023172756    0.0023079602
  0.0022986469    0.0022893214    0.0022799846    0.0022706515    0.0022613010
  0.0022519555    0.0022425942    0.0022332320    0.0022238624    0.0022144863
  0.0022051109    0.0021957164    0.0021863244    0.0021769282    0.0021675223
  0.0021581138    0.0021486966    0.0021392785    0.0021298533    0.0021204218
  0.0021109849    0.0021015431    0.0020921039    0.0020826548    0.0020731968
  0.0020637372    0.0020542765    0.0020448094    0.0020353365    0.0020258589
  0.0020163896    0.0020069046    0.0019974174    0.0019879284    0.0019784387
  0.0019689433    0.0019594486    0.0019499495    0.0019404474    0.0019309426
  0.0019214305    0.0019119236    0.0019024171    0.0018928998    0.0018833907
  0.0018738787    0.0018643534    0.0018548386    0.0018453241    0.0018358050
  0.0018262878    0.0018167628    0.0018072470    0.0017977363    0.0017882152
  0.0017787012    0.0017691841    0.0017596710    0.0017501622    0.0017406485
  0.0017311418    0.0017216376    0.0017121418    0.0017026358    0.0016931406
  0.0016836471    0.0016741617    0.0016646753    0.0016551944    0.0016457199
  0.0016362480    0.0016267850    0.0016173269    0.0016078749    0.0015984209
  0.0015889806    0.0015795500    0.0015701213    0.0015607093    0.0015512970
  0.0015418951    0.0015325048    0.0015231266    0.0015137454    0.0015043832
  0.0014950378    0.0014856929    0.0014763629    0.0014670402    0.0014577306
  0.0014484318    0.0014391570    0.0014298831    0.0014206317    0.0014113884
  0.0014021624    0.0013929514    0.0013837525    0.0013745750    0.0013654053
  0.0013562599    0.0013471216    0.0013380145    0.0013289174    0.0013198427
  0.0013107745    0.0013017356    0.0012927165    0.0012837158    0.0012747385
  0.0012657791    0.0012568322    0.0012479168    0.0012390278    0.0012301467
  0.0012212921    0.0012124685    0.0012036550    0.0011948793    0.0011861148
  0.0011773782    0.0011686722    0.0011599886    0.0011513299    0.0011426886
  0.0011340759    0.0011254963    0.0011169288    0.0011084010    0.0010998869
  0.0010914022    0.0010829487    0.0010745025    0.0010661022    0.0010577158
  0.0010493616    0.0010410262    0.0010327172    0.0010244288    0.0010161664
  0.0010079277    0.0009997193    0.0009915301    0.0009833601    0.0009752034
  0.0009670711    0.0009589581    0.0009508664    0.0009427991    0.0009347293
  0.0009266821    0.0009186495    0.0009106250    0.0009026147    0.0008945978
  0.0008865908    0.0008785851    0.0008705824    0.0008625753    0.0008545590
  0.0008465344    0.0008384848    0.0008304240    0.0008223416    0.0008142206
  0.0008060693    0.0007978715    0.0007896251    0.0007813119    0.0007729440
  0.0007644919    0.0007559492    0.0007472999    0.0007385299    0.0007296213
  0.0007205523    0.0007112993    0.0007018403    0.0006921189    0.0006821233
  0.0006717688    0.0006610123    0.0006497574    0.0006379123    0.0006253252
  0.0006117849    0.0005969997    0.0005804943    0.0005615087    0.0005571639
  0.0005571639    0.0005571639    0.0005571639    0.0005571639    0.0005571639
  0.0005571639    0.0005571639    0.0005571639    0.0005571639    0.0005571639
  0.0005571639    0.0005571639    0.0005571639    0.0005571639    0.0005571639
  0.0005571639    0.0005571639    0.0005571639    0.0005571639    0.0005571639
  0.0005571639    0.0005571639    0.0005571639    0.0005571639    0.0005571639
  0.0005571639    0.0005571639    0.0005571639    0.0005571639    0.0005571639
  0.0005571639    0.0005571639    0.0005571639    0.0005571639    0.0005571639
  0.0005571639    0.0005571639    0.0005571639    0.0005571639    0.0005571639
  0.0005571639    0.0005571639    0.0005571639    0.0005571639    0.0005571639
  0.0029902782    0.0029892819    0.0029864243    0.0029820458    0.0029765336
  0.0029701883    0.0029632567    0.0029559058    0.0029482322    0.0029403412
  0.0029322630    0.0029240455    0.0029157230    0.0029073139    0.0028988206
  0.0028902756    0.0028816747    0.0028730337    0.0028643503    0.0028556413
  0.0028468962    0.0028381232    0.0028293215    0.0028204999    0.0028116671
  0.0028028045    0.0027939304    0.0027850354    0.0027761288    0.0027672016
  0.0027582629    0.0027493128    0.0027403516    0.0027313796    0.0027223881
  0.0027133863    0.0027043832    0.0026953618    0.0026863311    0.0026772914
  0.0026682346    0.0026591782    0.0026501055    0.0026410255    0.0026319386
  0.0026228367    0.0026137371    0.0026046152    0.0025954965    0.0025863648
  0.0025772205    0.0025680725    0.0025589129    0.0025497506    0.0025405778
  0.0025313949    0.0025222026    0.0025130095    0.0025038000    0.0024945906
  0.0024853738    0.0024761423    0.0024669048    0.0024576614    0.0024484130
  0.0024391599    0.0024298952    0.0024206270    0.0024113482    0.0024020595
  0.0023927690    0.0023834697    0.0023741699    0.0023648552    0.0023555334
  0.0023462128    0.0023368791    0.0023275405    0.0023181974    0.0023088434
  0.0022994934    0.0022901265    0.0022807578    0.0022713878    0.0022620031
  0.0022526184    0.0022432344    0.0022338308    0.0022244293    0.0022150166
  0.0022056075    0.0021961885    0.0021867673    0.0021773380    0.0021679013
  0.0021584714    0.0021490286    0.0021395807    0.0021301220    0.0021206725
  0.0021112073    0.0021017462    0.0020922773    0.0020828078    0.0020733321
  0.0020638511    0.0020543719    0.0020448823    0.0020353900    0.0020259018
  0.0020164062    0.0020069101    0.0019974083    0.0019879019    0.0019784032
  0.0019688955    0.0019593858    0.0019498805    0.0019403691    0.0019308520
  0.0019213425    0.0019118234    0.0019023078    0.0018927902    0.0018832722
  0.0018737546    0.0018642436    0.0018547293    0.0018452071    0.0018356999
  0.0018261866    0.0018166688    0.0018071580    0.0017976551    0.0017881452
  0.0017786401    0.0017691404    0.0017596372    0.0017501415    0.0017406496
  0.0017311622    0.0017216708    0.0017121909    0.0017027190    0.0016932412
  0.0016837785    0.0016743119    0.0016648578    0.0016554122    0.0016459668
  0.0016365319    0.0016270994    0.0016176803    0.0016082701    0.0015988620
  0.0015894609    0.0015800773    0.0015706949    0.0015613233    0.0015519637
  0.0015426134    0.0015332817    0.0015239490    0.0015146333    0.0015053273
  0.0014960409    0.0014867589    0.0014774944    0.0014682412    0.0014589962
  0.0014497770    0.0014405649    0.0014313735    0.0014221914    0.0014130328
  0.0014038751    0.0013947545    0.0013856385    0.0013765392    0.0013674663
  0.0013584057    0.0013493628    0.0013403427    0.0013313469    0.0013223629
  0.0013133916    0.0013044596    0.0012955406    0.0012866324    0.0012777575
  0.0012689034    0.0012600691    0.0012512585    0.0012424740    0.0012337138
  0.0012249734    0.0012162541    0.0012075577    0.0011988892    0.0011902531
  0.0011816214    0.0011730315    0.0011644670    0.0011559186    0.0011474023
  0.0011389056    0.0011304310    0.0011219832    0.0011135744    0.0011051693
  0.0010967990    0.0010884575    0.0010801420    0.0010718337    0.0010635562
  0.0010553100    0.0010470811    0.0010388745    0.0010306893    0.0010225234
  0.0010143800    0.0010062559    0.0009981545    0.0009900648    0.0009819847
  0.0009739311    0.0009658826    0.0009578445    0.0009498307    0.0009418104
  0.0009337989    0.0009258003    0.0009177849    0.0009097846    0.0009017743
  0.0008937600    0.0008857342    0.0008776916    0.0008696334    0.0008615501
  0.0008534422    0.0008452914    0.0008371126    0.0008288692    0.0008205922
  0.0008122352    0.0008038090    0.0007953048    0.0007866979    0.0007779882
  0.0007691489    0.0007601739    0.0007510220    0.0007416829    0.0007321222
  0.0007223125    0.0007122062    0.0007017371    0.0006908712    0.0006795135
  0.0006675553    0.0006548515    0.0006412160    0.0006263574    0.0006098651
  0.0005909902    0.0005898802    0.0005898802    0.0005898802    0.0005898802
  0.0005898802    0.0005898802    0.0005898802    0.0005898802    0.0005898802
  0.0005898802    0.0005898802    0.0005898802    0.0005898802    0.0005898802
  0.0005898802    0.0005898802    0.0005898802    0.0005898802    0.0005898802
  0.0005898802    0.0005898802    0.0005898802    0.0005898802    0.0005898802
  0.0005898802    0.0005898802    0.0005898802    0.0005898802    0.0005898802
  0.0005898802    0.0005898802    0.0005898802    0.0005898802    0.0005898802
  0.0031226585    0.0031217513    0.0031191668    0.0031151497    0.0031099997
  0.0031040227    0.0030974145    0.0030903518    0.0030829447    0.0030752808
  0.0030674096    0.0030593793    0.0030512336    0.0030429807    0.0030346416
  0.0030262296    0.0030177594    0.0030092369    0.0030006690    0.0029920631
  0.0029834273    0.0029747505    0.0029660604    0.0029573372    0.0029485897
  0.0029398177    0.0029310302    0.0029222271    0.0029134081    0.0029045640
  0.0028957134    0.0028868472    0.0028779561    0.0028690680    0.0028601556
  0.0028512374    0.0028423044    0.0028333570    0.0028244046    0.0028154383
  0.0028064586    0.0027974748    0.0027884781    0.0027794691    0.0027704570
  0.0027614332    0.0027523981    0.0027433524    0.0027342962    0.0027252301
  0.0027161631    0.0027070870    0.0026979936    0.0026889006    0.0026797912
  0.0026706830    0.0026615595    0.0026524297    0.0026432937    0.0026341441
  0.0026249977    0.0026158302    0.0026066588    0.0025974837    0.0025883055
  0.0025791084    0.0025699094    0.0025607005    0.0025514827    0.0025422641
  0.0025330373    0.0025238031    0.0025145541    0.0025053064    0.0024960527
  0.0024867860    0.0024775143    0.0024682309    0.0024589513    0.0024496609
  0.0024403606    0.0024310581    0.0024217466    0.0024124267    0.0024030992
  0.0023937718    0.0023844305    0.0023750909    0.0023657456    0.0023563885
  0.0023470274    0.0023376628    0.0023282883    0.0023189116    0.0023095262
  0.0023001329    0.0022907393    0.0022813390    0.0022719330    0.0022625214
  0.0022531056    0.0022436855    0.0022342558    0.0022248302    0.0022153893
  0.0022059539    0.0021965048    0.0021870561    0.0021776017    0.0021681425
  0.0021586790    0.0021492125    0.0021397495    0.0021302720    0.0021207934
  0.0021113145    0.0021018359    0.0020923459    0.0020828579    0.0020733665
  0.0020638722    0.0020543701    0.0020448731    0.0020353697    0.0020258609
  0.0020163596    0.0020068546    0.0019973407    0.0019878250    0.0019783256
  0.0019688086    0.0019592920    0.0019497773    0.0019402650    0.0019307499
  0.0019212281    0.0019117170    0.0019022061    0.0018926911    0.0018831782
  0.0018736684    0.0018641575    0.0018546517    0.0018451413    0.0018356323
  0.0018261316    0.0018166344    0.0018071415    0.0017976495    0.0017881482
  0.0017786650    0.0017691805    0.0017597054    0.0017502308    0.0017407679
  0.0017313030    0.0017218467    0.0017123905    0.0017029498    0.0016935068
  0.0016840719    0.0016746465    0.0016652315    0.0016558140    0.0016464139
  0.0016370273    0.0016276373    0.0016182634    0.0016089020    0.0015995365
  0.0015901905    0.0015808602    0.0015715340    0.0015622265    0.0015529168
  0.0015436320    0.0015343566    0.0015250955    0.0015158420    0.0015066058
  0.0014973879    0.0014881732    0.0014789835    0.0014698119    0.0014606436
  0.0014515002    0.0014423708    0.0014332567    0.0014241637    0.0014150812
  0.0014060221    0.0013969837    0.0013879640    0.0013789644    0.0013699714
  0.0013610157    0.0013520630    0.0013431499    0.0013342464    0.0013253644
  0.0013165120    0.0013076670    0.0012988516    0.0012900603    0.0012812944
  0.0012725490    0.0012638225    0.0012551230    0.0012464492    0.0012377986
  0.0012291678    0.0012205666    0.0012119881    0.0012034344    0.0011949119
  0.0011864003    0.0011779260    0.0011694693    0.0011610392    0.0011526302
  0.0011442517    0.0011358950    0.0011275596    0.0011192467    0.0011109512
  0.0011026880    0.0010944558    0.0010862294    0.0010780314    0.0010698559
  0.0010617008    0.0010535655    0.0010454403    0.0010373426    0.0010292491
  0.0010211803    0.0010131235    0.0010050880    0.0009970545    0.0009890278
  0.0009810186    0.0009730137    0.0009650049    0.0009569974    0.0009490010
  0.0009409936    0.0009329801    0.0009249483    0.0009169104    0.0009088544
  0.0009007776    0.0008926741    0.0008845376    0.0008763568    0.0008681403
  0.0008598755    0.0008515481    0.0008431481    0.0008346719    0.0008261081
  0.0008174483    0.0008086735    0.0007997681    0.0007907067    0.0007814777
  0.0007720583    0.0007624082    0.0007524995    0.0007422961    0.0007317312
  0.0007207593    0.0007092913    0.0006972179    0.0006844164    0.0006706877
  0.0006557829    0.0006392822    0.0006229698    0.0006229698    0.0006229698
  0.0006229698    0.0006229698    0.0006229698    0.0006229698    0.0006229698
  0.0006229698    0.0006229698    0.0006229698    0.0006229698    0.0006229698
  0.0006229698    0.0006229698    0.0006229698    0.0006229698    0.0006229698
  0.0006229698    0.0006229698    0.0006229698    0.0006229698    0.0006229698
  0.0032544108    0.0032535919    0.0032512395    0.0032475362    0.0032427529
  0.0032371139    0.0032308348    0.0032240721    0.0032169306    0.0032095108
  0.0032018524    0.0031940244    0.0031860503    0.0031779683    0.0031697786
  0.0031615144    0.0031531800    0.0031447813    0.0031363347    0.0031278476
  0.0031193179    0.0031107539    0.0031021641    0.0030935376    0.0030848835
  0.0030762111    0.0030675197    0.0030587993    0.0030500691    0.0030413193
  0.0030325496    0.0030237604    0.0030149610    0.0030061421    0.0029973132
  0.0029884746    0.0029796263    0.0029707592    0.0029618734    0.0029529880
  0.0029440846    0.0029351728    0.0029262527    0.0029173248    0.0029083801
  0.0028994190    0.0028904602    0.0028814857    0.0028725049    0.0028635184
  0.0028545172    0.0028455020    0.0028364910    0.0028274666    0.0028184206
  0.0028093797    0.0028003268    0.0027912710    0.0027821954    0.0027731177
  0.0027640384    0.0027549408    0.0027458337    0.0027367261    0.0027276102
  0.0027184861    0.0027093545    0.0027002074    0.0026910621    0.0026819021
  0.0026727365    0.0026635740    0.0026543902    0.0026452023    0.0026360105
  0.0026268071    0.0026176011    0.0026083846    0.0025991583    0.0025899307
  0.0025806941    0.0025714493    0.0025621969    0.0025529451    0.0025436787
  0.0025344064    0.0025251282    0.0025158452    0.0025065577    0.0024972585
  0.0024879485    0.0024786432    0.0024693206    0.0024599963    0.0024506709
  0.0024413374    0.0024319890    0.0024226414    0.0024132950    0.0024039282
  0.0023945640    0.0023851951    0.0023758157    0.0023664329    0.0023570478
  0.0023476465    0.0023382513    0.0023288411    0.0023194381    0.0023100221
  0.0023006004    0.0022911805    0.0022817495    0.0022723151    0.0022628779
  0.0022534382    0.0022439904    0.0022345353    0.0022250799    0.0022156185
  0.0022061584    0.0021966937    0.0021872187    0.0021777407    0.0021682668
  0.0021587848    0.0021493021    0.0021398130    0.0021303243    0.0021208311
  0.0021113340    0.0021018333    0.0020923364    0.0020828319    0.0020733265
  0.0020638213    0.0020543169    0.0020448080    0.0020352953    0.0020257862
  0.0020162696    0.0020067575    0.0019972455    0.0019877287    0.0019782193
  0.0019687009    0.0019591917    0.0019496809    0.0019401696    0.0019306535
  0.0019211500    0.0019116374    0.0019021391    0.0018926288    0.0018831235
  0.0018736296    0.0018641267    0.0018546372    0.0018451460    0.0018356541
  0.0018261780    0.0018166981    0.0018072155    0.0017977516    0.0017882871
  0.0017788233    0.0017693657    0.0017599202    0.0017504789    0.0017410422
  0.0017316158    0.0017221919    0.0017127756    0.0017033685    0.0016939712
  0.0016845803    0.0016751974    0.0016658184    0.0016564585    0.0016471138
  0.0016377679    0.0016284349    0.0016191119    0.0016098045    0.0016005049
  0.0015912227    0.0015819424    0.0015726823    0.0015634387    0.0015542003
  0.0015449818    0.0015357748    0.0015265815    0.0015174149    0.0015082517
  0.0014991019    0.0014899783    0.0014808625    0.0014717715    0.0014626906
  0.0014536294    0.0014446003    0.0014355668    0.0014265715    0.0014175827
  0.0014086230    0.0013996721    0.0013907466    0.0013818432    0.0013729604
  0.0013640962    0.0013552614    0.0013464414    0.0013376470    0.0013288735
  0.0013201218    0.0013114003    0.0013026943    0.0012940141    0.0012853558
  0.0012767141    0.0012681031    0.0012595215    0.0012509585    0.0012424148
  0.0012338997    0.0012254075    0.0012169550    0.0012085113    0.0012000904
  0.0011916885    0.0011833208    0.0011749834    0.0011666563    0.0011583490
  0.0011500730    0.0011418178    0.0011335916    0.0011253800    0.0011171955
  0.0011090278    0.0011008642    0.0010927432    0.0010846288    0.0010765272
  0.0010684398    0.0010603863    0.0010523229    0.0010442897    0.0010362655
  0.0010282451    0.0010202225    0.0010122284    0.0010042209    0.0009962163
  0.0009882130    0.0009802093    0.0009721993    0.0009641717    0.0009561419
  0.0009480887    0.0009400165    0.0009319171    0.0009237872    0.0009156237
  0.0009074239    0.0008991696    0.0008908597    0.0008824928    0.0008740494
  0.0008655236    0.0008569101    0.0008481837    0.0008393445    0.0008303751
  0.0008212405    0.0008119349    0.0008024247    0.0007926924    0.0007826940
  0.0007723962    0.0007617305    0.0007506576    0.0007390800    0.0007269129
  0.0007140213    0.0007002107    0.0006852421    0.0006687328    0.0006564075
  0.0006564075    0.0006564075    0.0006564075    0.0006564075    0.0006564075
  0.0006564075    0.0006564075    0.0006564075    0.0006564075    0.0006564075
  0.0033855583    0.0033848236    0.0033826725    0.0033792663    0.0033748048
  0.0033695092    0.0033635501    0.0033570852    0.0033502143    0.0033430311
  0.0033356081    0.0033279835    0.0033202018    0.0033122907    0.0033042602
  0.0032961439    0.0032879561    0.0032796914    0.0032713771    0.0032629996
  0.0032545873    0.0032461381    0.0032376402    0.0032291229    0.0032205750
  0.0032119957    0.0032033943    0.0031947705    0.0031861239    0.0031774641
  0.0031687810    0.0031600745    0.0031513644    0.0031426308    0.0031338837
  0.0031251231    0.0031163492    0.0031075522    0.0030987519    0.0030899388
  0.0030811226    0.0030722844    0.0030634340    0.0030545716    0.0030457071
  0.0030368217    0.0030279347    0.0030190368    0.0030101286    0.0030012100
  0.0029922817    0.0029833438    0.0029743970    0.0029654319    0.0029564677
  0.0029474954    0.0029385152    0.0029295278    0.0029205243    0.0029115141
  0.0029024978    0.0028934665    0.0028844389    0.0028753971    0.0028663419
  0.0028572822    0.0028482189    0.0028391432    0.0028300644    0.0028209743
  0.0028118732    0.0028027703    0.0027936574    0.0027845348    0.0027754032
  0.0027662628    0.0027571229    0.0027479667    0.0027388116    0.0027296498
  0.0027204732    0.0027112908    0.0027021028    0.0026929101    0.0026837048
  0.0026744953    0.0026652825    0.0026560586    0.0026468323    0.0026375877
  0.0026283497    0.0026190946    0.0026098392    0.0026005756    0.0025913048
  0.0025820194    0.0025727353    0.0025634456    0.0025541506    0.0025448431
  0.0025355392    0.0025262165    0.0025168984    0.0025075627    0.0024982325
  0.0024888936    0.0024795465    0.0024701917    0.0024608372    0.0024514687
  0.0024420948    0.0024327226    0.0024233459    0.0024139510    0.0024045668
  0.0023951655    0.0023857693    0.0023763574    0.0023669446    0.0023575246
  0.0023480978    0.0023386792    0.0023292412    0.0023198125    0.0023103664
  0.0023009236    0.0022914715    0.0022820174    0.0022725622    0.0022631000
  0.0022536376    0.0022441696    0.0022346901    0.0022252131    0.0022157388
  0.0022062550    0.0021967696    0.0021872763    0.0021777951    0.0021683012
  0.0021587958    0.0021493048    0.0021397973    0.0021302932    0.0021207930
  0.0021112913    0.0021017830    0.0020922748    0.0020827614    0.0020732500
  0.0020637352    0.0020542298    0.0020447168    0.0020352030    0.0020256953
  0.0020161765    0.0020066658    0.0019971517    0.0019876465    0.0019781347
  0.0019686338    0.0019591222    0.0019496176    0.0019401152    0.0019306161
  0.0019211211    0.0019116260    0.0019021370    0.0018926437    0.0018831641
  0.0018736824    0.0018642054    0.0018547336    0.0018452631    0.0018358001
  0.0018263450    0.0018168896    0.0018074442    0.0017980052    0.0017885686
  0.0017791498    0.0017697308    0.0017603168    0.0017509097    0.0017415197
  0.0017321334    0.0017227520    0.0017133859    0.0017040227    0.0016946718
  0.0016853309    0.0016759998    0.0016666803    0.0016573824    0.0016480848
  0.0016388019    0.0016295266    0.0016202678    0.0016110232    0.0016017887
  0.0015925748    0.0015833695    0.0015741784    0.0015650108    0.0015558436
  0.0015467020    0.0015375792    0.0015284645    0.0015193705    0.0015102992
  0.0015012433    0.0014921929    0.0014831724    0.0014741633    0.0014651830
  0.0014562129    0.0014472659    0.0014383435    0.0014294357    0.0014205510
  0.0014116943    0.0014028492    0.0013940170    0.0013852204    0.0013764463
  0.0013676929    0.0013589509    0.0013502497    0.0013415593    0.0013328924
  0.0013242556    0.0013156319    0.0013070322    0.0012984736    0.0012899254
  0.0012814003    0.0012728952    0.0012644210    0.0012559679    0.0012475509
  0.0012391411    0.0012307617    0.0012224065    0.0012140687    0.0012057581
  0.0011974712    0.0011891936    0.0011809608    0.0011727305    0.0011645355
  0.0011563571    0.0011481873    0.0011400446    0.0011319203    0.0011238124
  0.0011157209    0.0011076505    0.0010995867    0.0010915364    0.0010834977
  0.0010754789    0.0010674606    0.0010594539    0.0010514443    0.0010434431
  0.0010354422    0.0010274388    0.0010194373    0.0010114284    0.0010034121
  0.0009953793    0.0009873336    0.0009792662    0.0009711722    0.0009630566
  0.0009549056    0.0009467136    0.0009384760    0.0009301888    0.0009218451
  0.0009134258    0.0009049407    0.0008963664    0.0008876945    0.0008789209
  0.0008700082    0.0008609776    0.0008517709    0.0008423959    0.0008328036
  0.0008229850    0.0008128948    0.0008025010    0.0007917448    0.0007805726
  0.0007688926    0.0007566373    0.0007436454    0.0007297532    0.0007147372
