  0.0000000000    0.0036000000
  0.0000500000    0.0006000000    299    19
  0.0000000238    0.1999222517    0.2547674894    0.2879143476    0.3120926619
  0.3313390970    0.3474622965    0.3614277601    0.3738146067    0.3849953890
  0.3952264547    0.4046905756    0.4135229826    0.4218263865    0.4296815157
  0.4371514082    0.4442879438    0.4511332273    0.4577221632    0.4640846014
  0.4702458620    0.4762276888    0.4820472479    0.4877225637    0.4932663679
  0.4986922979    0.5040110826    0.5092332125    0.5143671274    0.5194213152
  0.5244040251    0.5293207407    0.5341788530    0.5389838457    0.5437414408
  0.5484570742    0.5531344175    0.5577794313    0.5623960257    0.5669891596
  0.5715615511    0.5761185884    0.5806642771    0.5852021456    0.5897370577
  0.5942720652    0.5988129377    0.6033630610    0.6079273939    0.6125100851
  0.6171168566    0.6217548609    0.6264280081    0.6311444044    0.6359103441
  0.6407360792    0.6456296206    0.6506011724    0.6556668997    0.6608398676
  0.6661356211    0.6715789557    0.6771960974    0.6830223322    0.6890945196
  0.6954760790    0.7022434473    0.7095016241    0.7174190283    0.7262588739
  0.7364769220    0.7490382910    0.7666522741    0.7999999762    0.7999999762
  0.7999999762    0.7999999762    0.7999999762    0.7999999762    0.7999999762
  0.7999999762    0.7999999762    0.7999999762    0.7999999762    0.7999999762
  0.7999999762    0.7999999762    0.7999999762    0.7999999762    0.7999999762
  0.7999999762    0.7999999762    0.7999999762    0.7999999762    0.7999999762
  0.7999999762    0.7999999762    0.7999999762    0.7999999762    0.7999999762
  0.7999999762    0.7999999762    0.7999999762    0.7999999762    0.7999999762
  0.7999999762    0.7999999762    0.7999999762    0.7999999762    0.7999999762
  0.7999999762    0.7999999762    0.7999999762    0.7999999762    0.7999999762
  0.7999999762    0.7999999762    0.7999999762    0.7999999762    0.7999999762
  0.7999999762    0.7999999762    0.7999999762    0.7999999762    0.7999999762
  0.7999999762    0.7999999762    0.7999999762    0.7999999762    0.7999999762
  0.7999999762    0.7999999762    0.7999999762    0.7999999762    0.7999999762
  0.7999999762    0.7999999762    0.7999999762    0.7999999762    0.7999999762
  0.7999999762    0.7999999762    0.7999999762    0.7999999762    0.7999999762
  0.7999999762    0.7999999762    0.7999999762    0.7999999762    0.7999999762
  0.7999999762    0.7999999762    0.7999999762    0.7999999762    0.7999999762
  0.7999999762    0.7999999762    0.7999999762    0.7999999762    0.7999999762
  0.7999999762    0.7999999762    0.7999999762    0.7999999762    0.7999999762
  0.7999999762    0.7999999762    0.7999999762    0.7999999762    0.7999999762
  0.7999999762    0.7999999762    0.7999999762    0.7999999762    0.7999999762
  0.7999999762    0.7999999762    0.7999999762    0.7999999762    0.7999999762
  0.7999999762    0.7999999762    0.7999999762    0.7999999762    0.7999999762
  0.7999999762    0.7999999762    0.7999999762    0.7999999762    0.7999999762
  0.7999999762    0.7999999762    0.7999999762    0.7999999762    0.7999999762
  0.7999999762    0.7999999762    0.7999999762    0.7999999762    0.7999999762
  0.7999999762    0.7999999762    0.7999999762    0.7999999762    0.7999999762
  0.7999999762    0.7999999762    0.7999999762    0.7999999762    0.7999999762
  0.7999999762    0.7999999762    0.7999999762    0.7999999762    0.7999999762
  0.7999999762    0.7999999762    0.7999999762    0.7999999762    0.7999999762
  0.7999999762    0.7999999762    0.7999999762    0.7999999762    0.7999999762
  0.7999999762    0.7999999762    0.7999999762    0.7999999762    0.7999999762
  0.7999999762    0.7999999762    0.7999999762    0.7999999762    0.7999999762
  0.7999999762    0.7999999762    0.7999999762    0.7999999762    0.7999999762
  0.7999999762    0.7999999762    0.7999999762    0.7999999762    0.7999999762
  0.7999999762    0.7999999762    0.7999999762    0.7999999762    0.7999999762
  0.7999999762    0.7999999762    0.7999999762    0.7999999762    0.7999999762
  0.7999999762    0.7999999762    0.7999999762    0.7999999762    0.7999999762
  0.7999999762    0.7999999762    0.7999999762    0.7999999762    0.7999999762
  0.7999999762    0.7999999762    0.7999999762    0.7999999762    0.7999999762
  0.7999999762    0.7999999762    0.7999999762    0.7999999762    0.7999999762
  0.7999999762    0.7999999762    0.7999999762    0.7999999762    0.7999999762
  0.7999999762    0.7999999762    0.7999999762    0.7999999762    0.7999999762
  0.7999999762    0.7999999762    0.7999999762    0.7999999762    0.7999999762
  0.7999999762    0.7999999762    0.7999999762    0.7999999762    0.7999999762
  0.7999999762    0.7999999762    0.7999999762    0.7999999762    0.7999999762
  0.0000000238    0.1720065355    0.2277669668    0.2615386248    0.2861300707
  0.3056589365    0.3219770193    0.3360755205    0.3485480070    0.3597793341
  0.3700311899    0.3794922113    0.3883001566    0.3965609789    0.4043576002
  0.4117550135    0.4188060522    0.4255535841    0.4320341825    0.4382775068
  0.4443092585    0.4501512766    0.4558226347    0.4613401651    0.4667172670
  0.4719681978    0.4771024466    0.4821305990    0.4870624781    0.4919050932
  0.4966665506    0.5013532877    0.5059716940    0.5105261087    0.5150238276
  0.5194672346    0.5238619089    0.5282119989    0.5325213194    0.5367935419
  0.5410315275    0.5452392340    0.5494195700    0.5535752535    0.5577092409
  0.5618242502    0.5659234762    0.5700088263    0.5740835905    0.5781499147
  0.5822102785    0.5862670183    0.5903237581    0.5943825483    0.5984453440
  0.6025161505    0.6065979242    0.6106923819    0.6148038149    0.6189352274
  0.6230911970    0.6272743940    0.6314893484    0.6357412577    0.6400355101
  0.6443780661    0.6487746000    0.6532328367    0.6577629805    0.6623717070
  0.6670725584    0.6718800783    0.6768078089    0.6818771601    0.6871101141
  0.6925419092    0.6982057810    0.7041551828    0.7104603052    0.7172134638
  0.7245609522    0.7327251673    0.7420902014    0.7534309149    0.7687316656
  0.7992191553    0.7999999762    0.7999999762    0.7999999762    0.7999999762
  0.7999999762    0.7999999762    0.7999999762    0.7999999762    0.7999999762
  0.7999999762    0.7999999762    0.7999999762    0.7999999762    0.7999999762
  0.7999999762    0.7999999762    0.7999999762    0.7999999762    0.7999999762
  0.7999999762    0.7999999762    0.7999999762    0.7999999762    0.7999999762
  0.7999999762    0.7999999762    0.7999999762    0.7999999762    0.7999999762
  0.7999999762    0.7999999762    0.7999999762    0.7999999762    0.7999999762
  0.7999999762    0.7999999762    0.7999999762    0.7999999762    0.7999999762
  0.7999999762    0.7999999762    0.7999999762    0.7999999762    0.7999999762
  0.7999999762    0.7999999762    0.7999999762    0.7999999762    0.7999999762
  0.7999999762    0.7999999762    0.7999999762    0.7999999762    0.7999999762
  0.7999999762    0.7999999762    0.7999999762    0.7999999762    0.7999999762
  0.7999999762    0.7999999762    0.7999999762    0.7999999762    0.7999999762
  0.7999999762    0.7999999762    0.7999999762    0.7999999762    0.7999999762
  0.7999999762    0.7999999762    0.7999999762    0.7999999762    0.7999999762
  0.7999999762    0.7999999762    0.7999999762    0.7999999762    0.7999999762
  0.7999999762    0.7999999762    0.7999999762    0.7999999762    0.7999999762
  0.7999999762    0.7999999762    0.7999999762    0.7999999762    0.7999999762
  0.7999999762    0.7999999762    0.7999999762    0.7999999762    0.7999999762
  0.7999999762    0.7999999762    0.7999999762    0.7999999762    0.7999999762
  0.7999999762    0.7999999762    0.7999999762    0.7999999762    0.7999999762
  0.7999999762    0.7999999762    0.7999999762    0.7999999762    0.7999999762
  0.7999999762    0.7999999762    0.7999999762    0.7999999762    0.7999999762
  0.7999999762    0.7999999762    0.7999999762    0.7999999762    0.7999999762
  0.7999999762    0.7999999762    0.7999999762    0.7999999762    0.7999999762
  0.7999999762    0.7999999762    0.7999999762    0.7999999762    0.7999999762
  0.7999999762    0.7999999762    0.7999999762    0.7999999762    0.7999999762
  0.7999999762    0.7999999762    0.7999999762    0.7999999762    0.7999999762
  0.7999999762    0.7999999762    0.7999999762    0.7999999762    0.7999999762
  0.7999999762    0.7999999762    0.7999999762    0.7999999762    0.7999999762
  0.7999999762    0.7999999762    0.7999999762    0.7999999762    0.7999999762
  0.7999999762    0.7999999762    0.7999999762    0.7999999762    0.7999999762
  0.7999999762    0.7999999762    0.7999999762    0.7999999762    0.7999999762
  0.7999999762    0.7999999762    0.7999999762    0.7999999762    0.7999999762
  0.7999999762    0.7999999762    0.7999999762    0.7999999762    0.7999999762
  0.7999999762    0.7999999762    0.7999999762    0.7999999762    0.7999999762
  0.7999999762    0.7999999762    0.7999999762    0.7999999762    0.7999999762
  0.7999999762    0.7999999762    0.7999999762    0.7999999762    0.7999999762
  0.7999999762    0.7999999762    0.7999999762    0.7999999762    0.7999999762
  0.7999999762    0.7999999762    0.7999999762    0.7999999762    0.7999999762
  0.7999999762    0.7999999762    0.7999999762    0.7999999762    0.7999999762
  0.7999999762    0.7999999762    0.7999999762    0.7999999762    0.7999999762
  0.7999999762    0.7999999762    0.7999999762    0.7999999762    0.7999999762
  0.0000000238    0.1474600554    0.2036065817    0.2378664255    0.2628120661
  0.2825968504    0.2990989447    0.3133307219    0.3258965731    0.3371900320
  0.3474795103    0.3569567919    0.3657642603    0.3740091085    0.3817764044
  0.3891320944    0.3961310148    0.4028176069    0.4092272043    0.4153913260
  0.4213369131    0.4270848513    0.4326551676    0.4380647421    0.4433278799
  0.4484575987    0.4534654856    0.4583612680    0.4631541491    0.4678523302
  0.4724633455    0.4769933462    0.4814490080    0.4858353853    0.4901580572
  0.4944212198    0.4986291170    0.5027857542    0.5068951845    0.5109603643
  0.5149853468    0.5189725637    0.5229241610    0.5268441439    0.5307333708
  0.5345963717    0.5384332895    0.5422478437    0.5460418940    0.5498160124
  0.5535741568    0.5573167562    0.5610465288    0.5647646666    0.5684732676
  0.5721742392    0.5758685350    0.5795588732    0.5832460642    0.5869325399
  0.5906194925    0.5943091154    0.5980029345    0.6017030001    0.6054109812
  0.6091292620    0.6128602266    0.6166047812    0.6203671694    0.6241477251
  0.6279508829    0.6317795992    0.6356352568    0.6395234346    0.6434458971
  0.6474095583    0.6514154673    0.6554717302    0.6595848322    0.6637572527
  0.6680007696    0.6723244905    0.6767359018    0.6812504530    0.6858794928
  0.6906444311    0.6955661535    0.7006705999    0.7059959650    0.7115867853
  0.7175010920    0.7238296747    0.7306926489    0.7382884264    0.7469379187
  0.7572696924    0.7707820654    0.7938472509    0.7999999762    0.7999999762
  0.7999999762    0.7999999762    0.7999999762    0.7999999762    0.7999999762
  0.7999999762    0.7999999762    0.7999999762    0.7999999762    0.7999999762
  0.7999999762    0.7999999762    0.7999999762    0.7999999762    0.7999999762
  0.7999999762    0.7999999762    0.7999999762    0.7999999762    0.7999999762
  0.7999999762    0.7999999762    0.7999999762    0.7999999762    0.7999999762
  0.7999999762    0.7999999762    0.7999999762    0.7999999762    0.7999999762
  0.7999999762    0.7999999762    0.7999999762    0.7999999762    0.7999999762
  0.7999999762    0.7999999762    0.7999999762    0.7999999762    0.7999999762
  0.7999999762    0.7999999762    0.7999999762    0.7999999762    0.7999999762
  0.7999999762    0.7999999762    0.7999999762    0.7999999762    0.7999999762
  0.7999999762    0.7999999762    0.7999999762    0.7999999762    0.7999999762
  0.7999999762    0.7999999762    0.7999999762    0.7999999762    0.7999999762
  0.7999999762    0.7999999762    0.7999999762    0.7999999762    0.7999999762
  0.7999999762    0.7999999762    0.7999999762    0.7999999762    0.7999999762
  0.7999999762    0.7999999762    0.7999999762    0.7999999762    0.7999999762
  0.7999999762    0.7999999762    0.7999999762    0.7999999762    0.7999999762
  0.7999999762    0.7999999762    0.7999999762    0.7999999762    0.7999999762
  0.7999999762    0.7999999762    0.7999999762    0.7999999762    0.7999999762
  0.7999999762    0.7999999762    0.7999999762    0.7999999762    0.7999999762
  0.7999999762    0.7999999762    0.7999999762    0.7999999762    0.7999999762
  0.7999999762    0.7999999762    0.7999999762    0.7999999762    0.7999999762
  0.7999999762    0.7999999762    0.7999999762    0.7999999762    0.7999999762
  0.7999999762    0.7999999762    0.7999999762    0.7999999762    0.7999999762
  0.7999999762    0.7999999762    0.7999999762    0.7999999762    0.7999999762
  0.7999999762    0.7999999762    0.7999999762    0.7999999762    0.7999999762
  0.7999999762    0.7999999762    0.7999999762    0.7999999762    0.7999999762
  0.7999999762    0.7999999762    0.7999999762    0.7999999762    0.7999999762
  0.7999999762    0.7999999762    0.7999999762    0.7999999762    0.7999999762
  0.7999999762    0.7999999762    0.7999999762    0.7999999762    0.7999999762
  0.7999999762    0.7999999762    0.7999999762    0.7999999762    0.7999999762
  0.7999999762    0.7999999762    0.7999999762    0.7999999762    0.7999999762
  0.7999999762    0.7999999762    0.7999999762    0.7999999762    0.7999999762
  0.7999999762    0.7999999762    0.7999999762    0.7999999762    0.7999999762
  0.7999999762    0.7999999762    0.7999999762    0.7999999762    0.7999999762
  0.7999999762    0.7999999762    0.7999999762    0.7999999762    0.7999999762
  0.7999999762    0.7999999762    0.7999999762    0.7999999762    0.7999999762
  0.7999999762    0.7999999762    0.7999999762    0.7999999762    0.7999999762
  0.7999999762    0.7999999762    0.7999999762    0.7999999762    0.7999999762
  0.7999999762    0.7999999762    0.7999999762    0.7999999762    0.7999999762
  0.7999999762    0.7999999762    0.7999999762    0.7999999762    0.7999999762
  0.0000000238    0.1259913683    0.1818584681    0.2164329767    0.2416621923
  0.2616666555    0.2783360720    0.2926933527    0.3053520441    0.3167124987
  0.3270473242    0.3365520716    0.3453713179    0.3536156416    0.3613706827
  0.3687043428    0.3756720304    0.3823180914    0.3886807680    0.3947912455
  0.4006759405    0.4063578844    0.4118563890    0.4171882868    0.4223687887
  0.4274106264    0.4323262453    0.4371250868    0.4418166399    0.4464088678
  0.4509094000    0.4553257227    0.4596626043    0.4639267683    0.4681220770
  0.4722543001    0.4763269186    0.4803440332    0.4843099833    0.4882272959
  0.4920997381    0.4959298849    0.4997210264    0.5034749269    0.5071944952
  0.5108816385    0.5145394564    0.5181686640    0.5217720270    0.5253509760
  0.5289077044    0.5324433088    0.5359598398    0.5394587278    0.5429417372
  0.5464092970    0.5498640299    0.5533060789    0.5567374468    0.5601600885
  0.5635736227    0.5669802427    0.5703817129    0.5737779379    0.5771713972
  0.5805619478    0.5839514971    0.5873415232    0.5907334089    0.5941268206
  0.5975255251    0.6009283304    0.6043376684    0.6077558756    0.6111836195
  0.6146215200    0.6180722475    0.6215361834    0.6250183344    0.6285161734
  0.6320348978    0.6355754137    0.6391411543    0.6427325487    0.6463546515
  0.6500101328    0.6537025690    0.6574332476    0.6612100363    0.6650357485
  0.6689160585    0.6728571177    0.6768673658    0.6809528589    0.6851249933
  0.6893944979    0.6937748194    0.6982837915    0.7029388189    0.7077670336
  0.7128029108    0.7180816412    0.7236633062    0.7296238184    0.7360721827
  0.7431743383    0.7512111902    0.7606933355    0.7727909327    0.7915920019
  0.7999999762    0.7999999762    0.7999999762    0.7999999762    0.7999999762
  0.7999999762    0.7999999762    0.7999999762    0.7999999762    0.7999999762
  0.7999999762    0.7999999762    0.7999999762    0.7999999762    0.7999999762
  0.7999999762    0.7999999762    0.7999999762    0.7999999762    0.7999999762
  0.7999999762    0.7999999762    0.7999999762    0.7999999762    0.7999999762
  0.7999999762    0.7999999762    0.7999999762    0.7999999762    0.7999999762
  0.7999999762    0.7999999762    0.7999999762    0.7999999762    0.7999999762
  0.7999999762    0.7999999762    0.7999999762    0.7999999762    0.7999999762
  0.7999999762    0.7999999762    0.7999999762    0.7999999762    0.7999999762
  0.7999999762    0.7999999762    0.7999999762    0.7999999762    0.7999999762
  0.7999999762    0.7999999762    0.7999999762    0.7999999762    0.7999999762
  0.7999999762    0.7999999762    0.7999999762    0.7999999762    0.7999999762
  0.7999999762    0.7999999762    0.7999999762    0.7999999762    0.7999999762
  0.7999999762    0.7999999762    0.7999999762    0.7999999762    0.7999999762
  0.7999999762    0.7999999762    0.7999999762    0.7999999762    0.7999999762
  0.7999999762    0.7999999762    0.7999999762    0.7999999762    0.7999999762
  0.7999999762    0.7999999762    0.7999999762    0.7999999762    0.7999999762
  0.7999999762    0.7999999762    0.7999999762    0.7999999762    0.7999999762
  0.7999999762    0.7999999762    0.7999999762    0.7999999762    0.7999999762
  0.7999999762    0.7999999762    0.7999999762    0.7999999762    0.7999999762
  0.7999999762    0.7999999762    0.7999999762    0.7999999762    0.7999999762
  0.7999999762    0.7999999762    0.7999999762    0.7999999762    0.7999999762
  0.7999999762    0.7999999762    0.7999999762    0.7999999762    0.7999999762
  0.7999999762    0.7999999762    0.7999999762    0.7999999762    0.7999999762
  0.7999999762    0.7999999762    0.7999999762    0.7999999762    0.7999999762
  0.7999999762    0.7999999762    0.7999999762    0.7999999762    0.7999999762
  0.7999999762    0.7999999762    0.7999999762    0.7999999762    0.7999999762
  0.7999999762    0.7999999762    0.7999999762    0.7999999762    0.7999999762
  0.7999999762    0.7999999762    0.7999999762    0.7999999762    0.7999999762
  0.7999999762    0.7999999762    0.7999999762    0.7999999762    0.7999999762
  0.7999999762    0.7999999762    0.7999999762    0.7999999762    0.7999999762
  0.7999999762    0.7999999762    0.7999999762    0.7999999762    0.7999999762
  0.7999999762    0.7999999762    0.7999999762    0.7999999762    0.7999999762
  0.7999999762    0.7999999762    0.7999999762    0.7999999762    0.7999999762
  0.7999999762    0.7999999762    0.7999999762    0.7999999762    0.7999999762
  0.7999999762    0.7999999762    0.7999999762    0.7999999762    0.7999999762
  0.7999999762    0.7999999762    0.7999999762    0.7999999762    0.7999999762
  0.7999999762    0.7999999762    0.7999999762    0.7999999762    0.7999999762
  0.0000000238    0.1074258566    0.1622431993    0.1969191790    0.2223448038
  0.2425255060    0.2593384504    0.2738080263    0.2865543127    0.2979802370
  0.3083628416    0.3179004431    0.3267393351    0.3349919558    0.3427453279
  0.3500692606    0.3570183039    0.3636399031    0.3699708223    0.3760439157
  0.3818855047    0.3875190496    0.3929644346    0.3982386351    0.4033577681
  0.4083338022    0.4131793737    0.4179047346    0.4225189924    0.4270308733
  0.4314476252    0.4357764006    0.4400225878    0.4441926718    0.4482909918
  0.4523225546    0.4562919855    0.4602029562    0.4640593767    0.4678644896
  0.4716211081    0.4753329515    0.4790019751    0.4826308966    0.4862229109
  0.4897789240    0.4933012724    0.4967935801    0.5002554655    0.5036903620
  0.5070990801    0.5104833841    0.5138453722    0.5171857595    0.5205054045
  0.5238073111    0.5270917654    0.5303591013    0.5336120367    0.5368512392
  0.5400772810    0.5432913065    0.5464947939    0.5496881723    0.5528733015
  0.5560501337    0.5592195749    0.5623827696    0.5655418634    0.5686958075
  0.5718470335    0.5749952555    0.5781415701    0.5812878847    0.5844329119
  0.5875802279    0.5907281637    0.5938801527    0.5970340490    0.6001939535
  0.6033586264    0.6065307856    0.6097090483    0.6128965616    0.6160938978
  0.6193021059    0.6225223780    0.6257552862    0.6290044546    0.6322690248
  0.6355509520    0.6388532877    0.6421769857    0.6455229998    0.6488964319
  0.6522961855    0.6557263613    0.6591891527    0.6626891851    0.6662291765
  0.6698134661    0.6734462500    0.6771320105    0.6808764219    0.6846878290
  0.6885724306    0.6925380468    0.6965984106    0.7007629156    0.7050506353
  0.7094753027    0.7140651464    0.7188457727    0.7238548040    0.7291443110
  0.7347812891    0.7408626795    0.7475364923    0.7550415754    0.7638019800
  0.7747421503    0.7906722784    0.7999999762    0.7999999762    0.7999999762
  0.7999999762    0.7999999762    0.7999999762    0.7999999762    0.7999999762
  0.7999999762    0.7999999762    0.7999999762    0.7999999762    0.7999999762
  0.7999999762    0.7999999762    0.7999999762    0.7999999762    0.7999999762
  0.7999999762    0.7999999762    0.7999999762    0.7999999762    0.7999999762
  0.7999999762    0.7999999762    0.7999999762    0.7999999762    0.7999999762
  0.7999999762    0.7999999762    0.7999999762    0.7999999762    0.7999999762
  0.7999999762    0.7999999762    0.7999999762    0.7999999762    0.7999999762
  0.7999999762    0.7999999762    0.7999999762    0.7999999762    0.7999999762
  0.7999999762    0.7999999762    0.7999999762    0.7999999762    0.7999999762
  0.7999999762    0.7999999762    0.7999999762    0.7999999762    0.7999999762
  0.7999999762    0.7999999762    0.7999999762    0.7999999762    0.7999999762
  0.7999999762    0.7999999762    0.7999999762    0.7999999762    0.7999999762
  0.7999999762    0.7999999762    0.7999999762    0.7999999762    0.7999999762
  0.7999999762    0.7999999762    0.7999999762    0.7999999762    0.7999999762
  0.7999999762    0.7999999762    0.7999999762    0.7999999762    0.7999999762
  0.7999999762    0.7999999762    0.7999999762    0.7999999762    0.7999999762
  0.7999999762    0.7999999762    0.7999999762    0.7999999762    0.7999999762
  0.7999999762    0.7999999762    0.7999999762    0.7999999762    0.7999999762
  0.7999999762    0.7999999762    0.7999999762    0.7999999762    0.7999999762
  0.7999999762    0.7999999762    0.7999999762    0.7999999762    0.7999999762
  0.7999999762    0.7999999762    0.7999999762    0.7999999762    0.7999999762
  0.7999999762    0.7999999762    0.7999999762    0.7999999762    0.7999999762
  0.7999999762    0.7999999762    0.7999999762    0.7999999762    0.7999999762
  0.7999999762    0.7999999762    0.7999999762    0.7999999762    0.7999999762
  0.7999999762    0.7999999762    0.7999999762    0.7999999762    0.7999999762
  0.7999999762    0.7999999762    0.7999999762    0.7999999762    0.7999999762
  0.7999999762    0.7999999762    0.7999999762    0.7999999762    0.7999999762
  0.7999999762    0.7999999762    0.7999999762    0.7999999762    0.7999999762
  0.7999999762    0.7999999762    0.7999999762    0.7999999762    0.7999999762
  0.7999999762    0.7999999762    0.7999999762    0.7999999762    0.7999999762
  0.7999999762    0.7999999762    0.7999999762    0.7999999762    0.7999999762
  0.7999999762    0.7999999762    0.7999999762    0.7999999762    0.7999999762
  0.7999999762    0.7999999762    0.7999999762    0.7999999762    0.7999999762
  0.7999999762    0.7999999762    0.7999999762    0.7999999762    0.7999999762
  0.7999999762    0.7999999762    0.7999999762    0.7999999762    0.7999999762
  0.0000000238    0.0915983438    0.1445798635    0.1791042089    0.2046189070
  0.2249218225    0.2418475866    0.2564131021    0.2692368269    0.2807236910
  0.2911530256    0.3007238626    0.3095866442    0.3178528547    0.3256113291
  0.3329321623    0.3398725271    0.3464782953    0.3527884722    0.3588347673
  0.3646456480    0.3702438593    0.3756500483    0.3808810472    0.3859525919
  0.3908781290    0.3956698656    0.4003382444    0.4048925638    0.4093405962
  0.4136920214    0.4179512739    0.4221261740    0.4262221098    0.4302436590
  0.4341964006    0.4380845308    0.4419118166    0.4456813097    0.4493977785
  0.4530631781    0.4566812754    0.4602540731    0.4637850046    0.4672756910
  0.4707287073    0.4741464376    0.4775300741    0.4808823824    0.4842047453
  0.4874982119    0.4907655001    0.4940069437    0.4972245932    0.5004201174
  0.5035940409    0.5067482233    0.5098826170    0.5129999876    0.5161001444
  0.5191848040    0.5222550631    0.5253111124    0.5283545256    0.5313858271
  0.5344054937    0.5374154806    0.5404156923    0.5434065580    0.5463903666
  0.5493659735    0.5523356199    0.5552995443    0.5582576036    0.5612113237
  0.5641614199    0.5671080828    0.5700522661    0.5729951143    0.5759353399
  0.5788766146    0.5818167448    0.5847579718    0.5877012014    0.5906450987
  0.5935927153    0.5965439081    0.5994982481    0.6024573088    0.6054230928
  0.6083937407    0.6113724470    0.6143585920    0.6173527956    0.6203572512
  0.6233717203    0.6263978720    0.6294366121    0.6324887514    0.6355551004
  0.6386383772    0.6417369604    0.6448557615    0.6479958296    0.6511557341
  0.6543401957    0.6575512171    0.6607875586    0.6640568018    0.6673575163
  0.6706943274    0.6740702868    0.6774903536    0.6809551001    0.6844746351
  0.6880477190    0.6916866064    0.6953956842    0.6991832972    0.7030578375
  0.7070362806    0.7111274958    0.7153496027    0.7197234869    0.7242809534
  0.7290493250    0.7340790033    0.7394279718    0.7451862574    0.7514781237
  0.7585128069    0.7666488409    0.7766311884    0.7904834509    0.7999999762
  0.7999999762    0.7999999762    0.7999999762    0.7999999762    0.7999999762
  0.7999999762    0.7999999762    0.7999999762    0.7999999762    0.7999999762
  0.7999999762    0.7999999762    0.7999999762    0.7999999762    0.7999999762
  0.7999999762    0.7999999762    0.7999999762    0.7999999762    0.7999999762
  0.7999999762    0.7999999762    0.7999999762    0.7999999762    0.7999999762
  0.7999999762    0.7999999762    0.7999999762    0.7999999762    0.7999999762
  0.7999999762    0.7999999762    0.7999999762    0.7999999762    0.7999999762
  0.7999999762    0.7999999762    0.7999999762    0.7999999762    0.7999999762
  0.7999999762    0.7999999762    0.7999999762    0.7999999762    0.7999999762
  0.7999999762    0.7999999762    0.7999999762    0.7999999762    0.7999999762
  0.7999999762    0.7999999762    0.7999999762    0.7999999762    0.7999999762
  0.7999999762    0.7999999762    0.7999999762    0.7999999762    0.7999999762
  0.7999999762    0.7999999762    0.7999999762    0.7999999762    0.7999999762
  0.7999999762    0.7999999762    0.7999999762    0.7999999762    0.7999999762
  0.7999999762    0.7999999762    0.7999999762    0.7999999762    0.7999999762
  0.7999999762    0.7999999762    0.7999999762    0.7999999762    0.7999999762
  0.7999999762    0.7999999762    0.7999999762    0.7999999762    0.7999999762
  0.7999999762    0.7999999762    0.7999999762    0.7999999762    0.7999999762
  0.7999999762    0.7999999762    0.7999999762    0.7999999762    0.7999999762
  0.7999999762    0.7999999762    0.7999999762    0.7999999762    0.7999999762
  0.7999999762    0.7999999762    0.7999999762    0.7999999762    0.7999999762
  0.7999999762    0.7999999762    0.7999999762    0.7999999762    0.7999999762
  0.7999999762    0.7999999762    0.7999999762    0.7999999762    0.7999999762
  0.7999999762    0.7999999762    0.7999999762    0.7999999762    0.7999999762
  0.7999999762    0.7999999762    0.7999999762    0.7999999762    0.7999999762
  0.7999999762    0.7999999762    0.7999999762    0.7999999762    0.7999999762
  0.7999999762    0.7999999762    0.7999999762    0.7999999762    0.7999999762
  0.7999999762    0.7999999762    0.7999999762    0.7999999762    0.7999999762
  0.7999999762    0.7999999762    0.7999999762    0.7999999762    0.7999999762
  0.7999999762    0.7999999762    0.7999999762    0.7999999762    0.7999999762
  0.7999999762    0.7999999762    0.7999999762    0.7999999762    0.7999999762
  0.7999999762    0.7999999762    0.7999999762    0.7999999762    0.7999999762
  0.7999999762    0.7999999762    0.7999999762    0.7999999762    0.7999999762
  0.0000000238    0.0782886267    0.1287405252    0.1628284216    0.1883075476
  0.2086683035    0.2256703615    0.2403085470    0.2531956911    0.2647357702
  0.2752073526    0.2848117113    0.2936979532    0.3019802809    0.3097477674
  0.3170707464    0.3240076303    0.3306048632    0.3369007826    0.3429292440
  0.3487179041    0.3542898893    0.3596655607    0.3648637056    0.3698986292
  0.3747849703    0.3795341730    0.3841573477    0.3886639357    0.3930623770
  0.3973602533    0.4015650034    0.4056827307    0.4097191095    0.4136786699
  0.4175677061    0.4213898897    0.4251486540    0.4288485765    0.4324925184
  0.4360839605    0.4396262884    0.4431221247    0.4465728045    0.4499821424
  0.4533517122    0.4566839933    0.4599807501    0.4632442236    0.4664754629
  0.4696764708    0.4728491068    0.4759941816    0.4791138887    0.4822089434
  0.4852807760    0.4883300543    0.4913595915    0.4943688154    0.4973590612
  0.5003316641    0.5032877207    0.5062279940    0.5091526747    0.5120638132
  0.5149614573    0.5178461790    0.5207189798    0.5235817194    0.5264330149
  0.5292746305    0.5321074247    0.5349318266    0.5377485514    0.5405580282
  0.5433609247    0.5461570501    0.5489480734    0.5517346144    0.5545160532
  0.5572942972    0.5600686789    0.5628402472    0.5656095266    0.5683771372
  0.5711431265    0.5739084959    0.5766737223    0.5794392347    0.5822043180
  0.5849714518    0.5877398729    0.5905103445    0.5932836771    0.5960602999
  0.5988401175    0.6016247034    0.6044127226    0.6072073698    0.6100076914
  0.6128139257    0.6156279325    0.6184499025    0.6212796450    0.6241189718
  0.6269671202    0.6298263311    0.6326981783    0.6355819941    0.6384785414
  0.6413882494    0.6443153620    0.6472571135    0.6502176523    0.6531975031
  0.6561961889    0.6592176676    0.6622627020    0.6653336763    0.6684315920
  0.6715585947    0.6747186422    0.6779136419    0.6811454535    0.6844219446
  0.6877407312    0.6911101103    0.6945352793    0.6980201483    0.7015743494
  0.7052020788    0.7089157343    0.7127216101    0.7166393518    0.7206802607
  0.7248634100    0.7292171240    0.7337708235    0.7385658026    0.7436568499
  0.7491242170    0.7550765753    0.7617005110    0.7692900896    0.7784560919
  0.7907242060    0.7999999762    0.7999999762    0.7999999762    0.7999999762
  0.7999999762    0.7999999762    0.7999999762    0.7999999762    0.7999999762
  0.7999999762    0.7999999762    0.7999999762    0.7999999762    0.7999999762
  0.7999999762    0.7999999762    0.7999999762    0.7999999762    0.7999999762
  0.7999999762    0.7999999762    0.7999999762    0.7999999762    0.7999999762
  0.7999999762    0.7999999762    0.7999999762    0.7999999762    0.7999999762
  0.7999999762    0.7999999762    0.7999999762    0.7999999762    0.7999999762
  0.7999999762    0.7999999762    0.7999999762    0.7999999762    0.7999999762
  0.7999999762    0.7999999762    0.7999999762    0.7999999762    0.7999999762
  0.7999999762    0.7999999762    0.7999999762    0.7999999762    0.7999999762
  0.7999999762    0.7999999762    0.7999999762    0.7999999762    0.7999999762
  0.7999999762    0.7999999762    0.7999999762    0.7999999762    0.7999999762
  0.7999999762    0.7999999762    0.7999999762    0.7999999762    0.7999999762
  0.7999999762    0.7999999762    0.7999999762    0.7999999762    0.7999999762
  0.7999999762    0.7999999762    0.7999999762    0.7999999762    0.7999999762
  0.7999999762    0.7999999762    0.7999999762    0.7999999762    0.7999999762
  0.7999999762    0.7999999762    0.7999999762    0.7999999762    0.7999999762
  0.7999999762    0.7999999762    0.7999999762    0.7999999762    0.7999999762
  0.7999999762    0.7999999762    0.7999999762    0.7999999762    0.7999999762
  0.7999999762    0.7999999762    0.7999999762    0.7999999762    0.7999999762
  0.7999999762    0.7999999762    0.7999999762    0.7999999762    0.7999999762
  0.7999999762    0.7999999762    0.7999999762    0.7999999762    0.7999999762
  0.7999999762    0.7999999762    0.7999999762    0.7999999762    0.7999999762
  0.7999999762    0.7999999762    0.7999999762    0.7999999762    0.7999999762
  0.7999999762    0.7999999762    0.7999999762    0.7999999762    0.7999999762
  0.7999999762    0.7999999762    0.7999999762    0.7999999762    0.7999999762
  0.7999999762    0.7999999762    0.7999999762    0.7999999762    0.7999999762
  0.7999999762    0.7999999762    0.7999999762    0.7999999762    0.7999999762
  0.7999999762    0.7999999762    0.7999999762    0.7999999762    0.7999999762
  0.7999999762    0.7999999762    0.7999999762    0.7999999762    0.7999999762
  0.7999999762    0.7999999762    0.7999999762    0.7999999762    0.7999999762
  0.0000000238    0.0672145605    0.1146215200    0.1479786634    0.1732804537
  0.1936227083    0.2106570959    0.2253412485    0.2382750273    0.2498573065
  0.2603644609    0.2699977160    0.2789063692    0.2872045279    0.2949824095
  0.3023108721    0.3092476606    0.3158401251    0.3221276045    0.3281438112
  0.3339154959    0.3394683123    0.3448212385    0.3499937773    0.3550005198
  0.3598556280    0.3645712614    0.3691581488    0.3736258745    0.3779841661
  0.3822395086    0.3863994360    0.3904702425    0.3944576502    0.3983673334
  0.4022034883    0.4059715509    0.4096749067    0.4133167505    0.4169019938
  0.4204326391    0.4239121675    0.4273432016    0.4307287455    0.4340705633
  0.4373718023    0.4406339407    0.4438588858    0.4470483065    0.4502048731
  0.4533296347    0.4564239740    0.4594897985    0.4625282526    0.4655411005
  0.4685289621    0.4714933157    0.4744352102    0.4773555517    0.4802556753
  0.4831369638    0.4859997034    0.4888450384    0.4916732550    0.4944864511
  0.4972847223    0.5000686884    0.5028389215    0.5055958986    0.5083410978
  0.5110749960    0.5137979746    0.5165109873    0.5192143679    0.5219085455
  0.5245942831    0.5272719145    0.5299422026    0.5326059103    0.5352628469
  0.5379137278    0.5405592203    0.5431990862    0.5458353281    0.5484672785
  0.5510946035    0.5537192583    0.5563409567    0.5589602709    0.5615777254
  0.5641934156    0.5668070078    0.5694207907    0.5720334768    0.5746455431
  0.5772587538    0.5798722982    0.5824866056    0.5851029158    0.5877204180
  0.5903403044    0.5929625750    0.5955883741    0.5982168913    0.6008500338
  0.6034861326    0.6061275244    0.6087740660    0.6114260435    0.6140841722
  0.6167490244    0.6194204569    0.6220994711    0.6247858763    0.6274826288
  0.6301867247    0.6329005957    0.6356267691    0.6383633852    0.6411112070
  0.6438722849    0.6466470003    0.6494353533    0.6522399187    0.6550621748
  0.6579001188    0.6607577562    0.6636352301    0.6665360212    0.6694591761
  0.6724061251    0.6753795385    0.6783832312    0.6814182043    0.6844867468
  0.6875938654    0.6907406092    0.6939289331    0.6971659422    0.7004561663
  0.7038051367    0.7072173834    0.7107021093    0.7142688990    0.7179244757
  0.7216835260    0.7255588293    0.7295715570    0.7337413073    0.7381004572
  0.7426823378    0.7475398302    0.7527431250    0.7583934069    0.7646423101
  0.7717590570    0.7802291632    0.7912319422    0.7999999762    0.7999999762
  0.7999999762    0.7999999762    0.7999999762    0.7999999762    0.7999999762
  0.7999999762    0.7999999762    0.7999999762    0.7999999762    0.7999999762
  0.7999999762    0.7999999762    0.7999999762    0.7999999762    0.7999999762
  0.7999999762    0.7999999762    0.7999999762    0.7999999762    0.7999999762
  0.7999999762    0.7999999762    0.7999999762    0.7999999762    0.7999999762
  0.7999999762    0.7999999762    0.7999999762    0.7999999762    0.7999999762
  0.7999999762    0.7999999762    0.7999999762    0.7999999762    0.7999999762
  0.7999999762    0.7999999762    0.7999999762    0.7999999762    0.7999999762
  0.7999999762    0.7999999762    0.7999999762    0.7999999762    0.7999999762
  0.7999999762    0.7999999762    0.7999999762    0.7999999762    0.7999999762
  0.7999999762    0.7999999762    0.7999999762    0.7999999762    0.7999999762
  0.7999999762    0.7999999762    0.7999999762    0.7999999762    0.7999999762
  0.7999999762    0.7999999762    0.7999999762    0.7999999762    0.7999999762
  0.7999999762    0.7999999762    0.7999999762    0.7999999762    0.7999999762
  0.7999999762    0.7999999762    0.7999999762    0.7999999762    0.7999999762
  0.7999999762    0.7999999762    0.7999999762    0.7999999762    0.7999999762
  0.7999999762    0.7999999762    0.7999999762    0.7999999762    0.7999999762
  0.7999999762    0.7999999762    0.7999999762    0.7999999762    0.7999999762
  0.7999999762    0.7999999762    0.7999999762    0.7999999762    0.7999999762
  0.7999999762    0.7999999762    0.7999999762    0.7999999762    0.7999999762
  0.7999999762    0.7999999762    0.7999999762    0.7999999762    0.7999999762
  0.7999999762    0.7999999762    0.7999999762    0.7999999762    0.7999999762
  0.7999999762    0.7999999762    0.7999999762    0.7999999762    0.7999999762
  0.7999999762    0.7999999762    0.7999999762    0.7999999762    0.7999999762
  0.7999999762    0.7999999762    0.7999999762    0.7999999762    0.7999999762
  0.7999999762    0.7999999762    0.7999999762    0.7999999762    0.7999999762
  0.7999999762    0.7999999762    0.7999999762    0.7999999762    0.7999999762
  0.7999999762    0.7999999762    0.7999999762    0.7999999762    0.7999999762
  0.0000000238    0.0580553293    0.1021216631    0.1344651937    0.1594373941
  0.1796777964    0.1966934919    0.2113919497    0.2243517160    0.2359614134
  0.2464950323    0.2561515093    0.2650784731    0.2733916998    0.2811792135
  0.2885138273    0.2954523325    0.3020430803    0.3083250761    0.3143321753
  0.3200926542    0.3256300211    0.3309663057    0.3361183882    0.3411025763
  0.3459328413    0.3506213427    0.3551795244    0.3596159220    0.3639409781
  0.3681612730    0.3722843885    0.3763167620    0.3802641153    0.3841316938
  0.3879248857    0.3916475058    0.3953041315    0.3988984823    0.4024339437
  0.4059141874    0.4093416929    0.4127190351    0.4160493612    0.4193349600
  0.4225785494    0.4257816076    0.4289460421    0.4320746660    0.4351680994
  0.4382289171    0.4412581205    0.4442569971    0.4472279310    0.4501710653
  0.4530885458    0.4559815168    0.4588509798    0.4616973162    0.4645220041
  0.4673269033    0.4701112986    0.4728774309    0.4756255865    0.4783568621
  0.4810724974    0.4837720633    0.4864561796    0.4891268492    0.4917845488
  0.4944288969    0.4970612764    0.4996816397    0.5022918940    0.5048909426
  0.5074806929    0.5100604296    0.5126315832    0.5151938677    0.5177490950
  0.5202965975    0.5228370905    0.5253708124    0.5278984785    0.5304198980
  0.5329366446    0.5354479551    0.5379549742    0.5404578924    0.5429568052
  0.5454523325    0.5479451418    0.5504343271    0.5529214621    0.5554061174
  0.5578893423    0.5603707552    0.5628508329    0.5653310061    0.5678095579
  0.5702886820    0.5727671385    0.5752466917    0.5777269125    0.5802073240
  0.5826901674    0.5851735830    0.5876602411    0.5901478529    0.5926381350
  0.5951310396    0.5976277113    0.6001269102    0.6026304960    0.6051388979
  0.6076503038    0.6101679087    0.6126894712    0.6152178049    0.6177514791
  0.6202907324    0.6228373766    0.6253913164    0.6279534101    0.6305223703
  0.6331006289    0.6356868505    0.6382838488    0.6408917189    0.6435093641
  0.6461381197    0.6487790823    0.6514327288    0.6541012526    0.6567824602
  0.6594811201    0.6621948957    0.6649259806    0.6676756144    0.6704451799
  0.6732373476    0.6760510683    0.6788878679    0.6817539454    0.6846462488
  0.6875683069    0.6905230761    0.6935148478    0.6965450048    0.6996162176
  0.7027351618    0.7059032202    0.7091270208    0.7124130011    0.7157680273
  0.7191993475    0.7227168798    0.7263316870    0.7300586939    0.7339122534
  0.7379161119    0.7420960188    0.7464843512    0.7511299372    0.7560927629
  0.7614654303    0.7673874140    0.7740753412    0.7819469690    0.7919250727
  0.7999999762    0.7999999762    0.7999999762    0.7999999762    0.7999999762
  0.7999999762    0.7999999762    0.7999999762    0.7999999762    0.7999999762
  0.7999999762    0.7999999762    0.7999999762    0.7999999762    0.7999999762
  0.7999999762    0.7999999762    0.7999999762    0.7999999762    0.7999999762
  0.7999999762    0.7999999762    0.7999999762    0.7999999762    0.7999999762
  0.7999999762    0.7999999762    0.7999999762    0.7999999762    0.7999999762
  0.7999999762    0.7999999762    0.7999999762    0.7999999762    0.7999999762
  0.7999999762    0.7999999762    0.7999999762    0.7999999762    0.7999999762
  0.7999999762    0.7999999762    0.7999999762    0.7999999762    0.7999999762
  0.7999999762    0.7999999762    0.7999999762    0.7999999762    0.7999999762
  0.7999999762    0.7999999762    0.7999999762    0.7999999762    0.7999999762
  0.7999999762    0.7999999762    0.7999999762    0.7999999762    0.7999999762
  0.7999999762    0.7999999762    0.7999999762    0.7999999762    0.7999999762
  0.7999999762    0.7999999762    0.7999999762    0.7999999762    0.7999999762
  0.7999999762    0.7999999762    0.7999999762    0.7999999762    0.7999999762
  0.7999999762    0.7999999762    0.7999999762    0.7999999762    0.7999999762
  0.7999999762    0.7999999762    0.7999999762    0.7999999762    0.7999999762
  0.7999999762    0.7999999762    0.7999999762    0.7999999762    0.7999999762
  0.7999999762    0.7999999762    0.7999999762    0.7999999762    0.7999999762
  0.7999999762    0.7999999762    0.7999999762    0.7999999762    0.7999999762
  0.7999999762    0.7999999762    0.7999999762    0.7999999762    0.7999999762
  0.7999999762    0.7999999762    0.7999999762    0.7999999762    0.7999999762
  0.7999999762    0.7999999762    0.7999999762    0.7999999762    0.7999999762
  0.7999999762    0.7999999762    0.7999999762    0.7999999762    0.7999999762
  0.7999999762    0.7999999762    0.7999999762    0.7999999762    0.7999999762
  0.7999999762    0.7999999762    0.7999999762    0.7999999762    0.7999999762
  0.0000000238    0.0504929304    0.0911272287    0.1222124338    0.1467017889
  0.1667482138    0.1836893797    0.1983654737    0.2113262892    0.2229475260
  0.2334959269    0.2431673765    0.2521085024    0.2604319334    0.2682278872
  0.2755672693    0.2825081587    0.2890983820    0.2953770876    0.3013777494
  0.3071293116    0.3126555681    0.3179780245    0.3231142282    0.3280802011
  0.3328904867    0.3375573397    0.3420912504    0.3465025187    0.3508005381
  0.3549919367    0.3590844870    0.3630845308    0.3669985533    0.3708312273
  0.3745880365    0.3782728434    0.3818902731    0.3854445696    0.3889382124
  0.3923754454    0.3957586527    0.3990911245    0.4023749113    0.4056133986
  0.4088077784    0.4119605780    0.4150748014    0.4181507349    0.4211910486
  0.4241973639    0.4271711111    0.4301137686    0.4330271006    0.4359123468
  0.4387696981    0.4416017771    0.4444091082    0.4471926451    0.4499538660
  0.4526931047    0.4554122686    0.4581115484    0.4607918024    0.4634536505
  0.4660988092    0.4687269449    0.4713391066    0.4739363909    0.4765188932
  0.4790880442    0.4816438913    0.4841864347    0.4867180109    0.4892371416
  0.4917452097    0.4942430735    0.4967315912    0.4992096663    0.5016790152
  0.5041395903    0.5065920591    0.5090367079    0.5114739180    0.5139043093
  0.5163276434    0.5187456369    0.5211575270    0.5235635519    0.5259652376
  0.5283613920    0.5307531595    0.5331411123    0.5355249643    0.5379052877
  0.5402822256    0.5426568270    0.5450287580    0.5473971605    0.5497644186
  0.5521301985    0.5544935942    0.5568565607    0.5592177629    0.5615785837
  0.5639390707    0.5662988424    0.5686583757    0.5710189581    0.5733797789
  0.5757416487    0.5781041861    0.5804678202    0.5828328848    0.5851998568
  0.5875691175    0.5899393797    0.5923135042    0.5946897268    0.5970689058
  0.5994508982    0.6018369436    0.6042264700    0.6066202402    0.6090181112
  0.6114196539    0.6138271093    0.6162403345    0.6186584711    0.6210816622
  0.6235106230    0.6259463549    0.6283898592    0.6308393717    0.6332970858
  0.6357615709    0.6382356882    0.6407188654    0.6432096720    0.6457113028
  0.6482222795    0.6507461786    0.6532799959    0.6558256388    0.6583839178
  0.6609574556    0.6635435343    0.6661455393    0.6687629461    0.6713997126
  0.6740520716    0.6767245054    0.6794189692    0.6821334600    0.6848719835
  0.6876369715    0.6904284239    0.6932503939    0.6961016893    0.6989886999
  0.7019134283    0.7048785925    0.7078880548    0.7109459162    0.7140564680
  0.7172260523    0.7204609156    0.7237689257    0.7271599531    0.7306431055
  0.7342315912    0.7379413843    0.7417900801    0.7458049536    0.7500175714
  0.7544662237    0.7592148066    0.7643356562    0.7699523687    0.7762634993
  0.7836120844    0.7927307844    0.7999999762    0.7999999762    0.7999999762
  0.7999999762    0.7999999762    0.7999999762    0.7999999762    0.7999999762
  0.7999999762    0.7999999762    0.7999999762    0.7999999762    0.7999999762
  0.7999999762    0.7999999762    0.7999999762    0.7999999762    0.7999999762
  0.7999999762    0.7999999762    0.7999999762    0.7999999762    0.7999999762
  0.7999999762    0.7999999762    0.7999999762    0.7999999762    0.7999999762
  0.7999999762    0.7999999762    0.7999999762    0.7999999762    0.7999999762
  0.7999999762    0.7999999762    0.7999999762    0.7999999762    0.7999999762
  0.7999999762    0.7999999762    0.7999999762    0.7999999762    0.7999999762
  0.7999999762    0.7999999762    0.7999999762    0.7999999762    0.7999999762
  0.7999999762    0.7999999762    0.7999999762    0.7999999762    0.7999999762
  0.7999999762    0.7999999762    0.7999999762    0.7999999762    0.7999999762
  0.7999999762    0.7999999762    0.7999999762    0.7999999762    0.7999999762
  0.7999999762    0.7999999762    0.7999999762    0.7999999762    0.7999999762
  0.7999999762    0.7999999762    0.7999999762    0.7999999762    0.7999999762
  0.7999999762    0.7999999762    0.7999999762    0.7999999762    0.7999999762
  0.7999999762    0.7999999762    0.7999999762    0.7999999762    0.7999999762
  0.7999999762    0.7999999762    0.7999999762    0.7999999762    0.7999999762
  0.7999999762    0.7999999762    0.7999999762    0.7999999762    0.7999999762
  0.7999999762    0.7999999762    0.7999999762    0.7999999762    0.7999999762
  0.7999999762    0.7999999762    0.7999999762    0.7999999762    0.7999999762
  0.7999999762    0.7999999762    0.7999999762    0.7999999762    0.7999999762
  0.7999999762    0.7999999762    0.7999999762    0.7999999762    0.7999999762
  0.7999999762    0.7999999762    0.7999999762    0.7999999762    0.7999999762
  0.0000000238    0.0442364931    0.0815083265    0.1111487627    0.1350087404
  0.1547675848    0.1715729475    0.1861860037    0.1991206408    0.2107336760
  0.2212835550    0.2309602499    0.2399072886    0.2482376814    0.2560384035
  0.2633811712    0.2703233004    0.2769125223    0.2831886530    0.2891845942
  0.2949287653    0.3004462004    0.3057573080    0.3108810663    0.3158322573
  0.3206260920    0.3252744913    0.3297890425    0.3341795683    0.3384537935
  0.3426213980    0.3466883421    0.3506617308    0.3545474291    0.3583508253
  0.3620767832    0.3657298803    0.3693141699    0.3728339911    0.3762923479
  0.3796935320    0.3830388784    0.3863328218    0.3895774126    0.3927750349
  0.3959274054    0.3990381479    0.4021082640    0.4051399946    0.4081346273
  0.4110947371    0.4140208483    0.4169153929    0.4197792292    0.4226135492
  0.4254206419    0.4282005548    0.4309549093    0.4336846590    0.4363907576
  0.4390746355    0.4417371988    0.4443786383    0.4470008135    0.4496034384
  0.4521881342    0.4547551870    0.4573056459    0.4598400831    0.4623591185
  0.4648632765    0.4673535585    0.4698294878    0.4722934961    0.4747445345
  0.4771835089    0.4796113729    0.4820279360    0.4844346285    0.4868307829
  0.4892172575    0.4915948153    0.4939637423    0.4963244200    0.4986769915
  0.5010218382    0.5033601046    0.5056910753    0.5080155134    0.5103340387
  0.5126464128    0.5149537802    0.5172553301    0.5195527315    0.5218446970
  0.5241328001    0.5264167070    0.5286975145    0.5309743643    0.5332478762
  0.5355190992    0.5377863169    0.5400519133    0.5423154593    0.5445770979
  0.5468368769    0.5490944624    0.5513512373    0.5536072493    0.5558621168
  0.5581158876    0.5603699446    0.5626234293    0.5648767710    0.5671304464
  0.5693849325    0.5716397524    0.5738954306    0.5761518717    0.5784090757
  0.5806688070    0.5829297304    0.5851913214    0.5874570608    0.5897234201
  0.5919921160    0.5942647219    0.5965391397    0.5988165140    0.6010979891
  0.6033818960    0.6056693316    0.6079614878    0.6102574110    0.6125573874
  0.6148621321    0.6171715498    0.6194859266    0.6218046427    0.6241300344
  0.6264611006    0.6287976980    0.6311404467    0.6334919214    0.6358484030
  0.6382124186    0.6405837297    0.6429637194    0.6453521013    0.6477505922
  0.6501569510    0.6525728941    0.6550003290    0.6574363470    0.6598862410
  0.6623470545    0.6648188829    0.6673049688    0.6698071241    0.6723209143
  0.6748535872    0.6774009943    0.6799651861    0.6825495958    0.6851547003
  0.6877795935    0.6904289007    0.6931022882    0.6958007574    0.6985297918
  0.7012881994    0.7040802240    0.7069069147    0.7097732782    0.7126819372
  0.7156368494    0.7186424017    0.7217071772    0.7248302221    0.7280261278
  0.7312983751    0.7346595526    0.7381209612    0.7416962385    0.7454048872
  0.7492684126    0.7533156633    0.7575865984    0.7621322393    0.7670226812
  0.7723694563    0.7783389807    0.7852233171    0.7936249495    0.7999999762
  0.7999999762    0.7999999762    0.7999999762    0.7999999762    0.7999999762
  0.7999999762    0.7999999762    0.7999999762    0.7999999762    0.7999999762
  0.7999999762    0.7999999762    0.7999999762    0.7999999762    0.7999999762
  0.7999999762    0.7999999762    0.7999999762    0.7999999762    0.7999999762
  0.7999999762    0.7999999762    0.7999999762    0.7999999762    0.7999999762
  0.7999999762    0.7999999762    0.7999999762    0.7999999762    0.7999999762
  0.7999999762    0.7999999762    0.7999999762    0.7999999762    0.7999999762
  0.7999999762    0.7999999762    0.7999999762    0.7999999762    0.7999999762
  0.7999999762    0.7999999762    0.7999999762    0.7999999762    0.7999999762
  0.7999999762    0.7999999762    0.7999999762    0.7999999762    0.7999999762
  0.7999999762    0.7999999762    0.7999999762    0.7999999762    0.7999999762
  0.7999999762    0.7999999762    0.7999999762    0.7999999762    0.7999999762
  0.7999999762    0.7999999762    0.7999999762    0.7999999762    0.7999999762
  0.7999999762    0.7999999762    0.7999999762    0.7999999762    0.7999999762
  0.7999999762    0.7999999762    0.7999999762    0.7999999762    0.7999999762
  0.7999999762    0.7999999762    0.7999999762    0.7999999762    0.7999999762
  0.7999999762    0.7999999762    0.7999999762    0.7999999762    0.7999999762
  0.7999999762    0.7999999762    0.7999999762    0.7999999762    0.7999999762
  0.7999999762    0.7999999762    0.7999999762    0.7999999762    0.7999999762
  0.7999999762    0.7999999762    0.7999999762    0.7999999762    0.7999999762
  0.7999999762    0.7999999762    0.7999999762    0.7999999762    0.7999999762
  0.0000000238    0.0390383482    0.0731266260    0.1011979818    0.1243005037
  0.1436787367    0.1602858305    0.1747927904    0.1876702070    0.1992541552
  0.2097891092    0.2194592714    0.2284044504    0.2367349386    0.2445363760
  0.2518790960    0.2588211775    0.2654082537    0.2716812372    0.2776723146
  0.2834105730    0.2889203787    0.2942223310    0.2993346453    0.3042741060
  0.3090541601    0.3136873484    0.3181853056    0.3225574255    0.3268131495
  0.3309599161    0.3350054979    0.3389558554    0.3428174734    0.3465958357
  0.3502952337    0.3539213896    0.3574778795    0.3609679937    0.3643968821
  0.3677661657    0.3710794687    0.3743406534    0.3775506735    0.3807135820
  0.3838306189    0.3869043589    0.3899368525    0.3929299116    0.3958853006
  0.3988051176    0.4016908884    0.4045430899    0.4073646307    0.4101556540
  0.4129184961    0.4156537771    0.4183620214    0.4210452795    0.4237045527
  0.4263402224    0.4289536715    0.4315452337    0.4341171503    0.4366682291
  0.4392011881    0.4417156458    0.4442122698    0.4466926813    0.4491564512
  0.4516046286    0.4540382624    0.4564573050    0.4588623285    0.4612542391
  0.4636339903    0.4660009623    0.4683561087    0.4707002878    0.4730338812
  0.4753566980    0.4776695967    0.4799733877    0.4822679281    0.4845534086
  0.4868306875    0.4891000032    0.4913611174    0.4936157465    0.4958630800
  0.4981034517    0.5003380060    0.5025659323    0.5047884226    0.5070051908
  0.5092173338    0.5114240885    0.5136265516    0.5158249140    0.5180183172
  0.5202087641    0.5223945856    0.5245772600    0.5267568827    0.5289335966
  0.5311079741    0.5332796335    0.5354490519    0.5376164675    0.5397817850
  0.5419461489    0.5441076994    0.5462687731    0.5484289885    0.5505884409
  0.5527470827    0.5549041510    0.5570622683    0.5592192888    0.5613774538
  0.5635349989    0.5656924009    0.5678514242    0.5700102568    0.5721711397
  0.5743318796    0.5764937639    0.5786580801    0.5808230639    0.5829904318
  0.5851588488    0.5873299837    0.5895029306    0.5916781187    0.5938558817
  0.5960369825    0.5982201815    0.6004061460    0.6025960684    0.6047891378
  0.6069855452    0.6091849089    0.6113887072    0.6135972738    0.6158100843
  0.6180261850    0.6202475309    0.6224743605    0.6247049093    0.6269411325
  0.6291839838    0.6314309359    0.6336846590    0.6359445333    0.6382111311
  0.6404843092    0.6427646875    0.6450523615    0.6473463774    0.6496499777
  0.6519613981    0.6542818785    0.6566111326    0.6589515924    0.6613010645
  0.6636595964    0.6660320997    0.6684138060    0.6708083868    0.6732166052
  0.6756394625    0.6780759096    0.6805279016    0.6829940557    0.6854799032
  0.6879831076    0.6905056238    0.6930496454    0.6956142664    0.6982036352
  0.7008174658    0.7034607172    0.7061309576    0.7088344336    0.7115714788
  0.7143474817    0.7171626806    0.7200237036    0.7229335070    0.7258972406
  0.7289196730    0.7320099115    0.7351733923    0.7384216547    0.7417632818
  0.7452163935    0.7487931013    0.7525146246    0.7564132929    0.7605167150
  0.7648757219    0.7695587397    0.7746520758    0.7803162336    0.7867920637
  0.7945746183    0.7999999762    0.7999999762    0.7999999762    0.7999999762
  0.7999999762    0.7999999762    0.7999999762    0.7999999762    0.7999999762
  0.7999999762    0.7999999762    0.7999999762    0.7999999762    0.7999999762
  0.7999999762    0.7999999762    0.7999999762    0.7999999762    0.7999999762
  0.7999999762    0.7999999762    0.7999999762    0.7999999762    0.7999999762
  0.7999999762    0.7999999762    0.7999999762    0.7999999762    0.7999999762
  0.7999999762    0.7999999762    0.7999999762    0.7999999762    0.7999999762
  0.7999999762    0.7999999762    0.7999999762    0.7999999762    0.7999999762
  0.7999999762    0.7999999762    0.7999999762    0.7999999762    0.7999999762
  0.7999999762    0.7999999762    0.7999999762    0.7999999762    0.7999999762
  0.7999999762    0.7999999762    0.7999999762    0.7999999762    0.7999999762
  0.7999999762    0.7999999762    0.7999999762    0.7999999762    0.7999999762
  0.7999999762    0.7999999762    0.7999999762    0.7999999762    0.7999999762
  0.7999999762    0.7999999762    0.7999999762    0.7999999762    0.7999999762
  0.7999999762    0.7999999762    0.7999999762    0.7999999762    0.7999999762
  0.7999999762    0.7999999762    0.7999999762    0.7999999762    0.7999999762
  0.7999999762    0.7999999762    0.7999999762    0.7999999762    0.7999999762
  0.7999999762    0.7999999762    0.7999999762    0.7999999762    0.7999999762
  0.7999999762    0.7999999762    0.7999999762    0.7999999762    0.7999999762
  0.0000000238    0.0346931219    0.0658376455    0.0922808886    0.1145214319
  0.1334328413    0.1497788668    0.1641346693    0.1769234419    0.1884534121
  0.1989563227    0.2086070776    0.2175405741    0.2258630037    0.2336598635
  0.2409991980    0.2479371309    0.2545212507    0.2607896566    0.2667755842
  0.2725074530    0.2780102015    0.2833036661    0.2884062529    0.2933351755
  0.2981028318    0.3027234793    0.3072071791    0.3115638018    0.3158028841
  0.3199324846    0.3239592314    0.3278902769    0.3317310572    0.3354881048
  0.3391653299    0.3427677870    0.3462997675    0.3497650385    0.3531671762
  0.3565095186    0.3597955942    0.3630277872    0.3662086248    0.3693411112
  0.3724270582    0.3754690886    0.3784692526    0.3814287901    0.3843506098
  0.3872352362    0.3900847673    0.3929017782    0.3956859350    0.3984391928
  0.4011636972    0.4038591146    0.4065281153    0.4091711760    0.4117887735
  0.4143828630    0.4169537783    0.4195024252    0.4220296144    0.4245370150
  0.4270239592    0.4294925451    0.4319429636    0.4343753099    0.4367912531
  0.4391908407    0.4415750265    0.4439439535    0.4462990046    0.4486392260
  0.4509665728    0.4532809496    0.4555832148    0.4578728914    0.4601512671
  0.4624187231    0.4646755934    0.4669222593    0.4691590071    0.4713865995
  0.4736048937    0.4758141279    0.4780151129    0.4802085161    0.4823941946
  0.4845718145    0.4867430925    0.4889077425    0.4910655260    0.4932166338
  0.4953626394    0.4975028276    0.4996373415    0.5017668486    0.5038914919
  0.5060114622    0.5081273317    0.5102391958    0.5123468161    0.5144502878
  0.5165506124    0.5186479330    0.5207419157    0.5228331327    0.5249216318
  0.5270075560    0.5290914297    0.5311737299    0.5332532644    0.5353309393
  0.5374078035    0.5394829512    0.5415564299    0.5436297178    0.5457014322
  0.5477734327    0.5498435736    0.5519140482    0.5539839983    0.5560544252
  0.5581243753    0.5601943254    0.5622652292    0.5643365622    0.5664083719
  0.5684811354    0.5705548048    0.5726293802    0.5747052431    0.5767820597
  0.5788609743    0.5809411764    0.5830230474    0.5851070166    0.5871933699
  0.5892809153    0.5913716555    0.5934647322    0.5955592394    0.5976576090
  0.5997589827    0.6018628359    0.6039703608    0.6060802698    0.6081937075
  0.6103105307    0.6124315500    0.6145566225    0.6166848421    0.6188173532
  0.6209543943    0.6230962515    0.6252424479    0.6273932695    0.6295492887
  0.6317112207    0.6338773489    0.6360494375    0.6382269621    0.6404105902
  0.6426016092    0.6447990656    0.6470024347    0.6492130518    0.6514302969
  0.6536551714    0.6558899641    0.6581314802    0.6603817701    0.6626409292
  0.6649097681    0.6671887159    0.6694779634    0.6717781782    0.6740894556
  0.6764117956    0.6787484884    0.6810969591    0.6834617853    0.6858386755
  0.6882335901    0.6906431913    0.6930729151    0.6955184698    0.6979861975
  0.7004737616    0.7029853582    0.7055206060    0.7080845594    0.7106750727
  0.7132953405    0.7159507990    0.7186401129    0.7213691473    0.7241432428
  0.7269611120    0.7298320532    0.7327605486    0.7357513189    0.7388133764
  0.7419574976    0.7451895952    0.7485260248    0.7519786596    0.7555721521
  0.7593277693    0.7632782698    0.7674683332    0.7719531298    0.7768210649
  0.7822028399    0.7883141279    0.7955658197    0.7999999762    0.7999999762
  0.7999999762    0.7999999762    0.7999999762    0.7999999762    0.7999999762
  0.7999999762    0.7999999762    0.7999999762    0.7999999762    0.7999999762
  0.7999999762    0.7999999762    0.7999999762    0.7999999762    0.7999999762
  0.7999999762    0.7999999762    0.7999999762    0.7999999762    0.7999999762
  0.7999999762    0.7999999762    0.7999999762    0.7999999762    0.7999999762
  0.7999999762    0.7999999762    0.7999999762    0.7999999762    0.7999999762
  0.7999999762    0.7999999762    0.7999999762    0.7999999762    0.7999999762
  0.7999999762    0.7999999762    0.7999999762    0.7999999762    0.7999999762
  0.7999999762    0.7999999762    0.7999999762    0.7999999762    0.7999999762
  0.7999999762    0.7999999762    0.7999999762    0.7999999762    0.7999999762
  0.7999999762    0.7999999762    0.7999999762    0.7999999762    0.7999999762
  0.7999999762    0.7999999762    0.7999999762    0.7999999762    0.7999999762
  0.7999999762    0.7999999762    0.7999999762    0.7999999762    0.7999999762
  0.7999999762    0.7999999762    0.7999999762    0.7999999762    0.7999999762
  0.7999999762    0.7999999762    0.7999999762    0.7999999762    0.7999999762
  0.7999999762    0.7999999762    0.7999999762    0.7999999762    0.7999999762
  0.0000000238    0.0310365915    0.0595023870    0.0843132257    0.1056154013
  0.1239850283    0.1400093317    0.1541694403    0.1668345213    0.1782861948
  0.1887381792    0.1983548880    0.2072653055    0.2155724764    0.2233576536
  0.2306879282    0.2376188993    0.2441962481    0.2504582644    0.2564378500
  0.2621631861    0.2676578283    0.2729428053    0.2780369997    0.2829552889
  0.2877129316    0.2923219442    0.2967928171    0.3011361837    0.3053609133
  0.3094751120    0.3134855032    0.3173997641    0.3212228060    0.3249606371
  0.3286182642    0.3322008848    0.3357115507    0.3391546965    0.3425344706
  0.3458530664    0.3491147280    0.3523222208    0.3554771185    0.3585835218
  0.3616421938    0.3646567583    0.3676282644    0.3705591440    0.3734510660
  0.3763052225    0.3791242361    0.3819085360    0.3846605539    0.3873816252
  0.3900718451    0.3927335024    0.3953677416    0.3979749918    0.4005568266
  0.4031136751    0.4056473970    0.4081578970    0.4106469870    0.4131149530
  0.4155624151    0.4179907084    0.4204004049    0.4227912188    0.4251652002
  0.4275223970    0.4298629522    0.4321878195    0.4344980955    0.4367936373
  0.4390754938    0.4413436174    0.4435983896    0.4458411932    0.4480714560
  0.4502905607    0.4524983644    0.4546952009    0.4568813562    0.4590576887
  0.4612245321    0.4633816004    0.4655297518    0.4676696539    0.4698011637
  0.4719244719    0.4740402937    0.4761484385    0.4782495260    0.4803438425
  0.4824320078    0.4845133066    0.4865888834    0.4886588335    0.4907234430
  0.4927822828    0.4948356390    0.4968854666    0.4989295721    0.5009704828
  0.5030059099    0.5050379038    0.5070666075    0.5090911627    0.5111130476
  0.5131310701    0.5151466608    0.5171594381    0.5191690683    0.5211770296
  0.5231824160    0.5251849413    0.5271864176    0.5291860819    0.5311839342
  0.5331804991    0.5351758718    0.5371696234    0.5391627073    0.5411551714
  0.5431470633    0.5451379538    0.5471287966    0.5491186857    0.5511090517
  0.5530989885    0.5550894022    0.5570798635    0.5590708494    0.5610623121
  0.5630538702    0.5650468588    0.5670408010    0.5690347910    0.5710306406
  0.5730282545    0.5750263929    0.5770254374    0.5790270567    0.5810299635
  0.5830350161    0.5850412607    0.5870500326    0.5890608072    0.5910735369
  0.5930894136    0.5951068163    0.5971276522    0.5991503000    0.6011763334
  0.6032052279    0.6052369833    0.6072718859    0.6093102694    0.6113517046
  0.6133976698    0.6154464960    0.6174988508    0.6195547342    0.6216147661
  0.6236792326    0.6257488966    0.6278215647    0.6298991442    0.6319819212
  0.6340693712    0.6361620665    0.6382607222    0.6403628588    0.6424724817
  0.6445861101    0.6467073202    0.6488340139    0.6509671926    0.6531066656
  0.6552537680    0.6574082613    0.6595687628    0.6617381334    0.6639168024
  0.6661023378    0.6682960272    0.6705003977    0.6727134466    0.6749374151
  0.6771716356    0.6794182539    0.6816737890    0.6839439154    0.6862247229
  0.6885207891    0.6908309698    0.6931579828    0.6954982519    0.6978568792
  0.7002346277    0.7026310205    0.7050472498    0.7074859858    0.7099476576
  0.7124355078    0.7149508715    0.7174949408    0.7200713396    0.7226841211
  0.7253319025    0.7280220270    0.7307567358    0.7335414171    0.7363815546
  0.7392799616    0.7422473192    0.7452911139    0.7484222651    0.7516494989
  0.7549885511    0.7584598780    0.7620835066    0.7658904791    0.7699212313
  0.7742248297    0.7788845301    0.7840087175    0.7897910357    0.7965720415
  0.7999999762    0.7999999762    0.7999999762    0.7999999762    0.7999999762
  0.7999999762    0.7999999762    0.7999999762    0.7999999762    0.7999999762
  0.7999999762    0.7999999762    0.7999999762    0.7999999762    0.7999999762
  0.7999999762    0.7999999762    0.7999999762    0.7999999762    0.7999999762
  0.7999999762    0.7999999762    0.7999999762    0.7999999762    0.7999999762
  0.7999999762    0.7999999762    0.7999999762    0.7999999762    0.7999999762
  0.7999999762    0.7999999762    0.7999999762    0.7999999762    0.7999999762
  0.7999999762    0.7999999762    0.7999999762    0.7999999762    0.7999999762
  0.7999999762    0.7999999762    0.7999999762    0.7999999762    0.7999999762
  0.7999999762    0.7999999762    0.7999999762    0.7999999762    0.7999999762
  0.7999999762    0.7999999762    0.7999999762    0.7999999762    0.7999999762
  0.7999999762    0.7999999762    0.7999999762    0.7999999762    0.7999999762
  0.7999999762    0.7999999762    0.7999999762    0.7999999762    0.7999999762
  0.7999999762    0.7999999762    0.7999999762    0.7999999762    0.7999999762
  0.0000000238    0.0279373884    0.0539914370    0.0772077322    0.0975239515
  0.1152893305    0.1309378386    0.1448583841    0.1573674917    0.1687146425
  0.1790950537    0.1886621237    0.1975377798    0.2058192492    0.2135854483
  0.2209007978    0.2278201818    0.2343871355    0.2406404257    0.2466113806
  0.2523283243    0.2578147650    0.2630914450    0.2681765318    0.2730854750
  0.2778328657    0.2824307203    0.2868901014    0.2912215471    0.2954334974
  0.2995339155    0.3035301924    0.3074288607    0.3112365007    0.3149581194
  0.3185986757    0.3221627474    0.3256551981    0.3290793180    0.3324387312
  0.3357373476    0.3389776468    0.3421625376    0.3452957392    0.3483787298
  0.3514137030    0.3544034719    0.3573500395    0.3602552652    0.3631209612
  0.3659488440    0.3687404394    0.3714972258    0.3742206335    0.3769124746
  0.3795729876    0.3822049379    0.3848078012    0.3873842955    0.3899342775
  0.3924593210    0.3949597120    0.3974374533    0.3998922586    0.4023259401
  0.4047387838    0.4071308851    0.4095045805    0.4118593454    0.4141959429
  0.4165148497    0.4188176394    0.4211044550    0.4233752012    0.4256309271
  0.4278725386    0.4301000834    0.4323133707    0.4345144510    0.4367026567
  0.4388783216    0.4410428762    0.4431956530    0.4453375101    0.4474687338
  0.4495896578    0.4517010927    0.4538032770    0.4558955431    0.4579791307
  0.4600542784    0.4621207952    0.4641803026    0.4662316084    0.4682754278
  0.4703124285    0.4723418951    0.4743659258    0.4763832331    0.4783940554
  0.4803994894    0.4823992014    0.4843933821    0.4863822222    0.4883667707
  0.4903457403    0.4923211813    0.4942918062    0.4962577581    0.4982210398
  0.5001798391    0.5021348238    0.5040869474    0.5060354471    0.5079812765
  0.5099241495    0.5118645430    0.5138016939    0.5157370329    0.5176701307
  0.5196011305    0.5215300798    0.5234575033    0.5253829718    0.5273070574
  0.5292302370    0.5311520815    0.5330726862    0.5349920988    0.5369107962
  0.5388293028    0.5407470942    0.5426638842    0.5445810080    0.5464979887
  0.5484144449    0.5503312826    0.5522481203    0.5541653395    0.5560829878
  0.5580011129    0.5599196196    0.5618390799    0.5637593508    0.5656805754
  0.5676026583    0.5695260286    0.5714502573    0.5733766317    0.5753038168
  0.5772322893    0.5791628122    0.5810949564    0.5830287218    0.5849653006
  0.5869034052    0.5888426065    0.5907853842    0.5927291155    0.5946763754
  0.5966257811    0.5985776663    0.6005316496    0.6024893045    0.6044492960
  0.6064124346    0.6083794355    0.6103485346    0.6123205900    0.6142975092
  0.6162759066    0.6182582140    0.6202455282    0.6222353220    0.6242302656
  0.6262271166    0.6282297373    0.6302368402    0.6322467089    0.6342620134
  0.6362821817    0.6383063078    0.6403370142    0.6423711061    0.6444098711
  0.6464555502    0.6485057116    0.6505627871    0.6526247263    0.6546936274
  0.6567674875    0.6588494062    0.6609362841    0.6630319834    0.6651336432
  0.6672451735    0.6693618536    0.6714890242    0.6736227751    0.6757675409
  0.6779201269    0.6800835371    0.6822567225    0.6844394445    0.6866348505
  0.6888412237    0.6910609961    0.6932941675    0.6955410242    0.6978024721
  0.7000781775    0.7023727655    0.7046833277    0.7070117712    0.7093635798
  0.7117344141    0.7141277552    0.7165455580    0.7189900160    0.7214626551
  0.7239662886    0.7265037775    0.7290771723    0.7316894770    0.7343440294
  0.7370467901    0.7398041487    0.7426158667    0.7454952955    0.7484463453
  0.7514801741    0.7546046972    0.7578384638    0.7611954451    0.7646949053
  0.7683682680    0.7722504854    0.7763916254    0.7808524370    0.7857451200
  0.7912331343    0.7975991011    0.7999999762    0.7999999762    0.7999999762
  0.7999999762    0.7999999762    0.7999999762    0.7999999762    0.7999999762
  0.7999999762    0.7999999762    0.7999999762    0.7999999762    0.7999999762
  0.7999999762    0.7999999762    0.7999999762    0.7999999762    0.7999999762
  0.7999999762    0.7999999762    0.7999999762    0.7999999762    0.7999999762
  0.7999999762    0.7999999762    0.7999999762    0.7999999762    0.7999999762
  0.7999999762    0.7999999762    0.7999999762    0.7999999762    0.7999999762
  0.7999999762    0.7999999762    0.7999999762    0.7999999762    0.7999999762
  0.7999999762    0.7999999762    0.7999999762    0.7999999762    0.7999999762
  0.7999999762    0.7999999762    0.7999999762    0.7999999762    0.7999999762
  0.7999999762    0.7999999762    0.7999999762    0.7999999762    0.7999999762
  0.7999999762    0.7999999762    0.7999999762    0.7999999762    0.7999999762
  0.0000000238    0.0252918005    0.0491875887    0.0708775759    0.0901875257
  0.1073026419    0.1225276709    0.1361679792    0.1484877825    0.1597042799
  0.1699931383    0.1794947386    0.1883218050    0.1965675116    0.2043060064
  0.2116005182    0.2185024023    0.2250558138    0.2312963247    0.2372564077
  0.2429633379    0.2484402895    0.2537071943    0.2587826967    0.2636820078
  0.2684191942    0.2730066061    0.2774553537    0.2817748785    0.2859751463
  0.2900631189    0.2940466166    0.2979317427    0.3017250299    0.3054314375
  0.3090570688    0.3126055002    0.3160809278    0.3194877863    0.3228297472
  0.3261101484    0.3293315172    0.3324972868    0.3356106520    0.3386725664
  0.3416868925    0.3446553469    0.3475798845    0.3504625082    0.3533049345
  0.3561094522    0.3588764906    0.3616087198    0.3643074751    0.3669730902
  0.3696083307    0.3722128153    0.3747888327    0.3773372889    0.3798593283
  0.3823558569    0.3848272562    0.3872754335    0.3897002459    0.3921034098
  0.3944847345    0.3968458891    0.3991876364    0.4015095472    0.4038137674
  0.4060993910    0.4083685160    0.4106206656    0.4128568411    0.4150776148
  0.4172828436    0.4194745779    0.4216517687    0.4238152266    0.4259660006
  0.4281039000    0.4302297831    0.4323435545    0.4344460249    0.4365375280
  0.4386184454    0.4406889677    0.4427489996    0.4447997332    0.4468415022
  0.4488740683    0.4508976221    0.4529129744    0.4549203157    0.4569199324
  0.4589109659    0.4608956575    0.4628732443    0.4648438215    0.4668076754
  0.4687654734    0.4707168341    0.4726624250    0.4746024847    0.4765370607
  0.4784668684    0.4803910494    0.4823102713    0.4842255354    0.4861356497
  0.4880416155    0.4899444818    0.4918425322    0.4937368155    0.4956279039
  0.4975153685    0.4994003534    0.5012814283    0.5031592607    0.5050352812
  0.5069082022    0.5087789774    0.5106473207    0.5125131845    0.5143776178
  0.5162398100    0.5181002378    0.5199584723    0.5218164682    0.5236724138
  0.5255272627    0.5273806334    0.5292334318    0.5310853243    0.5329363108
  0.5347868681    0.5366366148    0.5384859800    0.5403350115    0.5421846151
  0.5440335512    0.5458822012    0.5477315187    0.5495801687    0.5514299154
  0.5532799482    0.5551302671    0.5569807768    0.5588333845    0.5606857538
  0.5625384569    0.5643931627    0.5662485838    0.5681055307    0.5699635744
  0.5718231916    0.5736830473    0.5755456686    0.5774089098    0.5792744875
  0.5811414957    0.5830103636    0.5848814249    0.5867538214    0.5886292219
  0.5905059099    0.5923859358    0.5942667723    0.5961508512    0.5980368376
  0.5999268293    0.6018182516    0.6037122488    0.6056092501    0.6075087786
  0.6094115496    0.6113182783    0.6132269144    0.6151382208    0.6170544863
  0.6189736605    0.6208952188    0.6228218794    0.6247503996    0.6266842604
  0.6286213160    0.6305615664    0.6325060129    0.6344546080    0.6364083529
  0.6383660078    0.6403270483    0.6422944307    0.6442645788    0.6462412119
  0.6482222319    0.6502074957    0.6522007227    0.6541963816    0.6561992407
  0.6582069159    0.6602214575    0.6622419596    0.6642692804    0.6663028955
  0.6683433771    0.6703897238    0.6724439859    0.6745062590    0.6765777826
  0.6786567926    0.6807445765    0.6828408003    0.6849452257    0.6870624781
  0.6891887903    0.6913255453    0.6934741735    0.6956340551    0.6978088617
  0.6999962091    0.7021976709    0.7044136286    0.7066456079    0.7088948011
  0.7111613512    0.7134491205    0.7157558680    0.7180839300    0.7204372644
  0.7228148699    0.7252205133    0.7276553392    0.7301239252    0.7326243639
  0.7351639032    0.7377448797    0.7403716326    0.7430487871    0.7457816362
  0.7485764265    0.7514404535    0.7543807268    0.7574127436    0.7605422735
  0.7637924910    0.7671782732    0.7707278490    0.7744702101    0.7784515142
  0.7827361822    0.7874144793    0.7926331282    0.7986289263    0.7999999762
  0.7999999762    0.7999999762    0.7999999762    0.7999999762    0.7999999762
  0.7999999762    0.7999999762    0.7999999762    0.7999999762    0.7999999762
  0.7999999762    0.7999999762    0.7999999762    0.7999999762    0.7999999762
  0.7999999762    0.7999999762    0.7999999762    0.7999999762    0.7999999762
  0.7999999762    0.7999999762    0.7999999762    0.7999999762    0.7999999762
  0.7999999762    0.7999999762    0.7999999762    0.7999999762    0.7999999762
  0.7999999762    0.7999999762    0.7999999762    0.7999999762    0.7999999762
  0.7999999762    0.7999999762    0.7999999762    0.7999999762    0.7999999762
  0.7999999762    0.7999999762    0.7999999762    0.7999999762    0.7999999762
  0.0000000238    0.0230179071    0.0449885607    0.0652396441    0.0835457087
  0.0999795198    0.1147427320    0.1280660868    0.1401659250    0.1512260675
  0.1614023924    0.1708214521    0.1795872450    0.1877857447    0.1954889059
  0.2027547121    0.2096337557    0.2161675215    0.2223922968    0.2283380747
  0.2340321779    0.2394973040    0.2447536707    0.2498185396    0.2547069788
  0.2594339609    0.2640107393    0.2684488535    0.2727576017    0.2769464731
  0.2810229063    0.2849941492    0.2888667822    0.2926469088    0.2963404894
  0.2999520063    0.3034855127    0.3069464445    0.3103380919    0.3136640787
  0.3169283628    0.3201328516    0.3232816458    0.3263767958    0.3294208765
  0.3324167013    0.3353654146    0.3382706881    0.3411328554    0.3439547300
  0.3467380285    0.3494838476    0.3521941900    0.3548699617    0.3575130224
  0.3601246119    0.3627059698    0.3652577162    0.3677819490    0.3702786207
  0.3727492571    0.3751952410    0.3776170492    0.3800153971    0.3823911428
  0.3847450018    0.3870782614    0.3893910646    0.3916846037    0.3939594507
  0.3962157488    0.3984545469    0.4006759405    0.4028814554    0.4050710440
  0.4072447062    0.4094039202    0.4115486383    0.4136792898    0.4157967806
  0.4179004908    0.4199923277    0.4220716238    0.4241387606    0.4261950254
  0.4282397985    0.4302733660    0.4322974920    0.4343110323    0.4363152266
  0.4383094072    0.4402947187    0.4422709703    0.4442389250    0.4461987734
  0.4481498003    0.4500936270    0.4520300150    0.4539596796    0.4558812857
  0.4577970266    0.4597055674    0.4616080999    0.4635042906    0.4653948069
  0.4672797918    0.4691589117    0.4710332155    0.4729024649    0.4747662783
  0.4766257524    0.4784805059    0.4803311586    0.4821778536    0.4840196848
  0.4858582258    0.4876931429    0.4895240068    0.4913519144    0.4931768656
  0.4949981451    0.4968171358    0.4986330748    0.5004463911    0.5022572756
  0.5040657759    0.5058714628    0.5076753855    0.5094780207    0.5112776041
  0.5130759954    0.5148733377    0.5166687250    0.5184622049    0.5202552080
  0.5220468760    0.5238372087    0.5256272078    0.5274159670    0.5292040110
  0.5309913397    0.5327789545    0.5345654249    0.5363513231    0.5381379843
  0.5399236441    0.5417100668    0.5434960127    0.5452819109    0.5470686674
  0.5488553762    0.5506429434    0.5524305582    0.5542185545    0.5560079336
  0.5577981710    0.5595884085    0.5613804579    0.5631733656    0.5649671316
  0.5667622328    0.5685577154    0.5703558207    0.5721547365    0.5739553213
  0.5757567167    0.5775606394    0.5793657064    0.5811728239    0.5829823256
  0.5847925425    0.5866055250    0.5884200335    0.5902371645    0.5920557737
  0.5938781977    0.5957007170    0.5975270510    0.5993558168    0.6011862516
  0.6030198812    0.6048562288    0.6066948652    0.6085357428    0.6103804350
  0.6122287989    0.6140780210    0.6159312487    0.6177887678    0.6196481466
  0.6215108633    0.6233772993    0.6252468824    0.6271196127    0.6289957762
  0.6308760881    0.6327604055    0.6346486330    0.6365402937    0.6384349108
  0.6403362513    0.6422395468    0.6441469908    0.6460600138    0.6479765654
  0.6498984098    0.6518254519    0.6537571669    0.6556918859    0.6576347589
  0.6595814466    0.6615329504    0.6634898901    0.6654549837    0.6674251795
  0.6694001913    0.6713824987    0.6733715296    0.6753673792    0.6773705721
  0.6793809652    0.6813989401    0.6834243536    0.6854590654    0.6875034571
  0.6895552397    0.6916179419    0.6936908960    0.6957721472    0.6978667974
  0.6999728918    0.7020896673    0.7042225122    0.7063663721    0.7085258722
  0.7107002497    0.7128909826    0.7150996447    0.7173263788    0.7195732355
  0.7218406439    0.7241324663    0.7264465094    0.7287903070    0.7311583757
  0.7335606337    0.7359955072    0.7384659052    0.7409775019    0.7435313463
  0.7461341143    0.7487884283    0.7515044451    0.7542861700    0.7571429491
  0.7600829363    0.7631194830    0.7662704706    0.7695473433    0.7729767561
  0.7765898943    0.7804282427    0.7845465899    0.7890289545    0.7939963102
  0.7996674776    0.7999999762    0.7999999762    0.7999999762    0.7999999762
  0.7999999762    0.7999999762    0.7999999762    0.7999999762    0.7999999762
  0.7999999762    0.7999999762    0.7999999762    0.7999999762    0.7999999762
  0.7999999762    0.7999999762    0.7999999762    0.7999999762    0.7999999762
  0.7999999762    0.7999999762    0.7999999762    0.7999999762    0.7999999762
  0.7999999762    0.7999999762    0.7999999762    0.7999999762    0.7999999762
  0.7999999762    0.7999999762    0.7999999762    0.7999999762    0.7999999762
  0.0000000238    0.0210505724    0.0413059950    0.0602143049    0.0775378942
  0.0932737589    0.1075461626    0.1205225229    0.1323734999    0.1432536840
  0.1532972574    0.1626170397    0.1713070631    0.1794475317    0.1871046305
  0.1943343401    0.2011838198    0.2076935053    0.2138978243    0.2198264360
  0.2255048990    0.2309564352    0.2361992598    0.2412519693    0.2461294413
  0.2508453131    0.2554112673    0.2598381758    0.2641358614    0.2683136702
  0.2723784685    0.2763380766    0.2801995516    0.2839672327    0.2876483202
  0.2912466764    0.2947674513    0.2982148886    0.3015924215    0.3049041510
  0.3081534624    0.3113428831    0.3144758940    0.3175551653    0.3205826998
  0.3235613108    0.3264932394    0.3293805838    0.3322252035    0.3350289583
  0.3377929449    0.3405194044    0.3432102919    0.3458659887    0.3484889269
  0.3510792971    0.3536393881    0.3561698198    0.3586715937    0.3611463785
  0.3635940313    0.3660170317    0.3684152842    0.3707895517    0.3731406927
  0.3754704714    0.3777786493    0.3800663233    0.3823342562    0.3845824957
  0.3868121862    0.3890239477    0.3912188292    0.3933963060    0.3955573797
  0.3977031469    0.3998334646    0.4019493818    0.4040502310    0.4061374903
  0.4082115889    0.4102723360    0.4123206377    0.4143568277    0.4163812876
  0.4183937788    0.4203956842    0.4223863363    0.4243664026    0.4263367891
  0.4282972097    0.4302479506    0.4321897745    0.4341223955    0.4360465765
  0.4379625082    0.4398699522    0.4417695761    0.4436616659    0.4455463171
  0.4474238157    0.4492942572    0.4511584044    0.4530153990    0.4548668623
  0.4567115068    0.4585509539    0.4603843927    0.4622124434    0.4640352488
  0.4658529043    0.4676656485    0.4694730043    0.4712766409    0.4730756521
  0.4748701811    0.4766603231    0.4784471273    0.4802297831    0.4820088625
  0.4837844133    0.4855570555    0.4873259306    0.4890920401    0.4908554792
  0.4926153898    0.4943728209    0.4961282492    0.4978813410    0.4996307135
  0.5013792753    0.5031256437    0.5048699617    0.5066122293    0.5083529234
  0.5100926638    0.5118300676    0.5135660887    0.5153012514    0.5170351267
  0.5187677622    0.5204996824    0.5222304583    0.5239610434    0.5256909609
  0.5274198771    0.5291482210    0.5308759928    0.5326037645    0.5343323469
  0.5360595942    0.5377873182    0.5395146132    0.5412423849    0.5429697752
  0.5446981668    0.5464266062    0.5481560469    0.5498851061    0.5516156435
  0.5533467054    0.5550783396    0.5568105459    0.5585446119    0.5602788210
  0.5620135546    0.5637505770    0.5654881716    0.5672267199    0.5689679384
  0.5707096815    0.5724523306    0.5741971731    0.5759429693    0.5776917219
  0.5794409037    0.5811922312    0.5829451799    0.5847006083    0.5864576578
  0.5882162809    0.5899780989    0.5917410135    0.5935058355    0.5952741385
  0.5970438719    0.5988161802    0.6005910158    0.6023679972    0.6041482210
  0.6059304476    0.6077150106    0.6095022917    0.6112922430    0.6130863428
  0.6148813963    0.6166813135    0.6184820414    0.6202871084    0.6220952272
  0.6239055395    0.6257207155    0.6275383711    0.6293591738    0.6311830282
  0.6330106497    0.6348423243    0.6366771936    0.6385155916    0.6403577089
  0.6422043085    0.6440540552    0.6459080458    0.6477661848    0.6496275187
  0.6514950514    0.6533651590    0.6552408457    0.6571207285    0.6590059042
  0.6608950377    0.6627895117    0.6646895647    0.6665949583    0.6685066938
  0.6704227686    0.6723433733    0.6742723227    0.6762065649    0.6781469584
  0.6800940752    0.6820480108    0.6840102911    0.6859786749    0.6879567385
  0.6899414301    0.6919349909    0.6939361334    0.6959480047    0.6979699373
  0.7000007391    0.7020423651    0.7040965796    0.7061626673    0.7082393408
  0.7103305578    0.7124355078    0.7145568132    0.7166927576    0.7188453913
  0.7210160017    0.7232055426    0.7254157782    0.7276493311    0.7299049139
  0.7321853399    0.7344939947    0.7368331194    0.7392044783    0.7416107893
  0.7440544367    0.7465401411    0.7490721941    0.7516566992    0.7542972803
  0.7570004225    0.7597759485    0.7626321077    0.7655783415    0.7686324358
  0.7718071699    0.7751266241    0.7786202192    0.7823220491    0.7862861872
  0.7905821562    0.7953253508    0.7999999762    0.7999999762    0.7999999762
  0.7999999762    0.7999999762    0.7999999762    0.7999999762    0.7999999762
  0.7999999762    0.7999999762    0.7999999762    0.7999999762    0.7999999762
  0.7999999762    0.7999999762    0.7999999762    0.7999999762    0.7999999762
  0.7999999762    0.7999999762    0.7999999762    0.7999999762    0.7999999762
  0.0000000238    0.0193373919    0.0380643606    0.0557304621    0.0721046209
  0.0871402979    0.1009019613    0.1135061026    0.1250841856    0.1357616186
  0.1456533670    0.1548571348    0.1634584188    0.1715288401    0.1791309595
  0.1863160372    0.1931292295    0.1996091604    0.2057882547    0.2116950750
  0.2173549891    0.2227895021    0.2280174494    0.2330565214    0.2379212618
  0.2426245928    0.2471784830    0.2515943289    0.2558806181    0.2600467443
  0.2641004801    0.2680491209    0.2718985796    0.2756553411    0.2793243647
  0.2829106092    0.2864186525    0.2898533106    0.2932184935    0.2965166807
  0.2997523546    0.3029280901    0.3060467005    0.3091109991    0.3121239424
  0.3150879145    0.3180040598    0.3208754778    0.3237035513    0.3264901400
  0.3292374372    0.3319471121    0.3346195936    0.3372573137    0.3398622751
  0.3424340487    0.3449749231    0.3474855661    0.3499681234    0.3524224997
  0.3548497438    0.3572518587    0.3596291304    0.3619818926    0.3643115282
  0.3666187525    0.3689043283    0.3711694479    0.3734137774    0.3756389380
  0.3778450727    0.3800322294    0.3822025061    0.3843554735    0.3864915609
  0.3886117697    0.3907161474    0.3928056002    0.3948805571    0.3969409704
  0.3989876986    0.4010211706    0.4030417681    0.4050493002    0.4070451498
  0.4090291739    0.4110016108    0.4129628420    0.4149131536    0.4168533087
  0.4187836409    0.4207033396    0.4226142168    0.4245155096    0.4264074564
  0.4282907724    0.4301661730    0.4320329428    0.4338912725    0.4357427835
  0.4375862837    0.4394223452    0.4412517786    0.4430741549    0.4448897123
  0.4466995478    0.4485024214    0.4502998590    0.4520906210    0.4538763285
  0.4556566000    0.4574310541    0.4592008352    0.4609656096    0.4627254725
  0.4644805193    0.4662313700    0.4679781675    0.4697204828    0.4714589357
  0.4731931448    0.4749236822    0.4766511202    0.4783750772    0.4800951719
  0.4818124056    0.4835264444    0.4852378130    0.4869460821    0.4886518717
  0.4903552294    0.4920561552    0.4937543154    0.4954507113    0.4971449137
  0.4988370180    0.5005270720    0.5022155523    0.5039025068    0.5055876017
  0.5072717905    0.5089541197    0.5106351614    0.5123154402    0.5139940500
  0.5156723738    0.5173491240    0.5190252066    0.5207006693    0.5223760366
  0.5240499735    0.5257242441    0.5273971319    0.5290709257    0.5307442427
  0.5324167013    0.5340901136    0.5357627153    0.5374358416    0.5391094923
  0.5407823801    0.5424562693    0.5441311598    0.5458053350    0.5474805593
  0.5491568327    0.5508336782    0.5525106668    0.5541887522    0.5558678865
  0.5575475931    0.5592288256    0.5609110594    0.5625943422    0.5642786264
  0.5659643412    0.5676515341    0.5693405390    0.5710301161    0.5727206469
  0.5744138479    0.5761083841    0.5778046846    0.5795023203    0.5812021017
  0.5829031229    0.5846071005    0.5863123178    0.5880191088    0.5897287130
  0.5914399385    0.5931534529    0.5948693037    0.5965862036    0.5983065367
  0.6000294924    0.6017537832    0.6034814119    0.6052107096    0.6069432020
  0.6086780787    0.6104140997    0.6121551752    0.6138968706    0.6156427622
  0.6173903227    0.6191418886    0.6208958864    0.6226525545    0.6244122744
  0.6261753798    0.6279405355    0.6297097445    0.6314816713    0.6332570791
  0.6350358248    0.6368170977    0.6386027575    0.6403914690    0.6421839952
  0.6439809561    0.6457807302    0.6475836515    0.6493911028    0.6512028933
  0.6530183077    0.6548378706    0.6566596746    0.6584876299    0.6603201628
  0.6621578932    0.6639988184    0.6658435583    0.6676948786    0.6695514917
  0.6714123011    0.6732784510    0.6751491785    0.6770263910    0.6789085150
  0.6807971716    0.6826942682    0.6845943213    0.6865028143    0.6884187460
  0.6903423548    0.6922705889    0.6942100763    0.6961551905    0.6981090307
  0.7000727415    0.7020473719    0.7040282965    0.7060222387    0.7080269098
  0.7100425959    0.7120700598    0.7141101599    0.7161651850    0.7182327986
  0.7203167677    0.7224166632    0.7245342970    0.7266703844    0.7288260698
  0.7310020208    0.7332020521    0.7354267359    0.7376765966    0.7399562597
  0.7422669172    0.7446105719    0.7469925642    0.7494137049    0.7518782854
  0.7543942213    0.7569636583    0.7595947504    0.7622925043    0.7650676966
  0.7679290056    0.7708931684    0.7739714861    0.7771881342    0.7805657148
  0.7841391802    0.7879584074    0.7920866728    0.7966240644    0.7999999762
  0.7999999762    0.7999999762    0.7999999762    0.7999999762    0.7999999762
  0.7999999762    0.7999999762    0.7999999762    0.7999999762    0.7999999762
  0.0000000238    0.0178367376    0.0351998568    0.0517219305    0.0671905756
  0.0815329790    0.0947732687    0.1069868326    0.1182714224    0.1287271261
  0.1384483576    0.1475208044    0.1560191393    0.1640084028    0.1715455294
  0.1786780119    0.1854476213    0.1918915033    0.1980399370    0.2039215326
  0.2095588923    0.2149734259    0.2201846361    0.2252073526    0.2300570726
  0.2347469568    0.2392881632    0.2436914206    0.2479661703    0.2521204710
  0.2561627626    0.2601001501    0.2639378786    0.2676831007    0.2713405848
  0.2749152899    0.2784118891    0.2818350554    0.2851876020    0.2884736776
  0.2916960478    0.2948590040    0.2979648352    0.3010162115    0.3040150881
  0.3069649458    0.3098668814    0.3127234697    0.3155367136    0.3183083296
  0.3210401297    0.3237336397    0.3263904810    0.3290125132    0.3316000700
  0.3341549635    0.3366783857    0.3391715288    0.3416360140    0.3440723181
  0.3464814425    0.3488648176    0.3512223482    0.3535558462    0.3558662176
  0.3581536055    0.3604188681    0.3626631021    0.3648865461    0.3670903444
  0.3692750692    0.3714408636    0.3735887766    0.3757192850    0.3778330088
  0.3799303770    0.3820113897    0.3840775251    0.3861281633    0.3881643057
  0.3901868105    0.3921955824    0.3941909552    0.3961733580    0.3981436491
  0.4001015902    0.4020475626    0.4039823771    0.4059058428    0.4078191996
  0.4097212553    0.4116137743    0.4134960890    0.4153688192    0.4172323465
  0.4190873384    0.4209329844    0.4227700949    0.4245988131    0.4264198542
  0.4282324553    0.4300382853    0.4318360567    0.4336273909    0.4354110003
  0.4371880770    0.4389587641    0.4407232046    0.4424810648    0.4442334414
  0.4459800959    0.4477205515    0.4494555235    0.4511861086    0.4529104471
  0.4546305895    0.4563452959    0.4580560446    0.4597620249    0.4614638090
  0.4631614923    0.4648542643    0.4665440798    0.4682291746    0.4699115515
  0.4715898275    0.4732650518    0.4749368429    0.4766052961    0.4782709837
  0.4799334288    0.4815932512    0.4832509756    0.4849057436    0.4865576029
  0.4882075071    0.4898551702    0.4915010214    0.4931437731    0.4947852850
  0.4964256525    0.4980631113    0.4996999502    0.5013348818    0.5029679537
  0.5045996428    0.5062304735    0.5078600168    0.5094887495    0.5111162901
  0.5127431154    0.5143683672    0.5159934282    0.5176178694    0.5192413092
  0.5208650351    0.5224878550    0.5241105795    0.5257323503    0.5273545980
  0.5289759874    0.5305982828    0.5322201967    0.5338421583    0.5354642153
  0.5370863676    0.5387090921    0.5403319597    0.5419557810    0.5435793638
  0.5452039480    0.5468291521    0.5484549284    0.5500817537    0.5517091990
  0.5533372164    0.5549667597    0.5565968752    0.5582280397    0.5598606825
  0.5614934683    0.5631281614    0.5647642374    0.5664017916    0.5680399179
  0.5696798563    0.5713216066    0.5729643106    0.5746092558    0.5762554884
  0.5779035330    0.5795532465    0.5812046766    0.5828569651    0.5845121622
  0.5861689806    0.5878282785    0.5894891024    0.5911519289    0.5928170443
  0.5944836855    0.5961529970    0.5978245497    0.5994974852    0.6011742353
  0.6028522730    0.6045324087    0.6062157869    0.6079011202    0.6095884562
  0.6112784624    0.6129723310    0.6146676302    0.6163662195    0.6180665731
  0.6197705030    0.6214768171    0.6231854677    0.6248975515    0.6266122103
  0.6283290148    0.6300498247    0.6317745447    0.6335008383    0.6352301359
  0.6369627714    0.6386997461    0.6404380560    0.6421808958    0.6439271688
  0.6456759214    0.6474293947    0.6491863489    0.6509448290    0.6527084112
  0.6544759989    0.6562477350    0.6580224276    0.6598015070    0.6615829229
  0.6633707285    0.6651617289    0.6669569731    0.6687574148    0.6705618143
  0.6723707914    0.6741863489    0.6760036230    0.6778286219    0.6796568632
  0.6814910650    0.6833324671    0.6851783514    0.6870304346    0.6888887644
  0.6907535315    0.6926242113    0.6945029974    0.6963889837    0.6982826471
  0.7001827002    0.7020923376    0.7040099382    0.7059379339    0.7078747034
  0.7098216295    0.7117794275    0.7137474298    0.7157272577    0.7177192926
  0.7197250605    0.7217441797    0.7237785578    0.7258289576    0.7278949976
  0.7299793959    0.7320831060    0.7342075586    0.7363537073    0.7385230780
  0.7407196283    0.7429420710    0.7451950788    0.7474808455    0.7498005629
  0.7521621943    0.7545623541    0.7570130110    0.7595138311    0.7620751143
  0.7647002459    0.7673996687    0.7701812029    0.7730591536    0.7760466814
  0.7791657209    0.7824340582    0.7858903170    0.7895752192    0.7935448408
