  0.0000000000    0.0036000000
  0.0000500000    0.0006000000    299    19
  0.0759395659    0.0757407844    0.0755091012    0.0752740800    0.0750363767
  0.0747961700    0.0745532811    0.0743077695    0.0740595162    0.0738085806
  0.0735548437    0.0732982457    0.0730387270    0.0727762282    0.0725106299
  0.0722419322    0.0719700158    0.0716948211    0.0714162886    0.0711342990
  0.0708487332    0.0705594718    0.0702665746    0.0699697435    0.0696690381
  0.0693642199    0.0690552294    0.0687418878    0.0684241354    0.0681017935
  0.0677746236    0.0674426258    0.0671055019    0.0667631328    0.0664152801
  0.0660617054    0.0657023489    0.0653367937    0.0649648607    0.0645861924
  0.0642006695    0.0638078153    0.0634072721    0.0629987419    0.0625816882
  0.0621558130    0.0617204010    0.0612750351    0.0608190596    0.0603518784
  0.0598726571    0.0593803227    0.0588742197    0.0583530366    0.0578157008
  0.0572604835    0.0566859543    0.0560902655    0.0554706156    0.0548245609
  0.0541491807    0.0534400046    0.0526921451    0.0518991053    0.0510538518
  0.0501447618    0.0491575897    0.0480727255    0.0468590558    0.0454679430
  0.0438153446    0.0417243540    0.0387011468    0.0328018367    0.0328018367
  0.0328018367    0.0328018367    0.0328018367    0.0328018367    0.0328018367
  0.0328018367    0.0328018367    0.0328018367    0.0328018367    0.0328018367
  0.0328018367    0.0328018367    0.0328018367    0.0328018367    0.0328018367
  0.0328018367    0.0328018367    0.0328018367    0.0328018367    0.0328018367
  0.0328018367    0.0328018367    0.0328018367    0.0328018367    0.0328018367
  0.0328018367    0.0328018367    0.0328018367    0.0328018367    0.0328018367
  0.0328018367    0.0328018367    0.0328018367    0.0328018367    0.0328018367
  0.0328018367    0.0328018367    0.0328018367    0.0328018367    0.0328018367
  0.0328018367    0.0328018367    0.0328018367    0.0328018367    0.0328018367
  0.0328018367    0.0328018367    0.0328018367    0.0328018367    0.0328018367
  0.0328018367    0.0328018367    0.0328018367    0.0328018367    0.0328018367
  0.0328018367    0.0328018367    0.0328018367    0.0328018367    0.0328018367
  0.0328018367    0.0328018367    0.0328018367    0.0328018367    0.0328018367
  0.0328018367    0.0328018367    0.0328018367    0.0328018367    0.0328018367
  0.0328018367    0.0328018367    0.0328018367    0.0328018367    0.0328018367
  0.0328018367    0.0328018367    0.0328018367    0.0328018367    0.0328018367
  0.0328018367    0.0328018367    0.0328018367    0.0328018367    0.0328018367
  0.0328018367    0.0328018367    0.0328018367    0.0328018367    0.0328018367
  0.0328018367    0.0328018367    0.0328018367    0.0328018367    0.0328018367
  0.0328018367    0.0328018367    0.0328018367    0.0328018367    0.0328018367
  0.0328018367    0.0328018367    0.0328018367    0.0328018367    0.0328018367
  0.0328018367    0.0328018367    0.0328018367    0.0328018367    0.0328018367
  0.0328018367    0.0328018367    0.0328018367    0.0328018367    0.0328018367
  0.0328018367    0.0328018367    0.0328018367    0.0328018367    0.0328018367
  0.0328018367    0.0328018367    0.0328018367    0.0328018367    0.0328018367
  0.0328018367    0.0328018367    0.0328018367    0.0328018367    0.0328018367
  0.0328018367    0.0328018367    0.0328018367    0.0328018367    0.0328018367
  0.0328018367    0.0328018367    0.0328018367    0.0328018367    0.0328018367
  0.0328018367    0.0328018367    0.0328018367    0.0328018367    0.0328018367
  0.0328018367    0.0328018367    0.0328018367    0.0328018367    0.0328018367
  0.0328018367    0.0328018367    0.0328018367    0.0328018367    0.0328018367
  0.0328018367    0.0328018367    0.0328018367    0.0328018367    0.0328018367
  0.0328018367    0.0328018367    0.0328018367    0.0328018367    0.0328018367
  0.0328018367    0.0328018367    0.0328018367    0.0328018367    0.0328018367
  0.0328018367    0.0328018367    0.0328018367    0.0328018367    0.0328018367
  0.0328018367    0.0328018367    0.0328018367    0.0328018367    0.0328018367
  0.0328018367    0.0328018367    0.0328018367    0.0328018367    0.0328018367
  0.0328018367    0.0328018367    0.0328018367    0.0328018367    0.0328018367
  0.0328018367    0.0328018367    0.0328018367    0.0328018367    0.0328018367
  0.0328018367    0.0328018367    0.0328018367    0.0328018367    0.0328018367
  0.0328018367    0.0328018367    0.0328018367    0.0328018367    0.0328018367
  0.0328018367    0.0328018367    0.0328018367    0.0328018367    0.0328018367
  0.0328018367    0.0328018367    0.0328018367    0.0328018367    0.0328018367
  0.0328018367    0.0328018367    0.0328018367    0.0328018367    0.0328018367
  0.0328018367    0.0328018367    0.0328018367    0.0328018367    0.0328018367
  0.0782440603    0.0780800879    0.0778746903    0.0776656568    0.0774541199
  0.0772404969    0.0770247281    0.0768068731    0.0765869319    0.0763647854
  0.0761404932    0.0759139359    0.0756851733    0.0754541457    0.0752207339
  0.0749849379    0.0747466981    0.0745060146    0.0742627680    0.0740169585
  0.0737685263    0.0735174119    0.0732635558    0.0730068386    0.0727473199
  0.0724847615    0.0722192824    0.0719507635    0.0716790259    0.0714041293
  0.0711258948    0.0708442628    0.0705591142    0.0702705085    0.0699780881
  0.0696820319    0.0693821013    0.0690781772    0.0687701404    0.0684578717
  0.0681413114    0.0678202212    0.0674944818    0.0671639740    0.0668285191
  0.0664879382    0.0661419928    0.0657905638    0.0654333532    0.0650701821
  0.0647008121    0.0643250048    0.0639423430    0.0635525882    0.0631555021
  0.0627505481    0.0623373091    0.0619155467    0.0614846051    0.0610440075
  0.0605930388    0.0601312220    0.0596577823    0.0591718256    0.0586723983
  0.0581584275    0.0576288402    0.0570822060    0.0565166771    0.0559308827
  0.0553223193    0.0546882451    0.0540259778    0.0533314645    0.0526004136
  0.0518262088    0.0510022938    0.0501184762    0.0491613448    0.0481131375
  0.0469460189    0.0456176698    0.0440552533    0.0421126187    0.0394172966
  0.0338816345    0.0337383449    0.0337383449    0.0337383449    0.0337383449
  0.0337383449    0.0337383449    0.0337383449    0.0337383449    0.0337383449
  0.0337383449    0.0337383449    0.0337383449    0.0337383449    0.0337383449
  0.0337383449    0.0337383449    0.0337383449    0.0337383449    0.0337383449
  0.0337383449    0.0337383449    0.0337383449    0.0337383449    0.0337383449
  0.0337383449    0.0337383449    0.0337383449    0.0337383449    0.0337383449
  0.0337383449    0.0337383449    0.0337383449    0.0337383449    0.0337383449
  0.0337383449    0.0337383449    0.0337383449    0.0337383449    0.0337383449
  0.0337383449    0.0337383449    0.0337383449    0.0337383449    0.0337383449
  0.0337383449    0.0337383449    0.0337383449    0.0337383449    0.0337383449
  0.0337383449    0.0337383449    0.0337383449    0.0337383449    0.0337383449
  0.0337383449    0.0337383449    0.0337383449    0.0337383449    0.0337383449
  0.0337383449    0.0337383449    0.0337383449    0.0337383449    0.0337383449
  0.0337383449    0.0337383449    0.0337383449    0.0337383449    0.0337383449
  0.0337383449    0.0337383449    0.0337383449    0.0337383449    0.0337383449
  0.0337383449    0.0337383449    0.0337383449    0.0337383449    0.0337383449
  0.0337383449    0.0337383449    0.0337383449    0.0337383449    0.0337383449
  0.0337383449    0.0337383449    0.0337383449    0.0337383449    0.0337383449
  0.0337383449    0.0337383449    0.0337383449    0.0337383449    0.0337383449
  0.0337383449    0.0337383449    0.0337383449    0.0337383449    0.0337383449
  0.0337383449    0.0337383449    0.0337383449    0.0337383449    0.0337383449
  0.0337383449    0.0337383449    0.0337383449    0.0337383449    0.0337383449
  0.0337383449    0.0337383449    0.0337383449    0.0337383449    0.0337383449
  0.0337383449    0.0337383449    0.0337383449    0.0337383449    0.0337383449
  0.0337383449    0.0337383449    0.0337383449    0.0337383449    0.0337383449
  0.0337383449    0.0337383449    0.0337383449    0.0337383449    0.0337383449
  0.0337383449    0.0337383449    0.0337383449    0.0337383449    0.0337383449
  0.0337383449    0.0337383449    0.0337383449    0.0337383449    0.0337383449
  0.0337383449    0.0337383449    0.0337383449    0.0337383449    0.0337383449
  0.0337383449    0.0337383449    0.0337383449    0.0337383449    0.0337383449
  0.0337383449    0.0337383449    0.0337383449    0.0337383449    0.0337383449
  0.0337383449    0.0337383449    0.0337383449    0.0337383449    0.0337383449
  0.0337383449    0.0337383449    0.0337383449    0.0337383449    0.0337383449
  0.0337383449    0.0337383449    0.0337383449    0.0337383449    0.0337383449
  0.0337383449    0.0337383449    0.0337383449    0.0337383449    0.0337383449
  0.0337383449    0.0337383449    0.0337383449    0.0337383449    0.0337383449
  0.0337383449    0.0337383449    0.0337383449    0.0337383449    0.0337383449
  0.0337383449    0.0337383449    0.0337383449    0.0337383449    0.0337383449
  0.0337383449    0.0337383449    0.0337383449    0.0337383449    0.0337383449
  0.0337383449    0.0337383449    0.0337383449    0.0337383449    0.0337383449
  0.0337383449    0.0337383449    0.0337383449    0.0337383449    0.0337383449
  0.0337383449    0.0337383449    0.0337383449    0.0337383449    0.0337383449
  0.0337383449    0.0337383449    0.0337383449    0.0337383449    0.0337383449
  0.0802969635    0.0801626742    0.0799795091    0.0797913969    0.0796009004
  0.0794083774    0.0792141259    0.0790180266    0.0788202584    0.0786207020
  0.0784193575    0.0782162249    0.0780112445    0.0778044760    0.0775958002
  0.0773852766    0.0771727860    0.0769582689    0.0767418444    0.0765233934
  0.0763027966    0.0760801733    0.0758554041    0.0756284297    0.0753992498
  0.0751678050    0.0749340355    0.0746979415    0.0744594634    0.0742185414
  0.0739751160    0.0737291873    0.0734806359    0.0732294619    0.0729755461
  0.0727188885    0.0724594295    0.0721971095    0.0719318092    0.0716635287
  0.0713920891    0.0711174905    0.0708397329    0.0705585778    0.0702741444
  0.0699860752    0.0696945488    0.0693992674    0.0691001713    0.0687973201
  0.0684903562    0.0681793392    0.0678640306    0.0675443709    0.0672201812
  0.0668912828    0.0665576160    0.0662188828    0.0658750236    0.0655257404
  0.0651709139    0.0648102462    0.0644435585    0.0640705526    0.0636909902
  0.0633045137    0.0629107654    0.0625095665    0.0621002614    0.0616827309
  0.0612562597    0.0608203113    0.0603745878    0.0599181354    0.0594505370
  0.0589706004    0.0584779680    0.0579712093    0.0574490726    0.0569109023
  0.0563545525    0.0557782352    0.0551803410    0.0545579493    0.0539086759
  0.0532284081    0.0525129735    0.0517571867    0.0509535968    0.0500933826
  0.0491650403    0.0481508672    0.0470272601    0.0457555950    0.0442734063
  0.0424590409    0.0400238335    0.0357496440    0.0345941484    0.0345941484
  0.0345941484    0.0345941484    0.0345941484    0.0345941484    0.0345941484
  0.0345941484    0.0345941484    0.0345941484    0.0345941484    0.0345941484
  0.0345941484    0.0345941484    0.0345941484    0.0345941484    0.0345941484
  0.0345941484    0.0345941484    0.0345941484    0.0345941484    0.0345941484
  0.0345941484    0.0345941484    0.0345941484    0.0345941484    0.0345941484
  0.0345941484    0.0345941484    0.0345941484    0.0345941484    0.0345941484
  0.0345941484    0.0345941484    0.0345941484    0.0345941484    0.0345941484
  0.0345941484    0.0345941484    0.0345941484    0.0345941484    0.0345941484
  0.0345941484    0.0345941484    0.0345941484    0.0345941484    0.0345941484
  0.0345941484    0.0345941484    0.0345941484    0.0345941484    0.0345941484
  0.0345941484    0.0345941484    0.0345941484    0.0345941484    0.0345941484
  0.0345941484    0.0345941484    0.0345941484    0.0345941484    0.0345941484
  0.0345941484    0.0345941484    0.0345941484    0.0345941484    0.0345941484
  0.0345941484    0.0345941484    0.0345941484    0.0345941484    0.0345941484
  0.0345941484    0.0345941484    0.0345941484    0.0345941484    0.0345941484
  0.0345941484    0.0345941484    0.0345941484    0.0345941484    0.0345941484
  0.0345941484    0.0345941484    0.0345941484    0.0345941484    0.0345941484
  0.0345941484    0.0345941484    0.0345941484    0.0345941484    0.0345941484
  0.0345941484    0.0345941484    0.0345941484    0.0345941484    0.0345941484
  0.0345941484    0.0345941484    0.0345941484    0.0345941484    0.0345941484
  0.0345941484    0.0345941484    0.0345941484    0.0345941484    0.0345941484
  0.0345941484    0.0345941484    0.0345941484    0.0345941484    0.0345941484
  0.0345941484    0.0345941484    0.0345941484    0.0345941484    0.0345941484
  0.0345941484    0.0345941484    0.0345941484    0.0345941484    0.0345941484
  0.0345941484    0.0345941484    0.0345941484    0.0345941484    0.0345941484
  0.0345941484    0.0345941484    0.0345941484    0.0345941484    0.0345941484
  0.0345941484    0.0345941484    0.0345941484    0.0345941484    0.0345941484
  0.0345941484    0.0345941484    0.0345941484    0.0345941484    0.0345941484
  0.0345941484    0.0345941484    0.0345941484    0.0345941484    0.0345941484
  0.0345941484    0.0345941484    0.0345941484    0.0345941484    0.0345941484
  0.0345941484    0.0345941484    0.0345941484    0.0345941484    0.0345941484
  0.0345941484    0.0345941484    0.0345941484    0.0345941484    0.0345941484
  0.0345941484    0.0345941484    0.0345941484    0.0345941484    0.0345941484
  0.0345941484    0.0345941484    0.0345941484    0.0345941484    0.0345941484
  0.0345941484    0.0345941484    0.0345941484    0.0345941484    0.0345941484
  0.0345941484    0.0345941484    0.0345941484    0.0345941484    0.0345941484
  0.0345941484    0.0345941484    0.0345941484    0.0345941484    0.0345941484
  0.0345941484    0.0345941484    0.0345941484    0.0345941484    0.0345941484
  0.0345941484    0.0345941484    0.0345941484    0.0345941484    0.0345941484
  0.0345941484    0.0345941484    0.0345941484    0.0345941484    0.0345941484
  0.0821482837    0.0820392668    0.0818757117    0.0817053616    0.0815322697
  0.0813572109    0.0811804831    0.0810021460    0.0808223784    0.0806410611
  0.0804582536    0.0802739561    0.0800881684    0.0799008310    0.0797119439
  0.0795215070    0.0793294609    0.0791358650    0.0789406002    0.0787436664
  0.0785450637    0.0783447325    0.0781426728    0.0779388845    0.0777333081
  0.0775259435    0.0773166716    0.0771055520    0.0768925250    0.0766775906
  0.0764606893    0.0762417018    0.0760207474    0.0757976472    0.0755725205
  0.0753451884    0.0751157105    0.0748840272    0.0746500194    0.0744137466
  0.0741750896    0.0739340484    0.0736905038    0.0734445155    0.0731959641
  0.0729448497    0.0726909935    0.0724345148    0.0721752346    0.0719131529
  0.0716481507    0.0713802278    0.0711092651    0.0708352029    0.0705579221
  0.0702774823    0.0699936450    0.0697064698    0.0694157779    0.0691213906
  0.0688234270    0.0685216486    0.0682158768    0.0679061711    0.0675922334
  0.0672741234    0.0669516027    0.0666244924    0.0662926137    0.0659560263
  0.0656141937    0.0652672946    0.0649149716    0.0645568669    0.0641928613
  0.0638228357    0.0634463727    0.0630633533    0.0626730025    0.0622756183
  0.0618703663    0.0614570081    0.0610349476    0.0606040061    0.0601632893
  0.0597122610    0.0592502058    0.0587767661    0.0582905114    0.0577907860
  0.0572764575    0.0567462742    0.0561985672    0.0556320250    0.0550443828
  0.0544334352    0.0537964404    0.0531298220    0.0524299443    0.0516913831
  0.0509072244    0.0500701964    0.0491683185    0.0481863320    0.0471023619
  0.0458832681    0.0444732010    0.0427709520    0.0405457914    0.0369968116
  0.0353857577    0.0353857577    0.0353857577    0.0353857577    0.0353857577
  0.0353857577    0.0353857577    0.0353857577    0.0353857577    0.0353857577
  0.0353857577    0.0353857577    0.0353857577    0.0353857577    0.0353857577
  0.0353857577    0.0353857577    0.0353857577    0.0353857577    0.0353857577
  0.0353857577    0.0353857577    0.0353857577    0.0353857577    0.0353857577
  0.0353857577    0.0353857577    0.0353857577    0.0353857577    0.0353857577
  0.0353857577    0.0353857577    0.0353857577    0.0353857577    0.0353857577
  0.0353857577    0.0353857577    0.0353857577    0.0353857577    0.0353857577
  0.0353857577    0.0353857577    0.0353857577    0.0353857577    0.0353857577
  0.0353857577    0.0353857577    0.0353857577    0.0353857577    0.0353857577
  0.0353857577    0.0353857577    0.0353857577    0.0353857577    0.0353857577
  0.0353857577    0.0353857577    0.0353857577    0.0353857577    0.0353857577
  0.0353857577    0.0353857577    0.0353857577    0.0353857577    0.0353857577
  0.0353857577    0.0353857577    0.0353857577    0.0353857577    0.0353857577
  0.0353857577    0.0353857577    0.0353857577    0.0353857577    0.0353857577
  0.0353857577    0.0353857577    0.0353857577    0.0353857577    0.0353857577
  0.0353857577    0.0353857577    0.0353857577    0.0353857577    0.0353857577
  0.0353857577    0.0353857577    0.0353857577    0.0353857577    0.0353857577
  0.0353857577    0.0353857577    0.0353857577    0.0353857577    0.0353857577
  0.0353857577    0.0353857577    0.0353857577    0.0353857577    0.0353857577
  0.0353857577    0.0353857577    0.0353857577    0.0353857577    0.0353857577
  0.0353857577    0.0353857577    0.0353857577    0.0353857577    0.0353857577
  0.0353857577    0.0353857577    0.0353857577    0.0353857577    0.0353857577
  0.0353857577    0.0353857577    0.0353857577    0.0353857577    0.0353857577
  0.0353857577    0.0353857577    0.0353857577    0.0353857577    0.0353857577
  0.0353857577    0.0353857577    0.0353857577    0.0353857577    0.0353857577
  0.0353857577    0.0353857577    0.0353857577    0.0353857577    0.0353857577
  0.0353857577    0.0353857577    0.0353857577    0.0353857577    0.0353857577
  0.0353857577    0.0353857577    0.0353857577    0.0353857577    0.0353857577
  0.0353857577    0.0353857577    0.0353857577    0.0353857577    0.0353857577
  0.0353857577    0.0353857577    0.0353857577    0.0353857577    0.0353857577
  0.0353857577    0.0353857577    0.0353857577    0.0353857577    0.0353857577
  0.0353857577    0.0353857577    0.0353857577    0.0353857577    0.0353857577
  0.0353857577    0.0353857577    0.0353857577    0.0353857577    0.0353857577
  0.0353857577    0.0353857577    0.0353857577    0.0353857577    0.0353857577
  0.0353857577    0.0353857577    0.0353857577    0.0353857577    0.0353857577
  0.0353857577    0.0353857577    0.0353857577    0.0353857577    0.0353857577
  0.0353857577    0.0353857577    0.0353857577    0.0353857577    0.0353857577
  0.0838342011    0.0837463439    0.0836008489    0.0834460557    0.0832878053
  0.0831274688    0.0829654634    0.0828020275    0.0826372206    0.0824711025
  0.0823036730    0.0821349323    0.0819649398    0.0817936361    0.0816210210
  0.0814470351    0.0812717974    0.0810951293    0.0809171498    0.0807377398
  0.0805569589    0.0803747475    0.0801911056    0.0800060332    0.0798194110
  0.0796313584    0.0794417560    0.0792506039    0.0790579021    0.0788635910
  0.0786676705    0.0784700811    0.0782708824    0.0780699551    0.0778673589
  0.0776630342    0.0774569213    0.0772490203    0.0770392716    0.0768276751
  0.0766142309    0.0763988197    0.0761815012    0.0759622157    0.0757408440
  0.0755175054    0.0752921402    0.0750645101    0.0748348534    0.0746029317
  0.0743688047    0.0741324127    0.0738936365    0.0736525357    0.0734091103
  0.0731631219    0.0729146302    0.0726636946    0.0724100769    0.0721537769
  0.0718947947    0.0716330707    0.0713684857    0.0711010396    0.0708305538
  0.0705570877    0.0702805817    0.0700009167    0.0697178543    0.0694315732
  0.0691417754    0.0688485205    0.0685516894    0.0682510436    0.0679467618
  0.0676383674    0.0673260987    0.0670094788    0.0666888058    0.0663634837
  0.0660336912    0.0656990111    0.0653596222    0.0650150478    0.0646651685
  0.0643098056    0.0639487207    0.0635817945    0.0632084310    0.0628286898
  0.0624422133    0.0620484650    0.0616472065    0.0612381995    0.0608205497
  0.0603943169    0.0599587262    0.0595133007    0.0590571463    0.0585896671
  0.0581099689    0.0576171577    0.0571102798    0.0565881431    0.0560490787
  0.0554917157    0.0549143851    0.0543143451    0.0536895096    0.0530360639
  0.0523509681    0.0516285598    0.0508634150    0.0500477850    0.0491710007
  0.0482192934    0.0471728146    0.0460014045    0.0446565449    0.0430523455
  0.0410026014    0.0379443467    0.0361247957    0.0361247957    0.0361247957
  0.0361247957    0.0361247957    0.0361247957    0.0361247957    0.0361247957
  0.0361247957    0.0361247957    0.0361247957    0.0361247957    0.0361247957
  0.0361247957    0.0361247957    0.0361247957    0.0361247957    0.0361247957
  0.0361247957    0.0361247957    0.0361247957    0.0361247957    0.0361247957
  0.0361247957    0.0361247957    0.0361247957    0.0361247957    0.0361247957
  0.0361247957    0.0361247957    0.0361247957    0.0361247957    0.0361247957
  0.0361247957    0.0361247957    0.0361247957    0.0361247957    0.0361247957
  0.0361247957    0.0361247957    0.0361247957    0.0361247957    0.0361247957
  0.0361247957    0.0361247957    0.0361247957    0.0361247957    0.0361247957
  0.0361247957    0.0361247957    0.0361247957    0.0361247957    0.0361247957
  0.0361247957    0.0361247957    0.0361247957    0.0361247957    0.0361247957
  0.0361247957    0.0361247957    0.0361247957    0.0361247957    0.0361247957
  0.0361247957    0.0361247957    0.0361247957    0.0361247957    0.0361247957
  0.0361247957    0.0361247957    0.0361247957    0.0361247957    0.0361247957
  0.0361247957    0.0361247957    0.0361247957    0.0361247957    0.0361247957
  0.0361247957    0.0361247957    0.0361247957    0.0361247957    0.0361247957
  0.0361247957    0.0361247957    0.0361247957    0.0361247957    0.0361247957
  0.0361247957    0.0361247957    0.0361247957    0.0361247957    0.0361247957
  0.0361247957    0.0361247957    0.0361247957    0.0361247957    0.0361247957
  0.0361247957    0.0361247957    0.0361247957    0.0361247957    0.0361247957
  0.0361247957    0.0361247957    0.0361247957    0.0361247957    0.0361247957
  0.0361247957    0.0361247957    0.0361247957    0.0361247957    0.0361247957
  0.0361247957    0.0361247957    0.0361247957    0.0361247957    0.0361247957
  0.0361247957    0.0361247957    0.0361247957    0.0361247957    0.0361247957
  0.0361247957    0.0361247957    0.0361247957    0.0361247957    0.0361247957
  0.0361247957    0.0361247957    0.0361247957    0.0361247957    0.0361247957
  0.0361247957    0.0361247957    0.0361247957    0.0361247957    0.0361247957
  0.0361247957    0.0361247957    0.0361247957    0.0361247957    0.0361247957
  0.0361247957    0.0361247957    0.0361247957    0.0361247957    0.0361247957
  0.0361247957    0.0361247957    0.0361247957    0.0361247957    0.0361247957
  0.0361247957    0.0361247957    0.0361247957    0.0361247957    0.0361247957
  0.0361247957    0.0361247957    0.0361247957    0.0361247957    0.0361247957
  0.0361247957    0.0361247957    0.0361247957    0.0361247957    0.0361247957
  0.0361247957    0.0361247957    0.0361247957    0.0361247957    0.0361247957
  0.0361247957    0.0361247957    0.0361247957    0.0361247957    0.0361247957
  0.0853818357    0.0853112638    0.0851826370    0.0850418508    0.0848967135
  0.0847491324    0.0845998228    0.0844490230    0.0842969716    0.0841437280
  0.0839892924    0.0838337839    0.0836770236    0.0835191905    0.0833602250
  0.0832001269    0.0830388367    0.0828764141    0.0827127993    0.0825480521
  0.0823820531    0.0822148621    0.0820464194    0.0818767846    0.0817058980
  0.0815337598    0.0813603103    0.0811855495    0.0810094774    0.0808321536
  0.0806533396    0.0804732740    0.0802917778    0.0801088512    0.0799245536
  0.0797387660    0.0795514882    0.0793627203    0.0791725218    0.0789807141
  0.0787874162    0.0785925090    0.0783960521    0.0781979263    0.0779981911
  0.0777967870    0.0775936544    0.0773888528    0.0771822631    0.0769738853
  0.0767637789    0.0765517652    0.0763379633    0.0761222541    0.0759045780
  0.0756849945    0.0754633844    0.0752398670    0.0750142038    0.0747865140
  0.0745566785    0.0743246377    0.0740904510    0.0738539994    0.0736152828
  0.0733743012    0.0731308758    0.0728850663    0.0726368725    0.0723860562
  0.0721327960    0.0718768537    0.0716182292    0.0713569820    0.0710929334
  0.0708260238    0.0705562532    0.0702835023    0.0700076520    0.0697288811
  0.0694467127    0.0691614449    0.0688727796    0.0685805976    0.0682850778
  0.0679858029    0.0676827729    0.0673760474    0.0670653880    0.0667504966
  0.0664316118    0.0661082566    0.0657804906    0.0654481947    0.0651110113
  0.0647689402    0.0644216835    0.0640690625    0.0637108982    0.0633470118
  0.0629769266    0.0626008213    0.0622178614    0.0618278086    0.0614307821
  0.0610259473    0.0606128871    0.0601916611    0.0597609580    0.0593208373
  0.0588704050    0.0584090054    0.0579356253    0.0574499667    0.0569501221
  0.0564360321    0.0559053719    0.0553570688    0.0547893345    0.0542003214
  0.0535866320    0.0529461801    0.0522751510    0.0515691340    0.0508215725
  0.0500265062    0.0491735041    0.0482503474    0.0472383201    0.0461114943
  0.0448265970    0.0433095992    0.0414074361    0.0387063324    0.0368197262
  0.0368197262    0.0368197262    0.0368197262    0.0368197262    0.0368197262
  0.0368197262    0.0368197262    0.0368197262    0.0368197262    0.0368197262
  0.0368197262    0.0368197262    0.0368197262    0.0368197262    0.0368197262
  0.0368197262    0.0368197262    0.0368197262    0.0368197262    0.0368197262
  0.0368197262    0.0368197262    0.0368197262    0.0368197262    0.0368197262
  0.0368197262    0.0368197262    0.0368197262    0.0368197262    0.0368197262
  0.0368197262    0.0368197262    0.0368197262    0.0368197262    0.0368197262
  0.0368197262    0.0368197262    0.0368197262    0.0368197262    0.0368197262
  0.0368197262    0.0368197262    0.0368197262    0.0368197262    0.0368197262
  0.0368197262    0.0368197262    0.0368197262    0.0368197262    0.0368197262
  0.0368197262    0.0368197262    0.0368197262    0.0368197262    0.0368197262
  0.0368197262    0.0368197262    0.0368197262    0.0368197262    0.0368197262
  0.0368197262    0.0368197262    0.0368197262    0.0368197262    0.0368197262
  0.0368197262    0.0368197262    0.0368197262    0.0368197262    0.0368197262
  0.0368197262    0.0368197262    0.0368197262    0.0368197262    0.0368197262
  0.0368197262    0.0368197262    0.0368197262    0.0368197262    0.0368197262
  0.0368197262    0.0368197262    0.0368197262    0.0368197262    0.0368197262
  0.0368197262    0.0368197262    0.0368197262    0.0368197262    0.0368197262
  0.0368197262    0.0368197262    0.0368197262    0.0368197262    0.0368197262
  0.0368197262    0.0368197262    0.0368197262    0.0368197262    0.0368197262
  0.0368197262    0.0368197262    0.0368197262    0.0368197262    0.0368197262
  0.0368197262    0.0368197262    0.0368197262    0.0368197262    0.0368197262
  0.0368197262    0.0368197262    0.0368197262    0.0368197262    0.0368197262
  0.0368197262    0.0368197262    0.0368197262    0.0368197262    0.0368197262
  0.0368197262    0.0368197262    0.0368197262    0.0368197262    0.0368197262
  0.0368197262    0.0368197262    0.0368197262    0.0368197262    0.0368197262
  0.0368197262    0.0368197262    0.0368197262    0.0368197262    0.0368197262
  0.0368197262    0.0368197262    0.0368197262    0.0368197262    0.0368197262
  0.0368197262    0.0368197262    0.0368197262    0.0368197262    0.0368197262
  0.0368197262    0.0368197262    0.0368197262    0.0368197262    0.0368197262
  0.0368197262    0.0368197262    0.0368197262    0.0368197262    0.0368197262
  0.0368197262    0.0368197262    0.0368197262    0.0368197262    0.0368197262
  0.0368197262    0.0368197262    0.0368197262    0.0368197262    0.0368197262
  0.0868120492    0.0867554247    0.0866425335    0.0865147412    0.0863813460
  0.0862450302    0.0861068070    0.0859670937    0.0858261287    0.0856839716
  0.0855407417    0.0853964388    0.0852511227    0.0851047933    0.0849574506
  0.0848091543    0.0846597850    0.0845094025    0.0843580663    0.0842056572
  0.0840521753    0.0838976800    0.0837421715    0.0835855305    0.0834278762
  0.0832690895    0.0831092298    0.0829482377    0.0827861130    0.0826228559
  0.0824584663    0.0822928846    0.0821261108    0.0819581449    0.0817890465
  0.0816186368    0.0814469755    0.0812741220    0.0810999572    0.0809245408
  0.0807478130    0.0805697143    0.0803902447    0.0802095234    0.0800273716
  0.0798438489    0.0796588957    0.0794725120    0.0792846382    0.0790953338
  0.0789045393    0.0787121952    0.0785183609    0.0783229172    0.0781259239
  0.0779273212    0.0777271688    0.0775252283    0.0773216784    0.0771164596
  0.0769095123    0.0767007768    0.0764902532    0.0762780011    0.0760638416
  0.0758478343    0.0756299794    0.0754102170    0.0751883686    0.0749646723
  0.0747389495    0.0745111406    0.0742812455    0.0740492046    0.0738150179
  0.0735786259    0.0733400881    0.0730992258    0.0728559792    0.0726104677
  0.0723624527    0.0721120536    0.0718591511    0.0716036856    0.0713455975
  0.0710848868    0.0708214343    0.0705551803    0.0702860653    0.0700142086
  0.0697392523    0.0694613159    0.0691802800    0.0688960254    0.0686084926
  0.0683176816    0.0680233538    0.0677256882    0.0674242079    0.0671190321
  0.0668101013    0.0664971173    0.0661800206    0.0658588111    0.0655331910
  0.0652032197    0.0648685396    0.0645288527    0.0641842186    0.0638344586
  0.0634794533    0.0631184876    0.0627519190    0.0623790324    0.0619996488
  0.0616137683    0.0612206757    0.0608201325    0.0604116619    0.0599949658
  0.0595695674    0.0591346920    0.0586898625    0.0582346022    0.0577674210
  0.0572884977    0.0567962229    0.0562894642    0.0557672679    0.0552276671
  0.0546695888    0.0540904701    0.0534887612    0.0528604686    0.0522029698
  0.0515121520    0.0507820547    0.0500063002    0.0491760671    0.0482796729
  0.0473001301    0.0462143123    0.0449829996    0.0435442030    0.0417701900
  0.0393430889    0.0374769270    0.0374769270    0.0374769270    0.0374769270
  0.0374769270    0.0374769270    0.0374769270    0.0374769270    0.0374769270
  0.0374769270    0.0374769270    0.0374769270    0.0374769270    0.0374769270
  0.0374769270    0.0374769270    0.0374769270    0.0374769270    0.0374769270
  0.0374769270    0.0374769270    0.0374769270    0.0374769270    0.0374769270
  0.0374769270    0.0374769270    0.0374769270    0.0374769270    0.0374769270
  0.0374769270    0.0374769270    0.0374769270    0.0374769270    0.0374769270
  0.0374769270    0.0374769270    0.0374769270    0.0374769270    0.0374769270
  0.0374769270    0.0374769270    0.0374769270    0.0374769270    0.0374769270
  0.0374769270    0.0374769270    0.0374769270    0.0374769270    0.0374769270
  0.0374769270    0.0374769270    0.0374769270    0.0374769270    0.0374769270
  0.0374769270    0.0374769270    0.0374769270    0.0374769270    0.0374769270
  0.0374769270    0.0374769270    0.0374769270    0.0374769270    0.0374769270
  0.0374769270    0.0374769270    0.0374769270    0.0374769270    0.0374769270
  0.0374769270    0.0374769270    0.0374769270    0.0374769270    0.0374769270
  0.0374769270    0.0374769270    0.0374769270    0.0374769270    0.0374769270
  0.0374769270    0.0374769270    0.0374769270    0.0374769270    0.0374769270
  0.0374769270    0.0374769270    0.0374769270    0.0374769270    0.0374769270
  0.0374769270    0.0374769270    0.0374769270    0.0374769270    0.0374769270
  0.0374769270    0.0374769270    0.0374769270    0.0374769270    0.0374769270
  0.0374769270    0.0374769270    0.0374769270    0.0374769270    0.0374769270
  0.0374769270    0.0374769270    0.0374769270    0.0374769270    0.0374769270
  0.0374769270    0.0374769270    0.0374769270    0.0374769270    0.0374769270
  0.0374769270    0.0374769270    0.0374769270    0.0374769270    0.0374769270
  0.0374769270    0.0374769270    0.0374769270    0.0374769270    0.0374769270
  0.0374769270    0.0374769270    0.0374769270    0.0374769270    0.0374769270
  0.0374769270    0.0374769270    0.0374769270    0.0374769270    0.0374769270
  0.0374769270    0.0374769270    0.0374769270    0.0374769270    0.0374769270
  0.0374769270    0.0374769270    0.0374769270    0.0374769270    0.0374769270
  0.0374769270    0.0374769270    0.0374769270    0.0374769270    0.0374769270
  0.0374769270    0.0374769270    0.0374769270    0.0374769270    0.0374769270
  0.0881413519    0.0880956948    0.0879974663    0.0878817141    0.0877591074
  0.0876330435    0.0875047147    0.0873747766    0.0872435272    0.0871110857
  0.0869776309    0.0868431628    0.0867077410    0.0865714252    0.0864341557
  0.0862959921    0.0861569345    0.0860169828    0.0858761370    0.0857343376
  0.0855917037    0.0854480565    0.0853035748    0.0851580799    0.0850116909
  0.0848643482    0.0847160518    0.0845668018    0.0844165981    0.0842653215
  0.0841130912    0.0839598477    0.0838055909    0.0836503208    0.0834939778
  0.0833366215    0.0831781328    0.0830185711    0.0828579962    0.0826962292
  0.0825333893    0.0823694170    0.0822043121    0.0820380151    0.0818705857
  0.0817019045    0.0815320313    0.0813609660    0.0811887085    0.0810151398
  0.0808403194    0.0806642473    0.0804868639    0.0803081691    0.0801281035
  0.0799467266    0.0797639787    0.0795798600    0.0793943703    0.0792074502
  0.0790190399    0.0788291991    0.0786378682    0.0784451067    0.0782507360
  0.0780548155    0.0778573453    0.0776583254    0.0774577558    0.0772555172
  0.0770516098    0.0768460333    0.0766387284    0.0764296949    0.0762189329
  0.0760063827    0.0757920444    0.0755758584    0.0753577650    0.0751378238
  0.0749159753    0.0746921599    0.0744664371    0.0742385685    0.0740086734
  0.0737768114    0.0735427439    0.0733065307    0.0730681121    0.0728274286
  0.0725844800    0.0723393261    0.0720916688    0.0718416870    0.0715893209
  0.0713343322    0.0710768402    0.0708167851    0.0705539882    0.0702885687
  0.0700203478    0.0697493255    0.0694753230    0.0691984594    0.0689184368
  0.0686354935    0.0683492720    0.0680597723    0.0677669346    0.0674706399
  0.0671707690    0.0668673217    0.0665601194    0.0662491620    0.0659339726
  0.0656149685    0.0652917325    0.0649638474    0.0646315515    0.0642946661
  0.0639528334    0.0636059344    0.0632539093    0.0628962815    0.0625327528
  0.0621635616    0.0617879927    0.0614059269    0.0610167086    0.0606203973
  0.0602166355    0.0598048866    0.0593843758    0.0589548051    0.0585156381
  0.0580658615    0.0576051176    0.0571328700    0.0566476882    0.0561485589
  0.0556342304    0.0551036298    0.0545547903    0.0539856255    0.0533945262
  0.0527783334    0.0521341860    0.0514575541    0.0507440269    0.0499866903
  0.0491781533    0.0483070314    0.0473581851    0.0463097990    0.0451292694
  0.0437591374    0.0420958698    0.0398894846    0.0381015241    0.0381015241
  0.0381015241    0.0381015241    0.0381015241    0.0381015241    0.0381015241
  0.0381015241    0.0381015241    0.0381015241    0.0381015241    0.0381015241
  0.0381015241    0.0381015241    0.0381015241    0.0381015241    0.0381015241
  0.0381015241    0.0381015241    0.0381015241    0.0381015241    0.0381015241
  0.0381015241    0.0381015241    0.0381015241    0.0381015241    0.0381015241
  0.0381015241    0.0381015241    0.0381015241    0.0381015241    0.0381015241
  0.0381015241    0.0381015241    0.0381015241    0.0381015241    0.0381015241
  0.0381015241    0.0381015241    0.0381015241    0.0381015241    0.0381015241
  0.0381015241    0.0381015241    0.0381015241    0.0381015241    0.0381015241
  0.0381015241    0.0381015241    0.0381015241    0.0381015241    0.0381015241
  0.0381015241    0.0381015241    0.0381015241    0.0381015241    0.0381015241
  0.0381015241    0.0381015241    0.0381015241    0.0381015241    0.0381015241
  0.0381015241    0.0381015241    0.0381015241    0.0381015241    0.0381015241
  0.0381015241    0.0381015241    0.0381015241    0.0381015241    0.0381015241
  0.0381015241    0.0381015241    0.0381015241    0.0381015241    0.0381015241
  0.0381015241    0.0381015241    0.0381015241    0.0381015241    0.0381015241
  0.0381015241    0.0381015241    0.0381015241    0.0381015241    0.0381015241
  0.0381015241    0.0381015241    0.0381015241    0.0381015241    0.0381015241
  0.0381015241    0.0381015241    0.0381015241    0.0381015241    0.0381015241
  0.0381015241    0.0381015241    0.0381015241    0.0381015241    0.0381015241
  0.0381015241    0.0381015241    0.0381015241    0.0381015241    0.0381015241
  0.0381015241    0.0381015241    0.0381015241    0.0381015241    0.0381015241
  0.0381015241    0.0381015241    0.0381015241    0.0381015241    0.0381015241
  0.0381015241    0.0381015241    0.0381015241    0.0381015241    0.0381015241
  0.0381015241    0.0381015241    0.0381015241    0.0381015241    0.0381015241
  0.0381015241    0.0381015241    0.0381015241    0.0381015241    0.0381015241
  0.0381015241    0.0381015241    0.0381015241    0.0381015241    0.0381015241
  0.0381015241    0.0381015241    0.0381015241    0.0381015241    0.0381015241
  0.0893830359    0.0893460214    0.0892609656    0.0891565979    0.0890440643
  0.0889272988    0.0888079703    0.0886867940    0.0885641873    0.0884404480
  0.0883156359    0.0881898105    0.0880631506    0.0879355371    0.0878071487
  0.0876778662    0.0875478089    0.0874169171    0.0872852504    0.0871527493
  0.0870194137    0.0868853033    0.0867502987    0.0866145194    0.0864779055
  0.0863404572    0.0862021744    0.0860629976    0.0859230459    0.0857821405
  0.0856404006    0.0854977667    0.0853542387    0.0852098167    0.0850645006
  0.0849182308    0.0847710669    0.0846229494    0.0844738781    0.0843238533
  0.0841728151    0.0840208232    0.0838678777    0.0837139189    0.0835589468
  0.0834029019    0.0832458436    0.0830877721    0.0829285681    0.0827683508
  0.0826070011    0.0824445784    0.0822810829    0.0821163952    0.0819506347
  0.0817836821    0.0816155374    0.0814462006    0.0812757313    0.0811040699
  0.0809310973    0.0807569921    0.0805815756    0.0804049075    0.0802269280
  0.0800475776    0.0798669755    0.0796851218    0.0795018375    0.0793171227
  0.0791310966    0.0789436400    0.0787548125    0.0785644352    0.0783726871
  0.0781793892    0.0779846609    0.0777883828    0.0775906146    0.0773911774
  0.0771901906    0.0769875944    0.0767833889    0.0765775144    0.0763700306
  0.0761607587    0.0759498179    0.0757370889    0.0755225718    0.0753062665
  0.0750881135    0.0748680532    0.0746462047    0.0744223893    0.0741966665
  0.0739689171    0.0737392008    0.0735074580    0.0732735097    0.0730375946
  0.0727994144    0.0725591481    0.0723165572    0.0720717013    0.0718246400
  0.0715750754    0.0713232458    0.0710687935    0.0708120167    0.0705526769
  0.0702907741    0.0700261295    0.0697589219    0.0694888532    0.0692158639
  0.0689401925    0.0686613619    0.0683796704    0.0680947006    0.0678066313
  0.0675154030    0.0672207177    0.0669225752    0.0666207969    0.0663155615
  0.0660064518    0.0656936467    0.0653766692    0.0650554597    0.0647301376
  0.0644004643    0.0640662014    0.0637272298    0.0633831322    0.0630342066
  0.0626796186    0.0623196661    0.0619539320    0.0615821183    0.0612039268
  0.0608188212    0.0604268610    0.0600276887    0.0596201718    0.0592046678
  0.0587804615    0.0583468974    0.0579030812    0.0574485958    0.0569827855
  0.0565042794    0.0560126007    0.0555063188    0.0549840033    0.0544441044
  0.0538849533    0.0533043444    0.0526997745    0.0520679653    0.0514056385
  0.0507076085    0.0499681532    0.0491800606    0.0483326614    0.0474127233
  0.0464000404    0.0452642143    0.0439580381    0.0423911512    0.0403646529
  0.0386974514    0.0386974514    0.0386974514    0.0386974514    0.0386974514
  0.0386974514    0.0386974514    0.0386974514    0.0386974514    0.0386974514
  0.0386974514    0.0386974514    0.0386974514    0.0386974514    0.0386974514
  0.0386974514    0.0386974514    0.0386974514    0.0386974514    0.0386974514
  0.0386974514    0.0386974514    0.0386974514    0.0386974514    0.0386974514
  0.0386974514    0.0386974514    0.0386974514    0.0386974514    0.0386974514
  0.0386974514    0.0386974514    0.0386974514    0.0386974514    0.0386974514
  0.0386974514    0.0386974514    0.0386974514    0.0386974514    0.0386974514
  0.0386974514    0.0386974514    0.0386974514    0.0386974514    0.0386974514
  0.0386974514    0.0386974514    0.0386974514    0.0386974514    0.0386974514
  0.0386974514    0.0386974514    0.0386974514    0.0386974514    0.0386974514
  0.0386974514    0.0386974514    0.0386974514    0.0386974514    0.0386974514
  0.0386974514    0.0386974514    0.0386974514    0.0386974514    0.0386974514
  0.0386974514    0.0386974514    0.0386974514    0.0386974514    0.0386974514
  0.0386974514    0.0386974514    0.0386974514    0.0386974514    0.0386974514
  0.0386974514    0.0386974514    0.0386974514    0.0386974514    0.0386974514
  0.0386974514    0.0386974514    0.0386974514    0.0386974514    0.0386974514
  0.0386974514    0.0386974514    0.0386974514    0.0386974514    0.0386974514
  0.0386974514    0.0386974514    0.0386974514    0.0386974514    0.0386974514
  0.0386974514    0.0386974514    0.0386974514    0.0386974514    0.0386974514
  0.0386974514    0.0386974514    0.0386974514    0.0386974514    0.0386974514
  0.0386974514    0.0386974514    0.0386974514    0.0386974514    0.0386974514
  0.0386974514    0.0386974514    0.0386974514    0.0386974514    0.0386974514
  0.0386974514    0.0386974514    0.0386974514    0.0386974514    0.0386974514
  0.0386974514    0.0386974514    0.0386974514    0.0386974514    0.0386974514
  0.0386974514    0.0386974514    0.0386974514    0.0386974514    0.0386974514
  0.0905478299    0.0905176103    0.0904442370    0.0903505981    0.0902474821
  0.0901394188    0.0900283158    0.0899151266    0.0898003876    0.0896843970
  0.0895673335    0.0894492567    0.0893302858    0.0892105401    0.0890899599
  0.0889686048    0.0888464749    0.0887235701    0.0885999501    0.0884756148
  0.0883505046    0.0882246792    0.0880980790    0.0879707634    0.0878427327
  0.0877139270    0.0875843465    0.0874540508    0.0873229802    0.0871910751
  0.0870584548    0.0869250596    0.0867908895    0.0866558850    0.0865201056
  0.0863834918    0.0862461030    0.0861078799    0.0859687626    0.0858288705
  0.0856880844    0.0855464637    0.0854039490    0.0852605999    0.0851162970
  0.0849711597    0.0848251283    0.0846780837    0.0845302045    0.0843813717
  0.0842315853    0.0840808451    0.0839291513    0.0837764442    0.0836227238
  0.0834681094    0.0833124220    0.0831557214    0.0829980075    0.0828392208
  0.0826794207    0.0825184882    0.0823564827    0.0821934044    0.0820292532
  0.0818639100    0.0816974938    0.0815299451    0.0813612044    0.0811913311
  0.0810202062    0.0808478892    0.0806744397    0.0804996192    0.0803236663
  0.0801464617    0.0799679458    0.0797880590    0.0796069801    0.0794245303
  0.0792407691    0.0790556371    0.0788691342    0.0786812603    0.0784919560
  0.0783012807    0.0781090558    0.0779154003    0.0777203143    0.0775236189
  0.0773254931    0.0771258175    0.0769245327    0.0767216980    0.0765172541
  0.0763112009    0.0761034191    0.0758939683    0.0756829679    0.0754701197
  0.0752554834    0.0750391781    0.0748209655    0.0746010244    0.0743791759
  0.0741554201    0.0739298165    0.0737023056    0.0734727085    0.0732411444
  0.0730074942    0.0727718174    0.0725340545    0.0722941458    0.0720520318
  0.0718076527    0.0715611875    0.0713122189    0.0710609853    0.0708073676
  0.0705513656    0.0702928007    0.0700317323    0.0697680414    0.0695017278
  0.0692328513    0.0689610541    0.0686863363    0.0684088171    0.0681284368
  0.0678450763    0.0675585568    0.0672686994    0.0669757426    0.0666793287
  0.0663796365    0.0660761893    0.0657690465    0.0654583871    0.0651436746
  0.0648250878    0.0645020306    0.0641749203    0.0638433993    0.0635072887
  0.0631661117    0.0628202260    0.0624690354    0.0621125400    0.0617500246
  0.0613820255    0.0610077083    0.0606266558    0.0602391064    0.0598442852
  0.0594416559    0.0590310991    0.0586117804    0.0581837595    0.0577457845
  0.0572973192    0.0568377078    0.0563660562    0.0558814108    0.0553827584
  0.0548686683    0.0543377101    0.0537880957    0.0532176197    0.0526241362
  0.0520046651    0.0513556302    0.0506729782    0.0499506891    0.0491816700
  0.0483572781    0.0474634469    0.0464839041    0.0453913510    0.0441420376
  0.0426604450    0.0407861769    0.0392679870    0.0392679870    0.0392679870
  0.0392679870    0.0392679870    0.0392679870    0.0392679870    0.0392679870
  0.0392679870    0.0392679870    0.0392679870    0.0392679870    0.0392679870
  0.0392679870    0.0392679870    0.0392679870    0.0392679870    0.0392679870
  0.0392679870    0.0392679870    0.0392679870    0.0392679870    0.0392679870
  0.0392679870    0.0392679870    0.0392679870    0.0392679870    0.0392679870
  0.0392679870    0.0392679870    0.0392679870    0.0392679870    0.0392679870
  0.0392679870    0.0392679870    0.0392679870    0.0392679870    0.0392679870
  0.0392679870    0.0392679870    0.0392679870    0.0392679870    0.0392679870
  0.0392679870    0.0392679870    0.0392679870    0.0392679870    0.0392679870
  0.0392679870    0.0392679870    0.0392679870    0.0392679870    0.0392679870
  0.0392679870    0.0392679870    0.0392679870    0.0392679870    0.0392679870
  0.0392679870    0.0392679870    0.0392679870    0.0392679870    0.0392679870
  0.0392679870    0.0392679870    0.0392679870    0.0392679870    0.0392679870
  0.0392679870    0.0392679870    0.0392679870    0.0392679870    0.0392679870
  0.0392679870    0.0392679870    0.0392679870    0.0392679870    0.0392679870
  0.0392679870    0.0392679870    0.0392679870    0.0392679870    0.0392679870
  0.0392679870    0.0392679870    0.0392679870    0.0392679870    0.0392679870
  0.0392679870    0.0392679870    0.0392679870    0.0392679870    0.0392679870
  0.0392679870    0.0392679870    0.0392679870    0.0392679870    0.0392679870
  0.0392679870    0.0392679870    0.0392679870    0.0392679870    0.0392679870
  0.0392679870    0.0392679870    0.0392679870    0.0392679870    0.0392679870
  0.0392679870    0.0392679870    0.0392679870    0.0392679870    0.0392679870
  0.0392679870    0.0392679870    0.0392679870    0.0392679870    0.0392679870
  0.0916448534    0.0916199386    0.0915567577    0.0914729536    0.0913787782
  0.0912788212    0.0911754072    0.0910696089    0.0909620225    0.0908531249
  0.0907430351    0.0906319320    0.0905199945    0.0904071629    0.0902936161
  0.0901792943    0.0900642574    0.0899485052    0.0898320377    0.0897149146
  0.0895971358    0.0894786417    0.0893594921    0.0892396271    0.0891191661
  0.0889979899    0.0888761580    0.0887536108    0.0886303484    0.0885064900
  0.0883818567    0.0882565677    0.0881305635    0.0880038440    0.0878764093
  0.0877482593    0.0876193941    0.0874898136    0.0873594582    0.0872283876
  0.0870964825    0.0869639218    0.0868305266    0.0866963565    0.0865614116
  0.0864257514    0.0862891972    0.0861518681    0.0860137045    0.0858747661
  0.0857349336    0.0855943263    0.0854528248    0.0853104889    0.0851673186
  0.0850231946    0.0848782361    0.0847323835    0.0845856369    0.0844379961
  0.0842894018    0.0841398537    0.0839894116    0.0838379562    0.0836856067
  0.0835322440    0.0833779275    0.0832225978    0.0830662549    0.0829088986
  0.0827505291    0.0825910866    0.0824306905    0.0822691023    0.0821065009
  0.0819428265    0.0817780197    0.0816121399    0.0814450681    0.0812769234
  0.0811076462    0.0809371769    0.0807655156    0.0805926621    0.0804186165
  0.0802433789    0.0800668299    0.0798890889    0.0797100961    0.0795297921
  0.0793482363    0.0791653097    0.0789811313    0.0787955225    0.0786086619
  0.0784203708    0.0782307088    0.0780395567    0.0778470337    0.0776530802
  0.0774575770    0.0772607625    0.0770623386    0.0768623650    0.0766608417
  0.0764577687    0.0762532055    0.0760469735    0.0758390725    0.0756295621
  0.0754184425    0.0752055347    0.0749909580    0.0747746527    0.0745565593
  0.0743366182    0.0741148889    0.0738913119    0.0736658871    0.0734386146
  0.0732092559    0.0729779899    0.0727448761    0.0725094378    0.0722721517
  0.0720327795    0.0717910826    0.0715473592    0.0713014305    0.0710531175
  0.0708026588    0.0705498755    0.0702945888    0.0700369179    0.0697768033
  0.0695141256    0.0692488849    0.0689810216    0.0687105954    0.0684372485
  0.0681611001    0.0678821504    0.0676002800    0.0673150718    0.0670270622
  0.0667358339    0.0664413869    0.0661434829    0.0658421218    0.0655370057
  0.0652284324    0.0649161041    0.0645996630    0.0642795265    0.0639548004
  0.0636259019    0.0632927716    0.0629548132    0.0626116693    0.0622639954
  0.0619105399    0.0615518987    0.0611876547    0.0608171523    0.0604402125
  0.0600568950    0.0596663058    0.0592683852    0.0588628352    0.0584485829
  0.0580256879    0.0575932562    0.0571509302    0.0566976368    0.0562327206
  0.0557552278    0.0552641451    0.0547576249    0.0542355478    0.0536948740
  0.0531345904    0.0525518954    0.0519441664    0.0513082445    0.0506397188
  0.0499336421    0.0491834581    0.0483801663    0.0475122035    0.0465637147
  0.0455097258    0.0443129241    0.0429081023    0.0411614478    0.0398156941
  0.0398156941    0.0398156941    0.0398156941    0.0398156941    0.0398156941
  0.0398156941    0.0398156941    0.0398156941    0.0398156941    0.0398156941
  0.0398156941    0.0398156941    0.0398156941    0.0398156941    0.0398156941
  0.0398156941    0.0398156941    0.0398156941    0.0398156941    0.0398156941
  0.0398156941    0.0398156941    0.0398156941    0.0398156941    0.0398156941
  0.0398156941    0.0398156941    0.0398156941    0.0398156941    0.0398156941
  0.0398156941    0.0398156941    0.0398156941    0.0398156941    0.0398156941
  0.0398156941    0.0398156941    0.0398156941    0.0398156941    0.0398156941
  0.0398156941    0.0398156941    0.0398156941    0.0398156941    0.0398156941
  0.0398156941    0.0398156941    0.0398156941    0.0398156941    0.0398156941
  0.0398156941    0.0398156941    0.0398156941    0.0398156941    0.0398156941
  0.0398156941    0.0398156941    0.0398156941    0.0398156941    0.0398156941
  0.0398156941    0.0398156941    0.0398156941    0.0398156941    0.0398156941
  0.0398156941    0.0398156941    0.0398156941    0.0398156941    0.0398156941
  0.0398156941    0.0398156941    0.0398156941    0.0398156941    0.0398156941
  0.0398156941    0.0398156941    0.0398156941    0.0398156941    0.0398156941
  0.0398156941    0.0398156941    0.0398156941    0.0398156941    0.0398156941
  0.0398156941    0.0398156941    0.0398156941    0.0398156941    0.0398156941
  0.0398156941    0.0398156941    0.0398156941    0.0398156941    0.0398156941
  0.0398156941    0.0398156941    0.0398156941    0.0398156941    0.0398156941
  0.0398156941    0.0398156941    0.0398156941    0.0398156941    0.0398156941
  0.0926814377    0.0926606953    0.0926062763    0.0925316513    0.0924458206
  0.0923535526    0.0922572911    0.0921583474    0.0920574367    0.0919549763
  0.0918513238    0.0917465985    0.0916409791    0.0915344656    0.0914272368
  0.0913192928    0.0912105739    0.0911012590    0.0909912288    0.0908806026
  0.0907693207    0.0906573832    0.0905448496    0.0904317200    0.0903179348
  0.0902035534    0.0900885761    0.0899729431    0.0898567140    0.0897398293
  0.0896223485    0.0895042121    0.0893854797    0.0892660916    0.0891460478
  0.0890254080    0.0889040530    0.0887820423    0.0886594355    0.0885360539
  0.0884120762    0.0882874429    0.0881620347    0.0880360305    0.0879092515
  0.0877818167    0.0876536667    0.0875248015    0.0873952210    0.0872649252
  0.0871338546    0.0870020092    0.0868695080    0.0867361724    0.0866021216
  0.0864672363    0.0863315761    0.0861952007    0.0860579908    0.0859199464
  0.0857811272    0.0856414735    0.0855010450    0.0853596628    0.0852175653
  0.0850745142    0.0849306285    0.0847859085    0.0846402347    0.0844937265
  0.0843463242    0.0841979682    0.0840487182    0.0838985741    0.0837474763
  0.0835953653    0.0834423602    0.0832884014    0.0831334293    0.0829774439
  0.0828205049    0.0826625526    0.0825035274    0.0823434889    0.0821824372
  0.0820203125    0.0818571150    0.0816929042    0.0815275013    0.0813610256
  0.0811934769    0.0810247362    0.0808549225    0.0806839168    0.0805117786
  0.0803383887    0.0801638663    0.0799880922    0.0798110664    0.0796329081
  0.0794533789    0.0792727172    0.0790907443    0.0789074600    0.0787228644
  0.0785368979    0.0783496201    0.0781609714    0.0779709518    0.0777795613
  0.0775866807    0.0773925483    0.0771968663    0.0769996941    0.0768010318
  0.0766008794    0.0763993561    0.0761961043    0.0759914219    0.0757850111
  0.0755771101    0.0753676593    0.0751564205    0.0749436319    0.0747289956
  0.0745128095    0.0742948949    0.0740750730    0.0738535821    0.0736301839
  0.0734050572    0.0731779635    0.0729490221    0.0727181733    0.0724853575
  0.0722504556    0.0720136464    0.0717748106    0.0715337694    0.0712906420
  0.0710453689    0.0707980096    0.0705483258    0.0702962577    0.0700418651
  0.0697852671    0.0695261657    0.0692645013    0.0690005124    0.0687339008
  0.0684644878    0.0681926310    0.0679179132    0.0676403940    0.0673599541
  0.0670765936    0.0667901933    0.0665006936    0.0662082136    0.0659122169
  0.0656129420    0.0653101504    0.0650038421    0.0646935999    0.0643797219
  0.0640621483    0.0637400448    0.0634141266    0.0630837381    0.0627487004
  0.0624087751    0.0620640814    0.0617142022    0.0613593161    0.0609984100
  0.0606317818    0.0602590144    0.0598796308    0.0594936907    0.0591003597
  0.0586995780    0.0582903326    0.0578729212    0.0574460924    0.0570096076
  0.0565623343    0.0561040342    0.0556332767    0.0551492870    0.0546508729
  0.0541368425    0.0536051691    0.0530544817    0.0524821579    0.0518861115
  0.0512622893    0.0506077111    0.0499174893    0.0491843522    0.0484017432
  0.0475580990    0.0466378629    0.0456211865    0.0444718301    0.0431351364
  0.0414995849    0.0403428376    0.0403428376    0.0403428376    0.0403428376
  0.0403428376    0.0403428376    0.0403428376    0.0403428376    0.0403428376
  0.0403428376    0.0403428376    0.0403428376    0.0403428376    0.0403428376
  0.0403428376    0.0403428376    0.0403428376    0.0403428376    0.0403428376
  0.0403428376    0.0403428376    0.0403428376    0.0403428376    0.0403428376
  0.0403428376    0.0403428376    0.0403428376    0.0403428376    0.0403428376
  0.0403428376    0.0403428376    0.0403428376    0.0403428376    0.0403428376
  0.0403428376    0.0403428376    0.0403428376    0.0403428376    0.0403428376
  0.0403428376    0.0403428376    0.0403428376    0.0403428376    0.0403428376
  0.0403428376    0.0403428376    0.0403428376    0.0403428376    0.0403428376
  0.0403428376    0.0403428376    0.0403428376    0.0403428376    0.0403428376
  0.0403428376    0.0403428376    0.0403428376    0.0403428376    0.0403428376
  0.0403428376    0.0403428376    0.0403428376    0.0403428376    0.0403428376
  0.0403428376    0.0403428376    0.0403428376    0.0403428376    0.0403428376
  0.0403428376    0.0403428376    0.0403428376    0.0403428376    0.0403428376
  0.0403428376    0.0403428376    0.0403428376    0.0403428376    0.0403428376
  0.0403428376    0.0403428376    0.0403428376    0.0403428376    0.0403428376
  0.0403428376    0.0403428376    0.0403428376    0.0403428376    0.0403428376
  0.0403428376    0.0403428376    0.0403428376    0.0403428376    0.0403428376
  0.0936640203    0.0936466157    0.0935996473    0.0935333073    0.0934552848
  0.0933702886    0.0932807624    0.0931882560    0.0930934846    0.0929971039
  0.0928993523    0.0928004682    0.0927006304    0.0925999582    0.0924984515
  0.0923962295    0.0922933519    0.0921897590    0.0920855701    0.0919807851
  0.0918754041    0.0917693675    0.0916627944    0.0915556848    0.0914479196
  0.0913396776    0.0912307799    0.0911213458    0.0910113752    0.0909008086
  0.0907896459    0.0906779468    0.0905656517    0.0904528201    0.0903393328
  0.0902253091    0.0901106894    0.0899954736    0.0898796618    0.0897632539
  0.0896462500    0.0895285904    0.0894103348    0.0892914832    0.0891719759
  0.0890518725    0.0889311135    0.0888096988    0.0886876881    0.0885649621
  0.0884416401    0.0883176625    0.0881929100    0.0880675614    0.0879415572
  0.0878147781    0.0876874030    0.0875592530    0.0874303877    0.0873008668
  0.0871705711    0.0870395601    0.0869078338    0.0867753923    0.0866421163
  0.0865081847    0.0863734186    0.0862378776    0.0861016214    0.0859645307
  0.0858266652    0.0856879652    0.0855484903    0.0854081213    0.0852670372
  0.0851250589    0.0849822462    0.0848385394    0.0846940577    0.0845486820
  0.0844024122    0.0842552483    0.0841071904    0.0839582384    0.0838083327
  0.0836575329    0.0835058391    0.0833531916    0.0831995308    0.0830449164
  0.0828894079    0.0827328265    0.0825752318    0.0824166834    0.0822571814
  0.0820965469    0.0819348991    0.0817722380    0.0816085041    0.0814436972
  0.0812778175    0.0811108053    0.0809426606    0.0807734430    0.0806031525
  0.0804316700    0.0802589953    0.0800851882    0.0799101889    0.0797339976
  0.0795566142    0.0793779790    0.0791980326    0.0790169537    0.0788346231
  0.0786509216    0.0784659684    0.0782797635    0.0780921280    0.0779032409
  0.0777128637    0.0775212944    0.0773282349    0.0771338046    0.0769378841
  0.0767405927    0.0765418708    0.0763415992    0.0761398375    0.0759365857
  0.0757317841    0.0755254328    0.0753175318    0.0751080215    0.0748969615
  0.0746841729    0.0744697750    0.0742537081    0.0740359128    0.0738163292
  0.0735951364    0.0733720362    0.0731471479    0.0729205906    0.0726920068
  0.0724615157    0.0722291768    0.0719948113    0.0717585981    0.0715203583
  0.0712800920    0.0710376799    0.0707931221    0.0705465376    0.0702977479
  0.0700466931    0.0697933137    0.0695376694    0.0692797005    0.0690192878
  0.0687563121    0.0684910119    0.0682230890    0.0679526031    0.0676794350
  0.0674033463    0.0671244562    0.0668428242    0.0665582120    0.0662706792
  0.0659800470    0.0656858981    0.0653887093    0.0650881231    0.0647840798
  0.0644764006    0.0641649663    0.0638497174    0.0635304749    0.0632071793
  0.0628797710    0.0625476539    0.0622111857    0.0618695319    0.0615233481
  0.0611715615    0.0608146489    0.0604515970    0.0600830615    0.0597078502
  0.0593262613    0.0589374602    0.0585413873    0.0581370294    0.0577246249
  0.0573034585    0.0568723977    0.0564315021    0.0559795201    0.0555152595
  0.0550387204    0.0545479357    0.0540417731    0.0535190403    0.0529776514
  0.0524151623    0.0518299639    0.0512183607    0.0505774319    0.0499015749
  0.0491857231    0.0484222472    0.0476008356    0.0467086136    0.0457252562
  0.0446206629    0.0433453619    0.0418055356    0.0408512652    0.0408512652
  0.0408512652    0.0408512652    0.0408512652    0.0408512652    0.0408512652
  0.0408512652    0.0408512652    0.0408512652    0.0408512652    0.0408512652
  0.0408512652    0.0408512652    0.0408512652    0.0408512652    0.0408512652
  0.0408512652    0.0408512652    0.0408512652    0.0408512652    0.0408512652
  0.0408512652    0.0408512652    0.0408512652    0.0408512652    0.0408512652
  0.0408512652    0.0408512652    0.0408512652    0.0408512652    0.0408512652
  0.0408512652    0.0408512652    0.0408512652    0.0408512652    0.0408512652
  0.0408512652    0.0408512652    0.0408512652    0.0408512652    0.0408512652
  0.0408512652    0.0408512652    0.0408512652    0.0408512652    0.0408512652
  0.0408512652    0.0408512652    0.0408512652    0.0408512652    0.0408512652
  0.0408512652    0.0408512652    0.0408512652    0.0408512652    0.0408512652
  0.0408512652    0.0408512652    0.0408512652    0.0408512652    0.0408512652
  0.0408512652    0.0408512652    0.0408512652    0.0408512652    0.0408512652
  0.0408512652    0.0408512652    0.0408512652    0.0408512652    0.0408512652
  0.0408512652    0.0408512652    0.0408512652    0.0408512652    0.0408512652
  0.0408512652    0.0408512652    0.0408512652    0.0408512652    0.0408512652
  0.0945979655    0.0945831835    0.0945425928    0.0944836438    0.0944128931
  0.0943346918    0.0942516029    0.0941651165    0.0940762460    0.0939854681
  0.0938932002    0.0937997401    0.0937052667    0.0936098397    0.0935136378
  0.0934167206    0.0933190882    0.0932208002    0.0931219161    0.0930224359
  0.0929223597    0.0928217471    0.0927205980    0.0926188529    0.0925166309
  0.0924138129    0.0923104584    0.0922066271    0.0921022594    0.0919973552
  0.0918919146    0.0917859972    0.0916794837    0.0915724933    0.0914649665
  0.0913569033    0.0912482440    0.0911391079    0.0910294354    0.0909191668
  0.0908084214    0.0906970799    0.0905851424    0.0904727280    0.0903596580
  0.0902461112    0.0901319087    0.0900171697    0.0899018347    0.0897859037
  0.0896694362    0.0895523131    0.0894346535    0.0893163383    0.0891973674
  0.0890778601    0.0889576972    0.0888368785    0.0887154639    0.0885933936
  0.0884707272    0.0883473456    0.0882233679    0.0880986750    0.0879733264
  0.0878473222    0.0877206028    0.0875931680    0.0874651372    0.0873363316
  0.0872068107    0.0870766342    0.0869457424    0.0868140757    0.0866816938
  0.0865485370    0.0864146650    0.0862800777    0.0861446559    0.0860085189
  0.0858715475    0.0857338011    0.0855952799    0.0854559839    0.0853158534
  0.0851748884    0.0850331485    0.0848905742    0.0847471058    0.0846028030
  0.0844576657    0.0843116343    0.0841647685    0.0840170085    0.0838683546
  0.0837187469    0.0835683048    0.0834169090    0.0832645595    0.0831112564
  0.0829570591    0.0828019679    0.0826457441    0.0824886858    0.0823304951
  0.0821714699    0.0820113719    0.0818502009    0.0816880763    0.0815248191
  0.0813606083    0.0811952651    0.0810288489    0.0808614194    0.0806927979
  0.0805231035    0.0803523958    0.0801804364    0.0800073445    0.0798331201
  0.0796577036    0.0794810951    0.0793033540    0.0791243613    0.0789441168
  0.0787626207    0.0785799325    0.0783959329    0.0782107413    0.0780241787
  0.0778363645    0.0776471794    0.0774566829    0.0772648156    0.0770715773
  0.0768770278    0.0766809881    0.0764835179    0.0762847364    0.0760844052
  0.0758825243    0.0756792724    0.0754745901    0.0752682388    0.0750603974
  0.0748509467    0.0746400058    0.0744273961    0.0742131770    0.0739973485
  0.0737797320    0.0735605657    0.0733395517    0.0731169283    0.0728924572
  0.0726661980    0.0724381506    0.0722082555    0.0719764531    0.0717428029
  0.0715070665    0.0712694824    0.0710299313    0.0707884133    0.0705448091
  0.0702990592    0.0700510442    0.0698010623    0.0695488155    0.0692942441
  0.0690374076    0.0687781870    0.0685164630    0.0682525933    0.0679859221
  0.0677169859    0.0674451888    0.0671708286    0.0668937266    0.0666138828
  0.0663310587    0.0660452545    0.0657566488    0.0654647648    0.0651694834
  0.0648711622    0.0645695627    0.0642642081    0.0639553964    0.0636427104
  0.0633262098    0.0630054772    0.0626810491    0.0623519123    0.0620186627
  0.0616804659    0.0613374412    0.0609890521    0.0606358349    0.0602768362
  0.0599118173    0.0595407784    0.0591634214    0.0587791502    0.0583877861
  0.0579886138    0.0575812757    0.0571654141    0.0567401946    0.0563047230
  0.0558590591    0.0554016531    0.0549318492    0.0544483960    0.0539499819
  0.0534357727    0.0529033840    0.0523509681    0.0517759621    0.0511761606
  0.0505478680    0.0498863161    0.0491866767    0.0484416783    0.0476418436
  0.0467755497    0.0458234847    0.0447602570    0.0435409844    0.0420868099
  0.0413425863    0.0413425863    0.0413425863    0.0413425863    0.0413425863
  0.0413425863    0.0413425863    0.0413425863    0.0413425863    0.0413425863
  0.0413425863    0.0413425863    0.0413425863    0.0413425863    0.0413425863
  0.0413425863    0.0413425863    0.0413425863    0.0413425863    0.0413425863
  0.0413425863    0.0413425863    0.0413425863    0.0413425863    0.0413425863
  0.0413425863    0.0413425863    0.0413425863    0.0413425863    0.0413425863
  0.0413425863    0.0413425863    0.0413425863    0.0413425863    0.0413425863
  0.0413425863    0.0413425863    0.0413425863    0.0413425863    0.0413425863
  0.0413425863    0.0413425863    0.0413425863    0.0413425863    0.0413425863
  0.0413425863    0.0413425863    0.0413425863    0.0413425863    0.0413425863
  0.0413425863    0.0413425863    0.0413425863    0.0413425863    0.0413425863
  0.0413425863    0.0413425863    0.0413425863    0.0413425863    0.0413425863
  0.0413425863    0.0413425863    0.0413425863    0.0413425863    0.0413425863
  0.0413425863    0.0413425863    0.0413425863    0.0413425863    0.0413425863
  0.0954879224    0.0954752862    0.0954400003    0.0953876674    0.0953236520
  0.0952518880    0.0951748192    0.0950940549    0.0950106084    0.0949251354
  0.0948380530    0.0947496593    0.0946601331    0.0945696533    0.0944783390
  0.0943863094    0.0942935050    0.0942001045    0.0941060483    0.0940114558
  0.0939162672    0.0938205421    0.0937242806    0.0936274827    0.0935302079
  0.0934323967    0.0933341086    0.0932353437    0.0931360424    0.0930362642
  0.0929360092    0.0928352773    0.0927340686    0.0926323235    0.0925301015
  0.0924274027    0.0923242271    0.0922205150    0.0921163261    0.0920116603
  0.0919064581    0.0918007791    0.0916946232    0.0915878713    0.0914806426
  0.0913729370    0.0912646949    0.0911559165    0.0910466015    0.0909367502
  0.0908263624    0.0907154381    0.0906039774    0.0904919803    0.0903793871
  0.0902663171    0.0901525915    0.0900383890    0.0899235308    0.0898081362
  0.0896921456    0.0895756185    0.0894584358    0.0893407166    0.0892223418
  0.0891033709    0.0889838636    0.0888636410    0.0887428224    0.0886214077
  0.0884993970    0.0883766711    0.0882532895    0.0881293118    0.0880046785
  0.0878793299    0.0877533257    0.0876267254    0.0874993503    0.0873713195
  0.0872426331    0.0871131718    0.0869830549    0.0868522227    0.0867206752
  0.0865884125    0.0864553750    0.0863215625    0.0861870944    0.0860518515
  0.0859158337    0.0857791007    0.0856414735    0.0855031312    0.0853640139
  0.0852240622    0.0850833952    0.0849417746    0.0847993791    0.0846562088
  0.0845121443    0.0843672454    0.0842215121    0.0840749443    0.0839274228
  0.0837791264    0.0836298168    0.0834796727    0.0833286941    0.0831766427
  0.0830237567    0.0828699768    0.0827151835    0.0825594962    0.0824027956
  0.0822451413    0.0820864737    0.0819269121    0.0817662776    0.0816046298
  0.0814419687    0.0812782943    0.0811135471    0.0809477866    0.0807809532
  0.0806129873    0.0804439485    0.0802738369    0.0801026523    0.0799303353
  0.0797568262    0.0795821846    0.0794064701    0.0792295039    0.0790513456
  0.0788720548    0.0786915123    0.0785097778    0.0783267915    0.0781425536
  0.0779570639    0.0777703226    0.0775822699    0.0773929060    0.0772022307
  0.0770102441    0.0768168867    0.0766222179    0.0764260590    0.0762285888
  0.0760297477    0.0758294165    0.0756276548    0.0754244626    0.0752196610
  0.0750134289    0.0748058259    0.0745964944    0.0743857920    0.0741733611
  0.0739593804    0.0737437904    0.0735266507    0.0733077228    0.0730871856
  0.0728649199    0.0726408064    0.0724150836    0.0721876323    0.0719581544
  0.0717271268    0.0714941919    0.0712591708    0.0710224211    0.0707835257
  0.0705429614    0.0703001320    0.0700552166    0.0698084533    0.0695594251
  0.0693081915    0.0690548718    0.0687990487    0.0685411990    0.0682810843
  0.0680183470    0.0677533448    0.0674856603    0.0672155917    0.0669427812
  0.0666675270    0.0663892925    0.0661085546    0.0658246577    0.0655380189
  0.0652479827    0.0649552643    0.0646589696    0.0643596947    0.0640566647
  0.0637503564    0.0634402335    0.0631264150    0.0628089011    0.0624870956
  0.0621612370    0.0618308485    0.0614958704    0.0611561835    0.0608115494
  0.0604619682    0.0601065457    0.0597456992    0.0593790114    0.0590054095
  0.0586255491    0.0582387149    0.0578444302    0.0574421585    0.0570314825
  0.0566117465    0.0561822355    0.0557424128    0.0552915037    0.0548286736
  0.0543525517    0.0538616478    0.0533557236    0.0528318584    0.0522889197
  0.0517242849    0.0511359274    0.0505195558    0.0498717129    0.0491877496
  0.0484602749    0.0476809442    0.0468378961    0.0459165871    0.0448907316
  0.0437218845    0.0423437059    0.0418181717    0.0418181717    0.0418181717
  0.0418181717    0.0418181717    0.0418181717    0.0418181717    0.0418181717
  0.0418181717    0.0418181717    0.0418181717    0.0418181717    0.0418181717
  0.0418181717    0.0418181717    0.0418181717    0.0418181717    0.0418181717
  0.0418181717    0.0418181717    0.0418181717    0.0418181717    0.0418181717
  0.0418181717    0.0418181717    0.0418181717    0.0418181717    0.0418181717
  0.0418181717    0.0418181717    0.0418181717    0.0418181717    0.0418181717
  0.0418181717    0.0418181717    0.0418181717    0.0418181717    0.0418181717
  0.0418181717    0.0418181717    0.0418181717    0.0418181717    0.0418181717
  0.0418181717    0.0418181717    0.0418181717    0.0418181717    0.0418181717
  0.0418181717    0.0418181717    0.0418181717    0.0418181717    0.0418181717
  0.0418181717    0.0418181717    0.0418181717    0.0418181717    0.0418181717
  0.0963378847    0.0963270366    0.0962962210    0.0962497294    0.0961918533
  0.0961260498    0.0960547030    0.0959793627    0.0959011018    0.0958206356
  0.0957383811    0.0956546962    0.0955698788    0.0954839885    0.0953972638
  0.0953097045    0.0952214301    0.0951324403    0.0950429142    0.0949527919
  0.0948620737    0.0947708189    0.0946790874    0.0945868194    0.0944940746
  0.0944008529    0.0943071544    0.0942129791    0.0941183865    0.0940232575
  0.0939277112    0.0938316882    0.0937352479    0.0936383307    0.0935409963
  0.0934431255    0.0933448374    0.0932461321    0.0931469500    0.0930472910
  0.0929471552    0.0928466022    0.0927455723    0.0926440060    0.0925420821
  0.0924396217    0.0923366845    0.0922332704    0.0921293795    0.0920250118
  0.0919201076    0.0918147862    0.0917089283    0.0916025341    0.0914957225
  0.0913883150    0.0912804902    0.0911721289    0.0910632312    0.0909537971
  0.0908438265    0.0907333791    0.0906223357    0.0905108154    0.0903986990
  0.0902861059    0.0901729167    0.0900591314    0.0899448693    0.0898299515
  0.0897145569    0.0895985067    0.0894819200    0.0893647373    0.0892469585
  0.0891286433    0.0890096128    0.0888900459    0.0887698829    0.0886490643
  0.0885276496    0.0884055793    0.0882829130    0.0881595910    0.0880356133
  0.0879109800    0.0877856910    0.0876598060    0.0875332057    0.0874058902
  0.0872779191    0.0871492922    0.0870199502    0.0868898928    0.0867591202
  0.0866277516    0.0864955485    0.0863626301    0.0862289965    0.0860946476
  0.0859595239    0.0858236849    0.0856870711    0.0855496824    0.0854115188
  0.0852725208    0.0851328075    0.0849923193    0.0848509371    0.0847088397
  0.0845659077    0.0844220221    0.0842774212    0.0841319859    0.0839856565
  0.0838384926    0.0836903751    0.0835414827    0.0833917558    0.0832410157
  0.0830894411    0.0829369128    0.0827834904    0.0826291740    0.0824738443
  0.0823176205    0.0821604431    0.0820023715    0.0818431675    0.0816830695
  0.0815219581    0.0813598931    0.0811967552    0.0810326040    0.0808674395
  0.0807012022    0.0805339515    0.0803656280    0.0801962316    0.0800256431
  0.0798540413    0.0796813667    0.0795074999    0.0793326199    0.0791564882
  0.0789792240    0.0788008273    0.0786212981    0.0784403980    0.0782584250
  0.0780753195    0.0778908432    0.0777051747    0.0775181949    0.0773299634
  0.0771404207    0.0769497454    0.0767575800    0.0765642226    0.0763694346
  0.0761733353    0.0759758651    0.0757769644    0.0755767524    0.0753749907
  0.0751719177    0.0749672353    0.0747613013    0.0745537579    0.0743447840
  0.0741340816    0.0739220083    0.0737083852    0.0734931529    0.0732763708
  0.0730579197    0.0728376806    0.0726159513    0.0723926127    0.0721673071
  0.0719403327    0.0717117488    0.0714811385    0.0712489784    0.0710147321
  0.0707786977    0.0705408752    0.0703010857    0.0700593293    0.0698154271
  0.0695695579    0.0693217814    0.0690716207    0.0688196123    0.0685651600
  0.0683085620    0.0680498183    0.0677883327    0.0675249398    0.0672588646
  0.0669904649    0.0667193830    0.0664457381    0.0661693513    0.0658902824
  0.0656084120    0.0653238595    0.0650362670    0.0647455752    0.0644515455
  0.0641544163    0.0638539493    0.0635501444    0.0632430017    0.0629316866
  0.0626167953    0.0622980297    0.0619750917    0.0616480410    0.0613161623
  0.0609798133    0.0606386364    0.0602925122    0.0599410832    0.0595840514
  0.0592212975    0.0588520467    0.0584765971    0.0580944121    0.0577046573
  0.0573073924    0.0569017828    0.0564874709    0.0560634434    0.0556298792
  0.0551852286    0.0547288358    0.0542596281    0.0537764728    0.0532780588
  0.0527628362    0.0522290170    0.0516748130    0.0510966480    0.0504928529
  0.0498580635    0.0491885245    0.0484775007    0.0477178991    0.0468986928
  0.0460045040    0.0450137556    0.0438915789    0.0425816476    0.0422792137
  0.0422792137    0.0422792137    0.0422792137    0.0422792137    0.0422792137
  0.0422792137    0.0422792137    0.0422792137    0.0422792137    0.0422792137
  0.0422792137    0.0422792137    0.0422792137    0.0422792137    0.0422792137
  0.0422792137    0.0422792137    0.0422792137    0.0422792137    0.0422792137
  0.0422792137    0.0422792137    0.0422792137    0.0422792137    0.0422792137
  0.0422792137    0.0422792137    0.0422792137    0.0422792137    0.0422792137
  0.0422792137    0.0422792137    0.0422792137    0.0422792137    0.0422792137
  0.0422792137    0.0422792137    0.0422792137    0.0422792137    0.0422792137
  0.0422792137    0.0422792137    0.0422792137    0.0422792137    0.0422792137
  0.0971513689    0.0971419513    0.0971149504    0.0970735252    0.0970212519
  0.0969609916    0.0968950093    0.0968248546    0.0967514813    0.0966757834
  0.0965981185    0.0965189040    0.0964384377    0.0963568985    0.0962743461
  0.0961910188    0.0961069167    0.0960221589    0.0959367454    0.0958507955
  0.0957642496    0.0956771672    0.0955895483    0.0955014527    0.0954129398
  0.0953238904    0.0952344239    0.0951444805    0.0950541198    0.0949632823
  0.0948720276    0.0947803557    0.0946882665    0.0945957601    0.0945027769
  0.0944093764    0.0943156183    0.0942213833    0.0941267312    0.0940316617
  0.0939361155    0.0938402116    0.0937438309    0.0936470330    0.0935498178
  0.0934521258    0.0933540761    0.0932554901    0.0931565464    0.0930571258
  0.0929572284    0.0928569138    0.0927561224    0.0926549137    0.0925532281
  0.0924510658    0.0923484266    0.0922453701    0.0921417773    0.0920377672
  0.0919332802    0.0918282568    0.0917227566    0.0916167796    0.0915103257
  0.0914033949    0.0912959278    0.0911879838    0.0910795033    0.0909704864
  0.0908609927    0.0907509625    0.0906404555    0.0905293524    0.0904177129
  0.0903055966    0.0901928842    0.0900796354    0.0899658501    0.0898514688
  0.0897366107    0.0896210968    0.0895050466    0.0893884599    0.0892712176
  0.0891534388    0.0890351236    0.0889160931    0.0887965262    0.0886763036
  0.0885555446    0.0884341300    0.0883121192    0.0881894529    0.0880661309
  0.0879422724    0.0878176987    0.0876924694    0.0875665247    0.0874400437
  0.0873127878    0.0871849358    0.0870563686    0.0869271457    0.0867972076
  0.0866665542    0.0865352452    0.0864031613    0.0862703621    0.0861369073
  0.0860026777    0.0858677328    0.0857320130    0.0855955184    0.0854583681
  0.0853203833    0.0851816237    0.0850421488    0.0849018395    0.0847606957
  0.0846188366    0.0844760835    0.0843325555    0.0841881931    0.0840429962
  0.0838969648    0.0837501585    0.0836024582    0.0834538043    0.0833044350
  0.0831541121    0.0830028355    0.0828507245    0.0826977789    0.0825438201
  0.0823889673    0.0822332203    0.0820764601    0.0819188058    0.0817601979
  0.0816006362    0.0814400017    0.0812784731    0.0811159909    0.0809523761
  0.0807878673    0.0806222260    0.0804556310    0.0802880228    0.0801192820
  0.0799495280    0.0797786415    0.0796067417    0.0794337690    0.0792596042
  0.0790843070    0.0789079964    0.0787304342    0.0785517395    0.0783719122
  0.0781908929    0.0780088007    0.0778253376    0.0776407421    0.0774548948
  0.0772679150    0.0770795643    0.0768900216    0.0766991675    0.0765069425
  0.0763135850    0.0761187971    0.0759227574    0.0757252872    0.0755265653
  0.0753262341    0.0751248300    0.0749218166    0.0747173727    0.0745116174
  0.0743043125    0.0740955174    0.0738852918    0.0736736357    0.0734603107
  0.0732453167    0.0730290711    0.0728110969    0.0725913346    0.0723701417
  0.0721472800    0.0719226897    0.0716964304    0.0714685023    0.0712388456
  0.0710073411    0.0707739890    0.0705387890    0.0703018010    0.0700630844
  0.0698220432    0.0695793927    0.0693347752    0.0690879524    0.0688392222
  0.0685882866    0.0683351457    0.0680798590    0.0678226650    0.0675627291
  0.0673007071    0.0670364201    0.0667697489    0.0665002167    0.0662283003
  0.0659539998    0.0656768978    0.0653970540    0.0651144087    0.0648288429
  0.0645403564    0.0642488301    0.0639542639    0.0636563003    0.0633548200
  0.0630501807    0.0627417266    0.0624295175    0.0621138513    0.0617937744
  0.0614695847    0.0611413419    0.0608080328    0.0604704916    0.0601278245
  0.0597800910    0.0594269335    0.0590679944    0.0587031543    0.0583319366
  0.0579541624    0.0575689971    0.0571767390    0.0567758381    0.0563671887
  0.0559487641    0.0555206835    0.0550822318    0.0546320975    0.0541698635
  0.0536939800    0.0532036722    0.0526966155    0.0521716774    0.0516265929
  0.0510592759    0.0504665077    0.0498439968    0.0491887033    0.0484942496
  0.0477530658    0.0469550788    0.0460869968    0.0451285541    0.0440505445
  0.0428005755    0.0427266657    0.0427266657    0.0427266657    0.0427266657
  0.0427266657    0.0427266657    0.0427266657    0.0427266657    0.0427266657
  0.0427266657    0.0427266657    0.0427266657    0.0427266657    0.0427266657
  0.0427266657    0.0427266657    0.0427266657    0.0427266657    0.0427266657
  0.0427266657    0.0427266657    0.0427266657    0.0427266657    0.0427266657
  0.0427266657    0.0427266657    0.0427266657    0.0427266657    0.0427266657
  0.0427266657    0.0427266657    0.0427266657    0.0427266657    0.0427266657
  0.0979314148    0.0979231298    0.0978994071    0.0978625119    0.0978151858
  0.0977601111    0.0976991355    0.0976338089    0.0975651443    0.0974939167
  0.0974206030    0.0973456204    0.0972693264    0.0971918404    0.0971133411
  0.0970339477    0.0969537795    0.0968728960    0.0967913568    0.0967092216
  0.0966265500    0.0965432823    0.0964595973    0.0963753760    0.0962906778
  0.0962055027    0.0961199105    0.0960339010    0.0959474742    0.0958605707
  0.0957733095    0.0956856310    0.0955974758    0.0955090225    0.0954200923
  0.0953308046    0.0952410996    0.0951509774    0.0950604975    0.0949696004
  0.0948782861    0.0947866142    0.0946945250    0.0946020186    0.0945091546
  0.0944158733    0.0943221748    0.0942280591    0.0941335261    0.0940385759
  0.0939432681    0.0938475430    0.0937513411    0.0936547816    0.0935577452
  0.0934603512    0.0933624804    0.0932641923    0.0931654871    0.0930663049
  0.0929667652    0.0928666890    0.0927661955    0.0926652849    0.0925639570
  0.0924620926    0.0923598111    0.0922570527    0.0921538174    0.0920501649
  0.0919460356    0.0918414295    0.0917362869    0.0916307271    0.0915246904
  0.0914181173    0.0913110673    0.0912034810    0.0910954773    0.0909869373
  0.0908778608    0.0907683074    0.0906582177    0.0905475914    0.0904364288
  0.0903247893    0.0902125537    0.0900998414    0.0899865925    0.0898727477
  0.0897583663    0.0896434486    0.0895279348    0.0894118845    0.0892952383
  0.0891779959    0.0890602171    0.0889418423    0.0888228714    0.0887033045
  0.0885831416    0.0884623826    0.0883409679    0.0882190168    0.0880963504
  0.0879731476    0.0878492296    0.0877247155    0.0875995457    0.0874737203
  0.0873472393    0.0872201025    0.0870923698    0.0869638622    0.0868346989
  0.0867048800    0.0865744054    0.0864431560    0.0863112509    0.0861786306
  0.0860452950    0.0859111845    0.0857764184    0.0856408775    0.0855045617
  0.0853675902    0.0852298439    0.0850912631    0.0849519074    0.0848119557
  0.0846710503    0.0845293701    0.0843869150    0.0842436850    0.0840996206
  0.0839546621    0.0838089883    0.0836624801    0.0835150778    0.0833668411
  0.0832177699    0.0830678046    0.0829170048    0.0827652514    0.0826126039
  0.0824591219    0.0823047459    0.0821494758    0.0819932520    0.0818359554
  0.0816778839    0.0815187991    0.0813588202    0.0811978281    0.0810359418
  0.0808729827    0.0807090700    0.0805440843    0.0803782046    0.0802111924
  0.0800431669    0.0798741281    0.0797040761    0.0795328319    0.0793606341
  0.0791874230    0.0790129602    0.0788374841    0.0786609352    0.0784830749
  0.0783042014    0.0781242549    0.0779430568    0.0777607858    0.0775771439
  0.0773924887    0.0772065818    0.0770194829    0.0768310726    0.0766414702
  0.0764506757    0.0762584507    0.0760650933    0.0758704841    0.0756743848
  0.0754770935    0.0752784312    0.0750783980    0.0748770535    0.0746742189
  0.0744700730    0.0742645562    0.0740576088    0.0738492310    0.0736391842
  0.0734279454    0.0732149184    0.0730006993    0.0727847517    0.0725672543
  0.0723483264    0.0721275508    0.0719052851    0.0716814101    0.0714559257
  0.0712287128    0.0709997118    0.0707690418    0.0705366433    0.0703024566
  0.0700663626    0.0698285401    0.0695888102    0.0693471730    0.0691037476
  0.0688580573    0.0686106384    0.0683610141    0.0681093633    0.0678555071
  0.0675996244    0.0673414767    0.0670810044    0.0668182075    0.0665529072
  0.0662854016    0.0660156310    0.0657429397    0.0654678047    0.0651900470
  0.0649095476    0.0646262467    0.0643398464    0.0640507042    0.0637581646
  0.0634627044    0.0631639063    0.0628619492    0.0625562370    0.0622468293
  0.0619339049    0.0616170466    0.0612958968    0.0609705150    0.0606410801
  0.0603068173    0.0599677861    0.0596234500    0.0592740476    0.0589191020
  0.0585583150    0.0581913888    0.0578179061    0.0574372709    0.0570496023
  0.0566542447    0.0562504232    0.0558375418    0.0554151237    0.0549824536
  0.0545388758    0.0540832579    0.0536145270    0.0531311929    0.0526322424
  0.0521160662    0.0515802801    0.0510227978    0.0504411757    0.0498311818
  0.0491894782    0.0485102236    0.0477862060    0.0470089614    0.0461653173
  0.0452382267    0.0441996753    0.0431616008    0.0431616008    0.0431616008
  0.0431616008    0.0431616008    0.0431616008    0.0431616008    0.0431616008
  0.0431616008    0.0431616008    0.0431616008    0.0431616008    0.0431616008
  0.0431616008    0.0431616008    0.0431616008    0.0431616008    0.0431616008
  0.0431616008    0.0431616008    0.0431616008    0.0431616008    0.0431616008
  0.0986807048    0.0986734331    0.0986524522    0.0986194313    0.0985766947
  0.0985262692    0.0984700024    0.0984092653    0.0983450115    0.0982780755
  0.0982088745    0.0981379449    0.0980655253    0.0979919136    0.0979171693
  0.0978415310    0.0977650583    0.0976878107    0.0976099074    0.0975314081
  0.0974523127    0.0973726809    0.0972925723    0.0972119272    0.0971308053
  0.0970492661    0.0969673097    0.0968848765    0.0968020856    0.0967188776
  0.0966352522    0.0965512097    0.0964668095    0.0963819921    0.0962968171
  0.0962112844    0.0961253941    0.0960390866    0.0959523618    0.0958653390
  0.0957778990    0.0956901014    0.0956019461    0.0955134332    0.0954245031
  0.0953351557    0.0952455103    0.0951554477    0.0950650275    0.0949742496
  0.0948830545    0.0947914422    0.0946995318    0.0946072042    0.0945143998
  0.0944212973    0.0943277776    0.0942339003    0.0941395462    0.0940448344
  0.0939497650    0.0938542187    0.0937582552    0.0936619341    0.0935651958
  0.0934680402    0.0933704674    0.0932724178    0.0931740105    0.0930751264
  0.0929758251    0.0928761661    0.0927759707    0.0926753581    0.0925743282
  0.0924728215    0.0923708975    0.0922684968    0.0921656191    0.0920623243
  0.0919585526    0.0918543041    0.0917495787    0.0916444361    0.0915387571
  0.0914326012    0.0913259685    0.0912188590    0.0911112726    0.0910031497
  0.0908944905    0.0907854140    0.0906757414    0.0905655921    0.0904549658
  0.0903438032    0.0902320445    0.0901198089    0.0900070965    0.0898937285
  0.0897798836    0.0896655023    0.0895505250    0.0894350111    0.0893189609
  0.0892022550    0.0890850723    0.0889672339    0.0888489187    0.0887299478
  0.0886103809    0.0884902775    0.0883695185    0.0882481635    0.0881262124
  0.0880036652    0.0878804624    0.0877566040    0.0876321495    0.0875070393
  0.0873813331    0.0872549713    0.0871278942    0.0870001614    0.0868718326
  0.0867427886    0.0866130888    0.0864826739    0.0863516033    0.0862198174
  0.0860873163    0.0859540999    0.0858202279    0.0856855810    0.0855502188
  0.0854141414    0.0852773488    0.0851397812    0.0850014389    0.0848623812
  0.0847224891    0.0845818818    0.0844404995    0.0842982829    0.0841553509
  0.0840115249    0.0838669837    0.0837216079    0.0835753977    0.0834282935
  0.0832804739    0.0831317008    0.0829822123    0.0828317106    0.0826803744
  0.0825282633    0.0823751390    0.0822212398    0.0820663869    0.0819105804
  0.0817539990    0.0815964043    0.0814377964    0.0812784135    0.0811180174
  0.0809566081    0.0807942450    0.0806309879    0.0804667175    0.0803014338
  0.0801351964    0.0799678862    0.0797995627    0.0796302259    0.0794598758
  0.0792884529    0.0791159570    0.0789423287    0.0787677467    0.0785921514
  0.0784153044    0.0782373846    0.0780583322    0.0778782070    0.0776968896
  0.0775144994    0.0773307979    0.0771460235    0.0769601166    0.0767728984
  0.0765845478    0.0763949454    0.0762040913    0.0760121644    0.0758188069
  0.0756241381    0.0754283369    0.0752311051    0.0750326812    0.0748328269
  0.0746316612    0.0744293630    0.0742253363    0.0740202367    0.0738135278
  0.0736055672    0.0733959973    0.0731850564    0.0729726851    0.0727588236
  0.0725434124    0.0723266304    0.0721081793    0.0718882382    0.0716666877
  0.0714435279    0.0712188780    0.0709924400    0.0707643926    0.0705346167
  0.0703029931    0.0700697601    0.0698348582    0.0695980489    0.0693593323
  0.0691188276    0.0688764155    0.0686323941    0.0683861077    0.0681377947
  0.0678873360    0.0676350296    0.0673807561    0.0671240389    0.0668650568
  0.0666039884    0.0663405955    0.0660749972    0.0658068359    0.0655363500
  0.0652632415    0.0649871528    0.0647089779    0.0644277632    0.0641436279
  0.0638565123    0.0635668933    0.0632735789    0.0629775226    0.0626781285
  0.0623751581    0.0620683730    0.0617585480    0.0614444315    0.0611263812
  0.0608042777    0.0604779422    0.0601471364    0.0598113835    0.0594710410
  0.0591253340    0.0587742627    0.0584174097    0.0580545366    0.0576853454
  0.0573095977    0.0569264591    0.0565356910    0.0561370552    0.0557295382
  0.0553127229    0.0548860729    0.0544483364    0.0539991558    0.0535374582
  0.0530613959    0.0525702536    0.0520620644    0.0515354574    0.0509878099
  0.0504168570    0.0498185456    0.0491898954    0.0485250056    0.0478181541
  0.0470606983    0.0462403595    0.0453414619    0.0443393886    0.0435846746
  0.0435846746    0.0435846746    0.0435846746    0.0435846746    0.0435846746
  0.0435846746    0.0435846746    0.0435846746    0.0435846746    0.0435846746
  0.0994016230    0.0993952453    0.0993765891    0.0993470252    0.0993082821
  0.0992622077    0.0992102921    0.0991538465    0.0990937650    0.0990308225
  0.0989656150    0.0988985002    0.0988298357    0.0987598598    0.0986886919
  0.0986165702    0.0985436141    0.0984698236    0.0983953774    0.0983202159
  0.0982445180    0.0981682837    0.0980914533    0.0980142057    0.0979364812
  0.0978582799    0.0977796614    0.0977006257    0.0976211727    0.0975413620
  0.0974611342    0.0973804891    0.0972995460    0.0972181857    0.0971364677
  0.0970543921    0.0969719589    0.0968891084    0.0968059599    0.0967224538
  0.0966386497    0.0965544283    0.0964698493    0.0963849127    0.0962996781
  0.0962140262    0.0961280763    0.0960417688    0.0959551036    0.0958680809
  0.0957807004    0.0956929624    0.0956048667    0.0955163538    0.0954275429
  0.0953383744    0.0952488482    0.0951589644    0.0950686634    0.0949780047
  0.0948869884    0.0947955549    0.0947038233    0.0946116745    0.0945191085
  0.0944261849    0.0943329036    0.0942392051    0.0941451490    0.0940506756
  0.0939557850    0.0938605368    0.0937648714    0.0936687887    0.0935722888
  0.0934753716    0.0933780968    0.0932803452    0.0931822360    0.0930837095
  0.0929847062    0.0928852856    0.0927854478    0.0926851928    0.0925844610
  0.0924833119    0.0923817456    0.0922797024    0.0921772420    0.0920742452
  0.0919708908    0.0918669999    0.0917626917    0.0916579068    0.0915526450
  0.0914468467    0.0913406312    0.0912339389    0.0911267698    0.0910190642
  0.0909109414    0.0908022225    0.0906930864    0.0905833542    0.0904732049
  0.0903625190    0.0902512968    0.0901395380    0.0900273025    0.0899144709
  0.0898011029    0.0896872580    0.0895728767    0.0894578397    0.0893423855
  0.0892262757    0.0891096890    0.0889924467    0.0888746679    0.0887562931
  0.0886373222    0.0885178745    0.0883977115    0.0882770717    0.0881557167
  0.0880338252    0.0879112780    0.0877881348    0.0876643956    0.0875400007
  0.0874150097    0.0872893631    0.0871630013    0.0870360434    0.0869084895
  0.0867802203    0.0866512954    0.0865216553    0.0863914788    0.0862605274
  0.0861288011    0.0859965384    0.0858634412    0.0857296884    0.0855952799
  0.0854601562    0.0853242576    0.0851876438    0.0850502551    0.0849121511
  0.0847732723    0.0846337378    0.0844933689    0.0843522251    0.0842103660
  0.0840676129    0.0839241445    0.0837798417    0.0836348236    0.0834889114
  0.0833422840    0.0831947029    0.0830463469    0.0828971565    0.0827471316
  0.0825962722    0.0824445188    0.0822919309    0.0821383893    0.0819840729
  0.0818288028    0.0816726387    0.0815155804    0.0813575685    0.0811986625
  0.0810388625    0.0808780491    0.0807163417    0.0805536807    0.0803900063
  0.0802254975    0.0800599158    0.0798933208    0.0797257125    0.0795572102
  0.0793876350    0.0792169869    0.0790453851    0.0788726509    0.0786989033
  0.0785240829    0.0783481896    0.0781712234    0.0779933035    0.0778141320
  0.0776338875    0.0774524510    0.0772699416    0.0770862997    0.0769014657
  0.0767155588    0.0765284002    0.0763400495    0.0761506259    0.0759597719
  0.0757678449    0.0755747259    0.0753802359    0.0751845539    0.0749876797
  0.0747894943    0.0745898187    0.0743890107    0.0741867721    0.0739833415
  0.0737784207    0.0735721886    0.0733646452    0.0731556118    0.0729452074
  0.0727334917    0.0725201666    0.0723052323    0.0720890462    0.0718713701
  0.0716521442    0.0714311898    0.0712089837    0.0709849894    0.0707593858
  0.0705322921    0.0703033507    0.0700727403    0.0698407590    0.0696068108
  0.0693710744    0.0691334903    0.0688942373    0.0686530769    0.0684103072
  0.0681652725    0.0679184496    0.0676696599    0.0674187243    0.0671658218
  0.0669108331    0.0666534007    0.0663942993    0.0661325157    0.0658687651
  0.0656025708    0.0653336942    0.0650625527    0.0647888482    0.0645125210
  0.0642335117    0.0639518797    0.0636672080    0.0633796155    0.0630889833
  0.0627954900    0.0624985397    0.0621983707    0.0618945062    0.0615871847
  0.0612761080    0.0609610975    0.0606422126    0.0603190958    0.0599916279
  0.0596594512    0.0593225658    0.0589805543    0.0586331785    0.0582804382
  0.0579217374    0.0575567782    0.0571852028    0.0568067133    0.0564208925
  0.0560268462    0.0556246936    0.0552133620    0.0547922552    0.0543609560
  0.0539176762    0.0534628928    0.0529939234    0.0525105894    0.0520104468
  0.0514924824    0.0509541333    0.0503933132    0.0498065054    0.0491903126
  0.0485393107    0.0478488505    0.0471094549    0.0463108718    0.0454390347
