  0.0000000000    0.0150000000
  0.0002500000    0.0010000000    179    30
  0.0994016230    0.0992622077    0.0989656150    0.0986165702    0.0982445180
  0.0978582799    0.0974611342    0.0970543921    0.0966386497    0.0962140262
  0.0957807004    0.0953383744    0.0948869884    0.0944261849    0.0939557850
  0.0934753716    0.0929847062    0.0924833119    0.0919708908    0.0914468467
  0.0909109414    0.0903625190    0.0898011029    0.0892262757    0.0886373222
  0.0880338252    0.0874150097    0.0867802203    0.0861288011    0.0854601562
  0.0847732723    0.0840676129    0.0833422840    0.0825962722    0.0818288028
  0.0810388625    0.0802254975    0.0793876350    0.0785240829    0.0776338875
  0.0767155588    0.0757678449    0.0747894943    0.0737784207    0.0727334917
  0.0716521442    0.0705322921    0.0693710744    0.0681652725    0.0669108331
  0.0656025708    0.0642335117    0.0627954900    0.0612761080    0.0596594512
  0.0579217374    0.0560268462    0.0539176762    0.0514924824    0.0485393107
  0.0444712937    0.0439967215    0.0439967215    0.0439967215    0.0439967215
  0.0439967215    0.0439967215    0.0439967215    0.0439967215    0.0439967215
  0.0439967215    0.0439967215    0.0439967215    0.0439967215    0.0439967215
  0.0439967215    0.0439967215    0.0439967215    0.0439967215    0.0439967215
  0.0439967215    0.0439967215    0.0439967215    0.0439967215    0.0439967215
  0.0439967215    0.0439967215    0.0439967215    0.0439967215    0.0439967215
  0.0439967215    0.0439967215    0.0439967215    0.0439967215    0.0439967215
  0.0439967215    0.0439967215    0.0439967215    0.0439967215    0.0439967215
  0.0439967215    0.0439967215    0.0439967215    0.0439967215    0.0439967215
  0.0439967215    0.0439967215    0.0439967215    0.0439967215    0.0439967215
  0.0439967215    0.0439967215    0.0439967215    0.0439967215    0.0439967215
  0.0439967215    0.0439967215    0.0439967215    0.0439967215    0.0439967215
  0.0439967215    0.0439967215    0.0439967215    0.0439967215    0.0439967215
  0.0439967215    0.0439967215    0.0439967215    0.0439967215    0.0439967215
  0.0439967215    0.0439967215    0.0439967215    0.0439967215    0.0439967215
  0.0439967215    0.0439967215    0.0439967215    0.0439967215    0.0439967215
  0.0439967215    0.0439967215    0.0439967215    0.0439967215    0.0439967215
  0.0439967215    0.0439967215    0.0439967215    0.0439967215    0.0439967215
  0.0439967215    0.0439967215    0.0439967215    0.0439967215    0.0439967215
  0.0439967215    0.0439967215    0.0439967215    0.0439967215    0.0439967215
  0.0439967215    0.0439967215    0.0439967215    0.0439967215    0.0439967215
  0.0439967215    0.0439967215    0.0439967215    0.0439967215    0.0439967215
  0.0439967215    0.0439967215    0.0439967215    0.0439967215    0.0439967215
  0.0439967215    0.0439967215    0.0439967215    0.0439967215    0.0439967215
  0.1005459130    0.1004276574    0.1001630723    0.0998426378    0.0994970500
  0.0991366208    0.0987651646    0.0983844697    0.0979953110    0.0975980461
  0.0971927941    0.0967795551    0.0963581502    0.0959285200    0.0954903662
  0.0950435102    0.0945875943    0.0941224396    0.0936476290    0.0931628644
  0.0926678479    0.0921620429    0.0916450918    0.0911166370    0.0905762017
  0.0900231898    0.0894573033    0.0888778865    0.0882844031    0.0876762569
  0.0870528519    0.0864135921    0.0857577622    0.0850848258    0.0843938291
  0.0836840570    0.0829549134    0.0822052658    0.0814346373    0.0806417763
  0.0798260272    0.0789862573    0.0781213939    0.0772305429    0.0763124526
  0.0753658116    0.0743894875    0.0733817518    0.0723411739    0.0712657273
  0.0701530278    0.0690009296    0.0678059757    0.0665644109    0.0652706325
  0.0639190972    0.0625008643    0.0610048473    0.0594147742    0.0577082336
  0.0558510721    0.0537881553    0.0514235795    0.0485620201    0.0446763933
  0.0446605980    0.0446605980    0.0446605980    0.0446605980    0.0446605980
  0.0446605980    0.0446605980    0.0446605980    0.0446605980    0.0446605980
  0.0446605980    0.0446605980    0.0446605980    0.0446605980    0.0446605980
  0.0446605980    0.0446605980    0.0446605980    0.0446605980    0.0446605980
  0.0446605980    0.0446605980    0.0446605980    0.0446605980    0.0446605980
  0.0446605980    0.0446605980    0.0446605980    0.0446605980    0.0446605980
  0.0446605980    0.0446605980    0.0446605980    0.0446605980    0.0446605980
  0.0446605980    0.0446605980    0.0446605980    0.0446605980    0.0446605980
  0.0446605980    0.0446605980    0.0446605980    0.0446605980    0.0446605980
  0.0446605980    0.0446605980    0.0446605980    0.0446605980    0.0446605980
  0.0446605980    0.0446605980    0.0446605980    0.0446605980    0.0446605980
  0.0446605980    0.0446605980    0.0446605980    0.0446605980    0.0446605980
  0.0446605980    0.0446605980    0.0446605980    0.0446605980    0.0446605980
  0.0446605980    0.0446605980    0.0446605980    0.0446605980    0.0446605980
  0.0446605980    0.0446605980    0.0446605980    0.0446605980    0.0446605980
  0.0446605980    0.0446605980    0.0446605980    0.0446605980    0.0446605980
  0.0446605980    0.0446605980    0.0446605980    0.0446605980    0.0446605980
  0.0446605980    0.0446605980    0.0446605980    0.0446605980    0.0446605980
  0.0446605980    0.0446605980    0.0446605980    0.0446605980    0.0446605980
  0.0446605980    0.0446605980    0.0446605980    0.0446605980    0.0446605980
  0.0446605980    0.0446605980    0.0446605980    0.0446605980    0.0446605980
  0.0446605980    0.0446605980    0.0446605980    0.0446605980    0.0446605980
  0.0446605980    0.0446605980    0.0446605980    0.0446605980    0.0446605980
  0.1016256511    0.1015248001    0.1012888849    0.1009947956    0.1006736457
  0.1003366411    0.0999883711    0.0996309817    0.0992654860    0.0988924205
  0.0985119641    0.0981242359    0.0977291763    0.0973267257    0.0969167054
  0.0964989364    0.0960732400    0.0956393778    0.0951971114    0.0947460830
  0.0942860544    0.0938167274    0.0933377445    0.0928488076    0.0923494995
  0.0918394029    0.0913181603    0.0907853544    0.0902405083    0.0896831453
  0.0891128480    0.0885289013    0.0879310668    0.0873185098    0.0866907537
  0.0860472023    0.0853872597    0.0847101510    0.0840152204    0.0833018720
  0.0825692713    0.0818165243    0.0810429752    0.0802477896    0.0794300139
  0.0785888135    0.0777234137    0.0768325627    0.0759152472    0.0749703944
  0.0739965737    0.0729927123    0.0719572008    0.0708883107    0.0697837174
  0.0686409771    0.0674572885    0.0662287772    0.0649503767    0.0636160672
  0.0622178018    0.0607444346    0.0591805279    0.0575043261    0.0556831658
  0.0536648333    0.0513585508    0.0485828221    0.0452981293    0.0452981293
  0.0452981293    0.0452981293    0.0452981293    0.0452981293    0.0452981293
  0.0452981293    0.0452981293    0.0452981293    0.0452981293    0.0452981293
  0.0452981293    0.0452981293    0.0452981293    0.0452981293    0.0452981293
  0.0452981293    0.0452981293    0.0452981293    0.0452981293    0.0452981293
  0.0452981293    0.0452981293    0.0452981293    0.0452981293    0.0452981293
  0.0452981293    0.0452981293    0.0452981293    0.0452981293    0.0452981293
  0.0452981293    0.0452981293    0.0452981293    0.0452981293    0.0452981293
  0.0452981293    0.0452981293    0.0452981293    0.0452981293    0.0452981293
  0.0452981293    0.0452981293    0.0452981293    0.0452981293    0.0452981293
  0.0452981293    0.0452981293    0.0452981293    0.0452981293    0.0452981293
  0.0452981293    0.0452981293    0.0452981293    0.0452981293    0.0452981293
  0.0452981293    0.0452981293    0.0452981293    0.0452981293    0.0452981293
  0.0452981293    0.0452981293    0.0452981293    0.0452981293    0.0452981293
  0.0452981293    0.0452981293    0.0452981293    0.0452981293    0.0452981293
  0.0452981293    0.0452981293    0.0452981293    0.0452981293    0.0452981293
  0.0452981293    0.0452981293    0.0452981293    0.0452981293    0.0452981293
  0.0452981293    0.0452981293    0.0452981293    0.0452981293    0.0452981293
  0.0452981293    0.0452981293    0.0452981293    0.0452981293    0.0452981293
  0.0452981293    0.0452981293    0.0452981293    0.0452981293    0.0452981293
  0.0452981293    0.0452981293    0.0452981293    0.0452981293    0.0452981293
  0.0452981293    0.0452981293    0.0452981293    0.0452981293    0.0452981293
  0.0452981293    0.0452981293    0.0452981293    0.0452981293    0.0452981293
  0.1026480496    0.1025614440    0.1023510396    0.1020813882    0.1017827690
  0.1014672220    0.1011400521    0.1008037627    0.1004594862    0.1001080573
  0.0997497141    0.0993846953    0.0990129411    0.0986344516    0.0982492268
  0.0978570282    0.0974577367    0.0970511734    0.0966371596    0.0962154567
  0.0957858264    0.0953480303    0.0949018300    0.0944468081    0.0939828455
  0.0935094655    0.0930264294    0.0925333798    0.0920299590    0.0915156305
  0.0909902751    0.0904531777    0.0899040997    0.0893424451    0.0887677372
  0.0881796777    0.0875774920    0.0869607627    0.0863288939    0.0856812894
  0.0850173533    0.0843365490    0.0836380422    0.0829212964    0.0821855366
  0.0814299881    0.0806541145    0.0798570216    0.0790378749    0.0781958401
  0.0773300827    0.0764397681    0.0755238235    0.0745813549    0.0736111104
  0.0726115406    0.0715819299    0.0705198348    0.0694235861    0.0682907999
  0.0671187341    0.0659033954    0.0646404922    0.0633236468    0.0619451106
  0.0604940951    0.0589558184    0.0573094785    0.0555228889    0.0535473526
  0.0512965024    0.0486015975    0.0459115803    0.0459115803    0.0459115803
  0.0459115803    0.0459115803    0.0459115803    0.0459115803    0.0459115803
  0.0459115803    0.0459115803    0.0459115803    0.0459115803    0.0459115803
  0.0459115803    0.0459115803    0.0459115803    0.0459115803    0.0459115803
  0.0459115803    0.0459115803    0.0459115803    0.0459115803    0.0459115803
  0.0459115803    0.0459115803    0.0459115803    0.0459115803    0.0459115803
  0.0459115803    0.0459115803    0.0459115803    0.0459115803    0.0459115803
  0.0459115803    0.0459115803    0.0459115803    0.0459115803    0.0459115803
  0.0459115803    0.0459115803    0.0459115803    0.0459115803    0.0459115803
  0.0459115803    0.0459115803    0.0459115803    0.0459115803    0.0459115803
  0.0459115803    0.0459115803    0.0459115803    0.0459115803    0.0459115803
  0.0459115803    0.0459115803    0.0459115803    0.0459115803    0.0459115803
  0.0459115803    0.0459115803    0.0459115803    0.0459115803    0.0459115803
  0.0459115803    0.0459115803    0.0459115803    0.0459115803    0.0459115803
  0.0459115803    0.0459115803    0.0459115803    0.0459115803    0.0459115803
  0.0459115803    0.0459115803    0.0459115803    0.0459115803    0.0459115803
  0.0459115803    0.0459115803    0.0459115803    0.0459115803    0.0459115803
  0.0459115803    0.0459115803    0.0459115803    0.0459115803    0.0459115803
  0.0459115803    0.0459115803    0.0459115803    0.0459115803    0.0459115803
  0.0459115803    0.0459115803    0.0459115803    0.0459115803    0.0459115803
  0.0459115803    0.0459115803    0.0459115803    0.0459115803    0.0459115803
  0.0459115803    0.0459115803    0.0459115803    0.0459115803    0.0459115803
  0.1036190689    0.1035442054    0.1033564508    0.1031093299    0.1028315723
  0.1025359333    0.1022281349    0.1019109786    0.1015860140    0.1012540758
  0.1009155810    0.1005708277    0.1002198756    0.0998627841    0.0994994342
  0.0991298854    0.0987539589    0.0983714759    0.0979823172    0.0975863636
  0.0971833169    0.0967730582    0.0963553488    0.0959299505    0.0954965651
  0.0950549543    0.0946049392    0.0941461027    0.0936782062    0.0932009518
  0.0927139819    0.0922168791    0.0917092860    0.0911909640    0.0906614363
  0.0901202261    0.0895669162    0.0890011489    0.0884223878    0.0878301561
  0.0872239172    0.0866031945    0.0859674513    0.0853159726    0.0846484005
  0.0839640796    0.0832623541    0.0825425684    0.0818040073    0.0810461938
  0.0802682936    0.0794697106    0.0786495507    0.0778072178    0.0769418776
  0.0760527551    0.0751388371    0.0741991103    0.0732327998    0.0722382963
  0.0712145865    0.0701601803    0.0690729320    0.0679505169    0.0667903125
  0.0655886829    0.0643408597    0.0630415380    0.0616827309    0.0602536500
  0.0587404668    0.0571226180    0.0553701222    0.0534356534    0.0512379110
  0.0486199558    0.0465028584    0.0465028584    0.0465028584    0.0465028584
  0.0465028584    0.0465028584    0.0465028584    0.0465028584    0.0465028584
  0.0465028584    0.0465028584    0.0465028584    0.0465028584    0.0465028584
  0.0465028584    0.0465028584    0.0465028584    0.0465028584    0.0465028584
  0.0465028584    0.0465028584    0.0465028584    0.0465028584    0.0465028584
  0.0465028584    0.0465028584    0.0465028584    0.0465028584    0.0465028584
  0.0465028584    0.0465028584    0.0465028584    0.0465028584    0.0465028584
  0.0465028584    0.0465028584    0.0465028584    0.0465028584    0.0465028584
  0.0465028584    0.0465028584    0.0465028584    0.0465028584    0.0465028584
  0.0465028584    0.0465028584    0.0465028584    0.0465028584    0.0465028584
  0.0465028584    0.0465028584    0.0465028584    0.0465028584    0.0465028584
  0.0465028584    0.0465028584    0.0465028584    0.0465028584    0.0465028584
  0.0465028584    0.0465028584    0.0465028584    0.0465028584    0.0465028584
  0.0465028584    0.0465028584    0.0465028584    0.0465028584    0.0465028584
  0.0465028584    0.0465028584    0.0465028584    0.0465028584    0.0465028584
  0.0465028584    0.0465028584    0.0465028584    0.0465028584    0.0465028584
  0.0465028584    0.0465028584    0.0465028584    0.0465028584    0.0465028584
  0.0465028584    0.0465028584    0.0465028584    0.0465028584    0.0465028584
  0.0465028584    0.0465028584    0.0465028584    0.0465028584    0.0465028584
  0.0465028584    0.0465028584    0.0465028584    0.0465028584    0.0465028584
  0.0465028584    0.0465028584    0.0465028584    0.0465028584    0.0465028584
  0.1045438349    0.1044786870    0.1043109000    0.1040845215    0.1038262546
  0.1035490334    0.1032591164    0.1029595435    0.1026522219    0.1023379862
  0.1020174921    0.1016910374    0.1013588011    0.1010208428    0.1006771624
  0.1003277600    0.0999725759    0.0996114910    0.0992443860    0.0988711417
  0.0984915793    0.0981055200    0.0977129042    0.0973133743    0.0969068110
  0.0964930356    0.0960717499    0.0956427157    0.0952056944    0.0947604477
  0.0943066776    0.0938440859    0.0933723748    0.0928912461    0.0924003422
  0.0918993056    0.0913878381    0.0908654630    0.0903318822    0.0897866786
  0.0892293751    0.0886595547    0.0880768001    0.0874806345    0.0868704617
  0.0862459838    0.0856064260    0.0849514902    0.0842805207    0.0835929215
  0.0828882754    0.0821658075    0.0814249814    0.0806652009    0.0798858106
  0.0790861547    0.0782654583    0.0774234831    0.0765589774    0.0756714046
  0.0747598708    0.0738237798    0.0728617609    0.0718730986    0.0708560646
  0.0698094070    0.0687313974    0.0676198304    0.0664717853    0.0652835667
  0.0640513599    0.0627691448    0.0614296496    0.0600223243    0.0585336387
  0.0569438636    0.0552237928    0.0533287227    0.0511821806    0.0486361086
  0.0470736325    0.0470736325    0.0470736325    0.0470736325    0.0470736325
  0.0470736325    0.0470736325    0.0470736325    0.0470736325    0.0470736325
  0.0470736325    0.0470736325    0.0470736325    0.0470736325    0.0470736325
  0.0470736325    0.0470736325    0.0470736325    0.0470736325    0.0470736325
  0.0470736325    0.0470736325    0.0470736325    0.0470736325    0.0470736325
  0.0470736325    0.0470736325    0.0470736325    0.0470736325    0.0470736325
  0.0470736325    0.0470736325    0.0470736325    0.0470736325    0.0470736325
  0.0470736325    0.0470736325    0.0470736325    0.0470736325    0.0470736325
  0.0470736325    0.0470736325    0.0470736325    0.0470736325    0.0470736325
  0.0470736325    0.0470736325    0.0470736325    0.0470736325    0.0470736325
  0.0470736325    0.0470736325    0.0470736325    0.0470736325    0.0470736325
  0.0470736325    0.0470736325    0.0470736325    0.0470736325    0.0470736325
  0.0470736325    0.0470736325    0.0470736325    0.0470736325    0.0470736325
  0.0470736325    0.0470736325    0.0470736325    0.0470736325    0.0470736325
  0.0470736325    0.0470736325    0.0470736325    0.0470736325    0.0470736325
  0.0470736325    0.0470736325    0.0470736325    0.0470736325    0.0470736325
  0.0470736325    0.0470736325    0.0470736325    0.0470736325    0.0470736325
  0.0470736325    0.0470736325    0.0470736325    0.0470736325    0.0470736325
  0.0470736325    0.0470736325    0.0470736325    0.0470736325    0.0470736325
  0.0470736325    0.0470736325    0.0470736325    0.0470736325    0.0470736325
  0.1054266989    0.1053696573    0.1052194536    0.1050120890    0.1047720015
  0.1045120060    0.1042385995    0.1039554179    0.1036641896    0.1033662260
  0.1030621231    0.1027522981    0.1024369895    0.1021163166    0.1017903388
  0.1014591157    0.1011225283    0.1007805169    0.1004331410    0.1000801027
  0.0997214019    0.0993569195    0.0989864171    0.0986098349    0.0982269347
  0.0978375375    0.0974415243    0.0970386565    0.0966286361    0.0962113440
  0.0957866013    0.0953540504    0.0949134529    0.0944645703    0.0940071046
  0.0935408771    0.0930653512    0.0925804079    0.0920857489    0.0915808380
  0.0910654962    0.0905392468    0.0900017321    0.0894525945    0.0888914168
  0.0883177817    0.0877312124    0.0871311724    0.0865173042    0.0858891904
  0.0852462351    0.0845880210    0.0839138925    0.0832234323    0.0825160444
  0.0817912519    0.0810485184    0.0802872479    0.0795066655    0.0787065327
  0.0778859556    0.0770444572    0.0761813223    0.0752959549    0.0743876994
  0.0734553635    0.0724982321    0.0715156496    0.0705057085    0.0694676340
  0.0683989823    0.0672983825    0.0661624372    0.0649882257    0.0637715161
  0.0625064075    0.0611858070    0.0597996414    0.0583349168    0.0567724407
  0.0550842583    0.0532275140    0.0511294901    0.0486516654    0.0476253927
  0.0476253927    0.0476253927    0.0476253927    0.0476253927    0.0476253927
  0.0476253927    0.0476253927    0.0476253927    0.0476253927    0.0476253927
  0.0476253927    0.0476253927    0.0476253927    0.0476253927    0.0476253927
  0.0476253927    0.0476253927    0.0476253927    0.0476253927    0.0476253927
  0.0476253927    0.0476253927    0.0476253927    0.0476253927    0.0476253927
  0.0476253927    0.0476253927    0.0476253927    0.0476253927    0.0476253927
  0.0476253927    0.0476253927    0.0476253927    0.0476253927    0.0476253927
  0.0476253927    0.0476253927    0.0476253927    0.0476253927    0.0476253927
  0.0476253927    0.0476253927    0.0476253927    0.0476253927    0.0476253927
  0.0476253927    0.0476253927    0.0476253927    0.0476253927    0.0476253927
  0.0476253927    0.0476253927    0.0476253927    0.0476253927    0.0476253927
  0.0476253927    0.0476253927    0.0476253927    0.0476253927    0.0476253927
  0.0476253927    0.0476253927    0.0476253927    0.0476253927    0.0476253927
  0.0476253927    0.0476253927    0.0476253927    0.0476253927    0.0476253927
  0.0476253927    0.0476253927    0.0476253927    0.0476253927    0.0476253927
  0.0476253927    0.0476253927    0.0476253927    0.0476253927    0.0476253927
  0.0476253927    0.0476253927    0.0476253927    0.0476253927    0.0476253927
  0.0476253927    0.0476253927    0.0476253927    0.0476253927    0.0476253927
  0.0476253927    0.0476253927    0.0476253927    0.0476253927    0.0476253927
  0.1062714159    0.1062212288    0.1060864627    0.1058965027    0.1056733429
  0.1054294407    0.1051715314    0.1049034297    0.1046272814    0.1043442190
  0.1040551364    0.1037605107    0.1034606397    0.1031557024    0.1028457582
  0.1025309265    0.1022111475    0.1018864214    0.1015566885    0.1012218297
  0.1008818448    0.1005365551    0.1001858413    0.0998296440    0.0994677246
  0.0991000831    0.0987264216    0.0983465612    0.0979604423    0.0975678861
  0.0971685350    0.0967623293    0.0963490307    0.0959283412    0.0955001414
  0.0950640738    0.0946199596    0.0941675603    0.0937065184    0.0932365358
  0.0927573740    0.0922687352    0.0917702019    0.0912616551    0.0907424390
  0.0902124345    0.0896711051    0.0891182125    0.0885532200    0.0879758894
  0.0873855054    0.0867819488    0.0861647427    0.0855331719    0.0848870575
  0.0842257440    0.0835487545    0.0828557909    0.0821461380    0.0814194381
  0.0806748569    0.0799123943    0.0791313350    0.0783309639    0.0775108635
  0.0766707361    0.0758094490    0.0749267042    0.0740219057    0.0730938613
  0.0721424520    0.0711658299    0.0701637566    0.0691342056    0.0680754483
  0.0669860542    0.0658625662    0.0647020638    0.0635009110    0.0622525513
  0.0609506667    0.0595855415    0.0581439435    0.0566079915    0.0549502671
  0.0531301796    0.0510782897    0.0486660302    0.0481593907    0.0481593907
  0.0481593907    0.0481593907    0.0481593907    0.0481593907    0.0481593907
  0.0481593907    0.0481593907    0.0481593907    0.0481593907    0.0481593907
  0.0481593907    0.0481593907    0.0481593907    0.0481593907    0.0481593907
  0.0481593907    0.0481593907    0.0481593907    0.0481593907    0.0481593907
  0.0481593907    0.0481593907    0.0481593907    0.0481593907    0.0481593907
  0.0481593907    0.0481593907    0.0481593907    0.0481593907    0.0481593907
  0.0481593907    0.0481593907    0.0481593907    0.0481593907    0.0481593907
  0.0481593907    0.0481593907    0.0481593907    0.0481593907    0.0481593907
  0.0481593907    0.0481593907    0.0481593907    0.0481593907    0.0481593907
  0.0481593907    0.0481593907    0.0481593907    0.0481593907    0.0481593907
  0.0481593907    0.0481593907    0.0481593907    0.0481593907    0.0481593907
  0.0481593907    0.0481593907    0.0481593907    0.0481593907    0.0481593907
  0.0481593907    0.0481593907    0.0481593907    0.0481593907    0.0481593907
  0.0481593907    0.0481593907    0.0481593907    0.0481593907    0.0481593907
  0.0481593907    0.0481593907    0.0481593907    0.0481593907    0.0481593907
  0.0481593907    0.0481593907    0.0481593907    0.0481593907    0.0481593907
  0.0481593907    0.0481593907    0.0481593907    0.0481593907    0.0481593907
  0.0481593907    0.0481593907    0.0481593907    0.0481593907    0.0481593907
  0.1070813239    0.1070368588    0.1069156826    0.1067416370    0.1065342128
  0.1063053906    0.1060620248    0.1058080494    0.1055457890    0.1052766144
  0.1050014198    0.1047208011    0.1044350564    0.1041444838    0.1038492024
  0.1035492718    0.1032447517    0.1029356420    0.1026218832    0.1023034751
  0.1019802392    0.1016522944    0.1013193429    0.1009813845    0.1006383598
  0.1002900302    0.0999362767    0.0995770395    0.0992120802    0.0988413990
  0.0984645784    0.0980816782    0.0976924598    0.0972966254    0.0968941152
  0.0964846313    0.0960679948    0.0956440270    0.0952123702    0.0947729647
  0.0943253338    0.0938694179    0.0934047997    0.0929313004    0.0924484432
  0.0919561684    0.0914539993    0.0909416974    0.0904187858    0.0898851454
  0.0893401206    0.0887835324    0.0882149637    0.0876339376    0.0870402157
  0.0864332616    0.0858126581    0.0851780474    0.0845288336    0.0838647187
  0.0831853449    0.0824899375    0.0817784369    0.0810499489    0.0803044736
  0.0795412958    0.0787598193    0.0779598653    0.0771408975    0.0763019621
  0.0754431188    0.0745635927    0.0736627281    0.0727398098    0.0717940032
  0.0708243549    0.0698297322    0.0688090622    0.0677608550    0.0666823685
  0.0655714571    0.0644249022    0.0632387102    0.0620073378    0.0607238710
  0.0593792498    0.0579604208    0.0564499199    0.0548220575    0.0530371964
  0.0510303080    0.0486800969    0.0486768782    0.0486768782    0.0486768782
  0.0486768782    0.0486768782    0.0486768782    0.0486768782    0.0486768782
  0.0486768782    0.0486768782    0.0486768782    0.0486768782    0.0486768782
  0.0486768782    0.0486768782    0.0486768782    0.0486768782    0.0486768782
  0.0486768782    0.0486768782    0.0486768782    0.0486768782    0.0486768782
  0.0486768782    0.0486768782    0.0486768782    0.0486768782    0.0486768782
  0.0486768782    0.0486768782    0.0486768782    0.0486768782    0.0486768782
  0.0486768782    0.0486768782    0.0486768782    0.0486768782    0.0486768782
  0.0486768782    0.0486768782    0.0486768782    0.0486768782    0.0486768782
  0.0486768782    0.0486768782    0.0486768782    0.0486768782    0.0486768782
  0.0486768782    0.0486768782    0.0486768782    0.0486768782    0.0486768782
  0.0486768782    0.0486768782    0.0486768782    0.0486768782    0.0486768782
  0.0486768782    0.0486768782    0.0486768782    0.0486768782    0.0486768782
  0.0486768782    0.0486768782    0.0486768782    0.0486768782    0.0486768782
  0.0486768782    0.0486768782    0.0486768782    0.0486768782    0.0486768782
  0.0486768782    0.0486768782    0.0486768782    0.0486768782    0.0486768782
  0.0486768782    0.0486768782    0.0486768782    0.0486768782    0.0486768782
  0.0486768782    0.0486768782    0.0486768782    0.0486768782    0.0486768782
  0.1078593433    0.1078197658    0.1077105105    0.1075508893    0.1073580682
  0.1071434319    0.1069137156    0.1066730320    0.1064237654    0.1061674654
  0.1059051454    0.1056374609    0.1053648293    0.1050874293    0.1048056185
  0.1045193374    0.1042287648    0.1039338410    0.1036346257    0.1033311188
  0.1030231416    0.1027108133    0.1023939550    0.1020724475    0.1017462909
  0.1014153659    0.1010795534    0.1007387340    0.1003927290    0.1000415385
  0.0996849239    0.0993227065    0.0989548266    0.0985811055    0.0982013047
  0.0978153646    0.0974229872    0.0970240533    0.0966183841    0.0962056816
  0.0957857668    0.0953584611    0.0949234664    0.0944806635    0.0940296352
  0.0935702026    0.0931021273    0.0926250517    0.0921386778    0.0916428864
  0.0911371410    0.0906212032    0.0900946558    0.0895573795    0.0890088379
  0.0884487927    0.0878767669    0.0872923434    0.0866952837    0.0860851109
  0.0854614079    0.0848239362    0.0841720402    0.0835054815    0.0828238428
  0.0821265280    0.0814133584    0.0806837976    0.0799372494    0.0791737139
  0.0783924758    0.0775931776    0.0767755210    0.0759389699    0.0750826895
  0.0742066801    0.0733100474    0.0723925531    0.0714527667    0.0704904497
  0.0695039332    0.0684926212    0.0674543679    0.0663872659    0.0652889907
  0.0641564429    0.0629852712    0.0617702901    0.0605050623    0.0591802895
  0.0577835739    0.0562981665    0.0546987355    0.0529482663    0.0509841144
  0.0491788089    0.0491788089    0.0491788089    0.0491788089    0.0491788089
  0.0491788089    0.0491788089    0.0491788089    0.0491788089    0.0491788089
  0.0491788089    0.0491788089    0.0491788089    0.0491788089    0.0491788089
  0.0491788089    0.0491788089    0.0491788089    0.0491788089    0.0491788089
  0.0491788089    0.0491788089    0.0491788089    0.0491788089    0.0491788089
  0.0491788089    0.0491788089    0.0491788089    0.0491788089    0.0491788089
  0.0491788089    0.0491788089    0.0491788089    0.0491788089    0.0491788089
  0.0491788089    0.0491788089    0.0491788089    0.0491788089    0.0491788089
  0.0491788089    0.0491788089    0.0491788089    0.0491788089    0.0491788089
  0.0491788089    0.0491788089    0.0491788089    0.0491788089    0.0491788089
  0.0491788089    0.0491788089    0.0491788089    0.0491788089    0.0491788089
  0.0491788089    0.0491788089    0.0491788089    0.0491788089    0.0491788089
  0.0491788089    0.0491788089    0.0491788089    0.0491788089    0.0491788089
  0.0491788089    0.0491788089    0.0491788089    0.0491788089    0.0491788089
  0.0491788089    0.0491788089    0.0491788089    0.0491788089    0.0491788089
  0.0491788089    0.0491788089    0.0491788089    0.0491788089    0.0491788089
  0.0491788089    0.0491788089    0.0491788089    0.0491788089    0.0491788089
  0.1086079776    0.1085725725    0.1084737480    0.1083272398    0.1081480682
  0.1079466641    0.1077298224    0.1075015962    0.1072645485    0.1070202887
  0.1067700088    0.1065143645    0.1062537730    0.1059886515    0.1057191789
  0.1054454744    0.1051677167    0.1048858464    0.1045999229    0.1043099463
  0.1040159166    0.1037177742    0.1034154594    0.1031089723    0.1027981341
  0.1024828851    0.1021632254    0.1018389761    0.1015100777    0.1011764109
  0.1008377969    0.1004941761    0.1001454294    0.0997913778    0.0994319618
  0.0990668833    0.0986960828    0.0983194411    0.0979366601    0.0975476801
  0.0971522629    0.0967502296    0.0963414013    0.0959255397    0.0955024064
  0.0950718224    0.0946335495    0.0941873491    0.0937329829    0.0932701528
  0.0927986205    0.0923180282    0.0918281972    0.0913288891    0.0908195674
  0.0903001726    0.0897702277    0.0892294943    0.0886774957    0.0881140530
  0.0875386298    0.0869511068    0.0863508284    0.0857376754    0.0851111710
  0.0844709575    0.0838166177    0.0831479132    0.0824643075    0.0817654431
  0.0810509026    0.0803205073    0.0795735419    0.0788100660    0.0780293643
  0.0772313774    0.0764155686    0.0755811632    0.0747283399    0.0738562047
  0.0729644001    0.0720523298    0.0711193979    0.0701643527    0.0691863000
  0.0681842864    0.0671562850    0.0661006272    0.0650150478    0.0638962686
  0.0627399385    0.0615413487    0.0602937639    0.0589883626    0.0576132834
  0.0561520755    0.0545806587    0.0528628528    0.0509396493    0.0496661961
  0.0496661961    0.0496661961    0.0496661961    0.0496661961    0.0496661961
  0.0496661961    0.0496661961    0.0496661961    0.0496661961    0.0496661961
  0.0496661961    0.0496661961    0.0496661961    0.0496661961    0.0496661961
  0.0496661961    0.0496661961    0.0496661961    0.0496661961    0.0496661961
  0.0496661961    0.0496661961    0.0496661961    0.0496661961    0.0496661961
  0.0496661961    0.0496661961    0.0496661961    0.0496661961    0.0496661961
  0.0496661961    0.0496661961    0.0496661961    0.0496661961    0.0496661961
  0.0496661961    0.0496661961    0.0496661961    0.0496661961    0.0496661961
  0.0496661961    0.0496661961    0.0496661961    0.0496661961    0.0496661961
  0.0496661961    0.0496661961    0.0496661961    0.0496661961    0.0496661961
  0.0496661961    0.0496661961    0.0496661961    0.0496661961    0.0496661961
  0.0496661961    0.0496661961    0.0496661961    0.0496661961    0.0496661961
  0.0496661961    0.0496661961    0.0496661961    0.0496661961    0.0496661961
  0.0496661961    0.0496661961    0.0496661961    0.0496661961    0.0496661961
  0.0496661961    0.0496661961    0.0496661961    0.0496661961    0.0496661961
  0.0496661961    0.0496661961    0.0496661961    0.0496661961    0.0496661961
  0.1093294919    0.1092977226    0.1092080772    0.1090734303    0.1089068353
  0.1087179482    0.1085131466    0.1082966626    0.1080711186    0.1078382432
  0.1075991690    0.1073547304    0.1071054041    0.1068516672    0.1065936387
  0.1063315570    0.1060656011    0.1057957113    0.1055220068    0.1052445471
  0.1049632132    0.1046780646    0.1043891013    0.1040961444    0.1037992537
  0.1034983695    0.1031933129    0.1028840840    0.1025706232    0.1022528112
  0.1019304693    0.1016035378    0.1012720168    0.1009356081    0.1005943716
  0.1002480686    0.0998965800    0.0995397866    0.0991775095    0.0988096297
  0.0984360278    0.0980564058    0.0976707041    0.0972787440    0.0968802869
  0.0964752138    0.0960632265    0.0956442654    0.0952179134    0.0947841108
  0.0943426192    0.0938930809    0.0934353769    0.0929692090    0.0924942195
  0.0920102894    0.0915170610    0.0910143554    0.0905016363    0.0899787843
  0.0894455016    0.0889013708    0.0883461535    0.0877793729    0.0872009695
  0.0866102278    0.0860071480    0.0853911936    0.0847621262    0.0841194689
  0.0834628642    0.0827923119    0.0821068585    0.0814068019    0.0806914270
  0.0799604356    0.0792134702    0.0784505308    0.0776706636    0.0768741667
  0.0760603249    0.0752290189    0.0743797719    0.0735119283    0.0726253688
  0.0717193782    0.0707930624    0.0698455870    0.0688762963    0.0678837001
  0.0668664873    0.0658222735    0.0647490323    0.0636437833    0.0625021160
  0.0613196194    0.0600893199    0.0588034093    0.0574492514    0.0560114086
  0.0544668734    0.0527808964    0.0508973300    0.0501397550    0.0501397550
  0.0501397550    0.0501397550    0.0501397550    0.0501397550    0.0501397550
  0.0501397550    0.0501397550    0.0501397550    0.0501397550    0.0501397550
  0.0501397550    0.0501397550    0.0501397550    0.0501397550    0.0501397550
  0.0501397550    0.0501397550    0.0501397550    0.0501397550    0.0501397550
  0.0501397550    0.0501397550    0.0501397550    0.0501397550    0.0501397550
  0.0501397550    0.0501397550    0.0501397550    0.0501397550    0.0501397550
  0.0501397550    0.0501397550    0.0501397550    0.0501397550    0.0501397550
  0.0501397550    0.0501397550    0.0501397550    0.0501397550    0.0501397550
  0.0501397550    0.0501397550    0.0501397550    0.0501397550    0.0501397550
  0.0501397550    0.0501397550    0.0501397550    0.0501397550    0.0501397550
  0.0501397550    0.0501397550    0.0501397550    0.0501397550    0.0501397550
  0.0501397550    0.0501397550    0.0501397550    0.0501397550    0.0501397550
  0.0501397550    0.0501397550    0.0501397550    0.0501397550    0.0501397550
  0.0501397550    0.0501397550    0.0501397550    0.0501397550    0.0501397550
  0.0501397550    0.0501397550    0.0501397550    0.0501397550    0.0501397550
  0.1100258529    0.1099971831    0.1099156439    0.1097918451    0.1096368730
  0.1094596088    0.1092662513    0.1090608537    0.1088461578    0.1086239517
  0.1083954275    0.1081615388    0.1079227626    0.1076795757    0.1074322164
  0.1071809828    0.1069258749    0.1066671312    0.1064046919    0.1061387360
  0.1058690846    0.1055959165    0.1053191125    0.1050386727    0.1047544777
  0.1044665873    0.1041749418    0.1038794219    0.1035799682    0.1032764614
  0.1029689610    0.1026571691    0.1023412049    0.1020208299    0.1016959846
  0.1013665497    0.1010323465    0.1006933749    0.1003495157    0.1000005305
  0.0996463597    0.0992868245    0.0989218056    0.0985511243    0.0981746018
  0.0977921784    0.0974035561    0.0970086753    0.0966072381    0.0961990654
  0.0957839787    0.0953619182    0.0949324071    0.0944954455    0.0940506756
  0.0935979187    0.0931369364    0.0926674902    0.0921892226    0.0917019546
  0.0912053883    0.0906992853    0.0901832879    0.0896572173    0.0891205966
  0.0885733664    0.0880149305    0.0874451101    0.0868636668    0.0862701833
  0.0856643021    0.0850457847    0.0844143331    0.0837694705    0.0831111372
  0.0824386775    0.0817520916    0.0810509026    0.0803349316    0.0796037614
  0.0788573325    0.0780950487    0.0773166716    0.0765222013    0.0757108629
  0.0748827755    0.0740375221    0.0731743276    0.0722930729    0.0713932216
  0.0704738200    0.0695343316    0.0685741007    0.0675911009    0.0665843785
  0.0655516088    0.0644909441    0.0633991659    0.0622721016    0.0611053407
  0.0598921478    0.0586246550    0.0572909415    0.0558761060    0.0543576181
  0.0527022779    0.0508561432    0.0506004393    0.0506004393    0.0506004393
  0.0506004393    0.0506004393    0.0506004393    0.0506004393    0.0506004393
  0.0506004393    0.0506004393    0.0506004393    0.0506004393    0.0506004393
  0.0506004393    0.0506004393    0.0506004393    0.0506004393    0.0506004393
  0.0506004393    0.0506004393    0.0506004393    0.0506004393    0.0506004393
  0.0506004393    0.0506004393    0.0506004393    0.0506004393    0.0506004393
  0.0506004393    0.0506004393    0.0506004393    0.0506004393    0.0506004393
  0.0506004393    0.0506004393    0.0506004393    0.0506004393    0.0506004393
  0.0506004393    0.0506004393    0.0506004393    0.0506004393    0.0506004393
  0.0506004393    0.0506004393    0.0506004393    0.0506004393    0.0506004393
  0.0506004393    0.0506004393    0.0506004393    0.0506004393    0.0506004393
  0.0506004393    0.0506004393    0.0506004393    0.0506004393    0.0506004393
  0.0506004393    0.0506004393    0.0506004393    0.0506004393    0.0506004393
  0.0506004393    0.0506004393    0.0506004393    0.0506004393    0.0506004393
  0.0506004393    0.0506004393    0.0506004393    0.0506004393    0.0506004393
  0.1106989086    0.1106729209    0.1105985343    0.1104845107    0.1103402674
  0.1101739705    0.1099913418    0.1097964346    0.1095919907    0.1093798578
  0.1091613472    0.1089373529    0.1087084711    0.1084751785    0.1082377732
  0.1079965532    0.1077516973    0.1075032055    0.1072512567    0.1069959104
  0.1067371070    0.1064749062    0.1062093675    0.1059403718    0.1056679189
  0.1053920090    0.1051125824    0.1048295796    0.1045429409    0.1042526066
  0.1039584577    0.1036604941    0.1033585966    0.1030527651    0.1027427614
  0.1024285853    0.1021101177    0.1017872989    0.1014599502    0.1011280119
  0.1007913649    0.1004497707    0.1001032889    0.0997517407    0.0993948877
  0.0990326107    0.0986648500    0.0982914269    0.0979121029    0.0975267589
  0.0971353352    0.0967373550    0.0963329971    0.0959218442    0.0955037773
  0.0950785577    0.0946460068    0.0942058861    0.0937579572    0.0933019817
  0.0928377211    0.0923649967    0.0918835104    0.0913929641    0.0908932984
  0.0903839171    0.0898647606    0.0893354118    0.0887956321    0.0882453620
  0.0876839459    0.0871112049    0.0865269005    0.0859307349    0.0853224695
  0.0847016275    0.0840679705    0.0834212601    0.0827611387    0.0820875466
  0.0813998878    0.0806981027    0.0799818933    0.0792509615    0.0785050094
  0.0777438581    0.0769670904    0.0761750638    0.0753668249    0.0745420754
  0.0737009943    0.0728431642    0.0719674528    0.0710739195    0.0701622069
  0.0692308247    0.0682791173    0.0673060119    0.0663096607    0.0652885735
  0.0642402470    0.0631616414    0.0620490611    0.0608977377    0.0597014129
  0.0584519804    0.0571384132    0.0557456911    0.0542521775    0.0526262820
  0.0510487854    0.0510487854    0.0510487854    0.0510487854    0.0510487854
  0.0510487854    0.0510487854    0.0510487854    0.0510487854    0.0510487854
  0.0510487854    0.0510487854    0.0510487854    0.0510487854    0.0510487854
  0.0510487854    0.0510487854    0.0510487854    0.0510487854    0.0510487854
  0.0510487854    0.0510487854    0.0510487854    0.0510487854    0.0510487854
  0.0510487854    0.0510487854    0.0510487854    0.0510487854    0.0510487854
  0.0510487854    0.0510487854    0.0510487854    0.0510487854    0.0510487854
  0.0510487854    0.0510487854    0.0510487854    0.0510487854    0.0510487854
  0.0510487854    0.0510487854    0.0510487854    0.0510487854    0.0510487854
  0.0510487854    0.0510487854    0.0510487854    0.0510487854    0.0510487854
  0.0510487854    0.0510487854    0.0510487854    0.0510487854    0.0510487854
  0.0510487854    0.0510487854    0.0510487854    0.0510487854    0.0510487854
  0.0510487854    0.0510487854    0.0510487854    0.0510487854    0.0510487854
  0.0510487854    0.0510487854    0.0510487854    0.0510487854    0.0510487854
  0.1113502085    0.1113266051    0.1112585962    0.1111533344    0.1110190451
  0.1108629405    0.1106904447    0.1105054319    0.1103107035    0.1101081669
  0.1098990738    0.1096843779    0.1094648540    0.1092408597    0.1090128124
  0.1087810099    0.1085456312    0.1083067954    0.1080645621    0.1078190506
  0.1075703204    0.1073183119    0.1070631444    0.1068047583    0.1065430939
  0.1062782109    0.1060100496    0.1057384908    0.1054635942    0.1051853001
  0.1049034894    0.1046181023    0.1043291390    0.1040364206    0.1037400067
  0.1034397781    0.1031355560    0.1028273404    0.1025150120    0.1021984518
  0.1018776000    0.1015523374    0.1012225449    0.1008881629    0.1005489528
  0.1002049148    0.0998558104    0.0995016396    0.0991421044    0.0987772644
  0.0984067023    0.0980305374    0.0976484120    0.0972602665    0.0968658626
  0.0964650810    0.0960578024    0.0956436098    0.0952225029    0.0947943032
  0.0943586528    0.0939153731    0.0934643447    0.0930051506    0.0925379097
  0.0920619071    0.0915772617    0.0910836160    0.0905806124    0.0900682509
  0.0895458758    0.0890136063    0.0884708464    0.0879175365    0.0873532593
  0.0867777765    0.0861910284    0.0855923593    0.0849816501    0.0843587220
  0.0837232172    0.0830750167    0.0824135840    0.0817386210    0.0810504854
  0.0803484023    0.0796319544    0.0789015591    0.0781566203    0.0773970783
  0.0766225159    0.0758329332    0.0750280321    0.0742074549    0.0733706653
  0.0725181997    0.0716485083    0.0707618296    0.0698574483    0.0689342916
  0.0679916441    0.0670283735    0.0660423934    0.0650329292    0.0639968216
  0.0629313886    0.0618329942    0.0606968701    0.0595169365    0.0582850873
  0.0569908321    0.0556197464    0.0541507900    0.0525539219    0.0514855087
  0.0514855087    0.0514855087    0.0514855087    0.0514855087    0.0514855087
  0.0514855087    0.0514855087    0.0514855087    0.0514855087    0.0514855087
  0.0514855087    0.0514855087    0.0514855087    0.0514855087    0.0514855087
  0.0514855087    0.0514855087    0.0514855087    0.0514855087    0.0514855087
  0.0514855087    0.0514855087    0.0514855087    0.0514855087    0.0514855087
  0.0514855087    0.0514855087    0.0514855087    0.0514855087    0.0514855087
  0.0514855087    0.0514855087    0.0514855087    0.0514855087    0.0514855087
  0.0514855087    0.0514855087    0.0514855087    0.0514855087    0.0514855087
  0.0514855087    0.0514855087    0.0514855087    0.0514855087    0.0514855087
  0.0514855087    0.0514855087    0.0514855087    0.0514855087    0.0514855087
  0.0514855087    0.0514855087    0.0514855087    0.0514855087    0.0514855087
  0.0514855087    0.0514855087    0.0514855087    0.0514855087    0.0514855087
  0.0514855087    0.0514855087    0.0514855087    0.0514855087    0.0514855087
  0.1119812429    0.1119596660    0.1118973196    0.1118000448    0.1116748750
  0.1115283072    0.1113653481    0.1111897528    0.1110042632    0.1108107269
  0.1106105745    0.1104047596    0.1101939976    0.1099787652    0.1097595990
  0.1095366180    0.1093101203    0.1090802252    0.1088471115    0.1086108387
  0.1083714664    0.1081289351    0.1078834236    0.1076348126    0.1073832214
  0.1071284711    0.1068706810    0.1066097319    0.1063456833    0.1060784757
  0.1058079302    0.1055341065    0.1052570045    0.1049764454    0.1046923697
  0.1044047773    0.1041136086    0.1038186848    0.1035200059    0.1032174528
  0.1029110253    0.1026005447    0.1022858322    0.1019669473    0.1016437709
  0.1013161242    0.1009838879    0.1006470025    0.1003054082    0.0999587476
  0.0996071994    0.0992503464    0.0988881886    0.0985206664    0.0981474221
  0.0977685153    0.0973836482    0.0969927013    0.0965954959    0.0961917937
  0.0957815349    0.0953644216    0.0949403942    0.0945091546    0.0940704048
  0.0936240852    0.0931700170    0.0927077830    0.0922373831    0.0917582810
  0.0912705958    0.0907739103    0.0902678072    0.0897523463    0.0892271101
  0.0886917412    0.0881461799    0.0875900686    0.0870232284    0.0864451826
  0.0858559310    0.0852549970    0.0846423805    0.0840174258    0.0833802521
  0.0827306211    0.0820681155    0.0813926160    0.0807039440    0.0800016820
  0.0792860091    0.0785563290    0.0778128803    0.0770550072    0.0762827098
  0.0754961073    0.0746949017    0.0738784969    0.0730467737    0.0721993744
  0.0713361204    0.0704564750    0.0695596039    0.0686448514    0.0677112639
  0.0667577684    0.0657826364    0.0647843182    0.0637604296    0.0627080500
  0.0616232455    0.0605021417    0.0593381226    0.0581240356    0.0568482578
  0.0554982722    0.0540532172    0.0524838269    0.0519112647    0.0519112647
  0.0519112647    0.0519112647    0.0519112647    0.0519112647    0.0519112647
  0.0519112647    0.0519112647    0.0519112647    0.0519112647    0.0519112647
  0.0519112647    0.0519112647    0.0519112647    0.0519112647    0.0519112647
  0.0519112647    0.0519112647    0.0519112647    0.0519112647    0.0519112647
  0.0519112647    0.0519112647    0.0519112647    0.0519112647    0.0519112647
  0.0519112647    0.0519112647    0.0519112647    0.0519112647    0.0519112647
  0.0519112647    0.0519112647    0.0519112647    0.0519112647    0.0519112647
  0.0519112647    0.0519112647    0.0519112647    0.0519112647    0.0519112647
  0.0519112647    0.0519112647    0.0519112647    0.0519112647    0.0519112647
  0.0519112647    0.0519112647    0.0519112647    0.0519112647    0.0519112647
  0.0519112647    0.0519112647    0.0519112647    0.0519112647    0.0519112647
  0.0519112647    0.0519112647    0.0519112647    0.0519112647    0.0519112647
  0.1125932634    0.1125735343    0.1125161350    0.1124261320    0.1123093665
  0.1121716797    0.1120177209    0.1118510664    0.1116742790    0.1114893854
  0.1112976968    0.1111002862    0.1108978093    0.1106909215    0.1104800403
  0.1102654040    0.1100472510    0.1098258197    0.1096012294    0.1093735397
  0.1091429293    0.1089092791    0.1086727083    0.1084332764    0.1081909239
  0.1079456508    0.1076975167    0.1074464023    0.1071923673    0.1069352925
  0.1066752374    0.1064120829    0.1061458290    0.1058763564    0.1056037247
  0.1053277552    0.1050485075    0.1047658026    0.1044795811    0.1041898429
  0.1038964689    0.1035994589    0.1032985747    0.1029938161    0.1026850641
  0.1023723781    0.1020554006    0.1017341912    0.1014086902    0.1010786593
  0.1007440388    0.1004047096    0.1000606120    0.0997115076    0.0993573368
  0.0989979208    0.0986332595    0.0982629955    0.0978871882    0.0975054801
  0.0971179307    0.0967240632    0.0963239968    0.0959174931    0.0955043733
  0.0950843990    0.0946573913    0.0942231715    0.0937814415    0.0933321416
  0.0928749740    0.0924097598    0.0919363201    0.0914542973    0.0909635127
  0.0904637873    0.0899548233    0.0894364417    0.0889082253    0.0883701742
  0.0878219306    0.0872632563    0.0866937935    0.0861134231    0.0855218470
  0.0849188268    0.0843044221    0.0836779177    0.0830393136    0.0823884904
  0.0817253292    0.0810493529    0.0803605020    0.0796584785    0.0789434016
  0.0782150328    0.0774731934    0.0767174065    0.0759481490    0.0751646459
  0.0743673742    0.0735554993    0.0727287233    0.0718872845    0.0710303485
  0.0701578557    0.0692687929    0.0683623850    0.0674380362    0.0664941370
  0.0655296743    0.0645425618    0.0635307729    0.0624909699    0.0614203513
  0.0603137314    0.0591651499    0.0579675138    0.0567106307    0.0553810298
  0.0539592206    0.0524162352    0.0523264706    0.0523264706    0.0523264706
  0.0523264706    0.0523264706    0.0523264706    0.0523264706    0.0523264706
  0.0523264706    0.0523264706    0.0523264706    0.0523264706    0.0523264706
  0.0523264706    0.0523264706    0.0523264706    0.0523264706    0.0523264706
  0.0523264706    0.0523264706    0.0523264706    0.0523264706    0.0523264706
  0.0523264706    0.0523264706    0.0523264706    0.0523264706    0.0523264706
  0.0523264706    0.0523264706    0.0523264706    0.0523264706    0.0523264706
  0.0523264706    0.0523264706    0.0523264706    0.0523264706    0.0523264706
  0.0523264706    0.0523264706    0.0523264706    0.0523264706    0.0523264706
  0.0523264706    0.0523264706    0.0523264706    0.0523264706    0.0523264706
  0.0523264706    0.0523264706    0.0523264706    0.0523264706    0.0523264706
  0.0523264706    0.0523264706    0.0523264706    0.0523264706    0.0523264706
  0.1131874621    0.1131693423    0.1131164730    0.1130329669    0.1129239500
  0.1127946079    0.1126490533    0.1124908030    0.1123223603    0.1121456325
  0.1119620502    0.1117725670    0.1115780175    0.1113789976    0.1111759841
  0.1109692156    0.1107589900    0.1105454862    0.1103289425    0.1101093590
  0.1098868549    0.1096614897    0.1094333827    0.1092024148    0.1089687645
  0.1087323129    0.1084931195    0.1082511246    0.1080063879    0.1077587903
  0.1075083315    0.1072550714    0.1069988310    0.1067396700    0.1064775288
  0.1062122881    0.1059439480    0.1056724489    0.1053977311    0.1051196754
  0.1048383415    0.1045536101    0.1042653024    0.1039735377    0.1036779583
  0.1033788025    0.1030757725    0.1027688682    0.1024579704    0.1021429002
  0.1018237770    0.1015002429    0.1011724174    0.1008400619    0.1005030572
  0.1001612842    0.0998146832    0.0994631350    0.0991064012    0.0987445414
  0.0983771980    0.0980043709    0.0976258218    0.0972414315    0.0968510807
  0.0964545310    0.0960516632    0.0956423581    0.0952263176    0.0948034823
  0.0943735540    0.0939364135    0.0934917629    0.0930395424    0.0925793946
  0.0921112597    0.0916348398    0.0911497772    0.0906561315    0.0901534855
  0.0896417201    0.0891204178    0.0885896385    0.0880488455    0.0874980986
  0.0869368017    0.0863650739    0.0857824385    0.0851889551    0.0845842659
  0.0839680731    0.0833400786    0.0827004611    0.0820488036    0.0813848674
  0.0807088315    0.0800200999    0.0793188512    0.0786046088    0.0778780282
  0.0771377981    0.0763846338    0.0756184161    0.0748385489    0.0740452111
  0.0732382238    0.0724167526    0.0715815723    0.0707310140    0.0698656738
  0.0689845383    0.0680865943    0.0671713054    0.0662372410    0.0652836263
  0.0643076599    0.0633075535    0.0622804463    0.0612229407    0.0601306856
  0.0589974225    0.0578165352    0.0565773547    0.0552677214    0.0538676679
  0.0527317822    0.0527317822    0.0527317822    0.0527317822    0.0527317822
  0.0527317822    0.0527317822    0.0527317822    0.0527317822    0.0527317822
  0.0527317822    0.0527317822    0.0527317822    0.0527317822    0.0527317822
  0.0527317822    0.0527317822    0.0527317822    0.0527317822    0.0527317822
  0.0527317822    0.0527317822    0.0527317822    0.0527317822    0.0527317822
  0.0527317822    0.0527317822    0.0527317822    0.0527317822    0.0527317822
  0.0527317822    0.0527317822    0.0527317822    0.0527317822    0.0527317822
  0.0527317822    0.0527317822    0.0527317822    0.0527317822    0.0527317822
  0.0527317822    0.0527317822    0.0527317822    0.0527317822    0.0527317822
  0.0527317822    0.0527317822    0.0527317822    0.0527317822    0.0527317822
  0.0527317822    0.0527317822    0.0527317822    0.0527317822    0.0527317822
  0.1137649119    0.1137482226    0.1136994064    0.1136218011    0.1135199368
  0.1133982837    0.1132607162    0.1131104529    0.1129498780    0.1127809584
  0.1126050055    0.1124231517    0.1122361124    0.1120446026    0.1118489802
  0.1116496623    0.1114469469    0.1112409532    0.1110319197    0.1108199656
  0.1106052101    0.1103875935    0.1101673543    0.1099444330    0.1097188294
  0.1094906032    0.1092598140    0.1090263426    0.1087901890    0.1085514128
  0.1083100140    0.1080658138    0.1078189313    0.1075692475    0.1073168218
  0.1070614755    0.1068032682    0.1065420806    0.1062779725    0.1060107052
  0.1057404578    0.1054669321    0.1051901877    0.1049102247    0.1046268642
  0.1043400466    0.1040497124    0.1037558019    0.1034583151    0.1031569541
  0.1028517783    0.1025427282    0.1022295654    0.1019123495    0.1015909016
  0.1012651622    0.1009350121    0.1006003320    0.1002608836    0.0999167860
  0.0995677412    0.0992136896    0.0988545120    0.0984900892    0.0981201231
  0.0977446735    0.0973634422    0.0969763696    0.0965833366    0.0961840451
  0.0957784355    0.0953663290    0.0949474871    0.0945217311    0.0940889418
  0.0936489403    0.0932014287    0.0927463472    0.0922832787    0.0918122232
  0.0913328826    0.0908450782    0.0903485715    0.0898431838    0.0893285573
  0.0888047516    0.0882712901    0.0877280533    0.0871748030    0.0866113007
  0.0860372484    0.0854528844    0.0848572552    0.0842510164    0.0836332738
  0.0830043852    0.0823636949    0.0817115605    0.0810475051    0.0803712904
  0.0796833336    0.0789827406    0.0782699287    0.0775450170    0.0768072903
  0.0760568678    0.0752939880    0.0745178759    0.0737290084    0.0729267299
  0.0721109211    0.0712815225    0.0704379976    0.0695799887    0.0687067807
  0.0678175986    0.0669113696    0.0659873188    0.0650435984    0.0640787780
  0.0630907118    0.0620758235    0.0610314906    0.0599530637    0.0588349402
  0.0576699674    0.0564487875    0.0551577508    0.0537801087    0.0531275570
  0.0531275570    0.0531275570    0.0531275570    0.0531275570    0.0531275570
  0.0531275570    0.0531275570    0.0531275570    0.0531275570    0.0531275570
  0.0531275570    0.0531275570    0.0531275570    0.0531275570    0.0531275570
  0.0531275570    0.0531275570    0.0531275570    0.0531275570    0.0531275570
  0.0531275570    0.0531275570    0.0531275570    0.0531275570    0.0531275570
  0.0531275570    0.0531275570    0.0531275570    0.0531275570    0.0531275570
  0.0531275570    0.0531275570    0.0531275570    0.0531275570    0.0531275570
  0.0531275570    0.0531275570    0.0531275570    0.0531275570    0.0531275570
  0.0531275570    0.0531275570    0.0531275570    0.0531275570    0.0531275570
  0.0531275570    0.0531275570    0.0531275570    0.0531275570    0.0531275570
  0.1143266261    0.1143111885    0.1142659485    0.1141937673    0.1140984595
  0.1139840186    0.1138539016    0.1137111485    0.1135580838    0.1133965552
  0.1132279932    0.1130533516    0.1128735244    0.1126891077    0.1125005782
  0.1123083532    0.1121126711    0.1119138300    0.1117119491    0.1115072072
  0.1112996638    0.1110894382    0.1108765304    0.1106611192    0.1104431450
  0.1102226675    0.1099996269    0.1097740829    0.1095460951    0.1093154848
  0.1090824306    0.1088468134    0.1086085737    0.1083677709    0.1081242859
  0.1078781188    0.1076292694    0.1073776782    0.1071233451    0.1068660915
  0.1066059172    0.1063428819    0.1060768068    0.1058076918    0.1055354178
  0.1052599847    0.1049813926    0.1046994030    0.1044140756    0.1041252315
  0.1038328707    0.1035369337    0.1032373607    0.1029339135    0.1026266515
  0.1023154557    0.1020001471    0.1016806662    0.1013570130    0.1010290086
  0.1006965339    0.1003594697    0.1000177562    0.0996711552    0.0993197262
  0.0989631712    0.0986015499    0.0982345045    0.0978620350    0.0974840224
  0.0971001685    0.0967104137    0.0963146985    0.0959127247    0.0955043733
  0.0950895250    0.0946677625    0.0942393243    0.0938036740    0.0933608115
  0.0929104984    0.0924524963    0.0919867456    0.0915127695    0.0910306275
  0.0905400813    0.0900408328    0.0895327628    0.0890156925    0.0884892642
  0.0879532397    0.0874076784    0.0868520439    0.0862863958    0.0857104957
  0.0851242840    0.0845273435    0.0839194953    0.0833005607    0.0826706588
  0.0820294917    0.0813769400    0.0807128251    0.0800372064    0.0793496668
  0.0786505640    0.0779392421    0.0772162378    0.0764812529    0.0757339895
  0.0749742091    0.0742022693    0.0734179914    0.0726210177    0.0718111098
  0.0709880888    0.0701514781    0.0693008602    0.0684354603    0.0675549209
  0.0666578710    0.0657435954    0.0648103654    0.0638562143    0.0628794134
  0.0618772209    0.0608455837    0.0597810447    0.0586774051    0.0575281680
  0.0563238561    0.0550517142    0.0536949337    0.0535142720    0.0535142720
  0.0535142720    0.0535142720    0.0535142720    0.0535142720    0.0535142720
  0.0535142720    0.0535142720    0.0535142720    0.0535142720    0.0535142720
  0.0535142720    0.0535142720    0.0535142720    0.0535142720    0.0535142720
  0.0535142720    0.0535142720    0.0535142720    0.0535142720    0.0535142720
  0.0535142720    0.0535142720    0.0535142720    0.0535142720    0.0535142720
  0.0535142720    0.0535142720    0.0535142720    0.0535142720    0.0535142720
  0.0535142720    0.0535142720    0.0535142720    0.0535142720    0.0535142720
  0.0535142720    0.0535142720    0.0535142720    0.0535142720    0.0535142720
  0.0535142720    0.0535142720    0.0535142720    0.0535142720    0.0535142720
  0.1148734391    0.1148591936    0.1148171723    0.1147499382    0.1146606505
  0.1145528257    0.1144297421    0.1142941415    0.1141482294    0.1139937341
  0.1138321459    0.1136644185    0.1134913862    0.1133137643    0.1131320298
  0.1129465401    0.1127575934    0.1125654876    0.1123704016    0.1121724546
  0.1119717658    0.1117684543    0.1115625799    0.1113542616    0.1111434400
  0.1109301746    0.1107144654    0.1104964316    0.1102759540    0.1100530922
  0.1098278463    0.1096000969    0.1093699634    0.1091373861    0.1089023054
  0.1086647213    0.1084245741    0.1081818640    0.1079365313    0.1076885164
  0.1074378788    0.1071843803    0.1069281995    0.1066690981    0.1064071357
  0.1061421931    0.1058743298    0.1056033075    0.1053291857    0.1050518453
  0.1047712862    0.1044873297    0.1042000353    0.1039092839    0.1036149561
  0.1033169329    0.1030152142    0.1027098000    0.1024003327    0.1020869911
  0.1017695367    0.1014479697    0.1011220515    0.1007917821    0.1004569829
  0.1001175940    0.0997734964    0.0994246304    0.0990706980    0.0987117589
  0.0983475745    0.0979779661    0.0976030529    0.0972222984    0.0968359411
  0.0964436233    0.0960451663    0.0956405699    0.0952294767    0.0948118269
  0.0943875015    0.0939561427    0.0935177505    0.0930722058    0.0926190913
  0.0921582878    0.0916897357    0.0912131965    0.0907283723    0.0902350247
  0.0897331536    0.0892225206    0.0887029469    0.0881740153    0.0876357853
  0.0870878994    0.0865302384    0.0859626234    0.0853849351    0.0847969353
  0.0841986835    0.0835895836    0.0829699337    0.0823394358    0.0816977918
  0.0810450017    0.0803813636    0.0797062218    0.0790199935    0.0783220828
  0.0776129663    0.0768922269    0.0761596859    0.0754157007    0.0746598542
  0.0738923252    0.0731128156    0.0723212063    0.0715173781    0.0707005560
  0.0698709190    0.0690278709    0.0681706369    0.0672986209    0.0664108098
  0.0655060709    0.0645829737    0.0636399686    0.0626740754    0.0616838634
  0.0606651604    0.0596137941    0.0585246980    0.0573908389    0.0562028587
  0.0549490154    0.0538923442    0.0538923442    0.0538923442    0.0538923442
  0.0538923442    0.0538923442    0.0538923442    0.0538923442    0.0538923442
  0.0538923442    0.0538923442    0.0538923442    0.0538923442    0.0538923442
  0.0538923442    0.0538923442    0.0538923442    0.0538923442    0.0538923442
  0.0538923442    0.0538923442    0.0538923442    0.0538923442    0.0538923442
  0.0538923442    0.0538923442    0.0538923442    0.0538923442    0.0538923442
  0.0538923442    0.0538923442    0.0538923442    0.0538923442    0.0538923442
  0.0538923442    0.0538923442    0.0538923442    0.0538923442    0.0538923442
  0.0538923442    0.0538923442    0.0538923442    0.0538923442    0.0538923442
  0.1154062450    0.1153929532    0.1153539121    0.1152910888    0.1152074039
  0.1151058376    0.1149893105    0.1148604453    0.1147212684    0.1145735085
  0.1144185960    0.1142574251    0.1140910089    0.1139198244    0.1137445271
  0.1135654747    0.1133829653    0.1131972969    0.1130085886    0.1128171384
  0.1126229465    0.1124261916    0.1122269332    0.1120252311    0.1118212044
  0.1116147339    0.1114059985    0.1111949384    0.1109815538    0.1107659042
  0.1105479896    0.1103277504    0.1101051867    0.1098802388    0.1096530259
  0.1094233692    0.1091913879    0.1089569628    0.1087200344    0.1084806025
  0.1082386672    0.1079941690    0.1077471077    0.1074973047    0.1072448790
  0.1069896519    0.1067316234    0.1064707935    0.1062069833    0.1059402525
  0.1056704819    0.1053976119    0.1051217020    0.1048425138    0.1045599878
  0.1042741239    0.1039849222    0.1036922038    0.1033958495    0.1030958593
  0.1027921140    0.1024845541    0.1021730602    0.1018575132    0.1015379131
  0.1012141407    0.1008859575    0.1005534828    0.1002164781    0.0998747051
  0.0995282829    0.0991769731    0.0988207161    0.0984592736    0.0980925858
  0.0977206528    0.0973430574    0.0969597995    0.0965708792    0.0961759388
  0.0957748592    0.0953675807    0.0949538052    0.0945334733    0.0941064656
  0.0936724246    0.0932312906    0.0927829444    0.0923271477    0.0918637216
  0.0913925469    0.0909133255    0.0904258192    0.0899299085    0.0894256532
  0.0889124572    0.0883903801    0.0878593028    0.0873186886    0.0867689550
  0.0862092674    0.0856400430    0.0850606859    0.0844713748    0.0838717520
  0.0832619369    0.0826413333    0.0820102990    0.0813685358    0.0807162821
  0.0800530016    0.0793789923    0.0786937773    0.0779975355    0.0772903860
  0.0765722692    0.0758430660    0.0751025975    0.0743508041    0.0735876858
  0.0728134215    0.0720269978    0.0712291896    0.0704189837    0.0695964396
  0.0687608421    0.0679116547    0.0670481622    0.0661695898    0.0652745664
  0.0643614233    0.0634290874    0.0624746978    0.0614958107    0.0604897439
  0.0594514310    0.0583762228    0.0572571456    0.0560855567    0.0548494160
  0.0542621315    0.0542621315    0.0542621315    0.0542621315    0.0542621315
  0.0542621315    0.0542621315    0.0542621315    0.0542621315    0.0542621315
  0.0542621315    0.0542621315    0.0542621315    0.0542621315    0.0542621315
  0.0542621315    0.0542621315    0.0542621315    0.0542621315    0.0542621315
  0.0542621315    0.0542621315    0.0542621315    0.0542621315    0.0542621315
  0.0542621315    0.0542621315    0.0542621315    0.0542621315    0.0542621315
  0.0542621315    0.0542621315    0.0542621315    0.0542621315    0.0542621315
  0.0542621315    0.0542621315    0.0542621315    0.0542621315    0.0542621315
  0.1159256995    0.1159133613    0.1158769429    0.1158182323    0.1157396138
  0.1156438291    0.1155335009    0.1154110134    0.1152782738    0.1151369512
  0.1149883568    0.1148335040    0.1146732867    0.1145083606    0.1143392026
  0.1141662896    0.1139899194    0.1138103306    0.1136278212    0.1134424508
  0.1132544577    0.1130639017    0.1128709614    0.1126755774    0.1124778688
  0.1122778952    0.1120756567    0.1118712127    0.1116645634    0.1114557087
  0.1112446487    0.1110313833    0.1108159125    0.1105982363    0.1103783548
  0.1101561487    0.1099317372    0.1097050011    0.1094759405    0.1092445552
  0.1090107858    0.1087746322    0.1085359752    0.1082948744    0.1080512106
  0.1078049839    0.1075561941    0.1073046625    0.1070505083    0.1067935526
  0.1065337956    0.1062711775    0.1060056388    0.1057371199    0.1054655612
  0.1051909029    0.1049130857    0.1046319902    0.1043476164    0.1040599048
  0.1037687361    0.1034740508    0.1031757295    0.1028736532    0.1025678813
  0.1022582352    0.1019447148    0.1016270220    0.1013052762    0.1009793580
  0.1006489098    0.1003142297    0.0999748409    0.0996309221    0.0992821157
  0.0989284813    0.0985697806    0.0982058942    0.0978367627    0.0974622667
  0.0970822275    0.0966964662    0.0963048637    0.0959074199    0.0955037773
  0.0950938165    0.0946774781    0.0942545235    0.0938247740    0.0933881104
  0.0929443538    0.0924933255    0.0920348465    0.0915687978    0.0910949409
  0.0906131566    0.0901231468    0.0896248519    0.0891180933    0.0886026323
  0.0880783498    0.0875449479    0.0870026052    0.0864507854    0.0858893692
  0.0853185952    0.0847377479    0.0841471851    0.0835467279    0.0829361379
  0.0823149979    0.0816839635    0.0810423195    0.0803904831    0.0797279179
  0.0790548027    0.0783713758    0.0776771605    0.0769722760    0.0762569606
  0.0755310357    0.0747944415    0.0740469992    0.0732882917    0.0725191534
  0.0717388093    0.0709469616    0.0701434314    0.0693280995    0.0684998333
  0.0676589310    0.0668037832    0.0659342706    0.0650487840    0.0641457736
  0.0632234514    0.0622805059    0.0613133609    0.0603192747    0.0592938960
  0.0582320988    0.0571277440    0.0559721291    0.0547534525    0.0546240509
  0.0546240509    0.0546240509    0.0546240509    0.0546240509    0.0546240509
  0.0546240509    0.0546240509    0.0546240509    0.0546240509    0.0546240509
  0.0546240509    0.0546240509    0.0546240509    0.0546240509    0.0546240509
  0.0546240509    0.0546240509    0.0546240509    0.0546240509    0.0546240509
  0.0546240509    0.0546240509    0.0546240509    0.0546240509    0.0546240509
  0.0546240509    0.0546240509    0.0546240509    0.0546240509    0.0546240509
  0.0546240509    0.0546240509    0.0546240509    0.0546240509    0.0546240509
  0.1164325774    0.1164210737    0.1163870394    0.1163320839    0.1162581742
  0.1161677539    0.1160632074    0.1159466803    0.1158200800    0.1156848371
  0.1155423224    0.1153935492    0.1152392924    0.1150803268    0.1149170697
  0.1147499979    0.1145794690    0.1144057214    0.1142290533    0.1140495837
  0.1138674915    0.1136828363    0.1134957969    0.1133064330    0.1131148040
  0.1129209101    0.1127248704    0.1125266850    0.1123263538    0.1121238768
  0.1119192541    0.1117126048    0.1115038097    0.1112929285    0.1110799015
  0.1108647287    0.1106474102    0.1104279459    0.1102062762    0.1099823415
  0.1097562015    0.1095277369    0.1092970669    0.1090640128    0.1088285744
  0.1085906923    0.1083504260    0.1081076562    0.1078623235    0.1076144874
  0.1073639691    0.1071108282    0.1068548858    0.1065962613    0.1063347757
  0.1060704291    0.1058031619    0.1055328548    0.1052595079    0.1049830019
  0.1047033370    0.1044204533    0.1041342318    0.1038446128    0.1035514772
  0.1032548249    0.1029545367    0.1026504934    0.1023427546    0.1020310223
  0.1017153561    0.1013956368    0.1010716856    0.1007435024    0.1004109681
  0.1000739634    0.0997323692    0.0993861258    0.0990350544    0.0986789167
  0.0983178914    0.0979516208    0.0975800455    0.0972031057    0.0968205631
  0.0964324176    0.0960382521    0.0956381261    0.0952319205    0.0948194563
  0.0944003761    0.0939747989    0.0935425460    0.0931032002    0.0926568806
  0.0922034085    0.0917423666    0.0912736356    0.0907973349    0.0903129876
  0.0898207128    0.0893199146    0.0888108909    0.0882931650    0.0877668560
  0.0872316062    0.0866872370    0.0861335695    0.0855708420    0.0849985182
  0.0844166577    0.0838250220    0.0832236707    0.0826123059    0.0819911659
  0.0813599527    0.0807187259    0.0800674856    0.0794062912    0.0787344873
  0.0780527890    0.0773608387    0.0766586959    0.0759463608    0.0752238929
  0.0744909346    0.0737480223    0.0729946196    0.0722306669    0.0714558065
  0.0706702769    0.0698736012    0.0690651238    0.0682450831    0.0674120486
  0.0665653646    0.0657050312    0.0648286641    0.0639354289    0.0630236566
  0.0620913208    0.0611355603    0.0601533949    0.0591407716    0.0580920875
  0.0570022166    0.0558617413    0.0549783409    0.0549783409    0.0549783409
  0.0549783409    0.0549783409    0.0549783409    0.0549783409    0.0549783409
  0.0549783409    0.0549783409    0.0549783409    0.0549783409    0.0549783409
  0.0549783409    0.0549783409    0.0549783409    0.0549783409    0.0549783409
  0.0549783409    0.0549783409    0.0549783409    0.0549783409    0.0549783409
  0.0549783409    0.0549783409    0.0549783409    0.0549783409    0.0549783409
  0.0549783409    0.0549783409    0.0549783409    0.0549783409    0.0549783409
  0.1169274151    0.1169166863    0.1168848574    0.1168332994    0.1167637408
  0.1166783869    0.1165792644    0.1164683998    0.1163475215    0.1162181199
  0.1160813868    0.1159383953    0.1157899201    0.1156366169    0.1154790223
  0.1153175533    0.1151526272    0.1149844825    0.1148134172    0.1146395504
  0.1144630015    0.1142840087    0.1141026318    0.1139189899    0.1137330830
  0.1135450304    0.1133547723    0.1131625473    0.1129681766    0.1127717197
  0.1125732958    0.1123728454    0.1121703684    0.1119658649    0.1117592752
  0.1115507185    0.1113400757    0.1111273468    0.1109125912    0.1106956899
  0.1104767025    0.1102555692    0.1100322306    0.1098066866    0.1095789373
  0.1093488634    0.1091165841    0.1088819206    0.1086448729    0.1084053814
  0.1081635058    0.1079191267    0.1076722443    0.1074227393    0.1071705520
  0.1069157422    0.1066581309    0.1063978374    0.1061346829    0.1058685482
  0.1055996120    0.1053275168    0.1050523818    0.1047741473    0.1044926345
  0.1042079031    0.1039197743    0.1036282480    0.1033332646    0.1030345857
  0.1027323306    0.1024263203    0.1021164954    0.1018027365    0.1014850438
  0.1011631191    0.1008370817    0.1005068123    0.1001719534    0.0998327434
  0.0994890034    0.0991403759    0.0987869203    0.0984285772    0.0980651677
  0.0976965129    0.0973225534    0.0969431102    0.0965581238    0.0961673558
  0.0957708061    0.0953681171    0.0949594080    0.0945443213    0.0941228569
  0.0936946571    0.0932597816    0.0928179920    0.0923690498    0.0919129550
  0.0914495885    0.0909784734    0.0904997289    0.0900129974    0.0895182788
  0.0890152752    0.0885042250    0.0879842937    0.0874560773    0.0869189799
  0.0863727629    0.0858176053    0.0852535069    0.0846798122    0.0840969384
  0.0835044086    0.0829024613    0.0822910368    0.0816700161    0.0810389221
  0.0803985298    0.0797478855    0.0790878236    0.0784180462    0.0777381957
  0.0770486295    0.0763494074    0.0756402910    0.0749214590    0.0741929114
  0.0734544694    0.0727058947    0.0719474256    0.0711787045    0.0703993738
  0.0696093738    0.0688081086    0.0679956377    0.0671707094    0.0663327277
  0.0654807985    0.0646139085    0.0637304485    0.0628289878    0.0619070828
  0.0609625876    0.0599919856    0.0589914024    0.0579561293    0.0568799078
  0.0557546318    0.0553254187    0.0553254187    0.0553254187    0.0553254187
  0.0553254187    0.0553254187    0.0553254187    0.0553254187    0.0553254187
  0.0553254187    0.0553254187    0.0553254187    0.0553254187    0.0553254187
  0.0553254187    0.0553254187    0.0553254187    0.0553254187    0.0553254187
  0.0553254187    0.0553254187    0.0553254187    0.0553254187    0.0553254187
  0.0553254187    0.0553254187    0.0553254187    0.0553254187    0.0553254187
  0.1174109280    0.1174008548    0.1173710525    0.1173225939    0.1172570884
  0.1171763241    0.1170823276    0.1169768274    0.1168614328    0.1167375743
  0.1166063845    0.1164689362    0.1163258851    0.1161780655    0.1160258949
  0.1158698499    0.1157102883    0.1155475080    0.1153817475    0.1152131855
  0.1150420606    0.1148684323    0.1146924794    0.1145142615    0.1143338382
  0.1141512692    0.1139666140    0.1137799323    0.1135912836    0.1134005487
  0.1132079661    0.1130133569    0.1128167808    0.1126183569    0.1124179065
  0.1122154891    0.1120111644    0.1118048728    0.1115965545    0.1113863289
  0.1111739576    0.1109596193    0.1107432544    0.1105247438    0.1103041470
  0.1100814641    0.1098565757    0.1096294820    0.1094001830    0.1091686189
  0.1089347303    0.1086985171    0.1084598601    0.1082188785    0.1079754531
  0.1077294052    0.1074809134    0.1072297990    0.1069760025    0.1067195833
  0.1064603627    0.1061983407    0.1059335172    0.1056657135    0.1053949296
  0.1051211059    0.1048442423    0.1045641601    0.1042809188    0.1039943397
  0.1037043035    0.1034108698    0.1031139195    0.1028133929    0.1025091708
  0.1022011340    0.1018892825    0.1015735567    0.1012537181    0.1009297669
  0.1006015837    0.1002690494    0.0999321640    0.0995906293    0.0992446244
  0.0988937318    0.0985380113    0.0981773436    0.0978115499    0.0974405110
  0.0970641077    0.0966823399    0.0962949097    0.0959016979    0.0955026448
  0.0950975120    0.0946862400    0.0942686498    0.0938446224    0.0934140384
  0.0929765403    0.0925323069    0.0920809805    0.0916224420    0.0911565721
  0.0906829536    0.0902018845    0.0897130668    0.0892160833    0.0887111723
  0.0881976783    0.0876761377    0.0871458352    0.0866068900    0.0860594809
  0.0855028331    0.0849372447    0.0843627751    0.0837790668    0.0831861794
  0.0825839341    0.0819722712    0.0813512504    0.0807206333    0.0800810158
  0.0794316232    0.0787731111    0.0781050026    0.0774275362    0.0767407119
  0.0760445893    0.0753389299    0.0746237934    0.0738994777    0.0731656253
  0.0724223554    0.0716694891    0.0709065497    0.0701340735    0.0693509281
  0.0685569942    0.0677515566    0.0669349134    0.0661053956    0.0652625263
  0.0644046962    0.0635307729    0.0626390278    0.0617277324    0.0607940853
  0.0598347485    0.0588464439    0.0578241646    0.0567612946    0.0556655228
  0.0556655228    0.0556655228    0.0556655228    0.0556655228    0.0556655228
  0.0556655228    0.0556655228    0.0556655228    0.0556655228    0.0556655228
  0.0556655228    0.0556655228    0.0556655228    0.0556655228    0.0556655228
  0.0556655228    0.0556655228    0.0556655228    0.0556655228    0.0556655228
  0.0556655228    0.0556655228    0.0556655228    0.0556655228    0.0556655228
  0.1178835928    0.1178741753    0.1178461611    0.1178005636    0.1177387536
  0.1176624000    0.1175731122    0.1174726188    0.1173624694    0.1172438562
  0.1171179712    0.1169858277    0.1168480814    0.1167054474    0.1165584624
  0.1164076030    0.1162532270    0.1160955727    0.1159349382    0.1157715023
  0.1156055033    0.1154370606    0.1152662337    0.1150932014    0.1149179637
  0.1147406399    0.1145612895    0.1143799722    0.1141966879    0.1140114367
  0.1138243377    0.1136352718    0.1134443581    0.1132515967    0.1130569875
  0.1128604114    0.1126620471    0.1124617755    0.1122595966    0.1120555103
  0.1118495166    0.1116416156    0.1114316881    0.1112198532    0.1110059917
  0.1107901037    0.1105721891    0.1103521883    0.1101301014    0.1099058688
  0.1096794903    0.1094509065    0.1092200577    0.1089870036    0.1087515652
  0.1085138619    0.1082737744    0.1080311835    0.1077862084    0.1075386107
  0.1072885096    0.1070357859    0.1067804396    0.1065223515    0.1062615216
  0.1059978306    0.1057313383    0.1054618061    0.1051893532    0.1049138010
  0.1046351492    0.1043532789    0.1040681899    0.1037797630    0.1034879386
  0.1031925976    0.1028937995    0.1025913060    0.1022851169    0.1019751132
  0.1016612351    0.1013434231    0.1010214984    0.1006954610    0.1003650725
  0.1000304520    0.0996913612    0.0993477404    0.0989994109    0.0986463130
  0.0982882082    0.0979252160    0.0975570977    0.0971837342    0.0968050063
  0.0964207947    0.0960309207    0.0956353247    0.0952337682    0.0948262513
  0.0944125354    0.0939925015    0.0935660303    0.0931328833    0.0926931202
  0.0922463834    0.0917925537    0.0913316309    0.0908633769    0.0903877318
  0.0899043381    0.0894133151    0.0889141858    0.0884073079    0.0878919065
  0.0873683393    0.0868366659    0.0862960517    0.0857472718    0.0851894915
  0.0846227705    0.0840475857    0.0834631026    0.0828697979    0.0822671950
  0.0816558301    0.0810354054    0.0804055631    0.0797667205    0.0791188180
  0.0784620941    0.0777961314    0.0771211684    0.0764370263    0.0757441223
  0.0750420392    0.0743311942    0.0736113489    0.0728822649    0.0721442401
  0.0713970363    0.0706400573    0.0698739588    0.0690976083    0.0683110654
  0.0675134957    0.0667043030    0.0658832490    0.0650488436    0.0642003119
  0.0633359849    0.0624541342    0.0615530908    0.0606299341    0.0596819818
  0.0587054193    0.0576952398    0.0566461980    0.0559988916    0.0559988916
  0.0559988916    0.0559988916    0.0559988916    0.0559988916    0.0559988916
  0.0559988916    0.0559988916    0.0559988916    0.0559988916    0.0559988916
  0.0559988916    0.0559988916    0.0559988916    0.0559988916    0.0559988916
  0.0559988916    0.0559988916    0.0559988916    0.0559988916    0.0559988916
  0.1183459461    0.1183370650    0.1183107197    0.1182678044    0.1182093918
  0.1181370914    0.1180522740    0.1179565489    0.1178512871    0.1177377403
  0.1176169217    0.1174897850    0.1173571050    0.1172194779    0.1170774996
  0.1169316471    0.1167821586    0.1166294515    0.1164737642    0.1163152754
  0.1161541641    0.1159906089    0.1158247888    0.1156566441    0.1154864132
  0.1153141558    0.1151398718    0.1149636209    0.1147854030    0.1146053970
  0.1144234836    0.1142397225    0.1140541732    0.1138667762    0.1136776507
  0.1134866774    0.1132939160    0.1130993068    0.1129029095    0.1127047241
  0.1125046313    0.1123027503    0.1120990217    0.1118933856    0.1116859019
  0.1114763916    0.1112650335    0.1110517681    0.1108364165    0.1106190383
  0.1103996336    0.1101782024    0.1099546850    0.1097290218    0.1095011532
  0.1092710793    0.1090388000    0.1088042557    0.1085673869    0.1083281338
  0.1080864966    0.1078424156    0.1075958312    0.1073468029    0.1070951521
  0.1068408191    0.1065838635    0.1063241661    0.1060617268    0.1057963669
  0.1055281460    0.1052570045    0.1049827635    0.1047055423    0.1044251025
  0.1041415036    0.1038545072    0.1035642922    0.1032706201    0.1029734313
  0.1026726663    0.1023682058    0.1020600498    0.1017481387    0.1014322340
  0.1011123359    0.1007883847    0.1004602015    0.1001277864    0.0997910202
  0.0994497240    0.0991038382    0.0987533033    0.0983978808    0.0980376899
  0.0976723135    0.0973018706    0.0969262421    0.0965451300    0.0961584747
  0.0957662761    0.0953682363    0.0949643552    0.0945543349    0.0941382349
  0.0937158763    0.0932869613    0.0928514898    0.0924092233    0.0919602215
  0.0915040076    0.0910409391    0.0905703604    0.0900923908    0.0896069109
  0.0891138017    0.0886127651    0.0881037414    0.0875869691    0.0870617926
  0.0865281522    0.0859864056    0.0854361355    0.0848774612    0.0843098462
  0.0837339461    0.0831490457    0.0825555027    0.0819531381    0.0813420713
  0.0807220638    0.0800932348    0.0794556439    0.0788095295    0.0781545341
  0.0774909556    0.0768186152    0.0761375725    0.0754481256    0.0747499168
  0.0740431845    0.0733278096    0.0726039708    0.0718710124    0.0711295903
  0.0703790486    0.0696190894    0.0688497126    0.0680704415    0.0672803223
  0.0664793551    0.0656662881    0.0648405850    0.0640009344    0.0631459057
  0.0622737110    0.0613825619    0.0604703128    0.0595333874    0.0585679710
  0.0575704277    0.0565339029    0.0563258827    0.0563258827    0.0563258827
  0.0563258827    0.0563258827    0.0563258827    0.0563258827    0.0563258827
  0.0563258827    0.0563258827    0.0563258827    0.0563258827    0.0563258827
  0.0563258827    0.0563258827    0.0563258827    0.0563258827    0.0563258827
  0.1187984049    0.1187900603    0.1187652647    0.1187247336    0.1186695397
  0.1186009943    0.1185203493    0.1184291542    0.1183285415    0.1182197630
  0.1181037724    0.1179814637    0.1178536117    0.1177208722    0.1175836623
  0.1174425781    0.1172978580    0.1171499193    0.1169989407    0.1168451607
  0.1166888177    0.1165299714    0.1163688600    0.1162054837    0.1160400212
  0.1158725321    0.1157030761    0.1155316532    0.1153583825    0.1151832640
  0.1150063574    0.1148276627    0.1146471798    0.1144649684    0.1142809689
  0.1140952408    0.1139078438    0.1137185991    0.1135276854    0.1133350432
  0.1131406128    0.1129444540    0.1127464473    0.1125467122    0.1123451889
  0.1121418178    0.1119365990    0.1117295325    0.1115205586    0.1113096774
  0.1110968888    0.1108821332    0.1106654108    0.1104466617    0.1102258861
  0.1100030243    0.1097780764    0.1095509827    0.1093216836    0.1090901792
  0.1088564098    0.1086204350    0.1083820760    0.1081413329    0.1078982651
  0.1076526344    0.1074045599    0.1071539819    0.1069007218    0.1066448987
  0.1063862741    0.1061250269    0.1058609188    0.1055939496    0.1053240597
  0.1050511897    0.1047752798    0.1044963300    0.1042141020    0.1039286554
  0.1036399901    0.1033478677    0.1030523479    0.1027533114    0.1024506390
  0.1021442711    0.1018341482    0.1015202701    0.1012023389    0.1008804739
  0.1005543768    0.1002241075    0.0998896062    0.0995506942    0.0992072523
  0.0988591611    0.0985063016    0.0981487930    0.0977862775    0.0974186361
  0.0970459282    0.0966679752    0.0962845385    0.0958955586    0.0955010355
  0.0951006114    0.0946943462    0.0942820013    0.0938634574    0.0934386551
  0.0930074155    0.0925696194    0.0921250880    0.0916737616    0.0912155211
  0.0907499492    0.0902773440    0.0897972882    0.0893097222    0.0888147056
  0.0883117616    0.0878010094    0.0872825086    0.0867557824    0.0862210095
  0.0856780708    0.0851267278    0.0845669806    0.0839988291    0.0834221542
  0.0828373730    0.0822436512    0.0816414654    0.0810308754    0.0804117620
  0.0797842443    0.0791480839    0.0785038769    0.0778508484    0.0771898925
  0.0765202343    0.0758425891    0.0751563609    0.0744622648    0.0737598240
  0.0730493367    0.0723304451    0.0716030896    0.0708673894    0.0701229274
  0.0693698227    0.0686070025    0.0678348243    0.0670522153    0.0662592351
  0.0654542744    0.0646371543    0.0638062656    0.0629604757    0.0620979965
  0.0612166822    0.0603145063    0.0593884289    0.0584345162    0.0574485362
  0.0566466749    0.0566466749    0.0566466749    0.0566466749    0.0566466749
  0.0566466749    0.0566466749    0.0566466749    0.0566466749    0.0566466749
  0.0566466749    0.0566466749    0.0566466749    0.0566466749    0.0566466749
  0.1192414463    0.1192335784    0.1192102134    0.1191719472    0.1191196740
  0.1190545857    0.1189779341    0.1188909113    0.1187947690    0.1186905205
  0.1185791194    0.1184614599    0.1183382571    0.1182101667    0.1180776060
  0.1179410517    0.1178009808    0.1176575720    0.1175111234    0.1173618734
  0.1172100604    0.1170558035    0.1168991625    0.1167403758    0.1165795028
  0.1164166033    0.1162517369    0.1160849631    0.1159164011    0.1157459915
  0.1155737936    0.1153998673    0.1152242720    0.1150469482    0.1148678958
  0.1146871746    0.1145047843    0.1143207848    0.1141349971    0.1139476001
  0.1137585342    0.1135677397    0.1133752763    0.1131810844    0.1129851639
  0.1127875149    0.1125880778    0.1123869121    0.1121839583    0.1119792163
  0.1117725670    0.1115641296    0.1113537848    0.1111415327    0.1109274328
  0.1107113063    0.1104932129    0.1102730930    0.1100508869    0.1098266542
  0.1096002758    0.1093718112    0.1091411412    0.1089082062    0.1086730063
  0.1084355414    0.1081958115    0.1079535782    0.1077090204    0.1074618995
  0.1072123349    0.1069601476    0.1067053974    0.1064480245    0.1061879098
  0.1059249341    0.1056592166    0.1053906381    0.1051190794    0.1048444808
  0.1045669019    0.1042861640    0.1040022075    0.1037150323    0.1034245789
  0.1031306088    0.1028332412    0.1025322974    0.1022277176    0.1019194424
  0.1016073525    0.1012914479    0.1009715497    0.1006475985    0.1003194749
  0.0999871790    0.0996505320    0.0993094742    0.0989638865    0.0986137092
  0.0982586443    0.0978988707    0.0975341499    0.0971642435    0.0967893302
  0.0964089930    0.0960232913    0.0956319273    0.0952350795    0.0948323309
  0.0944236815    0.0940091312    0.0935883224    0.0931611359    0.0927275717
  0.0922875106    0.0918407738    0.0913871825    0.0909268558    0.0904591978
  0.0899844468    0.0895023644    0.0890130699    0.0885160267    0.0880114734
  0.0874990523    0.0869791210    0.0864508450    0.0859148800    0.0853707492
  0.0848185718    0.0842582881    0.0836896002    0.0831126273    0.0825274885
  0.0819343626    0.0813328326    0.0807227194    0.0801048577    0.0794783533
  0.0788441002    0.0782017410    0.0775512159    0.0768924654    0.0762262046
  0.0755516589    0.0748693645    0.0741793215    0.0734812915    0.0727756917
  0.0720619857    0.0713402927    0.0706103742    0.0698721707    0.0691253841
  0.0683694184    0.0676043928    0.0668297112    0.0660444200    0.0652472675
  0.0644386113    0.0636163056    0.0627794564    0.0619263351    0.0610547960
  0.0601627529    0.0592467487    0.0583043396    0.0573299825    0.0569615662
  0.0569615662    0.0569615662    0.0569615662    0.0569615662    0.0569615662
  0.0569615662    0.0569615662    0.0569615662    0.0569615662    0.0569615662
  0.1196754873    0.1196680963    0.1196459830    0.1196098030    0.1195602715
  0.1194984615    0.1194255054    0.1193424761    0.1192505062    0.1191505492
  0.1190435588    0.1189303696    0.1188116372    0.1186879575    0.1185598075
  0.1184277236    0.1182920039    0.1181530058    0.1180109680    0.1178661287
  0.1177186072    0.1175687015    0.1174164712    0.1172620952    0.1171055734
  0.1169470847    0.1167866290    0.1166243255    0.1164601743    0.1162942946
  0.1161266863    0.1159573495    0.1157863438    0.1156136692    0.1154393256
  0.1152633727    0.1150858104    0.1149066389    0.1147258580    0.1145434082
  0.1143594086    0.1141737401    0.1139864028    0.1137975156    0.1136069596
  0.1134146750    0.1132207811    0.1130251586    0.1128278673    0.1126288474
  0.1124280989    0.1122255623    0.1120212972    0.1118151844    0.1116072237
  0.1113974154    0.1111857593    0.1109721959    0.1107567251    0.1105392873
  0.1103198230    0.1100983918    0.1098748744    0.1096492112    0.1094215214
  0.1091916263    0.1089595258    0.1087252796    0.1084886491    0.1082498133
  0.1080085337    0.1077648699    0.1075188220    0.1072702706    0.1070192158
  0.1067655385    0.1065092385    0.1062501967    0.1059884727    0.1057240069
  0.1054566801    0.1051863730    0.1049131453    0.1046369374    0.1043576300
  0.1040751636    0.1037894785    0.1035004556    0.1032081544    0.1029123962
  0.1026132405    0.1023103893    0.1020039618    0.1016936600    0.1013797224
  0.1010617912    0.1007399261    0.1004139483    0.1000838578    0.0997494757
  0.0994106233    0.0990675390    0.0987197459    0.0983674228    0.0980102122
  0.0976481736    0.0972812474    0.0969091952    0.0965319574    0.0961493552
  0.0957613289    0.0953678191    0.0949686468    0.0945635736    0.0941526592
  0.0937359035    0.0933127701    0.0928833187    0.0924476683    0.0920052826
  0.0915564001    0.0911006629    0.0906380713    0.0901685655    0.0896919668
  0.0892079771    0.0887166560    0.0882180035    0.0877117217    0.0871978700
  0.0866763294    0.0861471593    0.0856100619    0.0850650966    0.0845119059
  0.0839512646    0.0833820403    0.0828053653    0.0822202861    0.0816272795
  0.0810262263    0.0804174840    0.0798006952    0.0791757405    0.0785435140
  0.0779031217    0.0772549212    0.0765994489    0.0759362280    0.0752650797
  0.0745867789    0.0739008486    0.0732076466    0.0725068152    0.0717982352
  0.0710820258    0.0703581870    0.0696261823    0.0688860118    0.0681370795
  0.0673791468    0.0666115582    0.0658338368    0.0650452077    0.0642445385
  0.0634309947    0.0626028478    0.0617590249    0.0608970225    0.0600146353
  0.0591093004    0.0581773818    0.0572706759    0.0572706759    0.0572706759
  0.0572706759    0.0572706759    0.0572706759    0.0572706759    0.0572706759
