  0.0000000000    0.0150000000
  0.0002500000    0.0010000000    179    30
  -0.0000004813    -0.0001251099    -0.0002507535    -0.0003777763    -0.0005063024
  -0.0006363937    -0.0007681510    -0.0009016362    -0.0010369346    -0.0011741468
  -0.0013133505    -0.0014546463    -0.0015981427    -0.0017439404    -0.0018921635
  -0.0020429358    -0.0021963891    -0.0023526630    -0.0025119200    -0.0026743075
  -0.0028400192    -0.0030092332    -0.0031821588    -0.0033590129    -0.0035400358
  -0.0037254986    -0.0039156726    -0.0041108599    -0.0043113860    -0.0045176384
  -0.0047300044    -0.0049489179    -0.0051748362    -0.0054083249    -0.0056499341
  -0.0059003070    -0.0061601719    -0.0064302728    -0.0067114851    -0.0070048240
  -0.0073112968    -0.0076321045    -0.0079686341    -0.0083222881    -0.0086947557
  -0.0090878347    -0.0095035705    -0.0099441174    -0.0104117534    -0.0109088108
  -0.0114381877    -0.0120011935    -0.0125994244    -0.0132319584    -0.0138945571
  -0.0145755044    -0.0152485248    -0.0158586809    -0.0162915179    -0.0163082859
  -0.0154284707    -0.0129605249    -0.0107019153    -0.0100728914    -0.0094505391
  -0.0088344631    -0.0082247022    -0.0076208690    -0.0070230100    -0.0064307532
  -0.0058439359    -0.0052624342    -0.0046860930    -0.0041145870    -0.0035479859
  -0.0029859796    -0.0024284443    -0.0018754885    -0.0013265929    -0.0007818660
  -0.0002410212    0.0002971348    0.0008302775    0.0013599876    0.0018861488
  0.0024090090    0.0029286537    0.0034449354    0.0039584973    0.0044690141
  0.0049767181    0.0054816636    0.0059838971    0.0064836356    0.0069811192
  0.0074761775    0.0079690430    0.0084597310    0.0089484587    0.0094350556
  0.0099200872    0.0104030189    0.0108845946    0.0113646284    0.0118429497
  0.0123199227    0.0127955320    0.0132701263    0.0137436900    0.0142163780
  0.0146880123    0.0151587322    0.0156288555    0.0160985062    0.0165674981
  0.0170362887    0.0175049785    0.0179733661    0.0184417149    0.0189104435
  0.0193791798    0.0198484585    0.0203182098    0.0207889685    0.0212603161
  0.0217329112    0.0222066376    0.0226818129    0.0231587473    0.0236374250
  0.0241181174    0.0246012273    0.0250871035    0.0255758080    0.0260676584
  0.0265632126    0.0270629743    0.0275671449    0.0280760112    0.0285908595
  0.0291114572    0.0296393153    0.0301744261    0.0307183084    0.0312720779
  0.0318367806    0.0324132380    0.0330044952    0.0336127684    0.0342400876
  0.0348897073    0.0355673847    0.0362788847    0.0370329246    0.0378424057
  0.0387274358    0.0397229919    0.0409002528    0.0424229696    0.0438508281
  0.0438508281    0.0438508281    0.0438508281    0.0438508281    0.0438508281
  0.0438508281    0.0438508281    0.0438508281    0.0438508281    0.0438508281
  0.0438508281    0.0438508281    0.0438508281    0.0438508281    0.0438508281
  0.0438508281    0.0438508281    0.0438508281    0.0438508281    0.0438508281
  -0.0000004736    -0.0001207551    -0.0002418503    -0.0003641388    -0.0004877135
  -0.0006126598    -0.0007390395    -0.0008669147    -0.0009963551    -0.0011274382
  -0.0012602261    -0.0013948038    -0.0015312567    -0.0016696623    -0.0018101212
  -0.0019527265    -0.0020975712    -0.0022447869    -0.0023944822    -0.0025467733
  -0.0027018151    -0.0028597316    -0.0030206779    -0.0031848243    -0.0033523491
  -0.0035234383    -0.0036983010    -0.0038771543    -0.0040602383    -0.0042478010
  -0.0044401446    -0.0046375558    -0.0048403755    -0.0050489447    -0.0052636817
  -0.0054850051    -0.0057133797    -0.0059493324    -0.0061934212    -0.0064462426
  -0.0067085329    -0.0069810125    -0.0072645107    -0.0075599650    -0.0078684291
  -0.0081909958    -0.0085288349    -0.0088834342    -0.0092562971    -0.0096489421
  -0.0100632909    -0.0105010948    -0.0109644303    -0.0114551416    -0.0119748560
  -0.0125248751    -0.0131051138    -0.0137133792    -0.0143433097    -0.0149808261
  -0.0155968478    -0.0161341903    -0.0164799252    -0.0164105055    -0.0155030665
  -0.0131881633    -0.0109222624    -0.0103201029    -0.0097238168    -0.0091332647
  -0.0085485163    -0.0079692075    -0.0073951909    -0.0068265364    -0.0062627015
  -0.0057037714    -0.0051496223    -0.0045999363    -0.0040550157    -0.0035139385
  -0.0029774252    -0.0024447706    -0.0019158819    -0.0013912782    -0.0008702853
  -0.0003528103    0.0001625028    0.0006729421    0.0011800650    0.0016843286
  0.0021852061    0.0026831469    0.0031783912    0.0036707994    0.0041602245
  0.0046469143    0.0051312795    0.0056131729    0.0060928193    0.0065696916
  0.0070447508    0.0075172839    0.0079882440    0.0084569106    0.0089236787
  0.0093887499    0.0098519459    0.0103134683    0.0107735029    0.0112318870
  0.0116889617    0.0121447501    0.0125990584    0.0130522510    0.0135044751
  0.0139552113    0.0144054827    0.0148547468    0.0153031662    0.0157508883
  0.0161980447    0.0166446123    0.0170905599    0.0175364998    0.0179820755
  0.0184273955    0.0188727233    0.0193181828    0.0197638515    0.0202096751
  0.0206558940    0.0211027405    0.0215502688    0.0219984016    0.0224477896
  0.0228981695    0.0233497271    0.0238030514    0.0242575845    0.0247141710
  0.0251727876    0.0256338218    0.0260970643    0.0265634140    0.0270324913
  0.0275055203    0.0279820672    0.0284623334    0.0289477989    0.0294380376
  0.0299342582    0.0304363057    0.0309456989    0.0314626005    0.0319883975
  0.0325242832    0.0330711332    0.0336304972    0.0342043820    0.0347949961
  0.0354059812    0.0360398713    0.0367021289    0.0373995188    0.0381417653
  0.0389424053    0.0398253122    0.0408311275    0.0420447215    0.0436098543
  0.0441029289    0.0441029289    0.0441029289    0.0441029289    0.0441029289
  0.0441029289    0.0441029289    0.0441029289    0.0441029289    0.0441029289
  -0.0000004736    -0.0001168188    -0.0002338305    -0.0003518572    -0.0004710153
  -0.0005913666    -0.0007129732    -0.0008358815    -0.0009601459    -0.0010858360
  -0.0012129983    -0.0013417104    -0.0014720342    -0.0016040316    -0.0017377880
  -0.0018733731    -0.0020108643    -0.0021503702    -0.0022919604    -0.0024357513
  -0.0025818279    -0.0027303222    -0.0028813270    -0.0030349895    -0.0031914338
  -0.0033508071    -0.0035132644    -0.0036789683    -0.0038480893    -0.0040208212
  -0.0041973731    -0.0043779543    -0.0045628205    -0.0047522041    -0.0049464151
  -0.0051457247    -0.0053504583    -0.0055610034    -0.0057776931    -0.0060010156
  -0.0062313893    -0.0064693257    -0.0067153594    -0.0069701180    -0.0072342291
  -0.0075084445    -0.0077935854    -0.0080904809    -0.0084001073    -0.0087235340
  -0.0090619156    -0.0094164607    -0.0097886339    -0.0101797757    -0.0105914667
  -0.0110253730    -0.0114829281    -0.0119657436    -0.0124747184    -0.0130102322
  -0.0135711691    -0.0141541430    -0.0147508165    -0.0153452584    -0.0159062263
  -0.0163752803    -0.0166419950    -0.0164982274    -0.0155715564    -0.0133893403
  -0.0111302039    -0.0105518171    -0.0099792805    -0.0094118348    -0.0088497743
  -0.0082925412    -0.0077402362    -0.0071925184    -0.0066497055    -0.0061112627
  -0.0055770895    -0.0050473019    -0.0045213810    -0.0039998534    -0.0034820297
  -0.0029680184    -0.0024577495    -0.0019509366    -0.0014477190    -0.0009478179
  -0.0004511711    0.0000429806    0.0005331108    0.0010203585    0.0015043983
  0.0019858578    0.0024644038    0.0029402766    0.0034135148    0.0038841650
  0.0043522736    0.0048180500    0.0052815482    0.0057425979    0.0062016174
  0.0066584364    0.0071130934    0.0075659761    0.0080169138    0.0084659377
  0.0089132491    0.0093586776    0.0098025951    0.0102448389    0.0106855950
  0.0111248711    0.0115630159    0.0119993553    0.0124347338    0.0128689966
  0.0133021280    0.0137339577    0.0141649815    0.0145950291    0.0150244179
  0.0154526290    0.0158803210    0.0163072923    0.0167338607    0.0171599874
  0.0175854865    0.0180108073    0.0184355935    0.0188604495    0.0192853132
  0.0197098359    0.0201347461    0.0205598190    0.0209850082    0.0214107010
  0.0218368199    0.0222638842    0.0226913670    0.0231196323    0.0235491452
  0.0239795259    0.0244115183    0.0248444250    0.0252795246    0.0257162514
  0.0261545745    0.0265954313    0.0270387599    0.0274844828    0.0279331812
  0.0283853820    0.0288406822    0.0292999342    0.0297638121    0.0302322927
  0.0307055852    0.0311852780    0.0316708055    0.0321634540    0.0326640216
  0.0331735000    0.0336925945    0.0342234591    0.0347668532    0.0353248844
  0.0359006211    0.0364963648    0.0371158734    0.0377647725    0.0384497723
  0.0391819689    0.0399764177    0.0408589759    0.0418782660    0.0431287745
  -0.0000004736    -0.0001132467    -0.0002265546    -0.0003407457    -0.0004559132
  -0.0005721346    -0.0006894562    -0.0008079168    -0.0009275785    -0.0010484800
  -0.0011706677    -0.0012941960    -0.0014191267    -0.0015455142    -0.0016734126
  -0.0018028918    -0.0019340137    -0.0020668557    -0.0022014800    -0.0023379794
  -0.0024764237    -0.0026169059    -0.0027595267    -0.0029043636    -0.0030515406
  -0.0032011583    -0.0033533332    -0.0035081968    -0.0036658886    -0.0038265404
  -0.0039903149    -0.0041573593    -0.0043278673    -0.0045020249    -0.0046800259
  -0.0048621103    -0.0050484797    -0.0052394208    -0.0054351816    -0.0056360719
  -0.0058424327    -0.0060545585    -0.0062728754    -0.0064977863    -0.0067297330
  -0.0069691804    -0.0072167173    -0.0074729094    -0.0077383301    -0.0080137309
  -0.0082998404    -0.0085975263    -0.0089076099    -0.0092311993    -0.0095692012
  -0.0099229094    -0.0102933624    -0.0106820479    -0.0110901514    -0.0115189514
  -0.0119696954    -0.0124434063    -0.0129403940    -0.0134602943    -0.0140010926
  -0.0145580080    -0.0151213703    -0.0156734118    -0.0161815497    -0.0165867320
  -0.0167819503    -0.0165739390    -0.0156341419    -0.0135675505    -0.0113270494
  -0.0107706997    -0.0102191928    -0.0096726450    -0.0091311571    -0.0085939774
  -0.0080612066    -0.0075329688    -0.0070091477    -0.0064892474    -0.0059733686
  -0.0054616508    -0.0049535826    -0.0044492880    -0.0039487049    -0.0034517482
  -0.0029581544    -0.0024678382    -0.0019809547    -0.0014970312    -0.0010166100
  -0.0005390325    -0.0000642601    0.0004084745    0.0008774200    0.0013435295
  0.0018072292    0.0022681782    0.0027266088    0.0031825677    0.0036360857
  0.0040871939    0.0045361248    0.0049829015    0.0054275629    0.0058699462
  0.0063104388    0.0067489013    0.0071855196    0.0076205030    0.0080533323
  0.0084845653    0.0089142177    0.0093422970    0.0097688189    0.0101936206
  0.0106170586    0.0110391483    0.0114600602    0.0118792829    0.0122976843
  0.0127147451    0.0131304732    0.0135455272    0.0139592484    0.0143721172
  0.0147841337    0.0151954451    0.0156060359    0.0160157433    0.0164246991
  0.0168332133    0.0172410998    0.0176485059    0.0180557105    0.0184623727
  0.0188689265    0.0192751858    0.0196814218    0.0200875881    0.0204936460
  0.0209000060    0.0213063040    0.0217130902    0.0221200004    0.0225277165
  0.0229358587    0.0233445123    0.0237540182    0.0241645780    0.0245759514
  0.0249884561    0.0254024097    0.0258174017    0.0262344083    0.0266528794
  0.0270734659    0.0274958655    0.0279204348    0.0283478865    0.0287781355
  0.0292108020    0.0296472964    0.0300873008    0.0305312493    0.0309797540
  0.0314327684    0.0318908116    0.0323550072    0.0328254637    0.0333034518
  0.0337889716    0.0342832240    0.0347880766    0.0353038236    0.0358325729
  -0.0000004736    -0.0001099768    -0.0002199140    -0.0003306106    -0.0004421750
  -0.0005546537    -0.0006681010    -0.0007825711    -0.0008980873    -0.0010146961
  -0.0011324361    -0.0012513617    -0.0013715038    -0.0014929244    -0.0016156545
  -0.0017397639    -0.0018652990    -0.0019923142    -0.0021208790    -0.0022510478
  -0.0023828903    -0.0025164917    -0.0026518986    -0.0027892038    -0.0029284927
  -0.0030698428    -0.0032133624    -0.0033591369    -0.0035072669    -0.0036578843
  -0.0038110742    -0.0039669916    -0.0041257605    -0.0042875203    -0.0044524261
  -0.0046206251    -0.0047923264    -0.0049676928    -0.0051469257    -0.0053302500
  -0.0055178902    -0.0057101020    -0.0059071568    -0.0061093411    -0.0063170037
  -0.0065304002    -0.0067499956    -0.0069761387    -0.0072092631    -0.0074498495
  -0.0076984403    -0.0079555544    -0.0082217732    -0.0084978405    -0.0087843683
  -0.0090822169    -0.0093922386    -0.0097152081    -0.0100521639    -0.0104041675
  -0.0107722262    -0.0111575255    -0.0115610728    -0.0119838908    -0.0124268165
  -0.0128904310    -0.0133745018    -0.0138779595    -0.0143978444    -0.0149283603
  -0.0154585740    -0.0159693000    -0.0164269480    -0.0167725357    -0.0169030997
  -0.0166396472    -0.0156920549    -0.0137276986    -0.0115139768    -0.0109775022
  -0.0104455838    -0.0099181363    -0.0093952683    -0.0088762668    -0.0083616510
  -0.0078511342    -0.0073444143    -0.0068418244    -0.0063426670    -0.0058474770
  -0.0053557816    -0.0048673019    -0.0043825725    -0.0039009270    -0.0034227064
  -0.0029476473    -0.0024754861    -0.0020065716    -0.0015404543    -0.0010772738
  -0.0006169835    -0.0001593432    0.0002965769    0.0007488629    0.0011986306
  0.0016459265    0.0020907816    0.0025334206    0.0029735103    0.0034116396
  0.0038472816    0.0042810330    0.0047127232    0.0051421973    0.0055696800
  0.0059951791    0.0064190897    0.0068408850    0.0072611305    0.0076794776
  0.0080963138    0.0085116467    0.0089249572    0.0093373147    0.0097478667
  0.0101567838    0.0105647787    0.0109711620    0.0113762823    0.0117801550
  0.0121831134    0.0125844833    0.0129849389    0.0133844879    0.0137829444
  0.0141804865    0.0145769361    0.0149727812    0.0153678438    0.0157617906
  0.0161554196    0.0165480724    0.0169403765    0.0173321536    0.0177232179
  0.0181138715    0.0185042384    0.0188943031    0.0192838719    0.0196735260
  0.0200627926    0.0204522219    0.0208414730    0.0212306699    0.0216202000
  0.0220097223    0.0223996243    0.0227897045    0.0231804821    0.0235716006
  0.0239632848    0.0243558678    0.0247487220    0.0251431492    0.0255382195
  0.0259343979    0.0263318315    0.0267306909    0.0271311000    0.0275330588
  0.0279368308    0.0283426252    0.0287504110    0.0291608933    0.0295737311
  0.0299894437    0.0304080388    0.0308305779    0.0312560305    0.0316858611
  -0.0000004736    -0.0001069704    -0.0002138314    -0.0003213277    -0.0004295990
  -0.0005386761    -0.0006486210    -0.0007594571    -0.0008712229    -0.0009839574
  -0.0010976991    -0.0012124792    -0.0013283363    -0.0014453170    -0.0015634599
  -0.0016827962    -0.0018033800    -0.0019252655    -0.0020484993    -0.0021731123
  -0.0022991899    -0.0024267706    -0.0025559244    -0.0026867130    -0.0028191987
  -0.0029534510    -0.0030895397    -0.0032275578    -0.0033675829    -0.0035097000
  -0.0036540022    -0.0038005826    -0.0039495495    -0.0041010037    -0.0042550847
  -0.0044118932    -0.0045715842    -0.0047342816    -0.0049001482    -0.0050693312
  -0.0052420321    -0.0054183981    -0.0055986461    -0.0057830009    -0.0059716871
  -0.0061649373    -0.0063630071    -0.0065662143    -0.0067748609    -0.0069892570
  -0.0072097823    -0.0074368009    -0.0076707545    -0.0079121080    -0.0081613109
  -0.0084189287    -0.0086855349    -0.0089617339    -0.0092482230    -0.0095457074
  -0.0098549154    -0.0101767924    -0.0105120745    -0.0108617070    -0.0112265888
  -0.0116077271    -0.0120059356    -0.0124219736    -0.0128563061    -0.0133089641
  -0.0137793586    -0.0142657229    -0.0147642758    -0.0152682838    -0.0157657906
  -0.0162364176    -0.0166459313    -0.0169361863    -0.0170082870    -0.0166969791
  -0.0157453963    -0.0138727757    -0.0116924039    -0.0111740300    -0.0106597707
  -0.0101499900    -0.0096439520    -0.0091420051    -0.0086438474    -0.0081496182
  -0.0076588216    -0.0071717986    -0.0066882703    -0.0062079731    -0.0057314417
  -0.0052578005    -0.0047874060    -0.0043201885    -0.0038558921    -0.0033948657
  -0.0029366520    -0.0024812046    -0.0020286706    -0.0015786162    -0.0011315683
  -0.0006869146    -0.0002448025    0.0001956901    0.0006328353    0.0010677490
  0.0015002683    0.0019304398    0.0023582867    0.0027842197    0.0032078901
  0.0036295226    0.0040491328    0.0044667593    0.0048825958    0.0052963093
  0.0057084653    0.0061185446    0.0065272835    0.0069339845    0.0073390272
  0.0077427760    0.0081447116    0.0085450432    0.0089441118    0.0093415996
  0.0097378477    0.0101327011    0.0105259970    0.0109182546    0.0113093033
  0.0116989884    0.0120876506    0.0124751118    0.0128615579    0.0132471439
  0.0136313739    0.0140152398    0.0143975791    0.0147793761    0.0151601270
  0.0155403277    0.0159197846    0.0162983426    0.0166764668    0.0170539787
  0.0174308708    0.0178069571    0.0181828573    0.0185585484    0.0189336893
  0.0193084195    0.0196830103    0.0200569811    0.0204310682    0.0208050779
  0.0211789790    0.0215530196    0.0219270214    0.0223009381    0.0226751646
  0.0230496547    0.0234244856    0.0237996110    0.0241753873    0.0245513418
  0.0249282262    0.0253056994    0.0256839553    0.0260633191    0.0264434269
  0.0268245807    0.0272069433    0.0275909409    0.0279760388    0.0283627638
  -0.0000004736    -0.0001041964    -0.0002082136    -0.0003127965    -0.0004180381
  -0.0005240080    -0.0006307372    -0.0007382724    -0.0008466288    -0.0009558532
  -0.0010659686    -0.0011769983    -0.0012889889    -0.0014019713    -0.0015159842
  -0.0016310510    -0.0017472181    -0.0018645397    -0.0019830236    -0.0021027318
  -0.0022237185    -0.0023460069    -0.0024696591    -0.0025947371    -0.0027212796
  -0.0028493562    -0.0029790214    -0.0031103370    -0.0032433805    -0.0033781984
  -0.0035148916    -0.0036535296    -0.0037941745    -0.0039369425    -0.0040819111
  -0.0042291734    -0.0043788609    -0.0045310357    -0.0046858606    -0.0048434284
  -0.0050038788    -0.0051673588    -0.0053340158    -0.0055040124    -0.0056775114
  -0.0058547142    -0.0060357758    -0.0062209597    -0.0064104518    -0.0066044924
  -0.0068033680    -0.0070073423    -0.0072167018    -0.0074317953    -0.0076529482
  -0.0078805247    -0.0081149897    -0.0083567384    -0.0086062357    -0.0088639697
  -0.0091305062    -0.0094064495    -0.0096923497    -0.0099889663    -0.0102969733
  -0.0106170836    -0.0109500644    -0.0112967369    -0.0116579071    -0.0120342025
  -0.0124264368    -0.0128348580    -0.0132598224    -0.0137009427    -0.0141571882
  -0.0146259400    -0.0151031610    -0.0155804750    -0.0160458329    -0.0164777401
  -0.0168417230    -0.0170804808    -0.0170998445    -0.0167471978    -0.0157948789
  -0.0140049902    -0.0118628111    -0.0113613370    -0.0108633807    -0.0103695235
  -0.0098794708    -0.0093929437    -0.0089100739    -0.0084305903    -0.0079546323
  -0.0074821302    -0.0070126036    -0.0065466180    -0.0060837010    -0.0056237981
  -0.0051668552    -0.0047128180    -0.0042618337    -0.0038134608    -0.0033680478
  -0.0029253390    -0.0024849084    -0.0020472983    -0.0016124699    -0.0011797956
  -0.0007496318    -0.0003217384    0.0001045975    0.0005278417    0.0009487304
  0.0013676587    0.0017842856    0.0021990141    0.0026115033    0.0030221483
  0.0034307942    0.0038374564    0.0042423519    0.0046453103    0.0050467268
  0.0054460743    0.0058439109    0.0062400815    0.0066345939    0.0070276496
  0.0074190858    0.0078089181    0.0081975028    0.0085843363    0.0089701238
  0.0093541834    0.0097372124    0.0101188776    0.0104991868    0.0108783183
  0.0112562796    0.0116330633    0.0120088628    0.0123834923    0.0127571300
  0.0131297758    0.0135014299    0.0138720843    0.0142419097    0.0146108982
  0.0149790499    0.0153465119    0.0157129666    0.0160787162    0.0164442256
  0.0168087044    0.0171726099    0.0175359342    0.0178988013    0.0182610640
  0.0186231485    0.0189845821    0.0193457988    0.0197066358    0.0200670621
  0.0204273489    0.0207874808    0.0211474112    0.0215072718    0.0218671712
  0.0222270706    0.0225870785    0.0229470089    0.0233069625    0.0236674663
  0.0240283188    0.0243893340    0.0247507367    0.0251123330    0.0254747352
  -0.0000004736    -0.0001016316    -0.0002030221    -0.0003049007    -0.0004073605
  -0.0005104712    -0.0006142560    -0.0007187614    -0.0008240107    -0.0009300193
  -0.0010368261    -0.0011444619    -0.0012529501    -0.0013623139    -0.0014725843
  -0.0015838000    -0.0016959921    -0.0018091914    -0.0019234368    -0.0020387515
  -0.0021551976    -0.0022727904    -0.0023915842    -0.0025116101    -0.0026329222
  -0.0027555671    -0.0028795913    -0.0030050489    -0.0031320021    -0.0032605049
  -0.0033906040    -0.0035223767    -0.0036558852    -0.0037911913    -0.0039283803
  -0.0040675297    -0.0042087170    -0.0043520352    -0.0044975618    -0.0046453974
  -0.0047956660    -0.0049484453    -0.0051038745    -0.0052620545    -0.0054231247
  -0.0055872479    -0.0057545558    -0.0059251878    -0.0060993299    -0.0062771603
  -0.0064588574    -0.0066446689    -0.0068347576    -0.0070293871    -0.0072288051
  -0.0074333063    -0.0076431617    -0.0078586814    -0.0080801985    -0.0083081159
  -0.0085427204    -0.0087845001    -0.0090339354    -0.0092914370    -0.0095575550
  -0.0098327854    -0.0101177636    -0.0104130629    -0.0107193109    -0.0110371509
  -0.0113674352    -0.0117105356    -0.0120673588    -0.0124382767    -0.0128238550
  -0.0132242253    -0.0136393645    -0.0140683660    -0.0145098892    -0.0149607494
  -0.0154160574    -0.0158675066    -0.0163013664    -0.0166957781    -0.0170168260
  -0.0172078988    -0.0171796939    -0.0167914268    -0.0158408824    -0.0141247061
  -0.0120261827    -0.0115401050    -0.0110574135    -0.0105782863    -0.0101026383
  -0.0096306166    -0.0091617408    -0.0086961582    -0.0082340160    -0.0077748415
  -0.0073185804    -0.0068655816    -0.0064153954    -0.0059679678    -0.0055236396
  -0.0050819847    -0.0046431348    -0.0042068651    -0.0037731215    -0.0033418652
  -0.0029134449    -0.0024872407    -0.0020634076    -0.0016421005    -0.0012229088
  -0.0008059797    -0.0003914681    0.0000220904    0.0004322240    0.0008405909
  0.0012470284    0.0016511956    0.0020533016    0.0024535635    0.0028519967
  0.0032488182    0.0036434856    0.0040365878    0.0044277605    0.0048175851
  0.0052053484    0.0055919650    0.0059765670    0.0063598672    0.0067415401
  0.0071217796    0.0075004074    0.0078777954    0.0082537809    0.0086283794
  0.0090017691    0.0093737796    0.0097444341    0.0101139030    0.0104821941
  0.0108493230    0.0112156150    0.0115805820    0.0119443867    0.0123070446
  0.0126690516    0.0130299041    0.0133896175    0.0137486646    0.0141068980
  0.0144643024    0.0148205599    0.0151761433    0.0155310526    0.0158852801
  0.0162388101    0.0165916505    0.0169437781    0.0172953478    0.0176463518
  0.0179969141    0.0183467326    0.0186964038    0.0190454397    0.0193941346
  0.0197424808    0.0200904396    0.0204382977    0.0207857373    0.0211328748
  0.0214801362    0.0218273279    0.0221741399    0.0225208357    0.0228678104
  -0.0000004736    -0.0000992373    -0.0001981947    -0.0002975705    -0.0003974655
  -0.0004979262    -0.0005990067    -0.0007007226    -0.0008031049    -0.0009061769
  -0.0010099617    -0.0011144826    -0.0012197629    -0.0013258335    -0.0014327177
  -0.0015404388    -0.0016490278    -0.0017585078    -0.0018689254    -0.0019802883
  -0.0020926431    -0.0022060284    -0.0023204598    -0.0024359992    -0.0025526622
  -0.0026704952    -0.0027895370    -0.0029098186    -0.0030314174    -0.0031543568
  -0.0032786909    -0.0034044740    -0.0035317525    -0.0036606041    -0.0037910673
  -0.0039232197    -0.0040571079    -0.0041928247    -0.0043304244    -0.0044700077
  -0.0046116212    -0.0047553810    -0.0049013647    -0.0050496653    -0.0052003989
  -0.0053536662    -0.0055095682    -0.0056682363    -0.0058298180    -0.0059944293
  -0.0061622253    -0.0063333377    -0.0065079448    -0.0066862401    -0.0068684021
  -0.0070546553    -0.0072451624    -0.0074401793    -0.0076399538    -0.0078447261
  -0.0080548295    -0.0082705352    -0.0084921762    -0.0087200627    -0.0089545897
  -0.0091961756    -0.0094451770    -0.0097021362    -0.0099674097    -0.0102416328
  -0.0105252317    -0.0108188108    -0.0111229125    -0.0114381257    -0.0117650780
  -0.0121042886    -0.0124561682    -0.0128210267    -0.0131996855    -0.0135914782
  -0.0139962265    -0.0144128534    -0.0148393133    -0.0152721348    -0.0157058397
  -0.0161313543    -0.0165346691    -0.0168936309    -0.0171737662    -0.0173206255
  -0.0172494468    -0.0168305030    -0.0158840266    -0.0142350772    -0.0121831152
  -0.0117110470    -0.0112424734    -0.0107771620    -0.0103150508    -0.0098562792
  -0.0094005916    -0.0089479336    -0.0084982434    -0.0080514744    -0.0076077816
  -0.0071669093    -0.0067286018    -0.0062930295    -0.0058603397    -0.0054300907
  -0.0050024375    -0.0045773414    -0.0041547713    -0.0037344792    -0.0033166280
  -0.0029009929    -0.0024879304    -0.0020768127    -0.0016681978    -0.0012614736
  -0.0008569887    -0.0004545340    -0.0000542644    0.0003454706    0.0007418194
  0.0011364481    0.0015289846    0.0019198474    0.0023088583    0.0026960406
  0.0030814174    0.0034651980    0.0038473979    0.0042276683    0.0046065673
  0.0049837694    0.0053596231    0.0057338110    0.0061065111    0.0064779171
  0.0068475178    0.0072160259    0.0075832787    0.0079489353    0.0083133599
  0.0086765525    0.0090385363    0.0093991408    0.0097585443    0.0101169249
  0.0104741201    0.0108303002    0.0111851397    0.0115391502    0.0118919829
  0.0122439942    0.0125950059    0.0129450259    0.0132942167    0.0136422530
  0.0139896229    0.0143361560    0.0146817049    0.0150267348    0.0153707650
  0.0157142684    0.0160570744    0.0163990358    0.0167404470    0.0170811453
  0.0174214408    0.0177608451    0.0181001332    0.0184386620    0.0187768963
  0.0191145030    0.0194519237    0.0197886935    0.0201250991    0.0204614195
  -0.0000004736    -0.0000970134    -0.0001937005    -0.0002907518    -0.0003882524
  -0.0004862723    -0.0005848345    -0.0006839779    -0.0007837179    -0.0008840778
  -0.0009850731    -0.0010867426    -0.0011890861    -0.0012921426    -0.0013959274
  -0.0015004638    -0.0016057751    -0.0017118844    -0.0018188152    -0.0019265983
  -0.0020352647    -0.0021448377    -0.0022553560    -0.0023668429    -0.0024793294
  -0.0025928542    -0.0027074561    -0.0028231505    -0.0029399917    -0.0030580106
  -0.0031772384    -0.0032977524    -0.0034195682    -0.0035427478    -0.0036673221
  -0.0037933686    -0.0039209262    -0.0040500411    -0.0041808143    -0.0043132535
  -0.0044474515    -0.0045834860    -0.0047214267    -0.0048613200    -0.0050032821
  -0.0051473907    -0.0052937463    -0.0054424110    -0.0055934933    -0.0057471171
  -0.0059034064    -0.0060624388    -0.0062243614    -0.0063893446    -0.0065574661
  -0.0067289349    -0.0069038907    -0.0070824882    -0.0072649446    -0.0074514303
  -0.0076421931    -0.0078373805    -0.0080373254    -0.0082421830    -0.0084523252
  -0.0086680076    -0.0088894781    -0.0091171476    -0.0093513259    -0.0095924005
  -0.0098406968    -0.0100967726    -0.0103609768    -0.0106338051    -0.0109157148
  -0.0112071940    -0.0115087232    -0.0118209222    -0.0121441862    -0.0124789259
  -0.0128255907    -0.0131843510    -0.0135552844    -0.0139380965    -0.0143320897
  -0.0147358772    -0.0151471499    -0.0155618784    -0.0159741351    -0.0163742962
  -0.0167479339    -0.0170726857    -0.0173144111    -0.0174204507    -0.0173104206
  -0.0168651161    -0.0159240404    -0.0143375060    -0.0123340192    -0.0118752632
  -0.0114197460    -0.0109672120    -0.0105176303    -0.0100711402    -0.0096276876
  -0.0091870245    -0.0087493059    -0.0083140746    -0.0078816947    -0.0074523136
  -0.0070252958    -0.0066007963    -0.0061787841    -0.0057592049    -0.0053422293
  -0.0049276170    -0.0045151433    -0.0041053507    -0.0036974332    -0.0032919332
  -0.0028886417    -0.0024873182    -0.0020881334    -0.0016910562    -0.0012960634
  -0.0009027442    -0.0005118272    -0.0001225373    0.0002658305    0.0006513700
  0.0010349879    0.0014168778    0.0017970708    0.0021754041    0.0025522497
  0.0029274526    0.0033008578    0.0036728373    0.0040432206    0.0044118604
  0.0047791210    0.0051450178    0.0055093881    0.0058724180    0.0062339601
  0.0065941849    0.0069529298    0.0073105744    0.0076665840    0.0080216792
  0.0083755192    0.0087281039    0.0090794566    0.0094295695    0.0097786286
  0.0101268122    0.0104736164    0.0108193746    0.0111642727    0.0115079775
  0.0118506518    0.0121924737    0.0125334355    0.0128733823    0.0132123140
  0.0135505560    0.0138879457    0.0142244753    0.0145603153    0.0148952952
  0.0152294150    0.0155629924    0.0158957019    0.0162280163    0.0165593001
  0.0168900105    0.0172203025    0.0175500134    0.0178792825    0.0182076451
  -0.0000004736    -0.0000949213    -0.0001894930    -0.0002843747    -0.0003796592
  -0.0004753932    -0.0005716309    -0.0006683800    -0.0007656714    -0.0008635208
  -0.0009619513    -0.0010609785    -0.0011606255    -0.0012609079    -0.0013618413
  -0.0014634565    -0.0015657613    -0.0016687867    -0.0017725560    -0.0018770769
  -0.0019823959    -0.0020885131    -0.0021954826    -0.0023033044    -0.0024120250
  -0.0025216600    -0.0026322481    -0.0027438125    -0.0028563920    -0.0029700252
  -0.0030847278    -0.0032005540    -0.0033175191    -0.0034356776    -0.0035550758
  -0.0036757371    -0.0037977234    -0.0039210734    -0.0040458491    -0.0041720894
  -0.0042998406    -0.0044291881    -0.0045601550    -0.0046928266    -0.0048272726
  -0.0049635550    -0.0051017281    -0.0052418849    -0.0053840950    -0.0055284747
  -0.0056750628    -0.0058239910    -0.0059753445    -0.0061292318    -0.0062857458
  -0.0064450416    -0.0066072121    -0.0067724201    -0.0069407740    -0.0071124521
  -0.0072875705    -0.0074663541    -0.0076489422    -0.0078355208    -0.0080263224
  -0.0082215640    -0.0084214547    -0.0086262426    -0.0088361832    -0.0090516022
  -0.0092727318    -0.0094999364    -0.0097334871    -0.0099738023    -0.0102211919
  -0.0104761055    -0.0107388994    -0.0110100308    -0.0112898716    -0.0115789720
  -0.0118776575    -0.0121864393    -0.0125056121    -0.0128356484    -0.0131766024
  -0.0135286525    -0.0138916823    -0.0142651883    -0.0146481553    -0.0150389251
  -0.0154348478    -0.0158315918    -0.0162226173    -0.0165979597    -0.0169429120
  -0.0172348252    -0.0174405816    -0.0175088081    -0.0173639557    -0.0168958548
  -0.0159617141    -0.0144316205    -0.0124794450    -0.0120329860    -0.0115895179
  -0.0111490175    -0.0107112214    -0.0102764937    -0.0098441836    -0.0094148490
  -0.0089880481    -0.0085639283    -0.0081422570    -0.0077231970    -0.0073066941
  -0.0068925312    -0.0064808556    -0.0060714427    -0.0056642535    -0.0052592573
  -0.0048566166    -0.0044562927    -0.0040580687    -0.0036617199    -0.0032676026
  -0.0028754923    -0.0024853733    -0.0020973930    -0.0017111638    -0.0013270190
  -0.0009443930    -0.0005638048    -0.0001850531    0.0001929393    0.0005680802
  0.0009418187    0.0013136277    0.0016838792    0.0020524260    0.0024196324
  0.0027848086    0.0031488612    0.0035110930    0.0038720617    0.0042314109
  0.0045895281    0.0049460569    0.0053013691    0.0056551316    0.0060077086
  0.0063589218    0.0067087945    0.0070573422    0.0074047354    0.0077511600
  0.0080961123    0.0084397706    0.0087826541    0.0091240963    0.0094646087
  0.0098040208    0.0101423481    0.0104795906    0.0108159265    0.0111510226
  0.0114853826    0.0118186811    0.0121510807    0.0124825814    0.0128133538
  0.0131429175    0.0134719077    0.0138001695    0.0141273853    0.0144540277
  0.0147796240    0.0151047942    0.0154289183    0.0157526162    0.0160755703
  -0.0000004736    -0.0000929609    -0.0001855412    -0.0002784005    -0.0003716084
  -0.0004652271    -0.0005592796    -0.0006538048    -0.0007488260    -0.0008443430
  -0.0009403870    -0.0010369733    -0.0011341175    -0.0012318352    -0.0013301495
  -0.0014290681    -0.0015286145    -0.0016288117    -0.0017296752    -0.0018312129
  -0.0019334635    -0.0020364425    -0.0021401730    -0.0022446707    -0.0023499665
  -0.0024560836    -0.0025630453    -0.0026708749    -0.0027796188    -0.0028892770
  -0.0029999039    -0.0031115147    -0.0032241562    -0.0033378515    -0.0034526238
  -0.0035685274    -0.0036855701    -0.0038038293    -0.0039233205    -0.0040440980
  -0.0041662082    -0.0042896822    -0.0044145975    -0.0045409617    -0.0046688756
  -0.0047983626    -0.0049294844    -0.0050623265    -0.0051969275    -0.0053333572
  -0.0054717007    -0.0056120357    -0.0057544163    -0.0058989510    -0.0060457250
  -0.0061948159    -0.0063463244    -0.0065003589    -0.0066570589    -0.0068164709
  -0.0069787732    -0.0071440896    -0.0073125520    -0.0074842843    -0.0076594648
  -0.0078382561    -0.0080208287    -0.0082073995    -0.0083981004    -0.0085931793
  -0.0087928763    -0.0089973620    -0.0092069849    -0.0094219390    -0.0096424875
  -0.0098690179    -0.0101017395    -0.0103410551    -0.0105872825    -0.0108407781
  -0.0111019215    -0.0113710770    -0.0116486010    -0.0119349739    -0.0122304824
  -0.0125355294    -0.0128504249    -0.0131751999    -0.0135102728    -0.0138553569
  -0.0142101577    -0.0145740709    -0.0149457946    -0.0153234461    -0.0157040265
  -0.0160827008    -0.0164528748    -0.0168040958    -0.0171213546    -0.0173822734
  -0.0175539050    -0.0175872704    -0.0174108890    -0.0169234785    -0.0159971175
  -0.0145194432    -0.0126199195    -0.0121850058    -0.0117528585    -0.0113232604
  -0.0108965680    -0.0104725412    -0.0100511333    -0.0096322981    -0.0092160043
  -0.0088020197    -0.0083904913    -0.0079813883    -0.0075746796    -0.0071701327
  -0.0067679027    -0.0063679662    -0.0059700987    -0.0055744550    -0.0051810041
  -0.0047895369    -0.0044002005    -0.0040125999    -0.0036272773    -0.0032438144
  -0.0028622034    -0.0024825916    -0.0021047774    -0.0017287377    -0.0013544491
  -0.0009820744    -0.0006114045    -0.0002422377    0.0001261309    0.0004917952
  0.0008560106    0.0012182578    0.0015792730    0.0019387153    0.0022965923
  0.0026529273    0.0030079141    0.0033613899    0.0037133625    0.0040640333
  0.0044134101    0.0047613302    0.0051079872    0.0054533812    0.0057973495
  0.0061400935    0.0064816055    0.0068220791    0.0071610031    0.0074990746
  0.0078359607    0.0081714985    0.0085061994    0.0088395676    0.0091721222
  0.0095033595    0.0098337832    0.0101630679    0.0104913917    0.0108185920
  0.0111451647    0.0114704511    0.0117951176    0.0121188387    0.0124414518
  0.0127636078    0.0130846635    0.0134049365    0.0137244347    0.0140429953
  -0.0000004736    -0.0000911167    -0.0001818296    -0.0002727827    -0.0003640535
  -0.0004556808    -0.0005477032    -0.0006401518    -0.0007330421    -0.0008263972
  -0.0009202173    -0.0010145333    -0.0011093608    -0.0012046996    -0.0013005808
  -0.0013970122    -0.0014940092    -0.0015915951    -0.0016897854    -0.0017885801
  -0.0018880180    -0.0019881144    -0.0020888773    -0.0021903375    -0.0022925106
  -0.0023954198    -0.0024990883    -0.0026035318    -0.0027087888    -0.0028148672
  -0.0029218057    -0.0030296198    -0.0031383404    -0.0032480064    -0.0033586332
  -0.0034702596    -0.0035829166    -0.0036966351    -0.0038114384    -0.0039273652
  -0.0040444699    -0.0041627756    -0.0042823210    -0.0044031528    -0.0045253327
  -0.0046488842    -0.0047738537    -0.0049003109    -0.0050282946    -0.0051578745
  -0.0052890971    -0.0054220399    -0.0055567262    -0.0056932643    -0.0058316931
  -0.0059721211    -0.0061146024    -0.0062592146    -0.0064060584    -0.0065552190
  -0.0067068204    -0.0068609092    -0.0070176479    -0.0071771142    -0.0073394242
  -0.0075047484    -0.0076731798    -0.0078448656    -0.0080199996    -0.0081986669
  -0.0083811077    -0.0085674694    -0.0087579301    -0.0089527377    -0.0091520396
  -0.0093561068    -0.0095651796    -0.0097795138    -0.0099992952    -0.0102249578
  -0.0104566255    -0.0106947324    -0.0109395650    -0.0111914179    -0.0114506397
  -0.0117175481    -0.0119925305    -0.0122759590    -0.0125679961    -0.0128690216
  -0.0131792060    -0.0134987351    -0.0138274851    -0.0141653088    -0.0145116869
  -0.0148657748    -0.0152261236    -0.0155905560    -0.0159557477    -0.0163167396
  -0.0166663644    -0.0169940683    -0.0172846565    -0.0175159910    -0.0176556984
  -0.0176568219    -0.0174520883    -0.0169480726    -0.0160302892    -0.0146007571
  -0.0127554581    -0.0123313925    -0.0119096902    -0.0114909479    -0.0110745224
  -0.0106607702    -0.0102492574    -0.0098403481    -0.0094336006    -0.0090293792
  -0.0086272654    -0.0082276079    -0.0078301743    -0.0074347553    -0.0070414981
  -0.0066503873    -0.0062615779    -0.0058744577    -0.0054893985    -0.0051065633
  -0.0047255334    -0.0043464795    -0.0039691845    -0.0035938188    -0.0032203516
  -0.0028485814    -0.0024786708    -0.0021104029    -0.0017439559    -0.0013791206
  -0.0010160521    -0.0006545565    -0.0002946106    0.0000646612    0.0004215464
  0.0007767579    0.0011303034    0.0014825550    0.0018333575    0.0021825483
  0.0025304917    0.0028770325    0.0032221708    0.0035659298    0.0039083251
  0.0042495349    0.0045894042    0.0049279407    0.0052651599    0.0056014106
  0.0059361890    0.0062698516    0.0066024062    0.0069336900    0.0072638890
  0.0075931737    0.0079212108    0.0082480082    0.0085739222    0.0088989452
  0.0092227593    0.0095455274    0.0098674276    0.0101882896    0.0105081365
  0.0108272859    0.0111454204    0.0114627025    0.0117789772    0.0120944151
  -0.0000004736    -0.0000893733    -0.0001783273    -0.0002674904    -0.0003569326
  -0.0004467002    -0.0005368164    -0.0006273201    -0.0007182267    -0.0008095440
  -0.0009013030    -0.0009935036    -0.0010861614    -0.0011792997    -0.0012729183
  -0.0013670406    -0.0014616743    -0.0015568426    -0.0016525534    -0.0017488220
  -0.0018456641    -0.0019431028    -0.0020411459    -0.0021398088    -0.0022391227
  -0.0023391029    -0.0024397495    -0.0025411090    -0.0026431814    -0.0027459976
  -0.0028495809    -0.0029539546    -0.0030591419    -0.0031651583    -0.0032720348
  -0.0033798024    -0.0034884843    -0.0035981193    -0.0037087151    -0.0038203260
  -0.0039329597    -0.0040466627    -0.0041614583    -0.0042773929    -0.0043944821
  -0.0045127800    -0.0046323487    -0.0047531959    -0.0048753992    -0.0049989584
  -0.0051239666    -0.0052504548    -0.0053784618    -0.0055080727    -0.0056393108
  -0.0057722846    -0.0059070018    -0.0060435554    -0.0061820152    -0.0063224664
  -0.0064649633    -0.0066095832    -0.0067564425    -0.0069056031    -0.0070571658
  -0.0072112390    -0.0073679158    -0.0075273433    -0.0076895759    -0.0078547761
  -0.0080230835    -0.0081946453    -0.0083695391    -0.0085480127    -0.0087301669
  -0.0089161876    -0.0091062763    -0.0093006501    -0.0094994637    -0.0097029266
  -0.0099112865    -0.0101248148    -0.0103437129    -0.0105682752    -0.0107987109
  -0.0110354230    -0.0112786904    -0.0115286294    -0.0117857125    -0.0120502731
  -0.0123224196    -0.0126025859    -0.0128909811    -0.0131877294    -0.0134930632
  -0.0138069281    -0.0141291615    -0.0144594923    -0.0147972229    -0.0151414004
  -0.0154903123    -0.0158414790    -0.0161913750    -0.0165348551    -0.0168643412
  -0.0171692410    -0.0174342045    -0.0176374039    -0.0177471551    -0.0177185473
  -0.0174881890    -0.0169701561    -0.0160617641    -0.0146773598    -0.0128866187
  -0.0124727425    -0.0120612606    -0.0116521576    -0.0112453946    -0.0108413437
  -0.0104393616    -0.0100396189    -0.0096420845    -0.0092469212    -0.0088538966
  -0.0084629950    -0.0080741701    -0.0076874062    -0.0073026726    -0.0069201317
  -0.0065393731    -0.0061605594    -0.0057836673    -0.0054088750    -0.0050357565
  -0.0046644899    -0.0042950597    -0.0039272413    -0.0035613909    -0.0031971213
  -0.0028345951    -0.0024737969    -0.0021146956    -0.0017570898    -0.0014011499
  -0.0010468605    -0.0006940201    -0.0003426054    0.0000082591    0.0003564969
  0.0007035336    0.0010488424    0.0013927951    0.0017355934    0.0020767024
  0.0024166802    0.0027553639    0.0030925754    0.0034283379    0.0037630156
  0.0040966162    0.0044288066    0.0047597572    0.0050894991    0.0054181948
  0.0057456973    0.0060720065    0.0063971302    0.0067210838    0.0070440456
  0.0073660234    0.0076868466    0.0080065307    0.0083255795    0.0086433342
  0.0089599732    0.0092758295    0.0095907405    0.0099047062    0.0102177420
  -0.0000004736    -0.0000877306    -0.0001750264    -0.0002625003    -0.0003502145
  -0.0004382232    -0.0005265573    -0.0006152323    -0.0007042792    -0.0007936981
  -0.0008835122    -0.0009737369    -0.0010643724    -0.0011554495    -0.0012469605
  -0.0013389364    -0.0014313695    -0.0015242907    -0.0016177079    -0.0017116287
  -0.0018060687    -0.0019010434    -0.0019965759    -0.0020926741    -0.0021893457
  -0.0022866216    -0.0023845020    -0.0024830255    -0.0025821921    -0.0026820329
  -0.0027825478    -0.0028837833    -0.0029857472    -0.0030884472    -0.0031919298
  -0.0032961950    -0.0034012893    -0.0035072204    -0.0036140117    -0.0037217095
  -0.0038303295    -0.0039398947    -0.0040504363    -0.0041619852    -0.0042745647
  -0.0043882057    -0.0045029470    -0.0046188352    -0.0047358933    -0.0048541680
  -0.0049736980    -0.0050945219    -0.0052166787    -0.0053402224    -0.0054651996
  -0.0055916491    -0.0057196406    -0.0058492205    -0.0059804353    -0.0061133704
  -0.0062480488    -0.0063845792    -0.0065230003    -0.0066633895    -0.0068058166
  -0.0069503823    -0.0070971563    -0.0072462317    -0.0073977247    -0.0075516739
  -0.0077082345    -0.0078674760    -0.0080295226    -0.0081945601    -0.0083626273
  -0.0085338947    -0.0087085328    -0.0088866112    -0.0090683857    -0.0092540035
  -0.0094436041    -0.0096373734    -0.0098354897    -0.0100382397    -0.0102458015
  -0.0104583612    -0.0106761745    -0.0108995125    -0.0111285922    -0.0113637003
  -0.0116050926    -0.0118530402    -0.0121078065    -0.0123696473    -0.0126388803
  -0.0129155907    -0.0132000187    -0.0134923735    -0.0137925622    -0.0141005304
  -0.0144161233    -0.0147387752    -0.0150677809    -0.0154019007    -0.0157392672
  -0.0160772070    -0.0164119932    -0.0167381319    -0.0170480451    -0.0173308381
  -0.0175712618    -0.0177476355    -0.0178293291    -0.0177733454    -0.0175199816
  -0.0169901088    -0.0160912552    -0.0147490731    -0.0130138353    -0.0126093504
  -0.0122072908    -0.0118076488    -0.0114099905    -0.0110148892    -0.0106217018
  -0.0102308080    -0.0098419830    -0.0094553819    -0.0090707800    -0.0086883554
  -0.0083076820    -0.0079291317    -0.0075524798    -0.0071777031    -0.0068047705
  -0.0064338604    -0.0060647479    -0.0056974176    -0.0053318462    -0.0049680105
  -0.0046058950    -0.0042454687    -0.0038869020    -0.0035298076    -0.0031743482
  -0.0028205004    -0.0024680784    -0.0021174154    -0.0017683175    -0.0014207694
  -0.0010745695    -0.0007298806    -0.0003866950    -0.0000448188    0.0002966389
  0.0006355938    0.0009732857    0.0013095519    0.0016445783    0.0019782099
  0.0023104545    0.0026414904    0.0029715189    0.0033000210    0.0036273530
  0.0039537087    0.0042785689    0.0046024606    0.0049252287    0.0052465323
  0.0055670765    0.0058865204    0.0062046936    0.0065219602    0.0068379793
  0.0071530995    0.0074671581    0.0077803335    0.0080922845    0.0084035382
  -0.0000004736    -0.0000861731    -0.0001718882    -0.0002577737    -0.0003438684
  -0.0004302189    -0.0005168715    -0.0006038263    -0.0006911144    -0.0007787511
  -0.0008667442    -0.0009551093    -0.0010438618    -0.0011330017    -0.0012225446
  -0.0013125059    -0.0014029011    -0.0014937225    -0.0015850011    -0.0016767445
  -0.0017689529    -0.0018616495    -0.0019548497    -0.0020485613    -0.0021427920
  -0.0022375807    -0.0023329118    -0.0024288163    -0.0025253096    -0.0026224074
  -0.0027201250    -0.0028184703    -0.0029174820    -0.0030171677    -0.0031175432
  -0.0032186314    -0.0033204404    -0.0034230164    -0.0035263750    -0.0036305085
  -0.0037354866    -0.0038413015    -0.0039479920    -0.0040555891    -0.0041641006
  -0.0042735729    -0.0043840292    -0.0044954774    -0.0046079716    -0.0047215274
  -0.0048361835    -0.0049519864    -0.0050689825    -0.0051871642    -0.0053066167
  -0.0054273632    -0.0055494580    -0.0056729320    -0.0057978317    -0.0059242114
  -0.0060521099    -0.0061816123    -0.0063127574    -0.0064455917    -0.0065801772
  -0.0067166069    -0.0068549195    -0.0069951925    -0.0071375033    -0.0072819450
  -0.0074285641    -0.0075774923    -0.0077287838    -0.0078825471    -0.0080388674
  -0.0081978843    -0.0083596984    -0.0085244337    -0.0086921832    -0.0088630709
  -0.0090373138    -0.0092149737    -0.0093962136    -0.0095812812    -0.0097702697
  -0.0099633029    -0.0101606676    -0.0103625730    -0.0105691352    -0.0107805946
  -0.0109971526    -0.0112191191    -0.0114466569    -0.0116800138    -0.0119194379
  -0.0121652082    -0.0124174407    -0.0126764998    -0.0129424551    -0.0132155469
  -0.0134961626    -0.0137835738    -0.0140784702    -0.0143804798    -0.0146891996
  -0.0150040796    -0.0153242132    -0.0156481358    -0.0159739646    -0.0162987086
  -0.0166185322    -0.0169277558    -0.0172185996    -0.0174799988    -0.0176968279
  -0.0178478095    -0.0179032275    -0.0178219679    -0.0175477603    -0.0170080546
  -0.0161191735    -0.0148165402    -0.0131368288    -0.0127415648    -0.0123483697
  -0.0119574526    -0.0115685734    -0.0111818948    -0.0107974091    -0.0104146746
  -0.0100342646    -0.0096555594    -0.0092789230    -0.0089045259    -0.0085315701
  -0.0081606135    -0.0077916327    -0.0074245891    -0.0070592889    -0.0066955075
  -0.0063336012    -0.0059735623    -0.0056151739    -0.0052584127    -0.0049032632
  -0.0045497021    -0.0041979000    -0.0038476631    -0.0034987667    -0.0031515828
  -0.0028060880    -0.0024618950    -0.0021191666    -0.0017777166    -0.0014380720
  -0.0010996750    -0.0007626805    -0.0004269102    -0.0000928757    0.0002411821
  0.0005728456    0.0009029827    0.0012321511    0.0015596458    0.0018861797
  0.0022115979    0.0025353888    0.0028584203    0.0031800184    0.0035005394
  0.0038198206    0.0041380402    0.0044550356    0.0047709927    0.0050859115
  0.0053998151    0.0057125178    0.0060242209    0.0063349167    0.0066444579
  -0.0000004658    -0.0000846931    -0.0001689205    -0.0002532873    -0.0003378478
  -0.0004226407    -0.0005076972    -0.0005930325    -0.0006786701    -0.0007646254
  -0.0008509061    -0.0009375277    -0.0010244980    -0.0011118248    -0.0011995313
  -0.0012876096    -0.0013760832    -0.0014649442    -0.0015542313    -0.0016439369
  -0.0017340609    -0.0018246421    -0.0019156727    -0.0020071682    -0.0020991442
  -0.0021916160    -0.0022845837    -0.0023780784    -0.0024720922    -0.0025666639
  -0.0026617935    -0.0027574965    -0.0028537962    -0.0029507002    -0.0030482242
  -0.0031463912    -0.0032452247    -0.0033447400    -0.0034449372    -0.0035458627
  -0.0036475244    -0.0037499455    -0.0038531491    -0.0039571509    -0.0040619662
  -0.0041676494    -0.0042742160    -0.0043816814    -0.0044900689    -0.0045994094
  -0.0047097418    -0.0048210660    -0.0049334285    -0.0050468680    -0.0051614001
  -0.0052771023    -0.0053939590    -0.0055120477    -0.0056313840    -0.0057520142
  -0.0058739850    -0.0059973428    -0.0061221185    -0.0062483898    -0.0063761643
  -0.0065055349    -0.0066365406    -0.0067692354    -0.0069036892    -0.0070399407
  -0.0071780828    -0.0073182008    -0.0074603179    -0.0076045427    -0.0077509603
  -0.0078996482    -0.0080506685    -0.0082041761    -0.0083602098    -0.0085189244
  -0.0086803821    -0.0088447455    -0.0090120301    -0.0091825148    -0.0093562618
  -0.0095333639    -0.0097140691    -0.0098984006    -0.0100866529    -0.0102789190
  -0.0104753694    -0.0106762597    -0.0108817139    -0.0110919413    -0.0113072130
  -0.0115275910    -0.0117534706    -0.0119849524    -0.0122222379    -0.0124655905
  -0.0127151653    -0.0129712179    -0.0132338181    -0.0135031828    -0.0137792036
  -0.0140620354    -0.0143514922    -0.0146473107    -0.0149490878    -0.0152560410
  -0.0155671784    -0.0158810279    -0.0161952725    -0.0165070221    -0.0168121234
  -0.0171047261    -0.0173768803    -0.0176176372    -0.0178119412    -0.0179388401
  -0.0179696718    -0.0178651121    -0.0175723079    -0.0170243189    -0.0161459139
  -0.0148797145    -0.0132565990    -0.0128696182    -0.0124849698    -0.0121022508
  -0.0117216471    -0.0113431123    -0.0109664372    -0.0105915985    -0.0102189526
  -0.0098480889    -0.0094791779    -0.0091118011    -0.0087465319    -0.0083831456
  -0.0080212316    -0.0076613554    -0.0073029128    -0.0069464538    -0.0065915909
  -0.0062380996    -0.0058863518    -0.0055363241    -0.0051879933    -0.0048409799
  -0.0044956246    -0.0041517338    -0.0038094780    -0.0034686479    -0.0031290576
  -0.0027912262    -0.0024545959    -0.0021195152    -0.0017857984    -0.0014532360
  -0.0011221847    -0.0007924506    -0.0004641965    -0.0001370582    0.0001898399
  0.0005144367    0.0008376077    0.0011597094    0.0014805791    0.0018004104
  0.0021190253    0.0024362609    0.0027524891    0.0030675396    0.0033814123
  0.0036943087    0.0040060428    0.0043168083    0.0046264425    0.0049349454
  -0.0000004658    -0.0000832829    -0.0001661000    -0.0002490333    -0.0003321370
  -0.0004154500    -0.0004989955    -0.0005827966    -0.0006668767    -0.0007512435
  -0.0008359125    -0.0009208837    -0.0010061803    -0.0010918102    -0.0011777732
  -0.0012640849    -0.0013507608    -0.0014377931    -0.0015252051    -0.0016129968
  -0.0017011914    -0.0017897889    -0.0018787971    -0.0019682315    -0.0020581076
  -0.0021484253    -0.0022392002    -0.0023304477    -0.0024221757    -0.0025143996
  -0.0026071349    -0.0027003971    -0.0027941862    -0.0028885332    -0.0029834458
  -0.0030789319    -0.0031750146    -0.0032717094    -0.0033690396    -0.0034670129
  -0.0035656449    -0.0036649665    -0.0037649855    -0.0038657328    -0.0039672008
  -0.0040694514    -0.0041724768    -0.0042763236    -0.0043809840    -0.0044865122
  -0.0045929083    -0.0047002110    -0.0048084512    -0.0049176446    -0.0050278065
  -0.0051389757    -0.0052511987    -0.0053644755    -0.0054788759    -0.0055944154
  -0.0057111248    -0.0058290431    -0.0059482399    -0.0060687152    -0.0061905232
  -0.0063137338    -0.0064383546    -0.0065644243    -0.0066920438    -0.0068212286
  -0.0069520482    -0.0070845494    -0.0072187862    -0.0073548594    -0.0074927613
  -0.0076326314    -0.0077745393    -0.0079184851    -0.0080646160    -0.0082130095
  -0.0083637276    -0.0085168865    -0.0086725715    -0.0088308522    -0.0089919069
  -0.0091557899    -0.0093226251    -0.0094925752    -0.0096657100    -0.0098421845
  -0.0100221458    -0.0102057567    -0.0103931955    -0.0105845395    -0.0107799825
  -0.0109797725    -0.0111840335    -0.0113928583    -0.0116066423    -0.0118253931
  -0.0120494285    -0.0122788879    -0.0125138798    -0.0127547684    -0.0130015150
  -0.0132544062    -0.0135134730    -0.0137788782    -0.0140505055    -0.0143284014
  -0.0146122482    -0.0149018213    -0.0151964697    -0.0154954961    -0.0157975909
  -0.0161012509    -0.0164040509    -0.0167029068    -0.0169934639    -0.0172697946
  -0.0175238869    -0.0177447841    -0.0179175082    -0.0180216107    -0.0180293593
  -0.0179032430    -0.0175938103    -0.0170392039    -0.0161710271    -0.0149394795
  -0.0133726111    -0.0129939988    -0.0126171920    -0.0122423998    -0.0118695912
  -0.0114985415    -0.0111296228    -0.0107624164    -0.0103969070    -0.0100334510
  -0.0096716455    -0.0093116686    -0.0089532879    -0.0085968909    -0.0082418576
  -0.0078885677    -0.0075369981    -0.0071871331    -0.0068387559    -0.0064920369
  -0.0061467823    -0.0058031550    -0.0054609534    -0.0051203403    -0.0047811219
  -0.0044434687    -0.0041071716    -0.0037724087    -0.0034387925    -0.0031068578
  -0.0027760467    -0.0024467078    -0.0021188334    -0.0017922142    -0.0014668503
  -0.0011425480    -0.0008196560    -0.0004981509    -0.0001778546    0.0001422867
  0.0004602042    0.0007769594    0.0010925445    0.0014069906    0.0017201117
  0.0020322797    0.0023433241    0.0026532605    0.0029620966    0.0032696620
  -0.0000004658    -0.0000819424    -0.0001634112    -0.0002449808    -0.0003266975
  -0.0004086080    -0.0004907277    -0.0005730799    -0.0006556800    -0.0007385436
  -0.0008216861    -0.0009051076    -0.0009888312    -0.0010728493    -0.0011571774
  -0.0012418231    -0.0013268021    -0.0014121142    -0.0014977673    -0.0015837845
  -0.0016701505    -0.0017568883    -0.0018440136    -0.0019315186    -0.0020194265
  -0.0021077374    -0.0021964666    -0.0022856221    -0.0023752269    -0.0024652734
  -0.0025557926    -0.0026467767    -0.0027382568    -0.0028302327    -0.0029227123
  -0.0030157343    -0.0031092831    -0.0032033899    -0.0032980624    -0.0033933237
  -0.0034891817    -0.0035856596    -0.0036827728    -0.0037805292    -0.0038789520
  -0.0039780644    -0.0040778819    -0.0041784278    -0.0042797098    -0.0043817589
  -0.0044846061    -0.0045882514    -0.0046927336    -0.0047980681    -0.0049043015
  -0.0050114259    -0.0051194802    -0.0052284721    -0.0053384635    -0.0054494390
  -0.0055614838    -0.0056745902    -0.0057887968    -0.0059041581    -0.0060206816
  -0.0061384216    -0.0062574169    -0.0063777140    -0.0064993128    -0.0066223142
  -0.0067467257    -0.0068726173    -0.0069999889    -0.0071289644    -0.0072595593
  -0.0073918125    -0.0075258091    -0.0076615956    -0.0077992341    -0.0079388174
  -0.0080804077    -0.0082240513    -0.0083698568    -0.0085178784    -0.0086682245
  -0.0088209805    -0.0089762315    -0.0091340473    -0.0092946139    -0.0094579545
  -0.0096242318    -0.0097935310    -0.0099659839    -0.0101417300    -0.0103209552
  -0.0105036905    -0.0106901452    -0.0108805284    -0.0110748944    -0.0112734136
  -0.0114763728    -0.0116837642    -0.0118958977    -0.0121128896    -0.0123350033
  -0.0125622466    -0.0127949527    -0.0130331138    -0.0132769546    -0.0135265914
  -0.0137820241    -0.0140432993    -0.0143104401    -0.0145831600    -0.0148614046
  -0.0151445386    -0.0154320505    -0.0157229564    -0.0160161403    -0.0163095489
  -0.0166012529    -0.0168871376    -0.0171633986    -0.0174238834    -0.0176604715
  -0.0178621832    -0.0180142495    -0.0180968186    -0.0180829951    -0.0179370889
  -0.0176126239    -0.0170526013    -0.0161948541    -0.0149959901    -0.0134855857
  -0.0131144586    -0.0127454236    -0.0123780856    -0.0120126227    -0.0116489962
  -0.0112870124    -0.0109270200    -0.0105688021    -0.0102119711    -0.0098570696
  -0.0095040819    -0.0091522178    -0.0088024148    -0.0084540918    -0.0081074116
  -0.0077621725    -0.0074187234    -0.0070764986    -0.0067360327    -0.0063969383
  -0.0060593858    -0.0057231739    -0.0053884730    -0.0050552675    -0.0047235498
  -0.0043929246    -0.0040639344    -0.0037361994    -0.0034097043    -0.0030846193
  -0.0027609369    -0.0024382773    -0.0021171674    -0.0017970648    -0.0014783028
  -0.0011608812    -0.0008446065    -0.0005294630    -0.0002156213    0.0000983056
  0.0004097530    0.0007202706    0.0010295328    0.0013378963    0.0016450199
  -0.0000004658    -0.0000806639    -0.0001608464    -0.0002411142    -0.0003215215
  -0.0004020914    -0.0004828551    -0.0005638358    -0.0006450334    -0.0007264790
  -0.0008081648    -0.0008901218    -0.0009723499    -0.0010548493    -0.0011376354
  -0.0012207159    -0.0013040909    -0.0013877836    -0.0014717862    -0.0015561220
  -0.0016407755    -0.0017257777    -0.0018111208    -0.0018968204    -0.0019828841
  -0.0020693275    -0.0021561506    -0.0022433534    -0.0023309669    -0.0024189910
  -0.0025074336    -0.0025963101    -0.0026856360    -0.0027754113    -0.0028656593
  -0.0029563722    -0.0030475733    -0.0031392935    -0.0032315251    -0.0033242759
  -0.0034175846    -0.0035114434    -0.0036058757    -0.0037008968    -0.0037965146
  -0.0038927522    -0.0039896408    -0.0040871647    -0.0041853628    -0.0042842504
  -0.0043838510    -0.0044841722    -0.0045852372    -0.0046870849    -0.0047897074
  -0.0048931435    -0.0049974319    -0.0051025650    -0.0052085736    -0.0053154966
  -0.0054233417    -0.0055321243    -0.0056419143    -0.0057526806    -0.0058645162
  -0.0059773979    -0.0060914108    -0.0062065396    -0.0063228539    -0.0064403769
  -0.0065591553    -0.0066792277    -0.0068005863    -0.0069233474    -0.0070475110
  -0.0071731547    -0.0073002860    -0.0074289748    -0.0075592753    -0.0076912495
  -0.0078249517    -0.0079604128    -0.0080977646    -0.0082369915    -0.0083782098
  -0.0085214970    -0.0086668840    -0.0088144872    -0.0089643916    -0.0091166750
  -0.0092714533    -0.0094287577    -0.0095887277    -0.0097515026    -0.0099171212
  -0.0100856999    -0.0102574167    -0.0104324189    -0.0106107298    -0.0107925430
  -0.0109780058    -0.0111672500    -0.0113604459    -0.0115576401    -0.0117591193
  -0.0119649997    -0.0121754596    -0.0123905608    -0.0126105747    -0.0128355554
  -0.0130657277    -0.0133011612    -0.0135419646    -0.0137881455    -0.0140398356
  -0.0142969730    -0.0145594183    -0.0148270240    -0.0150994107    -0.0153761289
  -0.0156564191    -0.0159392741    -0.0162233999    -0.0165067199    -0.0167868939
  -0.0170604119    -0.0173227641    -0.0175677285    -0.0177873549    -0.0179706404
  -0.0181030408    -0.0181651381    -0.0181311294    -0.0179669675    -0.0176290044
  -0.0170647511    -0.0162179682    -0.0150493392    -0.0135952905    -0.0132315943
  -0.0128696880    -0.0125095561    -0.0121510050    -0.0117943832    -0.0114392957
  -0.0110861066    -0.0107344052    -0.0103845713    -0.0100361785    -0.0096894208
  -0.0093440810    -0.0090005234    -0.0086585465    -0.0083181193    -0.0079788622
  -0.0076415035    -0.0073054621    -0.0069707301    -0.0066376641    -0.0063056907
  -0.0059755382    -0.0056464395    -0.0053189525    -0.0049925038    -0.0046676281
  -0.0043441316    -0.0040218130    -0.0037006721    -0.0033810499    -0.0030625746
  -0.0027452382    -0.0024292037    -0.0021144632    -0.0018008229    -0.0014884534
  -0.0011771688    -0.0008671317    -0.0005581561    -0.0002504048    0.0000573233
  -0.0000004658    -0.0000794396    -0.0001583979    -0.0002374259    -0.0003165856
  -0.0003958848    -0.0004753545    -0.0005550256    -0.0006348905    -0.0007149801
  -0.0007953021    -0.0008758643    -0.0009566745    -0.0010377327    -0.0011190620
  -0.0012006626    -0.0012825343    -0.0013646927    -0.0014471379    -0.0015298852
  -0.0016129270    -0.0016962865    -0.0017799637    -0.0018639663    -0.0019483098
  -0.0020329866    -0.0021180120    -0.0022034016    -0.0022891554    -0.0023752812
  -0.0024618021    -0.0025487104    -0.0026360217    -0.0027237514    -0.0028118995
  -0.0029004893    -0.0029895207    -0.0030790171    -0.0031689706    -0.0032594123
  -0.0033503422    -0.0034417835    -0.0035337439    -0.0036262390    -0.0037192765
  -0.0038128796    -0.0039070562    -0.0040018216    -0.0040971836    -0.0041931811
  -0.0042898062    -0.0043871054    -0.0044850710    -0.0045837185    -0.0046830788
  -0.0047831675    -0.0048840001    -0.0049856076    -0.0050880131    -0.0051912323
  -0.0052952805    -0.0054001966    -0.0055059883    -0.0056126711    -0.0057202759
  -0.0058288339    -0.0059383681    -0.0060489175    -0.0061604896    -0.0062731543
  -0.0063869116    -0.0065018156    -0.0066178820    -0.0067351493    -0.0068536642
  -0.0069734654    -0.0070945761    -0.0072170660    -0.0073409429    -0.0074662843
  -0.0075931212    -0.0077215156    -0.0078514829    -0.0079831395    -0.0081164774
  -0.0082516131    -0.0083885542    -0.0085274169    -0.0086682478    -0.0088110855
  -0.0089560309    -0.0091031924    -0.0092525777    -0.0094043341    -0.0095585313
  -0.0097152701    -0.0098746279    -0.0100366977    -0.0102015880    -0.0103694615
  -0.0105403492    -0.0107144293    -0.0108918646    -0.0110726395    -0.0112570176
  -0.0114450684    -0.0116369316    -0.0118327621    -0.0120327535    -0.0122369757
  -0.0124456301    -0.0126587400    -0.0128766230    -0.0130992326    -0.0133267859
  -0.0135592905    -0.0137969169    -0.0140396652    -0.0142874733    -0.0145403412
  -0.0147979900    -0.0150603345    -0.0153268632    -0.0155970493    -0.0158701256
  -0.0161448911    -0.0164199510    -0.0166933605    -0.0169623843    -0.0172235200
  -0.0174721494    -0.0177021667    -0.0179052189    -0.0180707911    -0.0181844166
  -0.0182271966    -0.0181743047    -0.0179933825    -0.0176434788    -0.0170757231
  -0.0162395480    -0.0151002088    -0.0137021515    -0.0133454445    -0.0129904190
  -0.0126368889    -0.0122852185    -0.0119350049    -0.0115866199    -0.0112400326
  -0.0108946541    -0.0105510423    -0.0102088019    -0.0098682895    -0.0095293036
  -0.0091916427    -0.0088556555    -0.0085209623    -0.0081879118    -0.0078561243
  -0.0075257626    -0.0071968266    -0.0068692854    -0.0065431389    -0.0062183639
  -0.0058947667    -0.0055726960    -0.0052516016    -0.0049320105    -0.0046139070
  -0.0042965630    -0.0039808616    -0.0036662528    -0.0033527288    -0.0030406383
  -0.0027294311    -0.0024196264    -0.0021110460    -0.0018033180    -0.0014971396
  -0.0000004658    -0.0000782773    -0.0001560500    -0.0002339002    -0.0003118590
  -0.0003899494    -0.0004681948    -0.0005466107    -0.0006252202    -0.0007040235
  -0.0007830438    -0.0008622810    -0.0009417430    -0.0010214451    -0.0011013874
  -0.0011815777    -0.0012620237    -0.0013427255    -0.0014236984    -0.0015049502
  -0.0015864733    -0.0016682908    -0.0017503950    -0.0018328014    -0.0019155100
  -0.0019985363    -0.0020818880    -0.0021655574    -0.0022495678    -0.0023339269
  -0.0024186346    -0.0025036988    -0.0025891349    -0.0026749507    -0.0027611539
  -0.0028477523    -0.0029347536    -0.0030221811    -0.0031100270    -0.0031983224
  -0.0032870594    -0.0033762535    -0.0034659281    -0.0035560831    -0.0036467341
  -0.0037378886    -0.0038295701    -0.0039217862    -0.0040145603    -0.0041078922
  -0.0042017975    -0.0042962918    -0.0043914059    -0.0044871399    -0.0045835248
  -0.0046805528    -0.0047782472    -0.0048766467    -0.0049757591    -0.0050755921
  -0.0051762000    -0.0052775440    -0.0053797171    -0.0054826805    -0.0055864808
  -0.0056911567    -0.0057966849    -0.0059030965    -0.0060104534    -0.0061187634
  -0.0062280342    -0.0063383278    -0.0064496443    -0.0065620378    -0.0066755238
  -0.0067901567    -0.0069059363    -0.0070229325    -0.0071411684    -0.0072606596
  -0.0073814836    -0.0075036404    -0.0076272228    -0.0077522311    -0.0078787348
  -0.0080067727    -0.0081363991    -0.0082676992    -0.0084006497    -0.0085353747
  -0.0086719128    -0.0088103494    -0.0089506921    -0.0090930727    -0.0092375222
  -0.0093841413    -0.0095329997    -0.0096841827    -0.0098377368    -0.0099938402
  -0.0101525161    -0.0103138575    -0.0104780117    -0.0106450251    -0.0108150372
  -0.0109881875    -0.0111645845    -0.0113442668    -0.0115274748    -0.0117142472
  -0.0119048008    -0.0120991203    -0.0122975233    -0.0124999866    -0.0127066883
  -0.0129178146    -0.0131333575    -0.0133535495    -0.0135784140    -0.0138079509
  -0.0140423229    -0.0142814758    -0.0145253322    -0.0147738531    -0.0150267056
  -0.0152836958    -0.0155443123    -0.0158079353    -0.0160737357    -0.0163404503
  -0.0166065142    -0.0168699977    -0.0171279874    -0.0173770198    -0.0176122674
  -0.0178275624    -0.0180148384    -0.0181633171    -0.0182590279    -0.0182835445
  -0.0182130632    -0.0180166128    -0.0176559851    -0.0170857576    -0.0162600896
  -0.0151485291    -0.0138064322    -0.0134560946    -0.0131075469    -0.0127607891
  -0.0124154183    -0.0120715973    -0.0117295197    -0.0113887748    -0.0110495409
  -0.0107119885    -0.0103759161    -0.0100413004    -0.0097079399    -0.0093763927
  -0.0090458760    -0.0087169555    -0.0083894220    -0.0080632600    -0.0077384540
  -0.0074149886    -0.0070926777    -0.0067718700    -0.0064523640    -0.0061341521
  -0.0058172265    -0.0055013856    -0.0051868001    -0.0048734620    -0.0045613560
  -0.0042506525    -0.0039408013    -0.0036323372    -0.0033248803    -0.0030186012
  -0.0000004658    -0.0000771537    -0.0001538107    -0.0002305296    -0.0003073415
  -0.0003842697    -0.0004613450    -0.0005385754    -0.0006159762    -0.0006935552
  -0.0007713357    -0.0008493099    -0.0009274933    -0.0010059014    -0.0010845265
  -0.0011633840    -0.0012424740    -0.0013218120    -0.0014013901    -0.0014812163
  -0.0015613058    -0.0016416588    -0.0017222831    -0.0018031785    -0.0018843606
  -0.0019658294    -0.0020475927    -0.0021296504    -0.0022120258    -0.0022947112
  -0.0023777220    -0.0024610659    -0.0025447431    -0.0026287612    -0.0027131358
  -0.0027978823    -0.0028830007    -0.0029684910    -0.0030543765    -0.0031406572
  -0.0032273564    -0.0033144662    -0.0034020022    -0.0034899876    -0.0035784224
  -0.0036673221    -0.0037567022    -0.0038465551    -0.0039369038    -0.0040277871
  -0.0041191819    -0.0042111191    -0.0043035910    -0.0043966439    -0.0044902858
  -0.0045845011    -0.0046793362    -0.0047747913    -0.0048708972    -0.0049676618
  -0.0050650927    -0.0051632366    -0.0052620700    -0.0053616551    -0.0054619840
  -0.0055630800    -0.0056649819    -0.0057676896    -0.0058712187    -0.0059756157
  -0.0060808727    -0.0061870208    -0.0062940833    -0.0064021143    -0.0065111139
  -0.0066211209    -0.0067321661    -0.0068442497    -0.0069574568    -0.0070717719
  -0.0071872726    -0.0073039511    -0.0074218538    -0.0075410196    -0.0076615104
  -0.0077833417    -0.0079065678    -0.0080312040    -0.0081573591    -0.0082850096
  -0.0084142330    -0.0085451224    -0.0086776623    -0.0088119301    -0.0089480343
  -0.0090859750    -0.0092258373    -0.0093677065    -0.0095115826    -0.0096576437
  -0.0098059133    -0.0099564764    -0.0101093718    -0.0102647468    -0.0104226634
  -0.0105832455    -0.0107465395    -0.0109126851    -0.0110817751    -0.0112539181
  -0.0114292380    -0.0116077736    -0.0117897186    -0.0119751272    -0.0121642783
  -0.0123570791    -0.0125537774    -0.0127544197    -0.0129591843    -0.0131681719
  -0.0133813903    -0.0135989866    -0.0138210461    -0.0140475687    -0.0142786321
  -0.0145140579    -0.0147539005    -0.0149979505    -0.0152459678    -0.0154975495
  -0.0157521686    -0.0160092595    -0.0162677374    -0.0165264323    -0.0167836550
  -0.0170372900    -0.0172844395    -0.0175215313    -0.0177437147    -0.0179447755
  -0.0181166628    -0.0182487610    -0.0183274171    -0.0183345225    -0.0182476684
  -0.0180370536    -0.0176667556    -0.0170949242    -0.0162799338    -0.0151942226
  -0.0139078304    -0.0135638621    -0.0132215831    -0.0128808227    -0.0125415578
  -0.0122039589    -0.0118678167    -0.0115331236    -0.0111998639    -0.0108680144
  -0.0105375674    -0.0102085075    -0.0098810050    -0.0095546803    -0.0092298743
  -0.0089062229    -0.0085840669    -0.0082632127    -0.0079436526    -0.0076253709
  -0.0073083600    -0.0069927827    -0.0066780809    -0.0063649675    -0.0060529003
  -0.0057420340    -0.0054323688    -0.0051238891    -0.0048167577    -0.0045106182
  -0.0000004658    -0.0000760844    -0.0001516566    -0.0002272907    -0.0003030100
  -0.0003788379    -0.0004547897    -0.0005308810    -0.0006071272    -0.0006835440
  -0.0007601389    -0.0008369198    -0.0009138867    -0.0009910551    -0.0010684326
  -0.0011460194    -0.0012238309    -0.0013018516    -0.0013801125    -0.0014585981
  -0.0015373239    -0.0016162899    -0.0016955116    -0.0017749813    -0.0018547145
  -0.0019347033    -0.0020149788    -0.0020955178    -0.0021763512    -0.0022574636
  -0.0023388782    -0.0024205950    -0.0025026217    -0.0025849661    -0.0026676360
  -0.0027506390    -0.0028339753    -0.0029176602    -0.0030017093    -0.0030861148
  -0.0031709078    -0.0032560727    -0.0033416250    -0.0034275880    -0.0035139695
  -0.0036007616    -0.0036879876    -0.0037756631    -0.0038637879    -0.0039523777
  -0.0040414402    -0.0041309986    -0.0042210606    -0.0043116263    -0.0044027266
  -0.0044943693    -0.0045865622    -0.0046793208    -0.0047726759    -0.0048665968
  -0.0049611530    -0.0050563291    -0.0051521483    -0.0052486184    -0.0053457859
  -0.0054436353    -0.0055422053    -0.0056415114    -0.0057415536    -0.0058423862
  -0.0059440014    -0.0060464302    -0.0061496803    -0.0062537673    -0.0063587299
  -0.0064645836    -0.0065713748    -0.0066790804    -0.0067877856    -0.0068974826
  -0.0070082101    -0.0071200070    -0.0072328731    -0.0073468938    -0.0074620458
  -0.0075783756    -0.0076959530    -0.0078147700    -0.0079348889    -0.0080563405
  -0.0081792024    -0.0083034435    -0.0084291723    -0.0085564044    -0.0086852095
  -0.0088156417    -0.0089477476    -0.0090815505    -0.0092171279    -0.0093545416
  -0.0094938770    -0.0096351728    -0.0097784910    -0.0099239400    -0.0100715742
  -0.0102214167    -0.0103736612    -0.0105282459    -0.0106854108    -0.0108451328
  -0.0110075125    -0.0111727437    -0.0113408187    -0.0115119234    -0.0116860345
  -0.0118634078    -0.0120440432    -0.0122281036    -0.0124156663    -0.0126068708
  -0.0128018180    -0.0130005696    -0.0132033119    -0.0134100136    -0.0136208996
  -0.0138358691    -0.0140550461    -0.0142784926    -0.0145060924    -0.0147378221
  -0.0149735811    -0.0152131137    -0.0154561642    -0.0157023218    -0.0159509668
  -0.0162014636    -0.0164526579    -0.0167033562    -0.0169517455    -0.0171956250
  -0.0174321821    -0.0176575038    -0.0178669718    -0.0180542478    -0.0182113120
  -0.0183277038    -0.0183900645    -0.0183810684    -0.0182786396    -0.0180547979
  -0.0176761392    -0.0171034941    -0.0162989953    -0.0152382270    -0.0140064934
  -0.0136686930    -0.0133325043    -0.0129977491    -0.0126642182    -0.0123324695
  -0.0120019141    -0.0116727379    -0.0113450959    -0.0110188100    -0.0106940272
  -0.0103703836    -0.0100480339    -0.0097271642    -0.0094075730    -0.0090894309
  -0.0087723503    -0.0084565094    -0.0081420788    -0.0078288725    -0.0075166735
  -0.0072060397    -0.0068964055    -0.0065879413    -0.0062806395    -0.0059744766
  -0.0000004658    -0.0000750539    -0.0001495954    -0.0002241912    -0.0002988568
  -0.0003736231    -0.0004484978    -0.0005235043    -0.0005986580    -0.0006739512
  -0.0007494149    -0.0008250490    -0.0009008613    -0.0009768596    -0.0010530439
  -0.0011294296    -0.0012060013    -0.0012827900    -0.0013597879    -0.0014370027
  -0.0015144345    -0.0015920833    -0.0016699722    -0.0017480937    -0.0018264553
  -0.0019050571    -0.0019839069    -0.0020630202    -0.0021423969    -0.0022220293
  -0.0023019329    -0.0023821232    -0.0024626002    -0.0025433561    -0.0026244143
  -0.0027057824    -0.0027874604    -0.0028694561    -0.0029517773    -0.0030344316
  -0.0031174269    -0.0032007787    -0.0032844868    -0.0033685592    -0.0034530112
  -0.0035378507    -0.0036230776    -0.0037087074    -0.0037947556    -0.0038812301
  -0.0039681384    -0.0040554962    -0.0041433111    -0.0042315754    -0.0043203357
  -0.0044095841    -0.0044993362    -0.0045895997    -0.0046803978    -0.0047717306
  -0.0048636213    -0.0049560854    -0.0050491306    -0.0051427802    -0.0052370265
  -0.0053319159    -0.0054274407    -0.0055236319    -0.0056204894    -0.0057180521
  -0.0058163354    -0.0059153470    -0.0060151103    -0.0061156330    -0.0062169537
  -0.0063190803    -0.0064220127    -0.0065257898    -0.0066304424    -0.0067359862
  -0.0068424520    -0.0069498554    -0.0070582274    -0.0071676067    -0.0072780088
  -0.0073894414    -0.0075019822    -0.0076156309    -0.0077304342    -0.0078464231
  -0.0079636052    -0.0080820426    -0.0082017741    -0.0083228460    -0.0084452739
  -0.0085691199    -0.0086944225    -0.0088212129    -0.0089495608    -0.0090795049
  -0.0092111072    -0.0093443909    -0.0094794181    -0.0096162894    -0.0097550437
  -0.0098957583    -0.0100384644    -0.0101832393    -0.0103301528    -0.0104793057
  -0.0106307831    -0.0107845852    -0.0109409133    -0.0110997364    -0.0112612018
  -0.0114254180    -0.0115924546    -0.0117623970    -0.0119353923    -0.0121114329
  -0.0122906968    -0.0124732849    -0.0126593056    -0.0128488132    -0.0130419317
  -0.0132387695    -0.0134393808    -0.0136438277    -0.0138521877    -0.0140644994
  -0.0142807397    -0.0145009860    -0.0147251299    -0.0149530551    -0.0151846376
  -0.0154196450    -0.0156577983    -0.0158984235    -0.0161411330    -0.0163849661
  -0.0166289774    -0.0168716636    -0.0171113667    -0.0173456535    -0.0175716880
  -0.0177856115    -0.0179826275    -0.0181564984    -0.0182992199    -0.0184005949
  -0.0184474429    -0.0184230891    -0.0183062401    -0.0180705974    -0.0176842055
  -0.0171113822    -0.0163169256    -0.0152799144    -0.0141029635    -0.0137709668
  -0.0134403029    -0.0131111965    -0.0127834305    -0.0124571833    -0.0121322456
  -0.0118086174    -0.0114862677    -0.0111653903    -0.0108455822    -0.0105272076
  -0.0102102587    -0.0098943558    -0.0095798400    -0.0092665330    -0.0089544192
  -0.0086434755    -0.0083338878    -0.0080254546    -0.0077181682    -0.0074120131
  -0.0000004658    -0.0000740620    -0.0001476118    -0.0002212080    -0.0002948663
  -0.0003686175    -0.0004424694    -0.0005164298    -0.0005905220    -0.0006647614
  -0.0007391480    -0.0008136895    -0.0008883861    -0.0009632608    -0.0010383061
  -0.0011135373    -0.0011889544    -0.0012645575    -0.0013403544    -0.0014163527
  -0.0014925525    -0.0015689537    -0.0016455874    -0.0017224225    -0.0017994747
  -0.0018767592    -0.0019542763    -0.0020320335    -0.0021100232    -0.0021882531
  -0.0022667465    -0.0023454878    -0.0024244925    -0.0025037685    -0.0025833079
  -0.0026631418    -0.0027432546    -0.0028236541    -0.0029043558    -0.0029853597
  -0.0030666891    -0.0031483284    -0.0032303008    -0.0033125988    -0.0033952609
  -0.0034782639    -0.0035616234    -0.0036453548    -0.0037294659    -0.0038139644
  -0.0038988581    -0.0039841703    -0.0040698931    -0.0041560343    -0.0042426094
  -0.0043296418    -0.0044171390    -0.0045050856    -0.0045935205    -0.0046824589
  -0.0047719011    -0.0048618546    -0.0049523351    -0.0050433657    -0.0051349464
  -0.0052271083    -0.0053198436    -0.0054131755    -0.0055071273    -0.0056017068
  -0.0056969294    -0.0057928029    -0.0058893660    -0.0059866342    -0.0060845920
  -0.0061833093    -0.0062827626    -0.0063829908    -0.0064839861    -0.0065857872
  -0.0066884020    -0.0067918536    -0.0068961808    -0.0070013914    -0.0071075317
  -0.0072145942    -0.0073226252    -0.0074316481    -0.0075417015    -0.0076528010
  -0.0077649698    -0.0078782234    -0.0079926547    -0.0081082639    -0.0082250664
  -0.0083430776    -0.0084624061    -0.0085830441    -0.0087050381    -0.0088284346
  -0.0089532414    -0.0090795591    -0.0092074111    -0.0093368593    -0.0094678959
  -0.0096006760    -0.0097351530    -0.0098714355    -0.0100095776    -0.0101496336
  -0.0102916732    -0.0104357585    -0.0105819514    -0.0107303604    -0.0108810166
  -0.0110340050    -0.0111894342    -0.0113473043    -0.0115078244    -0.0116709790
  -0.0118369308    -0.0120056722    -0.0121774122    -0.0123521665    -0.0125300279
  -0.0127111128    -0.0128954908    -0.0130832472    -0.0132745060    -0.0134692749
  -0.0136677399    -0.0138698468    -0.0140756264    -0.0142851564    -0.0144984987
  -0.0147154829    -0.0149360779    -0.0151602295    -0.0153876200    -0.0156180170
  -0.0158510950    -0.0160862496    -0.0163229927    -0.0165602472    -0.0167970446
  -0.0170319125    -0.0172628751    -0.0174879953    -0.0177032515    -0.0179062650
  -0.0180911854    -0.0182520232    -0.0183809754    -0.0184678838    -0.0185000017
  -0.0184611890    -0.0183308885    -0.0180840644    -0.0176910397    -0.0171182862
  -0.0163343599    -0.0153197965    -0.0141970626    -0.0138704976    -0.0135455909
  -0.0132217768    -0.0128994271    -0.0125783405    -0.0122586873    -0.0119402739
  -0.0116230848    -0.0113072905    -0.0109925112    -0.0106792894    -0.0103672454
  -0.0100561777    -0.0097466365    -0.0094380561    -0.0091307929    -0.0088246456
  -0.0000004658    -0.0000731090    -0.0001457056    -0.0002183411    -0.0002910307
  -0.0003637978    -0.0004366657    -0.0005096343    -0.0005827191    -0.0006559357
  -0.0007292840    -0.0008027795    -0.0008764222    -0.0009502199    -0.0010241804
  -0.0010983112    -0.0011726126    -0.0012470844    -0.0013217422    -0.0013965860
  -0.0014716157    -0.0015468314    -0.0016222486    -0.0016978672    -0.0017736951
  -0.0018497244    -0.0019259706    -0.0020024338    -0.0020791218    -0.0021560267
  -0.0022331640    -0.0023105493    -0.0023881671    -0.0024660328    -0.0025441465
  -0.0026225159    -0.0027011564    -0.0027800527    -0.0028592357    -0.0029386976
  -0.0030184463    -0.0030984816    -0.0031788269    -0.0032594821    -0.0033404395
  -0.0034217224    -0.0035033461    -0.0035852954    -0.0036676010    -0.0037502554
  -0.0038332662    -0.0039166567    -0.0040004346    -0.0040845844    -0.0041691527
  -0.0042541161    -0.0043395057    -0.0044253138    -0.0045115635    -0.0045982626
  -0.0046854267    -0.0047730634    -0.0048611805    -0.0049497780    -0.0050388947
  -0.0051285306    -0.0052187088    -0.0053094062    -0.0054006848    -0.0054925135
  -0.0055849466    -0.0056779686    -0.0057716027    -0.0058658645    -0.0059607616
  -0.0060563406    -0.0061525938    -0.0062495366    -0.0063471922    -0.0064455840
  -0.0065447119    -0.0066446069    -0.0067452767    -0.0068467447    -0.0069490108
  -0.0070521137    -0.0071561077    -0.0072609773    -0.0073667380    -0.0074734595
  -0.0075811341    -0.0076898083    -0.0077994743    -0.0079101786    -0.0080219832
  -0.0081348494    -0.0082488856    -0.0083640763    -0.0084804371    -0.0085980454
  -0.0087169322    -0.0088370976    -0.0089586344    -0.0090815273    -0.0092058846
  -0.0093317065    -0.0094590393    -0.0095879218    -0.0097184393    -0.0098505840
  -0.0099844953    -0.0101199874    -0.0102576646    -0.0103970310    -0.0105383733
  -0.0106817070    -0.0108271793    -0.0109747514    -0.0111246017    -0.0112767068
  -0.0114311907    -0.0115881076    -0.0117476127    -0.0119096515    -0.0120744410
  -0.0122419891    -0.0124123886    -0.0125857481    -0.0127621683    -0.0129416803
  -0.0131243923    -0.0133103898    -0.0134996960    -0.0136924425    -0.0138886914
  -0.0140883341    -0.0142915955    -0.0144983360    -0.0147085634    -0.0149222544
  -0.0151393238    -0.0153595236    -0.0155827144    -0.0158085009    -0.0160365501
  -0.0162662342    -0.0164969334    -0.0167276791    -0.0169573089    -0.0171843585
  -0.0174068210    -0.0176224414    -0.0178280041    -0.0180198362    -0.0181930175
  -0.0183412793    -0.0184569195    -0.0185300353    -0.0185481128    -0.0184954843
  -0.0183526930    -0.0180958733    -0.0176968977    -0.0171249965    -0.0163510814
  -0.0153579816    -0.0142888060    -0.0139677116    -0.0136478260    -0.0133295366
  -0.0130122778    -0.0126962045    -0.0123817042    -0.0120681879    -0.0117560199
  -0.0114450064    -0.0111353180    -0.0108269390    -0.0105194977    -0.0102131644
  -0.0000004658    -0.0000721946    -0.0001438692    -0.0002155748    -0.0002873424
  -0.0003591719    -0.0004310867    -0.0005031022    -0.0005752185    -0.0006474510
  -0.0007198074    -0.0007923034    -0.0008649310    -0.0009377059    -0.0010106203
  -0.0010837051    -0.0011569372    -0.0012303397    -0.0013038972    -0.0013776329
  -0.0014515468    -0.0015256312    -0.0015999094    -0.0016743657    -0.0017490080
  -0.0018238518    -0.0018988892    -0.0019741282    -0.0020495686    -0.0021252182
  -0.0022010848    -0.0022771683    -0.0023534766    -0.0024300018    -0.0025067750
  -0.0025837728    -0.0026610109    -0.0027385047    -0.0028162464    -0.0028942516
  -0.0029725125    -0.0030510446    -0.0031298479    -0.0032089379    -0.0032883224
  -0.0033679935    -0.0034479746    -0.0035282579    -0.0036088666    -0.0036897853
  -0.0037710527    -0.0038526455    -0.0039345947    -0.0040169004    -0.0040995625
  -0.0041826043    -0.0042660257    -0.0043498424    -0.0044340619    -0.0045186922
  -0.0046037331    -0.0046892157    -0.0047751245    -0.0048614982    -0.0049483290
  -0.0050356326    -0.0051234165    -0.0052117041    -0.0053004876    -0.0053898057
  -0.0054796353    -0.0055700228    -0.0056609681    -0.0057524869    -0.0058445868
  -0.0059372756    -0.0060305920    -0.0061245361    -0.0062191233    -0.0063143691
  -0.0064102969    -0.0065069142    -0.0066042367    -0.0067023107    -0.0068010977
  -0.0069006518    -0.0070009652    -0.0071020690    -0.0072040018    -0.0073067561
  -0.0074103704    -0.0075148913    -0.0076203033    -0.0077266297    -0.0078339401
  -0.0079422036    -0.0080514899    -0.0081618145    -0.0082731852    -0.0083856562
  -0.0084992585    -0.0086140153    -0.0087299421    -0.0088470855    -0.0089655229
  -0.0090852311    -0.0092062643    -0.0093286613    -0.0094524994    -0.0095777634
  -0.0097045460    -0.0098328862    -0.0099628070    -0.0100943783    -0.0102276155
  -0.0103626427    -0.0104994676    -0.0106381366    -0.0107787505    -0.0109213325
  -0.0110659912    -0.0112127730    -0.0113616934    -0.0115128919    -0.0116664305
  -0.0118223402    -0.0119807371    -0.0121416911    -0.0123052874    -0.0124715492
  -0.0126406470    -0.0128126273    -0.0129874745    -0.0131654057    -0.0133463743
  -0.0135304967    -0.0137178966    -0.0139084813    -0.0141024211    -0.0142996696
  -0.0145002577    -0.0147041544    -0.0149112979    -0.0151216957    -0.0153351232
  -0.0155514100    -0.0157703003    -0.0159914997    -0.0162145123    -0.0164387414
  -0.0166633967    -0.0168878970    -0.0171101734    -0.0173294279    -0.0175435606
  -0.0177499756    -0.0179456899    -0.0181268522    -0.0182885888    -0.0184246621
  -0.0185274783    -0.0185873130    -0.0185920551    -0.0185265020    -0.0183720490
  -0.0181058767    -0.0177017948    -0.0171309474    -0.0163668731    -0.0153942606
  -0.0143784264    -0.0140624693    -0.0137478450    -0.0134341893    -0.0131220600
  -0.0128110775    -0.0125012109    -0.0121926537    -0.0118852046    -0.0115790340
  -0.0000004658    -0.0000713113    -0.0001420948    -0.0002129170    -0.0002837858
  -0.0003547165    -0.0004257169    -0.0004968104    -0.0005679968    -0.0006392917
  -0.0007107028    -0.0007822302    -0.0008538815    -0.0009256724    -0.0009976026
  -0.0010696647    -0.0011418816    -0.0012142536    -0.0012867728    -0.0013594547
  -0.0014322993    -0.0015053067    -0.0015784845    -0.0016518328    -0.0017253515
  -0.0017990562    -0.0018729469    -0.0019470158    -0.0020212784    -0.0020957348
  -0.0021703926    -0.0022452441    -0.0023203126    -0.0023955747    -0.0024710539
  -0.0025467578    -0.0026226863    -0.0026988319    -0.0027752176    -0.0028518358
  -0.0029287019    -0.0030058083    -0.0030831704    -0.0031607959    -0.0032386848
  -0.0033168450    -0.0033952764    -0.0034740022    -0.0035530069    -0.0036323139
  -0.0037119153    -0.0037918499    -0.0038720867    -0.0039526567    -0.0040335521
  -0.0041147962    -0.0041963813    -0.0042783305    -0.0043606517    -0.0044433370
  -0.0045264098    -0.0046098778    -0.0046937564    -0.0047780302    -0.0048627302
  -0.0049478796    -0.0050334552    -0.0051194802    -0.0052059779    -0.0052929559
  -0.0053803989    -0.0054683533    -0.0055568114    -0.0056457886    -0.0057353082
  -0.0058253470    -0.0059159669    -0.0060071447    -0.0060989115    -0.0061912903
  -0.0062842658    -0.0063778767    -0.0064721307    -0.0065670511    -0.0066626379
  -0.0067589143    -0.0068559113    -0.0069536367    -0.0070520595    -0.0071512648
  -0.0072512296    -0.0073519692    -0.0074535224    -0.0075559047    -0.0076591626
  -0.0077632806    -0.0078683051    -0.0079742751    -0.0080811670    -0.0081890354
  -0.0082979110    -0.0084078094    -0.0085187617    -0.0086308065    -0.0087439671
  -0.0088582513    -0.0089737520    -0.0090904304    -0.0092083409    -0.0093275687
  -0.0094480905    -0.0095699605    -0.0096932641    -0.0098179701    -0.0099443343
  -0.0100719073    -0.0102012160    -0.0103321519    -0.0104647771    -0.0105990759
  -0.0107352033    -0.0108731440    -0.0110130063    -0.0111548135    -0.0112986121
  -0.0114445183    -0.0115925476    -0.0117427620    -0.0118953475    -0.0120501956
  -0.0122075233    -0.0123672840    -0.0125296095    -0.0126946238    -0.0128623113
  -0.0130328038    -0.0132061324    -0.0133823898    -0.0135616228    -0.0137439010
  -0.0139292088    -0.0141176626    -0.0143092701    -0.0145040235    -0.0147019383
  -0.0149029371    -0.0151070431    -0.0153139773    -0.0155237785    -0.0157361290
  -0.0159507653    -0.0161672768    -0.0163852295    -0.0166040191    -0.0168227467
  -0.0170404825    -0.0172559556    -0.0174675933    -0.0176733962    -0.0178708228
  -0.0180569056    -0.0182276151    -0.0183782324    -0.0185025510    -0.0185930082
  -0.0186399803    -0.0186322084    -0.0185544822    -0.0183889875    -0.0181143537
  -0.0177057233    -0.0171363637    -0.0163823470    -0.0154292533    -0.0144660011
  -0.0141548482    -0.0138449737    -0.0135365716    -0.0132288978    -0.0129226729
  -0.0000004581    -0.0000704589    -0.0001403901    -0.0002103522    -0.0002803531
  -0.0003504160    -0.0004205409    -0.0004907432    -0.0005610386    -0.0006314346
  -0.0007019237    -0.0007725289    -0.0008432582    -0.0009140959    -0.0009850654
  -0.0010561743    -0.0011274150    -0.0011987951    -0.0012703148    -0.0013419816
  -0.0014138034    -0.0014857724    -0.0015579119    -0.0016301987    -0.0017026559
  -0.0017752758    -0.0018480662    -0.0019210270    -0.0019941661    -0.0020674834
  -0.0021409866    -0.0022146681    -0.0022885433    -0.0023626199    -0.0024368826
  -0.0025113466    -0.0025860199    -0.0026609102    -0.0027360019    -0.0028113183
  -0.0028868595    -0.0029626253    -0.0030386236    -0.0031148621    -0.0031913409
  -0.0032680675    -0.0033450577    -0.0034222957    -0.0034998050    -0.0035775855
  -0.0036556527    -0.0037339911    -0.0038126239    -0.0038915667    -0.0039708039
  -0.0040503588    -0.0041302392    -0.0042104372    -0.0042909762    -0.0043718562
  -0.0044530848    -0.0045346853    -0.0046166423    -0.0046989790    -0.0047817108
  -0.0048648223    -0.0049483445    -0.0050322852    -0.0051166365    -0.0052014372
  -0.0052866718    -0.0053723559    -0.0054585281    -0.0055451420    -0.0056322595
  -0.0057198730    -0.0058079979    -0.0058966419    -0.0059858051    -0.0060755184
  -0.0061658052    -0.0062566575    -0.0063480756    -0.0064401057    -0.0065327480
  -0.0066260257    -0.0067199311    -0.0068145028    -0.0069097486    -0.0070057073
  -0.0071023402    -0.0071996781    -0.0072977445    -0.0073965779    -0.0074961630
  -0.0075965539    -0.0076977196    -0.0077997223    -0.0079026005    -0.0080063310
  -0.0081109527    -0.0082164964    -0.0083229932    -0.0084304509    -0.0085389003
  -0.0086483881    -0.0087588677    -0.0088704476    -0.0089831588    -0.0090969703
  -0.0092119983    -0.0093281654    -0.0094455954    -0.0095642886    -0.0096842757
  -0.0098056111    -0.0099283335    -0.0100524738    -0.0101780865    -0.0103052101
  -0.0104338679    -0.0105641684    -0.0106960651    -0.0108296821    -0.0109650734
  -0.0111022547    -0.0112413189    -0.0113822970    -0.0115252510    -0.0116702738
  -0.0118173423    -0.0119666424    -0.0121181044    -0.0122719142    -0.0124280563
  -0.0125866702    -0.0127477327    -0.0129113910    -0.0130776682    -0.0132466885
  -0.0134184209    -0.0135929582    -0.0137703779    -0.0139507034    -0.0141340199
  -0.0143202499    -0.0145095095    -0.0147017214    -0.0148969164    -0.0150950018
  -0.0152959231    -0.0154995099    -0.0157055995    -0.0159139749    -0.0161243108
  -0.0163362119    -0.0165491125    -0.0167624006    -0.0169751927    -0.0171865204
  -0.0173950353    -0.0175991413    -0.0177967617    -0.0179854169    -0.0181619379
  -0.0183225664    -0.0184623513    -0.0185752639    -0.0186538813    -0.0186890987
  -0.0186688516    -0.0185795799    -0.0184039500    -0.0181215987    -0.0177089158
  -0.0171415243    -0.0163969609    -0.0154629365    -0.0145514217    -0.0142451349
  -0.0000004581    -0.0000696376    -0.0001387396    -0.0002078727    -0.0002770445
  -0.0003462628    -0.0004155508    -0.0004849008    -0.0005543360    -0.0006238565
  -0.0006934699    -0.0007631841    -0.0008330145    -0.0009029457    -0.0009730008
  -0.0010431799    -0.0011134830    -0.0011839178    -0.0012544844    -0.0013251826
  -0.0013960281    -0.0014670131    -0.0015381375    -0.0016094169    -0.0016808513
  -0.0017524329    -0.0018241772    -0.0018960765    -0.0019681463    -0.0020403787
  -0.0021127740    -0.0021853474    -0.0022580990    -0.0023310289    -0.0024041447
  -0.0024774387    -0.0025509188    -0.0026246080    -0.0026984832    -0.0027725598
  -0.0028468379    -0.0029213408    -0.0029960451    -0.0030709663    -0.0031461200
  -0.0032214984    -0.0032971093    -0.0033729526    -0.0034490517    -0.0035254064
  -0.0036020014    -0.0036788675    -0.0037559971    -0.0038333979    -0.0039110854
  -0.0039890596    -0.0040673205    -0.0041458759    -0.0042247567    -0.0043039319
  -0.0043834481    -0.0044632819    -0.0045434490    -0.0046239802    -0.0047048524
  -0.0047860810    -0.0048676816    -0.0049496618    -0.0050320372    -0.0051148078
  -0.0051979890    -0.0052815655    -0.0053655759    -0.0054500279    -0.0055349293
  -0.0056202725    -0.0057060805    -0.0057923689    -0.0058791378    -0.0059664103
  -0.0060541865    -0.0061424819    -0.0062313041    -0.0063206920    -0.0064106068
  -0.0065011182    -0.0065922108    -0.0066838846    -0.0067761937    -0.0068691072
  -0.0069626793    -0.0070569023    -0.0071517918    -0.0072473785    -0.0073436317
  -0.0074406287    -0.0075383231    -0.0076367614    -0.0077359745    -0.0078359470
  -0.0079367408    -0.0080383638    -0.0081408235    -0.0082441589    -0.0083483776
  -0.0084534952    -0.0085595736    -0.0086665973    -0.0087745973    -0.0088836125
  -0.0089936581    -0.0091047654    -0.0092169961    -0.0093303272    -0.0094448128
  -0.0095605150    -0.0096773872    -0.0097955611    -0.0099149904    -0.0100357601
  -0.0101579013    -0.0102814296    -0.0104064378    -0.0105328950    -0.0106609407
  -0.0107904974    -0.0109217510    -0.0110546318    -0.0111892483    -0.0113256779
  -0.0114638820    -0.0116040000    -0.0117460474    -0.0118901482    -0.0120362636
  -0.0121845099    -0.0123349413    -0.0124876276    -0.0126425996    -0.0127999970
  -0.0129597965    -0.0131220677    -0.0132869193    -0.0134543589    -0.0136244252
  -0.0137972733    -0.0139728954    -0.0141512218    -0.0143324152    -0.0145164290
  -0.0147033331    -0.0148929957    -0.0150854632    -0.0152805421    -0.0154782942
  -0.0156785026    -0.0158808962    -0.0160852113    -0.0162912777    -0.0164985219
  -0.0167063937    -0.0169140097    -0.0171211687    -0.0173261115    -0.0175276992
  -0.0177243200    -0.0179139206    -0.0180940059    -0.0182613060    -0.0184119776
  -0.0185412320    -0.0186431804    -0.0187103453    -0.0187337926    -0.0187022325
  -0.0186022756    -0.0184170607    -0.0181275186    -0.0177115735    -0.0171463129
