  0.0000000000    0.0036000000
  0.0000500000    0.0006000000    299    19
  -0.0000002608    0.0011020198    0.0022044614    0.0033078149    0.0044123217
  0.0055181697    0.0066256538    0.0077349350    0.0088462815    0.0099599615
  0.0110762164    0.0121952340    0.0133173630    0.0144427374    0.0155717596
  0.0167046979    0.0178417400    0.0189832345    0.0201294765    0.0212808684
  0.0224376515    0.0236001208    0.0247688130    0.0259438619    0.0271259114
  0.0283151492    0.0295120582    0.0307172015    0.0319308475    0.0331536397
  0.0343860880    0.0356287017    0.0368821517    0.0381469741    0.0394238934
  0.0407135263    0.0420167312    0.0433342323    0.0446669146    0.0460155830
  0.0473817393    0.0487658396    0.0501694396    0.0515937194    0.0530401543
  0.0545100853    0.0560054436    0.0575277314    0.0590792552    0.0606621876
  0.0622787550    0.0639323369    0.0656256422    0.0673621044    0.0691459343
  0.0709819868    0.0728747413    0.0748306081    0.0768568292    0.0789602980
  0.0811526552    0.0834445491    0.0858492568    0.0883839712    0.0910702839
  0.0939338371    0.0970088288    0.1003412321    0.1039904580    0.1080429807
  0.1126305506    0.1179589465    0.1243927076    0.1326016083    0.1431870267
  0.1512755767    0.1511886731    0.1510487422    0.1509675249    0.1508780733
  0.1507642671    0.1506614313    0.1505431995    0.1504477128    0.1503707334
  0.1502485052    0.1501481101    0.1500316218    0.1499408290    0.1498184398
  0.1497048482    0.1496233359    0.1494853631    0.1494035557    0.1492770091
  0.1491598502    0.1490485922    0.1489227161    0.1488299921    0.1487096414
  0.1486321256    0.1485015020    0.1484323278    0.1482490525    0.1481110260
  0.1480717316    0.1479629144    0.1477705732    0.1476966247    0.1475591615
  0.1473983094    0.1473796144    0.1471355870    0.1471101865    0.1469157532
  0.1466427043    0.1465189204    0.1466440186    0.1463886186    0.1462793455
  0.1461508676    0.1459821299    0.1457866505    0.1457737222    0.1455370441
  0.1454315796    0.1452491626    0.1452167884    0.1447947964    0.1447958961
  0.1448034868    0.1446111992    0.1443573818    0.1440612122    0.1440380916
  0.1443359777    0.1438492641    0.1434748277    0.1436681613    0.1432287350
  0.1431603923    0.1430178866    0.1425197467    0.1424673632    0.1430177793
  0.1428014860    0.1409299210    0.1424133971    0.1411206529    0.1409232959
  0.1425953045    0.1407278433    0.1384395704    0.1452291802    0.1351074085
  0.1399482593    0.1367669985    0.1434612557    0.1395534918    0.1429250017
  0.1354215488    0.1387391999    0.1469976678    0.1410314426    0.1397647694
  0.1247652665    0.1230154201    0.1328395471    0.1429578319    0.1240586653
  0.1529758289    0.1318932101    0.1615963683    0.1425627962    0.1459819958
  0.1073652133    0.1236453906    0.1210436210    0.1841218814    0.1792504534
  0.2000073180    0.1627922043    0.1310406432    0.2238125399    0.2143480703
  0.2392578527    0.2025636509    0.1182502344    0.1797668591    0.2379394665
  0.1455851898    0.1272055939    0.0755357340    0.0755357340    0.0755357340
  0.0755357340    0.0755357340    0.0755357340    0.0755357340    0.0755357340
  0.0755357340    0.0755357340    0.0755357340    0.0755357340    0.0755357340
  0.0755357340    0.0755357340    0.0755357340    0.0755357340    0.0755357340
  0.0755357340    0.0755357340    0.0755357340    0.0755357340    0.0755357340
  0.0755357340    0.0755357340    0.0755357340    0.0755357340    0.0755357340
  0.0755357340    0.0755357340    0.0755357340    0.0755357340    0.0755357340
  0.0755357340    0.0755357340    0.0755357340    0.0755357340    0.0755357340
  0.0755357340    0.0755357340    0.0755357340    0.0755357340    0.0755357340
  0.0755357340    0.0755357340    0.0755357340    0.0686725512    0.0766513452
  0.0751167461    0.0725247130    0.0724704251    0.0650142059    0.0830597594
  0.0828812584    0.0830460265    0.0731152281    0.0686587915    0.0650142327
  0.0798839703    0.0810551032    0.0810584560    0.0766103342    0.0867816195
  0.0686588988    0.0650143400    0.0687136695    0.0776916131    0.0798840240
  0.0805604234    0.0798839971    0.0881499752    0.0775165454    0.0974690154
  0.0881501094    0.0985435888    0.1109377280    0.0847334310    0.0973385528
  0.0881498143    0.0985402361    0.0652333960    0.0881501362    0.0687205628
  0.0617174223    0.0974621221    0.0807792649    0.0985436961    0.1059387341
  0.0807795063    0.1058975354    0.0773106053    0.1058563367    0.0938038841
  0.0984852239    0.0938036963    0.0949127361    0.1013244763    0.0949161962
  0.1012970373    0.0938037500    0.1074221566    0.0938073441    0.1074221030
  0.0790493473    0.0949091956    0.1109375402    0.0949127629    0.0687480286
  -0.0000002608    0.0009617403    0.0019239023    0.0028868422    0.0038507476
  0.0048157528    0.0057819650    0.0067495719    0.0077186808    0.0086894795
  0.0096620753    0.0106366828    0.0116133556    0.0125923350    0.0135737285
  0.0145577505    0.0155445084    0.0165342435    0.0175270900    0.0185232893
  0.0195228949    0.0205262557    0.0215334252    0.0225446716    0.0235603437
  0.0245804414    0.0256052598    0.0266350940    0.0276701584    0.0287107751
  0.0297569975    0.0308094159    0.0318680570    0.0329332694    0.0340054557
  0.0350849643    0.0361720905    0.0372672096    0.0383706436    0.0394828215
  0.0406043068    0.0417354479    0.0428766742    0.0440285757    0.0451917961
  0.0463667110    0.0475539908    0.0487544134    0.0499686763    0.0511973158
  0.0524412438    0.0537015066    0.0549790159    0.0562743619    0.0575891539
  0.0589244917    0.0602816090    0.0616616592    0.0630668953    0.0644984439
  0.0659582630    0.0674486324    0.0689715639    0.0705301151    0.0721271828
  0.0737655029    0.0754490718    0.0771815374    0.0789687738    0.0808153674
  0.0827275410    0.0847129926    0.0867803857    0.0889393225    0.0912030801
  0.0935855255    0.0961044416    0.0987835929    0.1016496941    0.1047414497
  0.1081079438    0.1118172511    0.1159695521    0.1207185909    0.1263154224
  0.1331708804    0.1416734293    0.1509037957    0.1516831115    0.1515921041
  0.1515058979    0.1514027402    0.1513172045    0.1512273774    0.1511344925
  0.1510490641    0.1509533629    0.1508733258    0.1507594123    0.1506785974
  0.1505982652    0.1504728183    0.1503766343    0.1502888456    0.1501841590
  0.1501201078    0.1500181034    0.1499102786    0.1498258159    0.1497197613
  0.1496229336    0.1495265886    0.1494463101    0.1493381634    0.1492351398
  0.1491371050    0.1490356103    0.1489519522    0.1488295361    0.1487297043
  0.1486117139    0.1485519812    0.1484148934    0.1483532295    0.1482389137
  0.1481309280    0.1480021551    0.1478780761    0.1477949813    0.1477188602
  0.1475664034    0.1475220665    0.1474267945    0.1472747669    0.1471683905
  0.1470929936    0.1469807163    0.1467319414    0.1467533454    0.1465602264
  0.1466432676    0.1463981941    0.1461940780    0.1461234555    0.1458697721
  0.1457090005    0.1456880793    0.1456026778    0.1454307482    0.1453434691
  0.1451915756    0.1450804517    0.1448702469    0.1449418887    0.1447130963
  0.1443357095    0.1442532048    0.1441904142    0.1442638531    0.1443644896
  0.1441309229    0.1437470719    0.1434015229    0.1435944811    0.1434604779
  0.1433488980    0.1427970871    0.1425219461    0.1424680069    0.1427053019
  0.1424698040    0.1415880546    0.1419822589    0.1415833876    0.1416993663
  0.1413794592    0.1406472161    0.1404889658    0.1390620306    0.1403254583
  0.1389523819    0.1401989385    0.1425953045    0.1353268668    0.1413697764
  0.1389080450    0.1353051141    0.1411602423    0.1368102893    0.1364827916
  0.1411156371    0.1531255230    0.1375808880    0.1298806414    0.1232412621
  0.1175010130    0.1548903361    0.1601570144    0.1249465570    0.1441489205
  0.1419926926    0.1631274268    0.1480799660    0.1362042978    0.1363109425
  0.1524612740    0.1707114264    0.1821463004    0.1882995561    0.1667296067
  0.1904348627    0.1933810547    0.1639345571    0.1765652135    0.1998496041
  0.1806856498    0.2102834240    0.1771499082    0.1100572124    0.1531163231
  0.1224917725    0.2406316265    0.2238941327    0.1268882886    0.1390626207
  0.1390626207    0.1390626207    0.1390626207    0.1390626207    0.1390626207
  0.1390626207    0.1390626207    0.1390626207    0.1390626207    0.1390626207
  0.1390626207    0.1390626207    0.1390626207    0.1390626207    0.1390626207
  0.1390626207    0.1390626207    0.1390626207    0.1390626207    0.1390626207
  0.1390626207    0.1390626207    0.1390626207    0.1390626207    0.1390626207
  0.1390626207    0.1390626207    0.1390626207    0.1390626207    0.1390626207
  0.1390626207    0.1390626207    0.1390626207    0.1390626207    0.1390626207
  0.1390626207    0.1390626207    0.1390626207    0.1390626207    0.1390626207
  0.1390626207    0.1390626207    0.1390626207    0.1390626207    0.1390626207
  0.1390626207    0.1390626207    0.1390626207    0.1390626207    0.1390626207
  0.1390626207    0.1390626207    0.1390626207    0.1390626207    0.1390626207
  0.1390626207    0.1390626207    0.1390626207    0.1390626207    0.1390626207
  0.1390626207    0.1390626207    0.1390626207    0.1390626207    0.1390626207
  0.1390626207    0.0938037500    0.1074221566    0.0938073441    0.1074221030
  0.0790493473    0.0949091956    0.1109375402    0.0949127629    0.0687480286
  -0.0000002608    0.0008563027    0.0017129734    0.0025703147    0.0034284607
  0.0042875186    0.0051475152    0.0060086384    0.0068709150    0.0077344254
  0.0085993305    0.0094657108    0.0103336200    0.0112032190    0.0120745614
  0.0129478082    0.0138230398    0.0147003636    0.0155798331    0.0164616898
  0.0173459336    0.0182327524    0.0191222534    0.0200145707    0.0209097847
  0.0218080297    0.0227095738    0.0236144170    0.0245226935    0.0254346982
  0.0263504580    0.0272701606    0.0281939402    0.0291220382    0.0300546154
  0.0309918597    0.0319339052    0.0328809127    0.0338333651    0.0347911283
  0.0357546046    0.0367239550    0.0376995280    0.0386815652    0.0396702543
  0.0406658366    0.0416688219    0.0426792368    0.0436976179    0.0447242603
  0.0457594320    0.0468037233    0.0478573486    0.0489207640    0.0499944523
  0.0510788694    0.0521745250    0.0532822236    0.0544020995    0.0555350110
  0.0566816285    0.0578426763    0.0590188518    0.0602112278    0.0614201799
  0.0626470491    0.0638928279    0.0651585355    0.0664455399    0.0677550480
  0.0690887496    0.0704480931    0.0718346611    0.0732508406    0.0746984556
  0.0761798128    0.0776980236    0.0792552605    0.0808560297    0.0825036570
  0.0842016831    0.0859564111    0.0877726421    0.0896569476    0.0916173741
  0.0936622098    0.0958032563    0.0980524763    0.1004258826    0.1029424921
  0.1056265518    0.1085089609    0.1116296574    0.1150443241    0.1188312545
  0.1231062129    0.1280453399    0.1339137450    0.1409660771    0.1487862185
  0.1521357074    0.1520515665    0.1519705370    0.1518924847    0.1518037841
  0.1517244443    0.1516386941    0.1515575036    0.1514741138    0.1513809070
  0.1513038740    0.1512214497    0.1511351630    0.1510444507    0.1509586200
  0.1508849129    0.1507933959    0.1506942615    0.1506327048    0.1505434677
  0.1504642621    0.1503784582    0.1502840713    0.1501973823    0.1501043901
  0.1500226095    0.1499229118    0.1498399243    0.1497550860    0.1496627912
  0.1495705232    0.1494838879    0.1493890986    0.1492970183    0.1492059037
  0.1491133139    0.1490429595    0.1489375487    0.1488475606    0.1487440005
  0.1486603960    0.1485481992    0.1484592304    0.1483642533    0.1482775107
  0.1481776789    0.1481001630    0.1479910776    0.1479100749    0.1477897510
  0.1477186993    0.1476206109    0.1475325271    0.1474671349    0.1473576471
  0.1472200498    0.1471359357    0.1469725624    0.1468763784    0.1467525944
  0.1467360184    0.1465602532    0.1465338066    0.1464273497    0.1463753417
  0.1462175742    0.1461626157    0.1459825054    0.1459336355    0.1458740368
  0.1455715641    0.1455826148    0.1456548735    0.1453085467    0.1453289852
  0.1451506183    0.1450374290    0.1450510278    0.1446866229    0.1446270242
  0.1442739114    0.1444897220    0.1442569867    0.1440914944    0.1441165730
  0.1441544458    0.1440172777    0.1434355065    0.1436783537    0.1435410246
  0.1433558717    0.1434650108    0.1434645280    0.1421384439    0.1423303023
  0.1426549301    0.1421374246    0.1427327141    0.1432375863    0.1426140264
  0.1426927224    0.1418723151    0.1420165375    0.1426469103    0.1428126708
  0.1420445934    0.1405886635    0.1426129267    0.1398243681    0.1403801218
  0.1411500499    0.1390963092    0.1396122321    0.1374071077    0.1393924251
  0.1408205673    0.1364243731    0.1406624511    0.1369964078    0.1337057397
  0.1402744696    0.1340034381    0.1313328430    0.1363869295    0.1295519903
  0.1248752907    0.1294628605    0.1411341980    0.1532348767    0.1328917697
  0.1601838633    0.1581004307    0.1578780487    0.1248554692    0.1231871620
  0.1586573914    0.1536932662    0.1108274356    0.1506923839    0.1773032501
  0.1779933557    0.1863635644    0.1814711884    0.1661636874    0.1821516380
  0.1972130463    0.1863429651    0.2237508759    0.1914521977    0.1944319978
  0.2377207860    0.2503410891    0.2446985260    0.1464160040    0.2533788249
  0.0878646687    0.0878646687    0.0878646687    0.0878646687    0.0878646687
  0.0878646687    0.0878646687    0.0878646687    0.0878646687    0.0878646687
  0.0878646687    0.0878646687    0.0878646687    0.0878646687    0.0878646687
  0.0878646687    0.0878646687    0.0878646687    0.0878646687    0.0878646687
  0.0878646687    0.0878646687    0.0878646687    0.0878646687    0.0878646687
  0.0878646687    0.0878646687    0.0878646687    0.0878646687    0.0878646687
  0.0878646687    0.0878646687    0.0878646687    0.0878646687    0.0878646687
  0.0878646687    0.0878646687    0.0878646687    0.0878646687    0.0878646687
  0.0878646687    0.0878646687    0.0878646687    0.0878646687    0.0878646687
  -0.0000002608    0.0007740125    0.0015482858    0.0023231491    0.0030987099
  0.0038749948    0.0046520576    0.0054300323    0.0062089190    0.0069887981
  0.0077697769    0.0085518554    0.0093351677    0.0101197138    0.0109056547
  0.0116929904    0.0124818280    0.0132721946    0.0140642241    0.0148579970
  0.0156535134    0.0164509609    0.0172502860    0.0180516765    0.0188552663
  0.0196609482    0.0204690173    0.0212794468    0.0220924243    0.0229078695
  0.0237260506    0.0245469674    0.0253708616    0.0261975989    0.0270275280
  0.0278606758    0.0286970690    0.0295370027    0.0303804770    0.0312276527
  0.0320786104    0.0329336181    0.0337927029    0.0346559986    0.0355237737
  0.0363961086    0.0372731373    0.0381550476    0.0390420005    0.0399344251
  0.0408321336    0.0417355016    0.0426448241    0.0435602084    0.0444818422
  0.0454102620    0.0463453606    0.0472873256    0.0482369617    0.0491941079
  0.0501593545    0.0511327818    0.0521147922    0.0531058952    0.0541063860
  0.0551166400    0.0561368987    0.0571680740    0.0582104340    0.0592643276
  0.0603304520    0.0614094511    0.0625019416    0.0636087820    0.0647299990
  0.0658669874    0.0670205250    0.0681916580    0.0693808421    0.0705894992
  0.0718188629    0.0730698451    0.0743438944    0.0756431565    0.0769684091
  0.0783220664    0.0797058448    0.0811216488    0.0825724021    0.0840611354
  0.0855906650    0.0871642098    0.0887857392    0.0904598400    0.0921912864
  0.0939865693    0.0958528236    0.0977970228    0.0998289302    0.1019598648
  0.1042037472    0.1065762416    0.1090972230    0.1117934600    0.1146996066
  0.1178584978    0.1213331386    0.1252102450    0.1296190187    0.1347411528
  0.1407302573    0.1474009916    0.1525589600    0.1524797812    0.1524041161
  0.1523250446    0.1522516862    0.1521750286    0.1520988271    0.1520214185
  0.1519439563    0.1518686935    0.1517920092    0.1517182484    0.1516376480
  0.1515603200    0.1514815703    0.1514083996    0.1513225153    0.1512505516
  0.1511732236    0.1510920599    0.1510092333    0.1509326562    0.1508559182
  0.1507745400    0.1506906673    0.1506158069    0.1505372718    0.1504608557
  0.1503719673    0.1502977774    0.1502155676    0.1501254186    0.1500466958
  0.1499667928    0.1498803720    0.1497913226    0.1497199222    0.1496411726
  0.1495539740    0.1494664535    0.1493915126    0.1492930487    0.1492148891
  0.1491290316    0.1490501478    0.1489657924    0.1488669261    0.1487716541
  0.1486979738    0.1486067250    0.1485107020    0.1484214380    0.1483458802
  0.1482665405    0.1481890246    0.1480946109    0.1480061516    0.1479080632
  0.1478385404    0.1477208182    0.1476448312    0.1475509539    0.1474377915
  0.1473711655    0.1472641453    0.1471561328    0.1470855638    0.1469932690
  0.1468835130    0.1467991307    0.1467280790    0.1466138169    0.1465055630
  0.1464508995    0.1463152066    0.1462587461    0.1460937366    0.1460313216
  0.1459216729    0.1458069548    0.1456527814    0.1456018731    0.1455472365
  0.1454696134    0.1453627810    0.1452838168    0.1451603010    0.1448852137
  0.1448819950    0.1448853746    0.1448442563    0.1445718512    0.1443323568
  0.1443751380    0.1443705782    0.1440848693    0.1442028061    0.1439427391
  0.1436626092    0.1437480912    0.1436830208    0.1434826598    0.1434738085
  0.1432373986    0.1429482833    0.1434574738    0.1425744101    0.1430325046
  0.1427545205    0.1425933734    0.1424420968    0.1423702672    0.1419069961
  0.1419447079    0.1412047938    0.1421334013    0.1425781384    0.1418694451
  0.1421198294    0.1410766914    0.1413926557    0.1413562849    0.1415089831
  0.1405989632    0.1403110012    0.1417203680    0.1418281123    0.1379636392
  0.1414945528    0.1430179134    0.1394874021    0.1403178677    0.1430468813
  0.1431457743    0.1383482412    0.1446189508    0.1427905694    0.1390621915
  0.1438822016    0.1381148890    0.1424086496    0.1469455793    0.1517655089
  0.1499944195    0.1532635227    0.1249432847    0.1478908166    0.1487266466
  0.1618926451    0.1400465354    0.1580115423    0.1707034335    0.1247790530
  0.1249923959    0.1266402647    0.1293595955    0.1642253622    0.1747245207
  0.1372976735    0.1179121420    0.1517504886    0.1739355221    0.1585621998
  0.1241197929    0.1956404135    0.1530009881    0.2051124737    0.1967524573
  0.1452129796    0.1942958489    0.2231198594    0.2441146091    0.2478121147
  0.3020045385    0.2384135202    0.0967823163    0.0967823163    0.0967823163
  0.0967823163    0.0967823163    0.0967823163    0.0967823163    0.0967823163
  0.0967823163    0.0967823163    0.0967823163    0.0967823163    0.0967823163
  -0.0000002608    0.0007078424    0.0014158919    0.0021244511    0.0028335735
  0.0035433128    0.0042537495    0.0049648836    0.0056767687    0.0063894853
  0.0071030870    0.0078175470    0.0085329726    0.0092494175    0.0099669352
  0.0106855527    0.0114053503    0.0121263281    0.0128485933    0.0135721728
  0.0142971471    0.0150235698    0.0157514676    0.0164808944    0.0172119573
  0.0179446831    0.0186791256    0.0194153652    0.0201534554    0.0208934769
  0.0216354832    0.0223795280    0.0231256917    0.0238740817    0.0246247247
  0.0253777012    0.0261331186    0.0268909767    0.0276515171    0.0284146592
  0.0291804835    0.0299492583    0.0307208762    0.0314955518    0.0322733656
  0.0330543175    0.0338385418    0.0346262798    0.0354175851    0.0362124309
  0.0370110586    0.0378134951    0.0386200085    0.0394306526    0.0402455613
  0.0410648152    0.0418886557    0.0427171901    0.0435505524    0.0443889037
  0.0452323779    0.0460813239    0.0469356880    0.0477958992    0.0486619577
  0.0495341852    0.0504127160    0.0512978718    0.0521899477    0.0530889705
  0.0539953426    0.0549093857    0.0558313951    0.0567613706    0.0577001974
  0.0586477682    0.0596047804    0.0605712876    0.0615480676    0.0625349596
  0.0635331973    0.0645426467    0.0655641928    0.0665981308    0.0676452920
  0.0687063202    0.0697815642    0.0708722040    0.0719789371    0.0731022462
  0.0742436066    0.0754035279    0.0765836731    0.0777846053    0.0790076390
  0.0802548662    0.0815267161    0.0828261659    0.0841541544    0.0855128005
  0.0869052157    0.0883328214    0.0897987291    0.0913068280    0.0928596124
  0.0944619641    0.0961185500    0.0978336349    0.0996147022    0.1014674380
  0.1034014717    0.1054254130    0.1075509295    0.1097933635    0.1121689692
  0.1147011355    0.1174154505    0.1203499749    0.1235534713    0.1270941481
  0.1310676798    0.1355968311    0.1407854035    0.1465439186    0.1523303285
  0.1528787598    0.1528078690    0.1527371928    0.1526667848    0.1525963232
  0.1525243863    0.1524555340    0.1523793325    0.1523095950    0.1522395894
  0.1521680549    0.1520946965    0.1520276681    0.1519499108    0.1518802539
  0.1518084511    0.1517344758    0.1516634777    0.1515920773    0.1515162244
  0.1514438048    0.1513724044    0.1512968734    0.1512250438    0.1511509612
  0.1510780588    0.1510006502    0.1509278551    0.1508511171    0.1507761493
  0.1507011279    0.1506324902    0.1505529627    0.1504823670    0.1503971800
  0.1503303662    0.1502516970    0.1501769975    0.1501003668    0.1500203297
  0.1499414459    0.1498705283    0.1497844562    0.1497160330    0.1496329650
  0.1495593920    0.1494773969    0.1494068280    0.1493206218    0.1492454663
  0.1491611108    0.1490888253    0.1490008220    0.1489242986    0.1488479629
  0.1487648949    0.1486834630    0.1485999927    0.1485247836    0.1484368876
  0.1483561262    0.1482617661    0.1481921628    0.1481027380    0.1480227545
  0.1479368433    0.1478549823    0.1477770105    0.1476830259    0.1476029620
  0.1475081190    0.1474415466    0.1473452553    0.1472748473    0.1471634820
  0.1470962659    0.1469936982    0.1469114885    0.1468239948    0.1467314586
  0.1466570273    0.1465745762    0.1464817986    0.1463662490    0.1462958410
  0.1461949363    0.1460963115    0.1460407630    0.1459135458    0.1458139017
  0.1457051918    0.1456546590    0.1455509916    0.1454232916    0.1453277245
  0.1452552781    0.1451254591    0.1450449660    0.1449476555    0.1448575065
  0.1448442295    0.1447755113    0.1445619002    0.1444573209    0.1443978295
  0.1442225203    0.1442606345    0.1442264095    0.1439963564    0.1438312128
  0.1438282087    0.1437129006    0.1435762420    0.1434325829    0.1432509437
  0.1431753322    0.1432411268    0.1429851100    0.1426320776    0.1427343771
  0.1428564444    0.1424348816    0.1425244942    0.1425922200    0.1421024486
  0.1421683237    0.1420271859    0.1421404019    0.1421391144    0.1416560754
  0.1416252032    0.1420026436    0.1417612448    0.1411549583    0.1418131456
  0.1405960664    0.1409668013    0.1407796904    0.1406051859    0.1402828649
  0.1404340878    0.1410828069    0.1396512851    0.1393359646    0.1377438322
  0.1413816586    0.1383754119    0.1372485086    0.1397626773    0.1399064973
  0.1426332310    0.1384027436    0.1413619176    0.1408121452    0.1389934734
  0.1414272025    0.1469932958    0.1464285567    0.1449547902    0.1476034716
  0.1406671450    0.1540363476    0.1471286401    0.1538098350    0.1483027771
  0.1443193749    0.1536125049    0.1551003799    0.1320019737    0.1212638840
  0.1249439016    0.1529583141    0.1597084954    0.1817528203    0.1732817605
  -0.0000002608    0.0006534204    0.0013069674    0.0019609436    0.0026154563
  0.0032704517    0.0039260373    0.0045822129    0.0052390322    0.0058965221
  0.0065547094    0.0072136477    0.0078733638    0.0085339382    0.0091953173
  0.0098576084    0.0105208382    0.0111850604    0.0118502751    0.0125165358
  0.0131838962    0.0138524100    0.0145220503    0.0151929244    0.0158651128
  0.0165385351    0.0172133252    0.0178895101    0.0185671166    0.0192462251
  0.0199268892    0.0206090823    0.0212929383    0.0219784573    0.0226656929
  0.0233547255    0.0240456089    0.0247383431    0.0254330888    0.0261297658
  0.0268285081    0.0275294766    0.0282324567    0.0289377704    0.0296453908
  0.0303553984    0.0310678199    0.0317827627    0.0325002804    0.0332204804
  0.0339433625    0.0346690610    0.0353976026    0.0361291751    0.0368638322
  0.0376016274    0.0383425340    0.0390868470    0.0398345396    0.0405858263
  0.0413407072    0.0420991555    0.0428616539    0.0436279878    0.0443984255
  0.0451730475    0.0459519342    0.0467353269    0.0475233063    0.0483159527
  0.0491134539    0.0499161586    0.0507239863    0.0515370980    0.0523557886
  0.0531801388    0.0540104970    0.0548468634    0.0556895331    0.0565389350
  0.0573949352    0.0582579091    0.0591282055    0.0600060120    0.0608917043
  0.0617855236    0.0626875773    0.0635986164    0.0645184800    0.0654481068
  0.0663873896    0.0673369452    0.0682974711    0.0692688599    0.0702521577
  0.0712475792    0.0722556606    0.0732772872    0.0743129149    0.0753633484
  0.0764289901    0.0775111541    0.0786104575    0.0797281340    0.0808647469
  0.0820211545    0.0831994221    0.0844001397    0.0856252387    0.0868763283
  0.0881541595    0.0894622460    0.0908010975    0.0921739861    0.0935831919
  0.0950318530    0.0965229198    0.0980598524    0.0996472642    0.1012898222
  0.1029930517    0.1047630414    0.1066064164    0.1085323498    0.1105515435
  0.1126760408    0.1149200574    0.1173022881    0.1198455855    0.1225810096
  0.1255486324    0.1288007036    0.1324077651    0.1364576861    0.1410230473
  0.1460536644    0.1512105867    0.1532544300    0.1531879649    0.1531215802
  0.1530563489    0.1529902592    0.1529233918    0.1528573290    0.1527893350
  0.1527235404    0.1526558951    0.1525894299    0.1525222406    0.1524548635
  0.1523879960    0.1523200288    0.1522518471    0.1521853283    0.1521191582
  0.1520496890    0.1519804344    0.1519127890    0.1518478528    0.1517748430
  0.1517090484    0.1516386405    0.1515706465    0.1515011504    0.1514306620
  0.1513636336    0.1512944862    0.1512225226    0.1511577740    0.1510846570
  0.1510165825    0.1509444579    0.1508727893    0.1508015499    0.1507354870
  0.1506653205    0.1505932763    0.1505191669    0.1504470691    0.1503764465
  0.1503045365    0.1502359524    0.1501611456    0.1500926152    0.1500189617
  0.1499389514    0.1498739615    0.1497983500    0.1497261450    0.1496540204
  0.1495766923    0.1495033339    0.1494271860    0.1493566975    0.1492837682
  0.1492060646    0.1491339132    0.1490568802    0.1489879742    0.1489071056
  0.1488265857    0.1487508401    0.1486828461    0.1485988930    0.1485141620
  0.1484489575    0.1483622417    0.1482996121    0.1482157663    0.1481417909
  0.1480539486    0.1479847744    0.1478922918    0.1478220984    0.1477490887
  0.1476730749    0.1475848302    0.1475082800    0.1474120960    0.1473378256
  0.1472541139    0.1471941397    0.1471092477    0.1470147267    0.1469299689
  0.1468628600    0.1467635646    0.1466864243    0.1466016129    0.1465231314
  0.1464360669    0.1463504508    0.1462476954    0.1461768851    0.1460835978
  0.1459975258    0.1459083155    0.1458534375    0.1457293585    0.1456569389
  0.1455760971    0.1454686746    0.1453794643    0.1452919707    0.1451981738
  0.1451347128    0.1450074151    0.1449187413    0.1448233619    0.1447421446
  0.1446739897    0.1445544705    0.1444457874    0.1443423882    0.1442492083
  0.1441932842    0.1440855399    0.1440065488    0.1438410833    0.1437631115
  0.1437871709    0.1436910406    0.1435402736    0.1434045002    0.1433750764
  0.1432525799    0.1431035563    0.1429926738    0.1427429065    0.1428038195
  0.1426990792    0.1426404461    0.1426880285    0.1423674241    0.1423805401
  0.1422006980    0.1421605453    0.1421565488    0.1415601328    0.1417053208
  0.1417078421    0.1416249350    0.1411894247    0.1417618081    0.1408046618
  0.1404905483    0.1415900394    0.1408154175    0.1404284820    0.1407230154
  0.1401044443    0.1404853985    0.1406093702    0.1401429072    0.1408210501
  0.1387327626    0.1400123641    0.1412599668    0.1412873790    0.1392703041
  -0.0000002608    0.0006077960    0.0012156650    0.0018239096    0.0024325833
  0.0030417129    0.0036513254    0.0042614475    0.0048721060    0.0054833278
  0.0060951665    0.0067075953    0.0073206946    0.0079344645    0.0085489586
  0.0091641769    0.0097801730    0.0103969470    0.0110145792    0.0116330162
  0.0122523919    0.0128726527    0.0134938523    0.0141160712    0.0147393093
  0.0153635666    0.0159888968    0.0166153535    0.0172429100    0.0178717002
  0.0185017243    0.0191329554    0.0197654739    0.0203993604    0.0210345343
  0.0216711566    0.0223092273    0.0229487464    0.0235897943    0.0242323712
  0.0248766109    0.0255224332    0.0261699989    0.0268192545    0.0274702802
  0.0281231299    0.0287778303    0.0294344887    0.0300931320    0.0307537064
  0.0314164266    0.0320812389    0.0327482238    0.0334174618    0.0340889528
  0.0347628847    0.0354390696    0.0361178026    0.0367990837    0.0374830201
  0.0381695047    0.0388587520    0.0395509228    0.0402458563    0.0409437403
  0.0416447088    0.0423487350    0.0430560336    0.0437664434    0.0444804475
  0.0451977506    0.0459185675    0.0466431931    0.0473715469    0.0481037363
  0.0488398418    0.0495801046    0.0503246054    0.0510733709    0.0518266156
  0.0525843129    0.0533467844    0.0541141644    0.0548865333    0.0556639984
  0.0564469621    0.0572352365    0.0580291703    0.0588289246    0.0596349016
  0.0604468599    0.0612655506    0.0620907053    0.0629226461    0.0637619630
  0.0646086827    0.0654629663    0.0663253769    0.0671958074    0.0680748478
  0.0689630076    0.0698602065    0.0707670614    0.0716839209    0.0726110265
  0.0735493436    0.0744988456    0.0754606590    0.0764344618    0.0774210319
  0.0784217373    0.0794360146    0.0804658756    0.0815111592    0.0825728849
  0.0836523667    0.0847498730    0.0858668789    0.0870045379    0.0881640300
  0.0893465355    0.0905532882    0.0917864606    0.0930473939    0.0943387702
  0.0956612065    0.0970183238    0.0984127238    0.0998466328    0.1013234571
  0.1028478906    0.1044232592    0.1060542300    0.1077472404    0.1095080569
  0.1113443509    0.1132651612    0.1152812168    0.1174051240    0.1196526006
  0.1220426366    0.1246013567    0.1273596868    0.1303612396    0.1336583987
  0.1373139814    0.1413775012    0.1458182737    0.1504242972    0.1536142483
  0.1535502777    0.1534889624    0.1534255818    0.1533614233    0.1532990083
  0.1532364860    0.1531729445    0.1531111732    0.1530477926    0.1529855654
  0.1529214606    0.1528586701    0.1527950212    0.1527315870    0.1526686892
  0.1526050940    0.1525396213    0.1524768844    0.1524147645    0.1523489967
  0.1522851869    0.1522215113    0.1521572724    0.1520933285    0.1520285264
  0.1519630268    0.1518956497    0.1518343344    0.1517692104    0.1517010555
  0.1516401425    0.1515720680    0.1515079632    0.1514419809    0.1513764009
  0.1513108209    0.1512383744    0.1511770055    0.1511075363    0.1510450676
  0.1509799168    0.1509071216    0.1508439824    0.1507723674    0.1507109448
  0.1506427631    0.1505749568    0.1505097523    0.1504401758    0.1503784314
  0.1503051534    0.1502371326    0.1501586780    0.1500960216    0.1500298783
  0.1499593899    0.1498922542    0.1498222217    0.1497562125    0.1496846512
  0.1496127680    0.1495460883    0.1494703159    0.1494031534    0.1493358031
  0.1492589578    0.1491974011    0.1491229966    0.1490486726    0.1489828780
  0.1489112630    0.1488330767    0.1487656996    0.1486823902    0.1486136988
  0.1485416278    0.1484695300    0.1483959571    0.1483249322    0.1482546583
  0.1481780812    0.1480976686    0.1480321422    0.1479582742    0.1478776202
  0.1477996215    0.1477277651    0.1476520464    0.1475838110    0.1475023255
  0.1474189624    0.1473515049    0.1472728088    0.1471919402    0.1471254751
  0.1470390275    0.1469621286    0.1468971387    0.1467992648    0.1467241630
  0.1466359183    0.1465674147    0.1464779630    0.1463950023    0.1463359401
  0.1462543741    0.1461634740    0.1460939780    0.1459923223    0.1459147796
  0.1458503798    0.1457607940    0.1456746146    0.1455884621    0.1455175444
  0.1454181686    0.1453424767    0.1452553585    0.1451878473    0.1450759992
  0.1450363293    0.1449241862    0.1448152348    0.1447397038    0.1446476772
  0.1445414081    0.1444921896    0.1443912581    0.1443033621    0.1441966102
  0.1441454068    0.1440063342    0.1439459309    0.1438260093    0.1437279209
  0.1437049344    0.1435254142    0.1434763297    0.1433457598    0.1432614580
  0.1432105228    0.1431074992    0.1429555252    0.1429155603    0.1427153602
  0.1428258136    0.1425988719    0.1424991742    0.1424031779    0.1422071889
  -0.0000002608    0.0005689576    0.0011379346    0.0017072335    0.0022769079
  0.0028469577    0.0034174368    0.0039883718    0.0045597628    0.0051316097
  0.0057039931    0.0062768862    0.0068503425    0.0074243620    0.0079989985
  0.0085742250    0.0091500953    0.0097266361    0.0103038743    0.0108818099
  0.0114604697    0.0120399073    0.0126201227    0.0132011697    0.0137829944
  0.0143657044    0.0149492994    0.0155338064    0.0161192521    0.0167056635
  0.0172930405    0.0178814635    0.0184709325    0.0190614209    0.0196530357
  0.0202457502    0.0208396718    0.0214347467    0.0220310554    0.0226285979
  0.0232273743    0.0238275185    0.0244289503    0.0250318304    0.0256360784
  0.0262417480    0.0268488929    0.0274575397    0.0280677423    0.0286796078
  0.0292930290    0.0299080595    0.0305248067    0.0311433509    0.0317636922
  0.0323856965    0.0330097124    0.0336355790    0.0342633769    0.0348932132
  0.0355250880    0.0361589745    0.0367950603    0.0374333993    0.0380738303
  0.0387167022    0.0393617466    0.0400092855    0.0406593189    0.0413119540
  0.0419669762    0.0426247880    0.0432851747    0.0439485118    0.0446145043
  0.0452835277    0.0459555015    0.0466304794    0.0473086491    0.0479899570
  0.0486746714    0.0493627384    0.0500542119    0.0507492259    0.0514479414
  0.0521505192    0.0528567448    0.0535669938    0.0542812929    0.0549998298
  0.0557227388    0.0564498857    0.0571815923    0.0579180732    0.0586591944
  0.0594054922    0.0601565644    0.0609132424    0.0616750702    0.0624425307
  0.0632159725    0.0639950737    0.0647805855    0.0655721590    0.0663703844
  0.0671753958    0.0679873809    0.0688064739    0.0696333185    0.0704677001
  0.0713101819    0.0721611932    0.0730210021    0.0738894477    0.0747675493
  0.0756553337    0.0765531763    0.0774613723    0.0783811286    0.0793119892
  0.0802550003    0.0812104300    0.0821795389    0.0831613347    0.0841586873
  0.0851706311    0.0861985341    0.0872434422    0.0883054093    0.0893864736
  0.0904871985    0.0916086033    0.0927515194    0.0939184681    0.0951102540
  0.0963282987    0.0975746140    0.0988509700    0.1001601294    0.1015034869
  0.1028849050    0.1043058857    0.1057712302    0.1072838888    0.1088488773
  0.1104704604    0.1121546462    0.1139078185    0.1157381311    0.1176550254
  0.1196689889    0.1217928961    0.1240441546    0.1264439538    0.1290168628
  0.1317986622    0.1348279223    0.1381512329    0.1418058768    0.1457672313
  0.1499005690    0.1539318219    0.1538959876    0.1538357988    0.1537763074
  0.1537173256    0.1536575928    0.1535981819    0.1535388246    0.1534787700
  0.1534194663    0.1533581242    0.1532987401    0.1532390341    0.1531799719
  0.1531192735    0.1530587092    0.1529979572    0.1529387340    0.1528779551
  0.1528182760    0.1527565047    0.1526965305    0.1526370123    0.1525758311
  0.1525132015    0.1524520740    0.1523916706    0.1523305431    0.1522699788
  0.1522084221    0.1521484748    0.1520881787    0.1520239934    0.1519654408
  0.1518986806    0.1518377945    0.1517774716    0.1517157808    0.1516518101
  0.1515904143    0.1515282676    0.1514645115    0.1514004335    0.1513394669
  0.1512758985    0.1512139931    0.1511500493    0.1510839328    0.1510226712
  0.1509593979    0.1508985654    0.1508334950    0.1507674322    0.1507028982
  0.1506373718    0.1505775586    0.1505097255    0.1504477933    0.1503822133
  0.1503175989    0.1502511874    0.1501878873    0.1501219854    0.1500574246
  0.1499903962    0.1499253795    0.1498603091    0.1497940585    0.1497266278
  0.1496647492    0.1495930806    0.1495281443    0.1494581923    0.1493912175
  0.1493252888    0.1492602184    0.1491870210    0.1491217896    0.1490558878
  0.1489914075    0.1489179417    0.1488508329    0.1487838045    0.1487172320
  0.1486439541    0.1485760942    0.1485071883    0.1484373704    0.1483676866
  0.1482991025    0.1482255563    0.1481592789    0.1480847403    0.1480145469
  0.1479512468    0.1478763327    0.1478030816    0.1477274165    0.1476600125
  0.1475856885    0.1475178018    0.1474446312    0.1473743841    0.1472943470
  0.1472206935    0.1471520826    0.1470670298    0.1469966486    0.1469417706
  0.1468525335    0.1467942491    0.1467012033    0.1466432139    0.1465467885
  0.1464644983    0.1464132950    0.1463366643    0.1462723449    0.1461726740
  0.1460970894    0.1460271910    0.1459598944    0.1458660170    0.1457847461
  0.1457197562    0.1456246182    0.1455384120    0.1454703644    0.1453845873
  0.1452950820    0.1452070788    0.1451279268    0.1450593427    0.1450272903
  0.1449006364    0.1448386237    0.1447795615    0.1446369216    0.1445831433
  -0.0000002608    0.0005354568    0.0010708794    0.0016065702    0.0021426097
  0.0026789710    0.0032157078    0.0037528470    0.0042903349    0.0048282787
  0.0053666517    0.0059054807    0.0064447656    0.0069845602    0.0075248376
  0.0080656514    0.0086070016    0.0091489151    0.0096914455    0.0102345392
  0.0107782498    0.0113226041    0.0118676290    0.0124133244    0.0129596904
  0.0135068074    0.0140546486    0.0146032140    0.0151526108    0.0157027587
  0.0162537381    0.0168055490    0.0173582450    0.0179117993    0.0184662923
  0.0190216973    0.0195780143    0.0201353505    0.0206936523    0.0212530002
  0.0218133405    0.0223748073    0.0229373202    0.0235009059    0.0240656987
  0.0246316448    0.0251987979    0.0257671580    0.0263367787    0.0269076332
  0.0274798289    0.0280533120    0.0286281899    0.0292044088    0.0297821298
  0.0303612724    0.0309418097    0.0315239564    0.0321076050    0.0326928362
  0.0332796231    0.0338681534    0.0344583198    0.0350502297    0.0356438294
  0.0362393066    0.0368365809    0.0374356523    0.0380367085    0.0386396691
  0.0392446950    0.0398517594    0.0404608890    0.0410720572    0.0416855052
  0.0423010722    0.0429190263    0.0435392067    0.0441616938    0.0447868094
  0.0454143122    0.0460443363    0.0466769889    0.0473122433    0.0479502335
  0.0485910401    0.0492346630    0.0498813167    0.0505306795    0.0511832878
  0.0518390074    0.0524979457    0.0531601295    0.0538258001    0.0544946358
  0.0551672801    0.0558434650    0.0565232441    0.0572070733    0.0578945503
  0.0585862115    0.0592820838    0.0599821135    0.0606864616    0.0613953158
  0.0621087834    0.0628269985    0.0635500148    0.0642782077    0.0650112286
  0.0657499626    0.0664939806    0.0672435775    0.0679993168    0.0687605813
  0.0695285782    0.0703027174    0.0710835353    0.0718711123    0.0726658240
  0.0734676704    0.0742773220    0.0750949934    0.0759203628    0.0767545030
  0.0775972798    0.0784493372    0.0793105677    0.0801817760    0.0810631499
  0.0819557354    0.0828589961    0.0837738708    0.0847008422    0.0856409296
  0.0865936503    0.0875604257    0.0885419264    0.0895386085    0.0905515447
  0.0915813252    0.0926290765    0.0936952546    0.0947810665    0.0958886310
  0.0970181361    0.0981709763    0.0993494317    0.1005540386    0.1017874524
  0.1030513093    0.1043475136    0.1056791231    0.1070484981    0.1084589109
  0.1099134997    0.1114164218    0.1129713520    0.1145841911    0.1162606791
  0.1180074140    0.1198318258    0.1217446968    0.1237557903    0.1258817896
  0.1281369641    0.1305446222    0.1331312373    0.1359293446    0.1389695480
  0.1422806814    0.1458479121    0.1495730713    0.1532650515    0.1542264357
  0.1541698411    0.1541129515    0.1540560350    0.1540001646    0.1539429531
  0.1538858756    0.1538293347    0.1537730351    0.1537155554    0.1536581829
  0.1536004886    0.1535438403    0.1534868702    0.1534297928    0.1533727154
  0.1533157989    0.1532582656    0.1532002762    0.1531430647    0.1530841902
  0.1530275688    0.1529699549    0.1529120997    0.1528542712    0.1527968720
  0.1527383462    0.1526803300    0.1526214823    0.1525633588    0.1525051013
  0.1524467096    0.1523876473    0.1523295507    0.1522708371    0.1522126600
  0.1521534637    0.1520950720    0.1520354196    0.1519750699    0.1519171074
  0.1518579379    0.1517985001    0.1517391428    0.1516796514    0.1516205087
  0.1515608564    0.1514997289    0.1514389500    0.1513804510    0.1513206646
  0.1512582496    0.1511988655    0.1511384085    0.1510769054    0.1510162339
  0.1509543285    0.1508946493    0.1508330122    0.1507736281    0.1507126078
  0.1506499514    0.1505896017    0.1505267039    0.1504655227    0.1504007205
  0.1503428385    0.1502792969    0.1502171233    0.1501555398    0.1500900134
  0.1500308171    0.1499657199    0.1499028757    0.1498397097    0.1497737274
  0.1497130021    0.1496531621    0.1495897010    0.1495200977    0.1494586214
  0.1493938193    0.1493304119    0.1492637858    0.1492001101    0.1491390899
  0.1490724638    0.1490046844    0.1489435568    0.1488757238    0.1488137379
  0.1487441882    0.1486789301    0.1486158982    0.1485477164    0.1484805003
  0.1484131232    0.1483492061    0.1482797369    0.1482141569    0.1481501058
  0.1480814144    0.1480093703    0.1479408130    0.1478771910    0.1478108063
  0.1477407739    0.1476737991    0.1476044908    0.1475305155    0.1474622533
  0.1474121228    0.1473299131    0.1472610876    0.1471837863    0.1471065387
  0.1470442310    0.1469774440    0.1469111666    0.1468294665    0.1467573687
  0.1466858879    0.1466222927    0.1465461984    0.1464756027    0.1464000180
  -0.0000002608    0.0005062476    0.0010123804    0.0015188083    0.0020254776
  0.0025324687    0.0030397817    0.0035474166    0.0040554002    0.0045637593
  0.0050724670    0.0055816039    0.0060911432    0.0066010848    0.0071114823
  0.0076223359    0.0081336185    0.0086454377    0.0091576859    0.0096705243
  0.0101838186    0.0106976762    0.0112121239    0.0117271349    0.0122427091
  0.0127589270    0.0132757619    0.0137932137    0.0143113092    0.0148301020
  0.0153495923    0.0158697531    0.0163906649    0.0169123009    0.0174346879
  0.0179578796    0.0184818223    0.0190065697    0.0195321754    0.0200586125
  0.0205859616    0.0211141154    0.0216432616    0.0221732929    0.0227042362
  0.0232361719    0.0237691000    0.0243029937    0.0248379067    0.0253738657
  0.0259109512    0.0264490828    0.0269883677    0.0275287524    0.0280702904
  0.0286129817    0.0291569337    0.0297020391    0.0302484587    0.0307961121
  0.0313451603    0.0318954155    0.0324470922    0.0330001637    0.0335546300
  0.0341105178    0.0346678540    0.0352267459    0.0357871130    0.0363489822
  0.0369125411    0.0374776557    0.0380444601    0.0386129811    0.0391831383
  0.0397550389    0.0403287634    0.0409042850    0.0414817646    0.0420609608
  0.0426421687    0.0432254419    0.0438106194    0.0443978354    0.0449872777
  0.0455787316    0.0461724117    0.0467684254    0.0473666117    0.0479670241
  0.0485700384    0.0491753861    0.0497831479    0.0503935382    0.0510064766
  0.0516221240    0.0522404268    0.0528615192    0.0534854546    0.0541122332
  0.0547419891    0.0553747758    0.0560107812    0.0566498175    0.0572923407
  0.0579378948    0.0585870430    0.0592395976    0.0598956659    0.0605557039
  0.0612192824    0.0618869111    0.0625582680    0.0632336751    0.0639135614
  0.0645974442    0.0652858868    0.0659788892    0.0666764513    0.0673787877
  0.0680861399    0.0687984005    0.0695162132    0.0702390686    0.0709673688
  0.0717020527    0.0724418595    0.0731879160    0.0739404634    0.0746991530
  0.0754648700    0.0762372121    0.0770169303    0.0778036758    0.0785984144
  0.0794009581    0.0802117094    0.0810309634    0.0818591759    0.0826962665
  0.0835432276    0.0844000593    0.0852669224    0.0861450776    0.0870340690
  0.0879349962    0.0888479665    0.0897735432    0.0907126918    0.0916658685
  0.0926337704    0.0936170682    0.0946164325    0.0956329361    0.0966674373
  0.0977205530    0.0987939730    0.0998881266    0.1010052130    0.1021459296
  0.1033121005    0.1045049325    0.1057257935    0.1069783315    0.1082636192
  0.1095842853    0.1109425828    0.1123427764    0.1137872800    0.1152803585
  0.1168261424    0.1184307471    0.1200991884    0.1218392447    0.1236581579
  0.1255668715    0.1275775895    0.1297023818    0.1319609895    0.1343763724
  0.1369690761    0.1397681758    0.1427877799    0.1460222021    0.1493996128
  0.1527817711    0.1545451358    0.1544909284    0.1544364795    0.1543827549
  0.1543286815    0.1542745009    0.1542200252    0.1541659519    0.1541112885
  0.1540567592    0.1540021226    0.1539476737    0.1538928762    0.1538385078
  0.1537840053    0.1537293419    0.1536745176    0.1536195323    0.1535644397
  0.1535099640    0.1534546837    0.1533992156    0.1533447400    0.1532898352
  0.1532344744    0.1531786308    0.1531232700    0.1530683652    0.1530116901
  0.1529567584    0.1529020682    0.1528460637    0.1527898714    0.1527341887
  0.1526783988    0.1526227430    0.1525671139    0.1525108948    0.1524544343
  0.1523989663    0.1523426667    0.1522858307    0.1522286996    0.1521725073
  0.1521151885    0.1520594791    0.1520018920    0.1519461289    0.1518884882
  0.1518308744    0.1517735288    0.1517169878    0.1516597494    0.1516034499
  0.1515446022    0.1514890805    0.1514307156    0.1513726458    0.1513142005
  0.1512573645    0.1511983022    0.1511406079    0.1510822430    0.1510229394
  0.1509656474    0.1509054050    0.1508474693    0.1507885680    0.1507298544
  0.1506706044    0.1506116226    0.1505535260    0.1504938468    0.1504354015
  0.1503752664    0.1503153190    0.1502559617    0.1501959339    0.1501364425
  0.1500764683    0.1500143752    0.1499526843    0.1498943463    0.1498343989
  0.1497760072    0.1497120366    0.1496501312    0.1495896205    0.1495304242
  0.1494690821    0.1494067207    0.1493457541    0.1492797717    0.1492178932
  0.1491599306    0.1490943775    0.1490358248    0.1489682063    0.1489090100
  0.1488466486    0.1487855479    0.1487201557    0.1486544952    0.1485965863
  0.1485308185    0.1484660968    0.1484047547    0.1483426347    0.1482767060
  0.1482081756    0.1481473431    0.1480810925    0.1480183825    0.1479515955
  -0.0000002608    0.0004804984    0.0009608820    0.0014414802    0.0019223198
  0.0024034545    0.0028848305    0.0033665285    0.0038485214    0.0043308362
  0.0048134729    0.0052964583    0.0057797924    0.0062635019    0.0067476138
  0.0072321013    0.0077169642    0.0082022831    0.0086880311    0.0091741815
  0.0096608415    0.0101479575    0.0106355026    0.0111236110    0.0116121754
  0.0121012762    0.0125909135    0.0130810872    0.0135718241    0.0140631244
  0.0145550415    0.0150475487    0.0155406728    0.0160343871    0.0165287986
  0.0170238271    0.0175195530    0.0180159226    0.0185129896    0.0190108076
  0.0195094034    0.0200086430    0.0205087140    0.0210095093    0.0215111360
  0.0220135406    0.0225168034    0.0230208978    0.0235258237    0.0240316615
  0.0245383844    0.0250459656    0.0255544588    0.0260639444    0.0265744492
  0.0270858124    0.0275982752    0.0281116769    0.0286261246    0.0291416720
  0.0296582654    0.0301759318    0.0306947246    0.0312146172    0.0317357704
  0.0322580501    0.0327814832    0.0333061501    0.0338320777    0.0343593195
  0.0348878220    0.0354176655    0.0359487697    0.0364812419    0.0370151356
  0.0375504777    0.0380871877    0.0386253193    0.0391650066    0.0397063300
  0.0402490482    0.0407934025    0.0413393930    0.0418869391    0.0424362287
  0.0429871008    0.0435397968    0.0440942362    0.0446505263    0.0452086404
  0.0457685515    0.0463304743    0.0468941942    0.0474600062    0.0480278030
  0.0485976920    0.0491696730    0.0497436926    0.0503199115    0.0508984104
  0.0514792159    0.0520623550    0.0526478544    0.0532357678    0.0538261220
  0.0544190511    0.0550144747    0.0556126609    0.0562134221    0.0568169460
  0.0574232325    0.0580324695    0.0586446568    0.0592599288    0.0598778829
  0.0604993507    0.0611238763    0.0617517278    0.0623831198    0.0630177304
  0.0636559620    0.0642977878    0.0649434492    0.0655927047    0.0662458494
  0.0669033393    0.0675646648    0.0682303086    0.0689002708    0.0695744976
  0.0702533379    0.0709370598    0.0716254488    0.0723189875    0.0730174616
  0.0737209782    0.0744302616    0.0751449898    0.0758653775    0.0765918002
  0.0773242041    0.0780633137    0.0788084045    0.0795606568    0.0803196684
  0.0810858682    0.0818593636    0.0826404765    0.0834297970    0.0842275932
  0.0850336775    0.0858485594    0.0866728023    0.0875067011    0.0883504972
  0.0892046735    0.0900699809    0.0909462050    0.0918340161    0.0927347019
  0.0936476186    0.0945743755    0.0955154285    0.0964707777    0.0974417910
  0.0984291926    0.0994335994    0.1004560843    0.1014976397    0.1025589630
  0.1036417171    0.1047471896    0.1058760509    0.1070310369    0.1082124963
  0.1094232187    0.1106645182    0.1119391575    0.1132490411    0.1145972803
  0.1159874693    0.1174223706    0.1189056054    0.1204432085    0.1220389619
  0.1236996248    0.1254326805    0.1272459075    0.1291504100    0.1311569706
  0.1332821384    0.1355416313    0.1379560217    0.1405421272    0.1433163092
  0.1462658539    0.1493451104    0.1524495795    0.1548533484    0.1548013404
  0.1547493592    0.1546973780    0.1546452090    0.1545933619    0.1545410052
  0.1544890776    0.1544364259    0.1543844447    0.1543323293    0.1542799458
  0.1542274818    0.1541754201    0.1541228220    0.1540703848    0.1540179744
  0.1539655104    0.1539124832    0.1538598582    0.1538073406    0.1537547424
  0.1537016347    0.1536490098    0.1535960093    0.1535434380    0.1534903839
  0.1534372494    0.1533843562    0.1533313558    0.1532781675    0.1532250866
  0.1531711206    0.1531182006    0.1530644760    0.1530112609    0.1529577777
  0.1529036507    0.1528508112    0.1527970597    0.1527434424    0.1526891276
  0.1526355639    0.1525814369    0.1525266930    0.1524732903    0.1524195656
  0.1523648754    0.1523103997    0.1522564337    0.1522019044    0.1521474823
  0.1520934358    0.1520380750    0.1519836798    0.1519280776    0.1518744603
  0.1518188044    0.1517634705    0.1517082974    0.1516547337    0.1515977904
  0.1515420273    0.1514871225    0.1514314398    0.1513757303    0.1513191089
  0.1512642041    0.1512077436    0.1511525169    0.1510958955    0.1510400251
  0.1509843960    0.1509273723    0.1508717969    0.1508146390    0.1507573202
  0.1507014230    0.1506443456    0.1505860880    0.1505302981    0.1504740790
  0.1504156068    0.1503578052    0.1503009155    0.1502433017    0.1501860365
  0.1501280740    0.1500706479    0.1500110492    0.1499539450    0.1498978868
  0.1498376980    0.1497795209    0.1497207537    0.1496621475    0.1496039435
  0.1495446399    0.1494840488    0.1494253352    0.1493676677    0.1493075326
  -0.0000002608    0.0004576460    0.0009151503    0.0013728425    0.0018307492
  0.0022888705    0.0027472600    0.0032059178    0.0036648169    0.0041240379
  0.0045835003    0.0050433114    0.0055034176    0.0059638456    0.0064245954
  0.0068857208    0.0073471680    0.0078090176    0.0082711890    0.0087337896
  0.0091967925    0.0096601710    0.0101239786    0.0105881885    0.0110528812
  0.0115180030    0.0119836077    0.0124496415    0.0129162118    0.0133832380
  0.0138507739    0.0143188462    0.0147874013    0.0152565464    0.0157262281
  0.0161964729    0.0166672811    0.0171386793    0.0176107213    0.0180832729
  0.0185565218    0.0190303877    0.0195049241    0.0199801311    0.0204559818
  0.0209325567    0.0214097753    0.0218877450    0.0223663852    0.0228458032
  0.0233259991    0.0238069460    0.0242886439    0.0247711197    0.0252545074
  0.0257386729    0.0262236431    0.0267094716    0.0271961853    0.0276837841
  0.0281722680    0.0286616907    0.0291520789    0.0296433523    0.0301356450
  0.0306288496    0.0311231002    0.0316182896    0.0321145788    0.0326119676
  0.0331103221    0.0336098298    0.0341104373    0.0346121982    0.0351150587
  0.0356190726    0.0361242935    0.0366306677    0.0371383294    0.0376471713
  0.0381573543    0.0386688247    0.0391815826    0.0396956280    0.0402111217
  0.0407279029    0.0412461594    0.0417657837    0.0422869638    0.0428095385
  0.0433336154    0.0438592210    0.0443864092    0.0449152604    0.0454455867
  0.0459775761    0.0465113357    0.0470467582    0.0475838438    0.0481227800
  0.0486634865    0.0492059633    0.0497505590    0.0502968445    0.0508450881
  0.0513953432    0.0519475028    0.0525018618    0.0530582592    0.0536168024
  0.0541775182    0.0547404334    0.0553055212    0.0558730766    0.0564428046
  0.0570151076    0.0575897977    0.0581668481    0.0587467149    0.0593289152
  0.0599139854    0.0605016574    0.0610921457    0.0616853967    0.0622816250
  0.0628807500    0.0634829327    0.0640883610    0.0646968737    0.0653084174
  0.0659236088    0.0665419921    0.0671637550    0.0677893266    0.0684184119
  0.0690511718    0.0696879283    0.0703284666    0.0709730819    0.0716217473
  0.0722748384    0.0729323015    0.0735941634    0.0742603973    0.0749317542
  0.0756075636    0.0762884155    0.0769747123    0.0776660249    0.0783628091
  0.0790651724    0.0797734633    0.0804877087    0.0812078014    0.0819344923
  0.0826674595    0.0834076419    0.0841545567    0.0849084988    0.0856698975
  0.0864394769    0.0872164592    0.0880020246    0.0887965485    0.0895996556
  0.0904119089    0.0912336841    0.0920661077    0.0929086432    0.0937618002
  0.0946266249    0.0955034390    0.0963924572    0.0972937599    0.0982092515
  0.0991387710    0.1000828817    0.1010426566    0.1020185515    0.1030120686
  0.1040234223    0.1050538465    0.1061039582    0.1071762249    0.1082708612
  0.1093893424    0.1105333313    0.1117042229    0.1129040822    0.1141352162
  0.1153993681    0.1166991934    0.1180376962    0.1194171831    0.1208420530
  0.1223163024    0.1238438472    0.1254316613    0.1270841166    0.1288096890
  0.1306166932    0.1325158313    0.1345190927    0.1366380647    0.1388922736
  0.1412933871    0.1438518390    0.1465599850    0.1493800327    0.1522382483
  0.1550250903    0.1551019087    0.1550514564    0.1550018623    0.1549516514
  0.1549012527    0.1548512563    0.1548008308    0.1547508344    0.1547006771
  0.1546501979    0.1546001211    0.1545498028    0.1544993237    0.1544488981
  0.1543985263    0.1543480471    0.1542978898    0.1542471424    0.1541963413
  0.1541458622    0.1540952757    0.1540444478    0.1539939955    0.1539428994
  0.1538920447    0.1538417533    0.1537903354    0.1537394270    0.1536882505
  0.1536374763    0.1535858974    0.1535353109    0.1534842685    0.1534329310
  0.1533816740    0.1533299074    0.1532791063    0.1532274470    0.1531755194
  0.1531245306    0.1530728444    0.1530209169    0.1529695526    0.1529175714
  0.1528662339    0.1528139576    0.1527619228    0.1527107731    0.1526585504
  0.1526057109    0.1525536761    0.1525018826    0.1524494454    0.1523971960
  0.1523450270    0.1522923484    0.1522397503    0.1521879569    0.1521338567
  0.1520818219    0.1520286605    0.1519761696    0.1519233838    0.1518696859
  0.1518174365    0.1517632291    0.1517105773    0.1516572550    0.1516035840
  0.1515500203    0.1514958933    0.1514422759    0.1513888195    0.1513350949
  0.1512804851    0.1512273774    0.1511730626    0.1511194184    0.1510648891
  0.1510110572    0.1509570107    0.1509018376    0.1508468255    0.1507925376
  0.1507382497    0.1506838009    0.1506290838    0.1505741253    0.1505187377
  -0.0000002608    0.0004372075    0.0008742467    0.0013114199    0.0017488077
  0.0021863833    0.0026242003    0.0030622318    0.0035005048    0.0039390460
  0.0043778285    0.0048169062    0.0052562252    0.0056958392    0.0061357483
  0.0065759793    0.0070165053    0.0074573532    0.0078985229    0.0083400413
  0.0087819353    0.0092241511    0.0096667424    0.0101097092    0.0105530515
  0.0109967962    0.0114409432    0.0118855193    0.0123304978    0.0127758786
  0.0132217422    0.0136680350    0.0141148105    0.0145620152    0.0150097296
  0.0154579267    0.0159066066    0.0163558230    0.0168055758    0.0172558114
  0.0177065834    0.0181579188    0.0186098173    0.0190622523    0.0195153311
  0.0199689463    0.0204231784    0.0208780542    0.0213334665    0.0217896029
  0.0222463295    0.0227037534    0.0231618211    0.0236205861    0.0240800485
  0.0245401815    0.0250010118    0.0254626200    0.0259249255    0.0263880089
  0.0268518969    0.0273165360    0.0277819261    0.0282481477    0.0287151471
  0.0291830048    0.0296517208    0.0301212683    0.0305917278    0.0310630456
  0.0315352216    0.0320083633    0.0324824706    0.0329574361    0.0334334478
  0.0339103982    0.0343883142    0.0348671958    0.0353471503    0.0358281776
  0.0363102242    0.0367933705    0.0372776166    0.0377628818    0.0382493272
  0.0387369528    0.0392257050    0.0397156373    0.0402067229    0.0406990692
  0.0411926761    0.0416874632    0.0421836451    0.0426810607    0.0431798175
  0.0436799154    0.0441813275    0.0446841344    0.0451884165    0.0456940934
  0.0462012455    0.0467099801    0.0472201094    0.0477317408    0.0482449278
  0.0487597778    0.0492762104    0.0497943327    0.0503140911    0.0508354858
  0.0513586774    0.0518835589    0.0524104252    0.0529389009    0.0534693882
  0.0540015921    0.0545359418    0.0550721690    0.0556103274    0.0561506048
  0.0566929206    0.0572373822    0.0577839628    0.0583326891    0.0588837221
  0.0594368741    0.0599927083    0.0605505809    0.0611109480    0.0616738901
  0.0622392461    0.0628072843    0.0633777902    0.0639511392    0.0645271167
  0.0651059106    0.0656875476    0.0662722692    0.0668595925    0.0674501345
  0.0680440828    0.0686409548    0.0692410722    0.0698445156    0.0704514727
  0.0710619971    0.0716757670    0.0722933725    0.0729147330    0.0735401973
  0.0741691753    0.0748025253    0.0754397646    0.0760813758    0.0767273858
  0.0773779556    0.0780329779    0.0786928281    0.0793577209    0.0800275490
  0.0807023928    0.0813823059    0.0820681736    0.0827592984    0.0834562704
  0.0841594115    0.0848682657    0.0855840400    0.0863059297    0.0870349005
  0.0877708182    0.0885138169    0.0892644599    0.0900226668    0.0907889739
  0.0915638641    0.0923472568    0.0931392595    0.0939409450    0.0947520718
  0.0955735520    0.0964051977    0.0972477332    0.0981018022    0.0989676997
  0.0998458549    0.1007368580    0.1016417548    0.1025603846    0.1034944639
  0.1044434831    0.1054090515    0.1063918397    0.1073924646    0.1084129378
  0.1094526425    0.1105144218    0.1115984097    0.1127064839    0.1138397977
  0.1150004700    0.1161902443    0.1174109980    0.1186646894    0.1199542686
  0.1212822571    0.1226517394    0.1240670606    0.1255313858    0.1270504013
  0.1286285594    0.1302729145    0.1319897965    0.1337886199    0.1356804892
  0.1376744702    0.1397845641    0.1420229211    0.1443928137    0.1468906209
  0.1494847730    0.1521228328    0.1547182187    0.1553937063    0.1553453460
  0.1552969322    0.1552486524    0.1552003995    0.1551520661    0.1551035449
  0.1550548896    0.1550062880    0.1549580887    0.1549094602    0.1548604831
  0.1548126593    0.1547638699    0.1547152415    0.1546664789    0.1546177968
  0.1545690611    0.1545206472    0.1544716701    0.1544229075    0.1543740645
  0.1543250069    0.1542762175    0.1542270526    0.1541785851    0.1541292056
  0.1540802017    0.1540311441    0.1539821669    0.1539326534    0.1538833007
  0.1538341627    0.1537852660    0.1537358060    0.1536866143    0.1536369130
  0.1535873994    0.1535382077    0.1534883991    0.1534387514    0.1533895865
  0.1533396706    0.1532897547    0.1532399997    0.1531903788    0.1531402215
  0.1530907080    0.1530405506    0.1529902324    0.1529405311    0.1528899983
  0.1528404847    0.1527899519    0.1527397409    0.1526890203    0.1526388094
  0.1525887057    0.1525383607    0.1524874523    0.1524367586    0.1523857966
  0.1523354247    0.1522846773    0.1522334203    0.1521831289    0.1521314159
  0.1520806149    0.1520293579    0.1519778863    0.1519266561    0.1518752381
  0.1518233106    0.1517729655    0.1517209843    0.1516693786    0.1516178802
  -0.0000002608    0.0004187807    0.0008373931    0.0012561396    0.0016750202
  0.0020941153    0.0025133982    0.0029328689    0.0033525810    0.0037725076
  0.0041926488    0.0046130583    0.0050337091    0.0054546013    0.0058757618
  0.0062971905    0.0067188874    0.0071408793    0.0075631395    0.0079857484
  0.0084086254    0.0088318244    0.0092553720    0.0096792415    0.0101034328
  0.0105279729    0.0109528616    0.0113781258    0.0118037656    0.0122297540
  0.0126561448    0.0130829379    0.0135101601    0.0139377579    0.0143657580
  0.0147942141    0.0152230725    0.0156524405    0.0160822377    0.0165124372
  0.0169431463    0.0173743382    0.0178060129    0.0182381973    0.0186708644
  0.0191040412    0.0195377544    0.0199720040    0.0204067633    0.0208420858
  0.0212779984    0.0217144206    0.0221514598    0.0225890890    0.0230273351
  0.0234661445    0.0239055440    0.0243456408    0.0247863278    0.0252276585
  0.0256696597    0.0261123851    0.0265557542    0.0269997671    0.0274444774
  0.0278899387    0.0283360973    0.0287830070    0.0292306945    0.0296791062
  0.0301282689    0.0305782363    0.0310289547    0.0314805046    0.0319328323
  0.0323860183    0.0328400895    0.0332948849    0.0337506995    0.0342073455
  0.0346647963    0.0351232395    0.0355825946    0.0360428616    0.0365041479
  0.0369662926    0.0374293759    0.0378935322    0.0383587345    0.0388248757
  0.0392920360    0.0397603765    0.0402297631    0.0407001689    0.0411716208
  0.0416443333    0.0421180114    0.0425929770    0.0430690691    0.0435462877
  0.0440247938    0.0445045337    0.0449853733    0.0454677150    0.0459511563
  0.0464359388    0.0469221696    0.0474096343    0.0478983864    0.0483887479
  0.0488803163    0.0493734404    0.0498679057    0.0503639266    0.0508614495
  0.0513605282    0.0518611088    0.0523632720    0.0528670982    0.0533725068
  0.0538795784    0.0543883935    0.0548988983    0.0554112002    0.0559251919
  0.0564409807    0.0569587812    0.0574783519    0.0579996929    0.0585232064
  0.0590485975    0.0595758930    0.0601054147    0.0606370553    0.0611705199
  0.0617064789    0.0622445568    0.0627849147    0.0633273646    0.0638723895
  0.0644197211    0.0649694934    0.0655215457    0.0660765484    0.0666337237
  0.0671937153    0.0677565232    0.0683217987    0.0688901588    0.0694613352
  0.0700354084    0.0706122711    0.0711925134    0.0717755988    0.0723620370
  0.0729516402    0.0735449448    0.0741412804    0.0747412369    0.0753448680
  0.0759518251    0.0765629128    0.0771777824    0.0777964070    0.0784192964
  0.0790465042    0.0796777621    0.0803134724    0.0809536621    0.0815982774
  0.0822478011    0.0829021260    0.0835615203    0.0842263058    0.0848963484
  0.0855716750    0.0862524733    0.0869393066    0.0876320139    0.0883309707
  0.0890362039    0.0897482768    0.0904670283    0.0911925927    0.0919253990
  0.0926657960    0.0934144005    0.0941703811    0.0949349716    0.0957083330
  0.0964904651    0.0972817168    0.0980829999    0.0988942072    0.0997160897
  0.1005486742    0.1013926044    0.1022484705    0.1031163797    0.1039975390
  0.1048922434    0.1058012441    0.1067245677    0.1076637164    0.1086194411
  0.1095918223    0.1105827376    0.1115925625    0.1126229063    0.1136739835
  0.1147479936    0.1158457682    0.1169689700    0.1181193426    0.1192987904
  0.1205093250    0.1217525288    0.1230314866    0.1243495777    0.1257088676
  0.1271133259    0.1285688534    0.1300766036    0.1316449985    0.1332783833
  0.1349870577    0.1367759839    0.1386566415    0.1406382039    0.1427296832
  0.1449330911    0.1472470328    0.1496460810    0.1520871863    0.1545042053
  0.1556775913    0.1556307063    0.1555839822    0.1555370972    0.1554905608
  0.1554436222    0.1553967640    0.1553499594    0.1553031549    0.1552563235
  0.1552089557    0.1551623657    0.1551154807    0.1550684616    0.1550213620
  0.1549746647    0.1549274847    0.1548804924    0.1548331514    0.1547861055
  0.1547390059    0.1546918258    0.1546445653    0.1545969829    0.1545500711
  0.1545029715    0.1544554159    0.1544081554    0.1543608680    0.1543132856
  0.1542659447    0.1542185500    0.1541709945    0.1541236535    0.1540760174
  0.1540281668    0.1539802894    0.1539330289    0.1538850978    0.1538373813
  0.1537896112    0.1537420824    0.1536940709    0.1536459789    0.1535979137
  0.1535501704    0.1535019442    0.1534540132    0.1534057871    0.1533578292
  0.1533094421    0.1532611623    0.1532129899    0.1531644687    0.1531162426
  0.1530674800    0.1530192271    0.1529705986    0.1529220238    0.1528737441
  0.1528247133    0.1527761653    0.1527271882    0.1526787207    0.1526295826
  -0.0000002608    0.0004021242    0.0008040264    0.0012060627    0.0016082063
  0.0020105377    0.0024130568    0.0028157368    0.0032186314    0.0036217138
  0.0040249839    0.0044284955    0.0048322216    0.0052361622    0.0056403443
  0.0060447678    0.0064494595    0.0068543926    0.0072595671    0.0076650098
  0.0080707744    0.0084767535    0.0088830546    0.0092896506    0.0096965417
  0.0101037279    0.0105112359    0.0109190926    0.0113272443    0.0117357448
  0.0121445671    0.0125537649    0.0129633114    0.0133732066    0.0137834504
  0.0141941234    0.0146051183    0.0150165692    0.0154283956    0.0158406243
  0.0162532553    0.0166663155    0.0170797780    0.0174936697    0.0179080710
  0.0183228478    0.0187381342    0.0191538498    0.0195700750    0.0199867293
  0.0204039201    0.0208215401    0.0212397501    0.0216584161    0.0220776185
  0.0224973843    0.0229176596    0.0233384445    0.0237597927    0.0241817042
  0.0246042058    0.0250273243    0.0254510060    0.0258752242    0.0263001129
  0.0267256185    0.0271516874    0.0275784537    0.0280058101    0.0284338370
  0.0288625613    0.0292919293    0.0297219947    0.0301526770    0.0305841103
  0.0310162678    0.0314491764    0.0318827823    0.0323170856    0.0327522472
  0.0331880793    0.0336246625    0.0340621576    0.0345003232    0.0349393472
  0.0353792027    0.0358198896    0.0362613544    0.0367037579    0.0371469930
  0.0375911668    0.0380361184    0.0384820893    0.0389288917    0.0393766597
  0.0398253664    0.0402750388    0.0407257035    0.0411773071    0.0416299030
  0.0420835987    0.0425382063    0.0429938868    0.0434506938    0.0439085200
  0.0443674996    0.0448274985    0.0452887043    0.0457509831    0.0462144420
  0.0466791347    0.0471448466    0.0476119801    0.0480801597    0.0485497072
  0.0490204081    0.0494923964    0.0499657795    0.0504404768    0.0509164080
  0.0513938144    0.0518725350    0.0523527309    0.0528343216    0.0533173338
  0.0538017944    0.0542877838    0.0547754094    0.0552643493    0.0557551131
  0.0562473789    0.0567411199    0.0572367117    0.0577337787    0.0582327768
  0.0587333307    0.0592357352    0.0597397223    0.0602458552    0.0607536778
  0.0612634316    0.0617750093    0.0622885987    0.0628041729    0.0633218929
  0.0638415709    0.0643633679    0.0648873374    0.0654133990    0.0659416601
  0.0664722547    0.0670051023    0.0675403103    0.0680777714    0.0686179683
  0.0691606596    0.0697057113    0.0702532306    0.0708035663    0.0713566914
  0.0719124988    0.0724709615    0.0730325893    0.0735970601    0.0741643742
  0.0747347996    0.0753084973    0.0758853063    0.0764654949    0.0770486608
  0.0776356623    0.0782260701    0.0788200185    0.0794178024    0.0800190195
  0.0806244478    0.0812336311    0.0818470791    0.0824643359    0.0830860719
  0.0837122872    0.0843430355    0.0849780753    0.0856182113    0.0862631753
  0.0869129941    0.0875680164    0.0882286713    0.0888945833    0.0895657524
  0.0902433053    0.0909265444    0.0916161135    0.0923118785    0.0930144563
  0.0937231764    0.0944396481    0.0951632544    0.0958941028    0.0966329172
  0.0973795101    0.0981344715    0.0988985524    0.0996712431    0.1004532412
  0.1012445465    0.1020467684    0.1028589144    0.1036818430    0.1045160100
  0.1053628907    0.1062211707    0.1070925131    0.1079776421    0.1088770136
  0.1097907886    0.1107202545    0.1116660014    0.1126288608    0.1136100397
  0.1146097794    0.1156305477    0.1166718349    0.1177352235    0.1188231274
  0.1199357614    0.1210761294    0.1222449556    0.1234449223    0.1246776119
  0.1259464040    0.1272529885    0.1286018983    0.1299959764    0.1314398631
  0.1329369113    0.1344940409    0.1361181185    0.1378132746    0.1395902380
  0.1414555803    0.1434153363    0.1454726711    0.1476224080    0.1498492047
  0.1521163687    0.1543707386    0.1559543684    0.1559089586    0.1558637366
  0.1558182463    0.1557729438    0.1557277218    0.1556818828    0.1556368217
  0.1555913314    0.1555461362    0.1555006191    0.1554549143    0.1554093435
  0.1553641751    0.1553185776    0.1552731678    0.1552274629    0.1551821604
  0.1551362947    0.1550907776    0.1550450727    0.1549993411    0.1549538508
  0.1549078509    0.1548621997    0.1548165485    0.1547707632    0.1547251925
  0.1546790853    0.1546332464    0.1545873269    0.1545415416    0.1544955418
  0.1544498101    0.1544034883    0.1543574616    0.1543114617    0.1542655692
  0.1542192206    0.1541731670    0.1541273013    0.1540807381    0.1540343091
  0.1539880946    0.1539419606    0.1538954511    0.1538495317    0.1538028345
  0.1537564054    0.1537096813    0.1536636278    0.1536168233    0.1535699114
  -0.0000002608    0.0003869161    0.0007736370    0.0011604652    0.0015474007
  0.0019344702    0.0023217008    0.0027090922    0.0030966714    0.0034844384
  0.0038723662    0.0042605087    0.0046488389    0.0050373569    0.0054261163
  0.0058150634    0.0062042519    0.0065936550    0.0069833264    0.0073731855
  0.0077633128    0.0081537083    0.0085443452    0.0089352503    0.0093263969
  0.0097178385    0.0101095751    0.0105015531    0.0108938530    0.0112864479
  0.0116793379    0.0120725498    0.0124660835    0.0128599390    0.0132540897
  0.0136485890    0.0140434369    0.0144386336    0.0148341790    0.0152300730
  0.0156263426    0.0160230145    0.0164200082    0.0168174043    0.0172151759
  0.0176133767    0.0180119798    0.0184109852    0.0188103929    0.0192102298
  0.0196105227    0.0200111911    0.0204123691    0.0208139494    0.0212160125
  0.0216185048    0.0220214799    0.0224249914    0.0228289321    0.0232334092
  0.0236383423    0.0240438119    0.0244497642    0.0248562261    0.0252632782
  0.0256708130    0.0260789111    0.0264875993    0.0268968239    0.0273065314
  0.0277169093    0.0281278506    0.0285393551    0.0289515302    0.0293642685
  0.0297776505    0.0301916227    0.0306062117    0.0310214981    0.0314374015
  0.0318539485    0.0322711930    0.0326891616    0.0331077471    0.0335270569
  0.0339470640    0.0343677416    0.0347892508    0.0352114573    0.0356344149
  0.0360580698    0.0364824757    0.0369077399    0.0373337820    0.0377605751
  0.0381882265    0.0386167362    0.0390459433    0.0394760087    0.0399070129
  0.0403388754    0.0407715961    0.0412051216    0.0416396394    0.0420750424
  0.0425113842    0.0429486111    0.0433868572    0.0438259885    0.0442662194
  0.0447073624    0.0451494172    0.0455926791    0.0460368529    0.0464821264
  0.0469283655    0.0473757312    0.0478241429    0.0482738689    0.0487244532
  0.0491762444    0.0496292427    0.0500833943    0.0505386993    0.0509952649
  0.0514530107    0.0519120172    0.0523722574    0.0528339192    0.0532966807
  0.0537608370    0.0542262003    0.0546930924    0.0551612452    0.0556308731
  0.0561018154    0.0565743402    0.0570482597    0.0575236544    0.0580005243
  0.0584790304    0.0589590117    0.0594405755    0.0599237755    0.0604085580
  0.0608950570    0.0613831386    0.0618729100    0.0623646393    0.0628578976
  0.0633530870    0.0638501540    0.0643489644    0.0648497596    0.0653523788
  0.0658569828    0.0663636521    0.0668723330    0.0673829719    0.0678958640
  0.0684109017    0.0689281926    0.0694475219    0.0699689969    0.0704931810
  0.0710193768    0.0715480939    0.0720793054    0.0726128772    0.0731490508
  0.0736878529    0.0742294177    0.0747735307    0.0753203526    0.0758701786
  0.0764226332    0.0769784674    0.0775369570    0.0780985042    0.0786631092
  0.0792307720    0.0798023239    0.0803768262    0.0809549764    0.0815363988
  0.0821217373    0.0827103749    0.0833029822    0.0838994518    0.0844999716
  0.0851043805    0.0857128665    0.0863258585    0.0869431153    0.0875649318
  0.0881914690    0.0888222173    0.0894585177    0.0900993511    0.0907456830
  0.0913972184    0.0920543864    0.0927169994    0.0933854058    0.0940596864
  0.0947404847    0.0954272643    0.0961208031    0.0968212619    0.0975287214
  0.0982432619    0.0989648566    0.0996947393    0.1004325613    0.1011790738
  0.1019334719    0.1026975796    0.1034703776    0.1042528585    0.1050457194
  0.1058488265    0.1066627428    0.1074880049    0.1083251223    0.1091745242
  0.1100368276    0.1109125957    0.1118026063    0.1127069131    0.1136267230
  0.1145631090    0.1155168489    0.1164882913    0.1174781606    0.1184884951
  0.1195192948    0.1205735371    0.1216506317    0.1227538511    0.1238829806
  0.1250412390    0.1262301281    0.1274524912    0.1287095889    0.1300059006
  0.1313429013    0.1327253386    0.1341569945    0.1356434211    0.1371890172
  0.1387980744    0.1404801145    0.1422387049    0.1440809533    0.1460067257
  0.1480126694    0.1500846758    0.1521963790    0.1543027446    0.1562244669
  0.1561805323    0.1561364368    0.1560923949    0.1560484335    0.1560044184
  0.1559603497    0.1559164420    0.1558721587    0.1558281437    0.1557838872
  0.1557398453    0.1556955621    0.1556515470    0.1556072101    0.1555630073
  0.1555187508    0.1554747626    0.1554305062    0.1553863034    0.1553419933
  0.1552978709    0.1552535340    0.1552094117    0.1551648334    0.1551202819
  0.1550762668    0.1550318226    0.1549871907    0.1549426660    0.1548984364
  0.1548539922    0.1548094943    0.1547649160    0.1547202572    0.1546758667
  0.1546310738    0.1545863613    0.1545417294    0.1544969901    0.1544523045
  -0.0000002608    0.0003730491    0.0007458493    0.0011187568    0.0014917716
  0.0018648937    0.0022381499    0.0026115939    0.0029851452    0.0033588842
  0.0037328109    0.0041068718    0.0044811472    0.0048555568    0.0052302077
  0.0056050196    0.0059800729    0.0063552871    0.0067307428    0.0071063861
  0.0074822709    0.0078583702    0.0082347110    0.0086112663    0.0089880630
  0.0093651012    0.0097424075    0.0101199821    0.0104977980    0.0108759090
  0.0112542614    0.0116328821    0.0120117977    0.0123910353    0.0127704874
  0.0131503150    0.0135303840    0.0139108017    0.0142915145    0.0146725759
  0.0150539324    0.0154356107    0.0158176646    0.0162000135    0.0165827379
  0.0169658378    0.0173492327    0.0177330568    0.0181172296    0.0185017243
  0.0188866481    0.0192719743    0.0196576491    0.0200437531    0.0204302326
  0.0208171681    0.0212045059    0.0215922728    0.0219804421    0.0223690674
  0.0227581218    0.0231476054    0.0235375717    0.0239280209    0.0243188724
  0.0247102067    0.0251020238    0.0254943773    0.0258871868    0.0262805060
  0.0266743347    0.0270686731    0.0274634942    0.0278588787    0.0282547727
  0.0286512032    0.0290482238    0.0294457808    0.0298439011    0.0302425578
  0.0306418315    0.0310417220    0.0314421222    0.0318431124    0.0322448000
  0.0326470241    0.0330498919    0.0334534839    0.0338576123    0.0342624113
  0.0346678272    0.0350739941    0.0354807511    0.0358882055    0.0362964109
  0.0367052332    0.0371147797    0.0375251308    0.0379360989    0.0383478448
  0.0387603149    0.0391735896    0.0395876691    0.0400024459    0.0404178932
  0.0408343062    0.0412514970    0.0416694656    0.0420883194    0.0425079241
  0.0429283336    0.0433497086    0.0437719151    0.0441950068    0.0446189836
  0.0450438187    0.0454695925    0.0458964124    0.0463239565    0.0467526272
  0.0471821561    0.0476127312    0.0480442449    0.0484768316    0.0489103571
  0.0493450090    0.0497805461    0.0502173170    0.0506549999    0.0510938361
  0.0515337989    0.0519748077    0.0524170503    0.0528603122    0.0533048078
  0.0537506178    0.0541973665    0.0546454832    0.0550948605    0.0555453911
  0.0559972897    0.0564504489    0.0569047347    0.0573606029    0.0578176513
  0.0582760409    0.0587359592    0.0591971651    0.0596598461    0.0601238415
  0.0605894729    0.0610565528    0.0615250543    0.0619951382    0.0624669924
  0.0629401073    0.0634150460    0.0638914332    0.0643696174    0.0648495451
  0.0653311893    0.0658144698    0.0662993327    0.0667862877    0.0672751203
  0.0677655622    0.0682580695    0.0687524542    0.0692490920    0.0697473660
  0.0702477321    0.0707501099    0.0712549016    0.0717615172    0.0722704127
  0.0727815345    0.0732950702    0.0738107786    0.0743287399    0.0748493835
  0.0753722802    0.0758976176    0.0764256373    0.0769562051    0.0774893746
  0.0780254140    0.0785641089    0.0791054860    0.0796497867    0.0801970109
  0.0807476148    0.0813009277    0.0818571910    0.0824169144    0.0829800710
  0.0835462049    0.0841160402    0.0846895233    0.0852662519    0.0858467892
  0.0864312962    0.0870192632    0.0876112804    0.0882073477    0.0888078675
  0.0894125447    0.0900215670    0.0906350687    0.0912530497    0.0918758050
  0.0925037369    0.0931366846    0.0937744871    0.0944175467    0.0950660244
  0.0957205102    0.0963805482    0.0970464066    0.0977187291    0.0983975694
  0.0990826860    0.0997745082    0.1004731432    0.1011792079    0.1018930778
  0.1026141897    0.1033435091    0.1040809289    0.1048272535    0.1055822685
  0.1063464299    0.1071204618    0.1079045519    0.1086986735    0.1095043287
  0.1103201762    0.1111486301    0.1119891539    0.1128423110    0.1137089595
  0.1145894751    0.1154848233    0.1163951114    0.1173220292    0.1182658985
  0.1192277923    0.1202079520    0.1212081477    0.1222299352    0.1232733145
  0.1243401900    0.1254323050    0.1265512422    0.1276986912    0.1288765833
  0.1300874665    0.1313328966    0.1326181576    0.1339427933    0.1353121415
  0.1367318884    0.1382049844    0.1397355065    0.1413286045    0.1429917082
  0.1447268292    0.1465342090    0.1484126672    0.1503481224    0.1523193315
  0.1542902723    0.1562241450    0.1564456686    0.1564028606    0.1563602671
  0.1563172176    0.1562745169    0.1562317088    0.1561888471    0.1561460391
  0.1561031237    0.1560602352    0.1560173467    0.1559744850    0.1559314355
  0.1558886811    0.1558457926    0.1558026895    0.1557598010    0.1557169124
  0.1556737289    0.1556307063    0.1555879250    0.1555448219    0.1555018261
  0.1554586694    0.1554157540    0.1553725705    0.1553292528    0.1552862301
  -0.0000002608    0.0003602818    0.0007203147    0.0010804549    0.0014406487
  0.0018009767    0.0021614388    0.0025220081    0.0028827384    0.0032436028
  0.0036046281    0.0039657876    0.0043271348    0.0046886429    0.0050503120
  0.0054121688    0.0057741866    0.0061364189    0.0064988121    0.0068613932
  0.0072242156    0.0075872257    0.0079504237    0.0083138630    0.0086774901
  0.0090413317    0.0094054148    0.0097697392    0.0101342782    0.0104990855
  0.0108641341    0.0112293974    0.0115949288    0.0119607553    0.0123267964
  0.0126931325    0.0130597100    0.0134265825    0.0137937501    0.0141612127
  0.0145289168    0.0148969695    0.0152652904    0.0156339064    0.0160028443
  0.0163721308    0.0167416856    0.0171115890    0.0174818411    0.0178524151
  0.0182233110    0.0185945556    0.0189662024    0.0193381175    0.0197104350
  0.0200831011    0.0204561964    0.0208296135    0.0212034330    0.0215776280
  0.0219522253    0.0223271981    0.0227025732    0.0230783775    0.0234546110
  0.0238312200    0.0242082849    0.0245857522    0.0249636486    0.0253420010
  0.0257208630    0.0261000738    0.0264798209    0.0268599972    0.0272406831
  0.0276217982    0.0280033961    0.0283855572    0.0287680939    0.0291511938
  0.0295348838    0.0299190030    0.0303036317    0.0306887701    0.0310744986
  0.0314607635    0.0318475112    0.0322348490    0.0326227233    0.0330112681
  0.0334003493    0.0337899938    0.0341801748    0.0345709726    0.0349623606
  0.0353543654    0.0357470408    0.0361403331    0.0365342155    0.0369287953
  0.0373239115    0.0377198055    0.0381163165    0.0385135517    0.0389113769
  0.0393099532    0.0397091463    0.0401091978    0.0405097857    0.0409111515
  0.0413132951    0.0417161360    0.0421197817    0.0425241247    0.0429293260
  0.0433351442    0.0437419012    0.0441493824    0.0445577219    0.0449668393
  0.0453767613    0.0457875416    0.0461991265    0.0466116503    0.0470250592
  0.0474392459    0.0478543982    0.0482704088    0.0486873046    0.0491052464
  0.0495239660    0.0499438390    0.0503644630    0.0507861599    0.0512087956
  0.0516324773    0.0520572051    0.0524828985    0.0529096380    0.0533373162
  0.0537662283    0.0541961595    0.0546272978    0.0550594017    0.0554926589
  0.0559270158    0.0563625798    0.0567992702    0.0572371945    0.0576764062
  0.0581166372    0.0585583434    0.0590010956    0.0594451889    0.0598905966
  0.0603373185    0.0607853010    0.0612345710    0.0616853967    0.0621376172
  0.0625909910    0.0630459473    0.0635024056    0.0639602587    0.0644195601
  0.0648804978    0.0653428569    0.0658068523    0.0662724569    0.0667398050
  0.0672084406    0.0676789805    0.0681511566    0.0686251834    0.0691007927
  0.0695781186    0.0700574026    0.0705384299    0.0710212275    0.0715062514
  0.0719928578    0.0724816367    0.0729724541    0.0734650955    0.0739599094
  0.0744568422    0.0749558672    0.0754572526    0.0759607568    0.0764664605
  0.0769744709    0.0774850026    0.0779975727    0.0785129324    0.0790307596
  0.0795510545    0.0800738171    0.0805994228    0.0811275229    0.0816586539
  0.0821923867    0.0827289894    0.0832686231    0.0838111535    0.0843567684
  0.0849056289    0.0854574665    0.0860130325    0.0865715489    0.0871334448
  0.0876990959    0.0882680997    0.0888409123    0.0894175068    0.0899979100
  0.0905820683    0.0911706790    0.0917630181    0.0923601314    0.0929609194
  0.0935668036    0.0941769257    0.0947920635    0.0954120561    0.0960367694
  0.0966666594    0.0973022088    0.0979426935    0.0985892937    0.0992412046
  0.0998994187    0.1005634800    0.1012340859    0.1019111827    0.1025948241
  0.1032854930    0.1039832965    0.1046890125    0.1054022387    0.1061229751
  0.1068526164    0.1075905457    0.1083373263    0.1090934411    0.1098590508
  0.1106340751    0.1114200965    0.1122165784    0.1130244061    0.1138438478
  0.1146753326    0.1155197188    0.1163774088    0.1172484025    0.1181347653
  0.1190364435    0.1199533299    0.1208880797    0.1218396202    0.1228101507
  0.1238001272    0.1248113200    0.1258441582    0.1269009754    0.1279817984
  0.1290900871    0.1302266195    0.1313926563    0.1325919524    0.1338262513
  0.1350972697    0.1364089236    0.1377667114    0.1391719207    0.1406287894
  0.1421425745    0.1437171385    0.1453547075    0.1470561668    0.1488164470
  0.1506293520    0.1524760798    0.1543262139    0.1561464414    0.1567055210
  0.1566639200    0.1566221580    0.1565803692    0.1565386876    0.1564968988
  0.1564552709    0.1564135894    0.1563718542    0.1563301459    0.1562883303
  0.1562465146    0.1562048331    0.1561631247    0.1561210677    0.1560794130
  -0.0000002608    0.0003485069    0.0006967917    0.0010451302    0.0013935223
  0.0017420486    0.0020906821    0.0024394229    0.0027882978    0.0031372800
  0.0034864232    0.0038357005    0.0041851386    0.0045347109    0.0048844442
  0.0052343383    0.0055843934    0.0059346095    0.0062850133    0.0066356048
  0.0069863573    0.0073372975    0.0076884255    0.0080397412    0.0083912447
  0.0087429628    0.0090948686    0.0094469890    0.0097993508    0.0101519004
  0.0105046913    0.0108576968    0.0112108901    0.0115643516    0.0119180813
  0.0122719988    0.0126261845    0.0129806384    0.0133353069    0.0136902437
  0.0140454754    0.0144009486    0.0147567168    0.0151126727    0.0154689774
  0.0158255771    0.0161824450    0.0165395811    0.0168970659    0.0172547922
  0.0176128671    0.0179712102    0.0183299288    0.0186889157    0.0190482512
  0.0194079086    0.0197678611    0.0201282158    0.0204888657    0.0208498374
  0.0212112114    0.0215729073    0.0219349787    0.0222973987    0.0226601943
  0.0230233654    0.0233869389    0.0237508878    0.0241152391    0.0244799390
  0.0248450413    0.0252105728    0.0255765066    0.0259428427    0.0263096079
  0.0266768023    0.0270443991    0.0274124518    0.0277809069    0.0281498715
  0.0285192654    0.0288890883    0.0292593941    0.0296301827    0.0300014272
  0.0303731278    0.0307452843    0.0311180040    0.0314911798    0.0318649188
  0.0322391137    0.0326137647    0.0329890057    0.0333647564    0.0337409899
  0.0341178671    0.0344952270    0.0348731503    0.0352516100    0.0356306061
  0.0360101923    0.0363903955    0.0367711619    0.0371524915    0.0375344381
  0.0379169747    0.0383001283    0.0386839256    0.0390682861    0.0394533172
  0.0398389384    0.0402252838    0.0406122729    0.0409999058    0.0413882092
  0.0417771026    0.0421667740    0.0425571695    0.0429482624    0.0433398917
  0.0437324598    0.0441256449    0.0445195809    0.0449142411    0.0453096524
  0.0457058951    0.0461027816    0.0465005532    0.0468990222    0.0472984299
  0.0476984814    0.0480993912    0.0485011861    0.0489037588    0.0493071899
  0.0497115329    0.0501166537    0.0505227134    0.0509296313    0.0513374612
  0.0517461494    0.0521557763    0.0525663957    0.0529780075    0.0533904508
  0.0538038328    0.0542183682    0.0546337351    0.0550501481    0.0554676071
  0.0558861122    0.0563057169    0.0567261264    0.0571478233    0.0575705394
  0.0579944089    0.0584192976    0.0588453934    0.0592725888    0.0597010180
  0.0601304397    0.0605613634    0.0609931991    0.0614264026    0.0618608400
  0.0622963503    0.0627333894    0.0631715819    0.0636111155    0.0640520170
  0.0644941792    0.0649378702    0.0653828487    0.0658292755    0.0662769362
  0.0667263404    0.0671770856    0.0676291451    0.0680829212    0.0685381994
  0.0689951137    0.0694533959    0.0699135020    0.0703753516    0.0708385155
  0.0713037446    0.0717703149    0.0722388700    0.0727090612    0.0731812105
  0.0736550495    0.0741310343    0.0746087357    0.0750881270    0.0755699053
  0.0760533735    0.0765388265    0.0770266399    0.0775164649    0.0780083820
  0.0785021767    0.0789986268    0.0794971421    0.0799980715    0.0805013612
  0.0810070112    0.0815151021    0.0820254192    0.0825384721    0.0830542877
  0.0835724905    0.0840934828    0.0846173719    0.0851438895    0.0856733307
  0.0862057492    0.0867409036    0.0872793034    0.0878209218    0.0883651957
  0.0889135465    0.0894648209    0.0900193945    0.0905777231    0.0911394045
  0.0917049751    0.0922741130    0.0928471670    0.0934241369    0.0940051302
  0.0945903346    0.0951796964    0.0957734570    0.0963713750    0.0969744965
  0.0975817487    0.0981941238    0.0988116488    0.0994341359    0.1000617996
  0.1006950691    0.1013337031    0.1019781575    0.1026287541    0.1032852247
  0.1039479449    0.1046173438    0.1052932873    0.1059763387    0.1066665247
  0.1073640868    0.1080690518    0.1087822512    0.1095034972    0.1102334604
  0.1109720334    0.1117199942    0.1124772891    0.1132442132    0.1140218124
  0.1148100868    0.1156092778    0.1164197341    0.1172429308    0.1180782780
  0.1189269021    0.1197892591    0.1206662610    0.1215583906    0.1224662378
  0.1233905539    0.1243323579    0.1252930447    0.1262732312    0.1272739097
  0.1282961801    0.1293417320    0.1304114506    0.1315085813    0.1326322392
  0.1337869570    0.1349734858    0.1361946151    0.1374534026    0.1387512967
  0.1400935546    0.1414830193    0.1429229900    0.1444151297    0.1459647760
  0.1475687906    0.1492263958    0.1509281769    0.1526596770    0.1543990359
  0.1561150596    0.1569600359    0.1569192663    0.1568785772    0.1568379417
  -0.0000002608    0.0003376171    0.0006749853    0.0010124341    0.0013499364
  0.0016875193    0.0020252094    0.0023629799    0.0027008846    0.0030389234
  0.0033770695    0.0037153497    0.0040537640    0.0043923125    0.0047309950
  0.0050698385    0.0054088160    0.0057479545    0.0060872540    0.0064267144
  0.0067663357    0.0071061179    0.0074460611    0.0077862188    0.0081265107
  0.0084670171    0.0088076577    0.0091485396    0.0094896093    0.0098308668
  0.0101723120    0.0105139449    0.0108558193    0.0111978814    0.0115402117
  0.0118827030    0.0122254357    0.0125683829    0.0129115447    0.0132549748
  0.0135986462    0.0139425591    0.0142866597    0.0146310553    0.0149756923
  0.0153205708    0.0156657442    0.0160111591    0.0163568154    0.0167027935
  0.0170489863    0.0173955008    0.0177423105    0.0180893883    0.0184367612
  0.0187844023    0.0191323653    0.0194806233    0.0198291764    0.0201780513
  0.0205272481    0.0208767936    0.0212265804    0.0215767428    0.0219272807
  0.0222780600    0.0226292416    0.0229807451    0.0233326241    0.0236848518
  0.0240374014    0.0243903264    0.0247436270    0.0250972763    0.0254513010
  0.0258057013    0.0261605307    0.0265157357    0.0268712893    0.0272272989
  0.0275836304    0.0279404446    0.0282976076    0.0286552534    0.0290133014
  0.0293717518    0.0297306582    0.0300899938    0.0304497048    0.0308099255
  0.0311706290    0.0315317348    0.0318933234    0.0322553143    0.0326178685
  0.0329808250    0.0333443716    0.0337082669    0.0340726987    0.0344376668
  0.0348031446    0.0351690784    0.0355355486    0.0359026089    0.0362701520
  0.0366382048    0.0370067939    0.0373758927    0.0377455547    0.0381158337
  0.0384866491    0.0388580546    0.0392299965    0.0396025017    0.0399755970
  0.0403493360    0.0407236651    0.0410985842    0.0414740935    0.0418502733
  0.0422270164    0.0426044837    0.0429825410    0.0433612421    0.0437405601
  0.0441206560    0.0445012882    0.0448827252    0.0452647790    0.0456474498
  0.0460310057    0.0464151785    0.0468000486    0.0471855357    0.0475719079
  0.0479590580    0.0483468518    0.0487354502    0.0491247997    0.0495148733
  0.0499058053    0.0502975419    0.0506900564    0.0510833755    0.0514774725
  0.0518725082    0.0522683755    0.0526649937    0.0530624971    0.0534609661
  0.0538602665    0.0542603984    0.0546613887    0.0550635055    0.0554664806
  0.0558703139    0.0562751129    0.0566807702    0.0570876613    0.0574953035
  0.0579039648    0.0583136991    0.0587245330    0.0591363057    0.0595490441
  0.0599629626    0.0603778467    0.0607939109    0.0612111822    0.0616293922
  0.0620487824    0.0624691918    0.0628909960    0.0633138999    0.0637379840
  0.0641631410    0.0645896122    0.0650173441    0.0654463366    0.0658766970
  0.0663082376    0.0667410120    0.0671753421    0.0676109061    0.0680478111
  0.0684860572    0.0689258322    0.0693669215    0.0698095396    0.0702535525
  0.0706990674    0.0711462721    0.0715946838    0.0720450804    0.0724967375
  0.0729501650    0.0734051213    0.0738618478    0.0743201301    0.0747802362
  0.0752420589    0.0757054910    0.0761710420    0.0766381755    0.0771072403
  0.0775782093    0.0780511096    0.0785259143    0.0790026769    0.0794815585
  0.0799625859    0.0804454103    0.0809307024    0.0814181134    0.0819075629
  0.0823993728    0.0828935966    0.0833899394    0.0838888302    0.0843898937
  0.0848938003    0.0853998795    0.0859088823    0.0864203796    0.0869346663
  0.0874513671    0.0879710183    0.0884936467    0.0890192255    0.0895475402
  0.0900792077    0.0906138256    0.0911516085    0.0916926906    0.0922369912
  0.0927848592    0.0933361337    0.0938908949    0.0944493845    0.0950113073
  0.0955773339    0.0961474106    0.0967211887    0.0972992584    0.0978816733
  0.0984680846    0.0990596995    0.0996552840    0.1002554014    0.1008605614
  0.1014710054    0.1020859018    0.1027065650    0.1033324048    0.1039640918
  0.1046008214    0.1052440420    0.1058932170    0.1065486148    0.1072103426
  0.1078790441    0.1085542098    0.1092367247    0.1099268571    0.1106240973
  0.1113293305    0.1120432273    0.1127651706    0.1134955361    0.1142353430
  0.1149844304    0.1157434687    0.1165125385    0.1172922835    0.1180830255
  0.1188855961    0.1196995392    0.1205257669    0.1213659152    0.1222194746
  0.1230866060    0.1239690796    0.1248675123    0.1257822797    0.1267137840
  0.1276643053    0.1286339507    0.1296237126    0.1306356028    0.1316692725
  0.1327286646    0.1338124916    0.1349247500    0.1360675856    0.1372401938
  0.1384472951    0.1396918401    0.1409750894    0.1423012540    0.1436712727
