  0.0000000000    0.0150000000
  0.0002500000    0.0010000000    179    30
  0.0033196206    0.0033047084    0.0032725242    0.0032346344    0.0031946084
  0.0031535924    0.0031120250    0.0030701109    0.0030279600    0.0029856335
  0.0029431654    0.0029005778    0.0028578972    0.0028151354    0.0027722809
  0.0027293690    0.0026863863    0.0026433307    0.0026002207    0.0025570596
  0.0025138321    0.0024705495    0.0024272184    0.0023838276    0.0023403852
  0.0022968822    0.0022533282    0.0022097175    0.0021660571    0.0021223278
  0.0020785370    0.0020346859    0.0019907711    0.0019467765    0.0019027062
  0.0018585576    0.0018143144    0.0017699722    0.0017255215    0.0016809412
  0.0016362264    0.0015913575    0.0015463091    0.0015010595    0.0014555682
  0.0014098063    0.0013637116    0.0013172357    0.0012703117    0.0012228230
  0.0011746631    0.0011256892    0.0010756651    0.0010243505    0.0009713410
  0.0009160941    0.0008578311    0.0007952688    0.0007263090    0.0006472137
  0.0005508366    0.0004267978    0.0003487413    0.0003476638    0.0003465803
  0.0003454884    0.0003443912    0.0003432861    0.0003421760    0.0003410584
  0.0003399337    0.0003388018    0.0003376632    0.0003365155    0.0003353615
  0.0003341989    0.0003330279    0.0003318514    0.0003306645    0.0003294702
  0.0003282661    0.0003270494    0.0003258293    0.0003245981    0.0003233584
  0.0003221082    0.0003208478    0.0003195799    0.0003182979    0.0003170068
  0.0003157046    0.0003143918    0.0003130688    0.0003117336    0.0003103845
  0.0003090242    0.0003076509    0.0003062650    0.0003048650    0.0003034534
  0.0003020243    0.0003005846    0.0002991265    0.0002976526    0.0002961655
  0.0002946618    0.0002931420    0.0002916029    0.0002900449    0.0002884670
  0.0002868719    0.0002852581    0.0002836228    0.0002819647    0.0002802867
  0.0002785840    0.0002768556    0.0002751044    0.0002733276    0.0002715210
  0.0002696893    0.0002678264    0.0002659336    0.0002640054    0.0002620463
  0.0002600494    0.0002580162    0.0002559432    0.0002538273    0.0002516686
  0.0002494641    0.0002472097    0.0002449010    0.0002425374    0.0002401153
  0.0002376283    0.0002350703    0.0002324388    0.0002297296    0.0002269282
  0.0002240357    0.0002210345    0.0002179227    0.0002146817    0.0002112966
  0.0002077523    0.0002040347    0.0002001054    0.0001959322    0.0001914812
  0.0001867019    0.0001815103    0.0001758100    0.0001694551    0.0001622185
  0.0001537231    0.0001432553    0.0001291641    0.0001061454    0.0000794253
  0.0000794253    0.0000794253    0.0000794253    0.0000794253    0.0000794253
  0.0000794253    0.0000794253    0.0000794253    0.0000794253    0.0000794253
  0.0000794253    0.0000794253    0.0000794253    0.0000794253    0.0000794253
  0.0000794253    0.0000794253    0.0000794253    0.0000794253    0.0000794253
  0.0035263769    0.0035131524    0.0034831355    0.0034466866    0.0034076489
  0.0033673685    0.0033264096    0.0032850133    0.0032433291    0.0032014290
  0.0031593682    0.0031171692    0.0030748606    0.0030324549    0.0029899584
  0.0029473806    0.0029047417    0.0028620376    0.0028192584    0.0027764311
  0.0027335342    0.0026905828    0.0026475859    0.0026045239    0.0025614199
  0.0025182537    0.0024750324    0.0024317661    0.0023884400    0.0023450653
  0.0023016310    0.0022581371    0.0022145834    0.0021709749    0.0021272985
  0.0020835546    0.0020397334    0.0019958393    0.0019518580    0.0019077904
  0.0018636130    0.0018193344    0.0017749372    0.0017303959    0.0016856957
  0.0016408215    0.0015957619    0.0015504682    0.0015048979    0.0014590359
  0.0014128018    0.0013661595    0.0013189959    0.0012712290    0.0012227316
  0.0011733262    0.0011228015    0.0010708643    0.0010171180    0.0009609862
  0.0009016517    0.0008378158    0.0007673662    0.0006865939    0.0005888269
  0.0004648744    0.0003790647    0.0003779572    0.0003768420    0.0003757194
  0.0003745924    0.0003734584    0.0003723176    0.0003711729    0.0003700190
  0.0003688588    0.0003676926    0.0003665177    0.0003653399    0.0003641484
  0.0003629544    0.0003617500    0.0003605355    0.0003593191    0.0003580930
  0.0003568575    0.0003556069    0.0003543562    0.0003530969    0.0003518243
  0.0003505462    0.0003492579    0.0003479572    0.0003466469    0.0003453298
  0.0003440037    0.0003426642    0.0003413139    0.0003399509    0.0003385827
  0.0003371977    0.0003358058    0.0003343957    0.0003329771    0.0003315458
  0.0003301000    0.0003286423    0.0003271710    0.0003256843    0.0003241849
  0.0003226688    0.0003211368    0.0003195913    0.0003180288    0.0003164476
  0.0003148545    0.0003132379    0.0003116043    0.0003099525    0.0003082811
  0.0003065888    0.0003048763    0.0003031443    0.0003013857    0.0002996054
  0.0002978021    0.0002959729    0.0002941170    0.0002922332    0.0002903228
  0.0002883830    0.0002864114    0.0002844070    0.0002823714    0.0002802969
  0.0002781866    0.0002760385    0.0002738455    0.0002716143    0.0002693348
  0.0002670071    0.0002646267    0.0002621954    0.0002597028    0.0002571527
  0.0002545304    0.0002518404    0.0002490790    0.0002462287    0.0002432927
  0.0002402561    0.0002371183    0.0002338598    0.0002304758    0.0002269471
  0.0002232557    0.0002193859    0.0002153129    0.0002110045    0.0002064232
  0.0002015111    0.0001962157    0.0001904415    0.0001840613    0.0001768833
  0.0001686171    0.0001587268    0.0001461632    0.0001282211    0.0000942368
  0.0000661922    0.0000661922    0.0000661922    0.0000661922    0.0000661922
  0.0000661922    0.0000661922    0.0000661922    0.0000661922    0.0000661922
  0.0037317475    0.0037199879    0.0036920906    0.0036571655    0.0036192014
  0.0035797272    0.0035394218    0.0034985761    0.0034573733    0.0034159190
  0.0033742603    0.0033324544    0.0032905226    0.0032484698    0.0032063248
  0.0031640988    0.0031217956    0.0030794116    0.0030369647    0.0029944556
  0.0029518873    0.0029092566    0.0028665793    0.0028238396    0.0027810499
  0.0027382000    0.0026953068    0.0026523510    0.0026093543    0.0025663042
  0.0025231992    0.0024800488    0.0024368310    0.0023935700    0.0023502469
  0.0023068675    0.0022634235    0.0022199079    0.0021763412    0.0021326824
  0.0020889546    0.0020451378    0.0020012323    0.0019572270    0.0019131158
  0.0018688802    0.0018245060    0.0017799831    0.0017352867    0.0016903950
  0.0016452811    0.0015999251    0.0015542635    0.0015082709    0.0014618850
  0.0014150282    0.0013676241    0.0013195439    0.0012706747    0.0012208260
  0.0011697736    0.0011172005    0.0010627077    0.0010056765    0.0009452677
  0.0008801748    0.0008082667    0.0007259106    0.0006268751    0.0005029636
  0.0004100054    0.0004088634    0.0004077211    0.0004065697    0.0004054155
  0.0004042525    0.0004030839    0.0004019069    0.0004007276    0.0003995403
  0.0003983451    0.0003971451    0.0003959348    0.0003947229    0.0003935011
  0.0003922723    0.0003910368    0.0003897921    0.0003885410    0.0003872811
  0.0003860126    0.0003847376    0.0003834554    0.0003821625    0.0003808647
  0.0003795541    0.0003782364    0.0003769091    0.0003755725    0.0003742270
  0.0003728727    0.0003715074    0.0003701314    0.0003687475    0.0003673511
  0.0003659449    0.0003645292    0.0003630995    0.0003616586    0.0003602067
  0.0003587420    0.0003572672    0.0003557777    0.0003542765    0.0003527615
  0.0003512332    0.0003496874    0.0003481339    0.0003465614    0.0003449729
  0.0003433688    0.0003417519    0.0003401158    0.0003384636    0.0003367914
  0.0003351061    0.0003333999    0.0003316753    0.0003299289    0.0003281613
  0.0003263753    0.0003245654    0.0003227363    0.0003208808    0.0003189996
  0.0003170976    0.0003151657    0.0003132067    0.0003112217    0.0003092059
  0.0003071601    0.0003050780    0.0003029663    0.0003008208    0.0002986350
  0.0002964141    0.0002941487    0.0002918473    0.0002894937    0.0002870952
  0.0002846512    0.0002821502    0.0002795925    0.0002769784    0.0002743003
  0.0002715507    0.0002687340    0.0002658383    0.0002628544    0.0002597807
  0.0002566132    0.0002533300    0.0002499355    0.0002464106    0.0002427420
  0.0002389125    0.0002349076    0.0002306932    0.0002262506    0.0002215412
  0.0002165110    0.0002111085    0.0002052560    0.0001988374    0.0001916991
  0.0001835871    0.0001741096    0.0001625320    0.0001472309    0.0001234542
  0.0039358260    0.0039253148    0.0038994609    0.0038661215    0.0038293114
  0.0037907004    0.0037510833    0.0037108284    0.0036701313    0.0036291351
  0.0035879126    0.0035464928    0.0035049343    0.0034632460    0.0034214510
  0.0033795646    0.0033375839    0.0032955286    0.0032534094    0.0032112101
  0.0031689549    0.0031266409    0.0030842673    0.0030418350    0.0029993566
  0.0029568193    0.0029142307    0.0028715916    0.0028288976    0.0027861625
  0.0027433705    0.0027005327    0.0026576406    0.0026146960    0.0025717042
  0.0025286451    0.0024855457    0.0024423806    0.0023991572    0.0023558804
  0.0023125290    0.0022691171    0.0022256244    0.0021820485    0.0021383997
  0.0020946556    0.0020508111    0.0020068418    0.0019627702    0.0019185605
  0.0018742045    0.0018296760    0.0017849683    0.0017400307    0.0016948712
  0.0016494111    0.0016036550    0.0015575104    0.0015109307    0.0014638541
  0.0014161708    0.0013677610    0.0013184982    0.0012681831    0.0012165750
  0.0011633560    0.0011080924    0.0010501680    0.0009886954    0.0009223476
  0.0008490179    0.0007651727    0.0006649372    0.0005410075    0.0004415405
  0.0004403726    0.0004391968    0.0004380167    0.0004368355    0.0004356440
  0.0004344454    0.0004332430    0.0004320370    0.0004308212    0.0004295989
  0.0004283734    0.0004271386    0.0004258979    0.0004246513    0.0004233991
  0.0004221383    0.0004208693    0.0004195952    0.0004183102    0.0004170233
  0.0004157260    0.0004144185    0.0004131032    0.0004117818    0.0004104538
  0.0004091137    0.0004077674    0.0004064123    0.0004050486    0.0004036767
  0.0004022966    0.0004009060    0.0003995050    0.0003980942    0.0003966763
  0.0003952462    0.0003938070    0.0003923562    0.0003908917    0.0003894215
  0.0003879382    0.0003864421    0.0003849336    0.0003834129    0.0003818831
  0.0003803393    0.0003787820    0.0003772092    0.0003756285    0.0003740283
  0.0003724161    0.0003707925    0.0003691482    0.0003674933    0.0003658211
  0.0003641322    0.0003624247    0.0003606991    0.0003589584    0.0003572007
  0.0003554221    0.0003536253    0.0003518090    0.0003499692    0.0003481110
  0.0003462285    0.0003443246    0.0003423958    0.0003404429    0.0003384665
  0.0003364615    0.0003344325    0.0003323725    0.0003302863    0.0003281649
  0.0003260133    0.0003238307    0.0003216121    0.0003193550    0.0003170625
  0.0003147300    0.0003123536    0.0003099381    0.0003074704    0.0003049577
  0.0003023907    0.0002997730    0.0002970994    0.0002943597    0.0002915546
  0.0002886878    0.0002857400    0.0002827138    0.0002796024    0.0002763959
  0.0002730928    0.0002696841    0.0002661518    0.0002624913    0.0002586818
  0.0002547182    0.0002505783    0.0002462299    0.0002416594    0.0002368259
  0.0041386674    0.0041292327    0.0041053099    0.0040735958    0.0040379929
  0.0040003174    0.0039614427    0.0039217977    0.0038816523    0.0038411295
  0.0038003432    0.0037593269    0.0037181577    0.0036768267    0.0036353861
  0.0035938241    0.0035521855    0.0035104528    0.0034686419    0.0034267602
  0.0033848166    0.0033428013    0.0033007260    0.0032585945    0.0032164117
  0.0031741745    0.0031318829    0.0030895373    0.0030471413    0.0030046998
  0.0029622106    0.0029196663    0.0028770786    0.0028344362    0.0027917479
  0.0027490152    0.0027062223    0.0026633845    0.0026204920    0.0025775389
  0.0025345368    0.0024914664    0.0024483416    0.0024051461    0.0023618776
  0.0023185480    0.0022751249    0.0022316273    0.0021880346    0.0021443466
  0.0021005393    0.0020566175    0.0020125759    0.0019683671    0.0019240128
  0.0018794656    0.0018347044    0.0017897260    0.0017444774    0.0016989231
  0.0016530231    0.0016067070    0.0015599273    0.0015125982    0.0014646237
  0.0014158651    0.0013661927    0.0013153949    0.0012632185    0.0012093299
  0.0011532896    0.0010944598    0.0010319284    0.0009643683    0.0008896649
  0.0008043798    0.0007030511    0.0005790709    0.0004736510    0.0004724550
  0.0004712530    0.0004700455    0.0004688360    0.0004676144    0.0004663909
  0.0004651624    0.0004639256    0.0004626873    0.0004614377    0.0004601869
  0.0004589283    0.0004576590    0.0004563888    0.0004551082    0.0004538238
  0.0004525324    0.0004512313    0.0004499268    0.0004486128    0.0004472926
  0.0004459664    0.0004446313    0.0004432865    0.0004419373    0.0004405798
  0.0004392143    0.0004378409    0.0004364568    0.0004350682    0.0004336666
  0.0004322608    0.0004308425    0.0004294147    0.0004279805    0.0004265375
  0.0004250857    0.0004236198    0.0004221485    0.0004206637    0.0004191712
  0.0004176658    0.0004161479    0.0004146258    0.0004130836    0.0004115352
  0.0004099780    0.0004084019    0.0004068178    0.0004052206    0.0004036109
  0.0004019838    0.0004003499    0.0003986994    0.0003970327    0.0003953528
  0.0003936575    0.0003919498    0.0003902228    0.0003884792    0.0003867245
  0.0003849470    0.0003831568    0.0003813450    0.0003795145    0.0003776681
  0.0003758017    0.0003739135    0.0003720043    0.0003700768    0.0003681227
  0.0003661495    0.0003641489    0.0003621259    0.0003600793    0.0003580032
  0.0003559027    0.0003537724    0.0003516151    0.0003494234    0.0003472025
  0.0003449492    0.0003426583    0.0003403391    0.0003379726    0.0003355720
  0.0003331307    0.0003306459    0.0003281155    0.0003255368    0.0003229096
  0.0003202299    0.0003174938    0.0003147013    0.0003118419    0.0003089192
  0.0003059248    0.0003028576    0.0002997012    0.0002964685    0.0002931370
  0.0043403170    0.0043318170    0.0043097079    0.0042796301    0.0042452956
  0.0042086069    0.0041705149    0.0041315413    0.0040919466    0.0040519342
  0.0040115991    0.0039710048    0.0039302136    0.0038892574    0.0038481618
  0.0038069548    0.0037656330    0.0037242178    0.0036827212    0.0036411556
  0.0035995039    0.0035577923    0.0035160170    0.0034741757    0.0034322776
  0.0033903331    0.0033483342    0.0033062748    0.0032641604    0.0032220071
  0.0031798040    0.0031375435    0.0030952458    0.0030528979    0.0030105070
  0.0029680641    0.0029255646    0.0028830212    0.0028404337    0.0027977962
  0.0027550994    0.0027123580    0.0026695539    0.0026266957    0.0025837798
  0.0025407999    0.0024977609    0.0024546407    0.0024114540    0.0023681882
  0.0023248318    0.0022813914    0.0022378455    0.0021941926    0.0021504319
  0.0021065305    0.0020624866    0.0020182889    0.0019738997    0.0019293196
  0.0018845204    0.0018394522    0.0017941020    0.0017484233    0.0017023744
  0.0016558774    0.0016088728    0.0015612694    0.0015129728    0.0014638576
  0.0014137561    0.0013624535    0.0013096997    0.0012551338    0.0011982972
  0.0011385620    0.0010749912    0.0010062081    0.0009301699    0.0008435390
  0.0007411726    0.0006171625    0.0005063260    0.0005051014    0.0005038696
  0.0005026380    0.0005013964    0.0005001517    0.0004989006    0.0004976466
  0.0004963830    0.0004951167    0.0004938445    0.0004925630    0.0004912826
  0.0004899899    0.0004886917    0.0004873883    0.0004860763    0.0004847626
  0.0004834407    0.0004821108    0.0004807763    0.0004794308    0.0004780842
  0.0004767270    0.0004753626    0.0004739902    0.0004726119    0.0004712238
  0.0004698292    0.0004684283    0.0004670212    0.0004656019    0.0004641769
  0.0004627432    0.0004613010    0.0004598507    0.0004583893    0.0004569230
  0.0004554433    0.0004539591    0.0004524589    0.0004509548    0.0004494411
  0.0004479122    0.0004463771    0.0004448332    0.0004432749    0.0004417085
  0.0004401282    0.0004385375    0.0004369392    0.0004353254    0.0004336991
  0.0004320634    0.0004304133    0.0004287516    0.0004270761    0.0004253845
  0.0004236851    0.0004219625    0.0004202353    0.0004184883    0.0004167296
  0.0004149521    0.0004131586    0.0004113521    0.0004095256    0.0004076820
  0.0004058218    0.0004039477    0.0004020507    0.0004001314    0.0003981949
  0.0003962396    0.0003942610    0.0003922670    0.0003902464    0.0003882023
  0.0003861352    0.0003840413    0.0003819235    0.0003797826    0.0003776125
  0.0003754142    0.0003731862    0.0003709293    0.0003686380    0.0003663196
  0.0003639622    0.0003615713    0.0003591435    0.0003566739    0.0003541678
  0.0003516199    0.0003490277    0.0003463849    0.0003436982    0.0003409596
  0.0045408602    0.0045331742    0.0045127205    0.0044842646    0.0044512386
  0.0044155885    0.0043783422    0.0043400564    0.0043010626    0.0042615711
  0.0042216964    0.0041815478    0.0041411572    0.0041005778    0.0040598433
  0.0040189660    0.0039779858    0.0039368847    0.0038957053    0.0038544343
  0.0038130822    0.0037716719    0.0037301834    0.0036886308    0.0036470187
  0.0036053528    0.0035636294    0.0035218566    0.0034800233    0.0034381496
  0.0033962185    0.0033542336    0.0033122178    0.0032701409    0.0032280291
  0.0031858643    0.0031436500    0.0031013982    0.0030590902    0.0030167425
  0.0029743406    0.0029318975    0.0028893959    0.0028468463    0.0028042448
  0.0027615846    0.0027188755    0.0026760963    0.0026332571    0.0025903640
  0.0025473886    0.0025043398    0.0024612175    0.0024180155    0.0023747140
  0.0023313237    0.0022878174    0.0022441849    0.0022004310    0.0021565403
  0.0021124984    0.0020682670    0.0020238626    0.0019792309    0.0019343519
  0.0018891942    0.0018437382    0.0017979147    0.0017516788    0.0017049863
  0.0016577292    0.0016098610    0.0015612399    0.0015117363    0.0014611704
  0.0014093581    0.0013560068    0.0013007553    0.0012431294    0.0011824795
  0.0011178503    0.0010479168    0.0009705837    0.0008826485    0.0007793170
  0.0006552855    0.0005395441    0.0005382961    0.0005370361    0.0005357756
  0.0005345109    0.0005332385    0.0005319622    0.0005306783    0.0005293907
  0.0005280993    0.0005267974    0.0005254954    0.0005241866    0.0005228709
  0.0005215485    0.0005202196    0.0005188878    0.0005175462    0.0005162018
  0.0005148514    0.0005134883    0.0005121229    0.0005107551    0.0005093752
  0.0005079898    0.0005065960    0.0005051961    0.0005037890    0.0005023772
  0.0005009543    0.0004995268    0.0004980886    0.0004966462    0.0004951935
  0.0004937337    0.0004922671    0.0004907906    0.0004893077    0.0004878122
  0.0004863138    0.0004848032    0.0004832838    0.0004817558    0.0004802164
  0.0004786689    0.0004771135    0.0004755443    0.0004739706    0.0004723808
  0.0004707869    0.0004691773    0.0004675583    0.0004659301    0.0004642900
  0.0004626384    0.0004609753    0.0004592986    0.0004576111    0.0004559103
  0.0004541967    0.0004524705    0.0004507319    0.0004489787    0.0004472112
  0.0004454298    0.0004436321    0.0004418238    0.0004399999    0.0004381529
  0.0004362965    0.0004344231    0.0004325333    0.0004306247    0.0004287005
  0.0004267535    0.0004247917    0.0004228081    0.0004208059    0.0004187853
  0.0004167419    0.0004146767    0.0004125897    0.0004104795    0.0004083443
  0.0004061846    0.0004039989    0.0004017900    0.0003995562    0.0003972894
  0.0003949924    0.0003926683    0.0003903136    0.0003879311    0.0003855107
  0.0047403408    0.0047333554    0.0047144346    0.0046875477    0.0046558682
  0.0046212889    0.0045849168    0.0045473767    0.0045090074    0.0044700684
  0.0044306951    0.0043909792    0.0043510007    0.0043108223    0.0042704471
  0.0042299228    0.0041892615    0.0041484894    0.0041076234    0.0040666563
  0.0040256079    0.0039844746    0.0039432775    0.0039020154    0.0038606776
  0.0038192878    0.0037778376    0.0037363406    0.0036947808    0.0036531637
  0.0036115066    0.0035697969    0.0035280437    0.0034862375    0.0034443899
  0.0034024943    0.0033605556    0.0033185705    0.0032765375    0.0032344653
  0.0031923395    0.0031501719    0.0031079517    0.0030656948    0.0030233862
  0.0029810228    0.0029386110    0.0028961436    0.0028536250    0.0028110468
  0.0027684191    0.0027257123    0.0026829492    0.0026401222    0.0025972211
  0.0025542344    0.0025111682    0.0024680014    0.0024247504    0.0023813724
  0.0023379043    0.0022943016    0.0022505516    0.0022066528    0.0021625841
  0.0021183325    0.0020738609    0.0020291621    0.0019842026    0.0019389551
  0.0018933400    0.0018473765    0.0018009479    0.0017540339    0.0017065270
  0.0016583485    0.0016093722    0.0015594729    0.0015084532    0.0014561130
  0.0014021542    0.0013461991    0.0012877822    0.0012262296    0.0011605778
  0.0010894769    0.0010108968    0.0009217344    0.0008174820    0.0006933435
  0.0005732953    0.0005720211    0.0005707374    0.0005694485    0.0005681545
  0.0005668594    0.0005655555    0.0005642467    0.0005629369    0.0005616187
  0.0005602922    0.0005589650    0.0005576296    0.0005562863    0.0005549425
  0.0005535909    0.0005522353    0.0005508722    0.0005495017    0.0005481239
  0.0005467462    0.0005453579    0.0005439628    0.0005425644    0.0005411559
  0.0005397409    0.0005383231    0.0005368911    0.0005354610    0.0005340182
  0.0005325661    0.0005311119    0.0005296521    0.0005281837    0.0005267066
  0.0005252179    0.0005237275    0.0005222259    0.0005207196    0.0005191992
  0.0005176778    0.0005161393    0.0005146001    0.0005130475    0.0005114881
  0.0005099191    0.0005083435    0.0005067554    0.0005051582    0.0005035521
  0.0005019343    0.0005003078    0.0004986731    0.0004970273    0.0004953706
  0.0004937034    0.0004920198    0.0004903291    0.0004886284    0.0004869182
  0.0004851899    0.0004834525    0.0004817063    0.0004799428    0.0004781654
  0.0004763743    0.0004745756    0.0004727609    0.0004709307    0.0004690853
  0.0004672251    0.0004653505    0.0004634616    0.0004615564    0.0004596351
  0.0004576954    0.0004557430    0.0004537680    0.0004517783    0.0004497693
  0.0004477416    0.0004456954    0.0004436262    0.0004415397    0.0004394336
  0.0004373012    0.0004351452    0.0004329714    0.0004307753    0.0004285503
  0.0049388077    0.0049324273    0.0049149198    0.0048895558    0.0048592032
  0.0048257426    0.0047902992    0.0047535165    0.0047158158    0.0046774520
  0.0046385972    0.0045993522    0.0045598074    0.0045200082    0.0044800082
  0.0044398384    0.0043995203    0.0043590780    0.0043185121    0.0042778506
  0.0042371090    0.0041962686    0.0041553475    0.0041143537    0.0040732951
  0.0040321811    0.0039909984    0.0039497690    0.0039084716    0.0038671189
  0.0038257352    0.0037842804    0.0037427913    0.0037012424    0.0036596509
  0.0036180138    0.0035763402    0.0035346111    0.0034928464    0.0034510219
  0.0034091687    0.0033672659    0.0033253201    0.0032833313    0.0032412926
  0.0031992081    0.0031570738    0.0031149057    0.0030726729    0.0030303947
  0.0029880612    0.0029456801    0.0029032397    0.0028607395    0.0028181809
  0.0027755413    0.0027328420    0.0026900680    0.0026472281    0.0026042956
  0.0025612703    0.0025181490    0.0024749160    0.0024315729    0.0023881112
  0.0023445018    0.0023007592    0.0022568308    0.0022127457    0.0021684377
  0.0021239117    0.0020791311    0.0020340672    0.0019886901    0.0019429419
  0.0018967842    0.0018501711    0.0018030127    0.0017552364    0.0017067392
  0.0016574034    0.0016070800    0.0015555895    0.0015027089    0.0014481291
  0.0013914858    0.0013322649    0.0012698058    0.0012031275    0.0011309024
  0.0010511163    0.0009607745    0.0008556856    0.0007314426    0.0006075662
  0.0006062613    0.0006049540    0.0006036405    0.0006023210    0.0006009995
  0.0005996721    0.0005983389    0.0005970000    0.0005956555    0.0005943093
  0.0005929577    0.0005915969    0.0005902307    0.0005888633    0.0005874869
  0.0005861056    0.0005847194    0.0005833283    0.0005819289    0.0005805249
  0.0005791127    0.0005776997    0.0005762753    0.0005748502    0.0005734139
  0.0005719737    0.0005705259    0.0005690745    0.0005676041    0.0005661385
  0.0005646625    0.0005631832    0.0005616938    0.0005601979    0.0005586956
  0.0005571871    0.0005556692    0.0005541419    0.0005526122    0.0005510700
  0.0005495225    0.0005479627    0.0005463980    0.0005448249    0.0005432402
  0.0005416542    0.0005400538    0.0005384424    0.0005368269    0.0005352009
  0.0005335644    0.0005319180    0.0005302649    0.0005286020    0.0005269265
  0.0005252417    0.0005235447    0.0005218419    0.0005201245    0.0005183985
  0.0005166583    0.0005149071    0.0005131451    0.0005113697    0.0005095870
  0.0005077883    0.0005059769    0.0005041561    0.0005023173    0.0005004696
  0.0004986045    0.0004967252    0.0004948350    0.0004929285    0.0004910087
  0.0004890705    0.0004871225    0.0004851512    0.0004831679    0.0004811651
  0.0004791482    0.0004771097    0.0004750581    0.0004729883    0.0004708955
  0.0051363124    0.0051304699    0.0051142182    0.0050903117    0.0050613004
  0.0050289831    0.0049944983    0.0049585141    0.0049215120    0.0048837571
  0.0048454321    0.0048066629    0.0047675648    0.0047281794    0.0046885573
  0.0046487546    0.0046087759    0.0045686567    0.0045284206    0.0044880666
  0.0044476091    0.0044070629    0.0043664189    0.0043257195    0.0042849321
  0.0042440760    0.0042031585    0.0041621868    0.0041211581    0.0040800700
  0.0040389329    0.0039977358    0.0039564897    0.0039151968    0.0038738592
  0.0038324808    0.0037910546    0.0037495761    0.0037080529    0.0036664911
  0.0036248902    0.0035832500    0.0035415522    0.0034998280    0.0034580534
  0.0034162345    0.0033743511    0.0033324468    0.0032904965    0.0032484946
  0.0032064392    0.0031643434    0.0031222006    0.0030799908    0.0030377413
  0.0029954301    0.0029530516    0.0029106264    0.0028681263    0.0028255556
  0.0027829094    0.0027401960    0.0026973862    0.0026545024    0.0026115059
  0.0025684052    0.0025252050    0.0024818728    0.0024384085    0.0023947926
  0.0023510375    0.0023070829    0.0022629373    0.0022185695    0.0021739688
  0.0021290977    0.0020839287    0.0020384080    0.0019925005    0.0019461622
  0.0018993207    0.0018519084    0.0018038374    0.0017550128    0.0017053055
  0.0016545619    0.0016025781    0.0015491471    0.0014939409    0.0014365919
  0.0013765748    0.0013132071    0.0012455286    0.0011721953    0.0010912252
  0.0009997774    0.0008938773    0.0007696007    0.0006423415    0.0006410128
  0.0006396807    0.0006383417    0.0006369957    0.0006356470    0.0006342956
  0.0006329375    0.0006315768    0.0006302056    0.0006288319    0.0006274600
  0.0006260776    0.0006246891    0.0006232944    0.0006218937    0.0006204910
  0.0006190825    0.0006176642    0.0006162482    0.0006148188    0.0006133879
  0.0006119514    0.0006105060    0.0006090554    0.0006075997    0.0006061391
  0.0006046661    0.0006031959    0.0006017135    0.0006002219    0.0005987269
  0.0005972278    0.0005957207    0.0005942060    0.0005926874    0.0005911575
  0.0005896204    0.0005880797    0.0005865284    0.0005849702    0.0005834088
  0.0005818372    0.0005802556    0.0005786677    0.0005770701    0.0005754666
  0.0005738537    0.0005722350    0.0005706040    0.0005689708    0.0005673223
  0.0005656654    0.0005640001    0.0005623268    0.0005606454    0.0005589530
  0.0005572465    0.0005555359    0.0005538148    0.0005520802    0.0005503389
  0.0005485877    0.0005468237    0.0005450471    0.0005432614    0.0005414667
  0.0005396570    0.0005378357    0.0005360030    0.0005341562    0.0005322984
  0.0005304300    0.0005285453    0.0005266504    0.0005247368    0.0005228166
  0.0005208810    0.0005189276    0.0005169597    0.0005149745    0.0005129812
  0.0053328772    0.0053275107    0.0053124211    0.0052899037    0.0052622091
  0.0052310376    0.0051975183    0.0051623977    0.0051260976    0.0050889742
  0.0050512059    0.0050129446    0.0049743036    0.0049353494    0.0048961157
  0.0048566853    0.0048170591    0.0047772709    0.0047373562    0.0046973108
  0.0046571463    0.0046169028    0.0045765408    0.0045361150    0.0044956018
  0.0044550181    0.0044143679    0.0043736442    0.0043328779    0.0042920267
  0.0042511462    0.0042101970    0.0041692112    0.0041281639    0.0040870655
  0.0040459377    0.0040047479    0.0039635194    0.0039222442    0.0038809259
  0.0038395778    0.0037981658    0.0037567249    0.0037152436    0.0036737104
  0.0036321348    0.0035905176    0.0035488707    0.0035071691    0.0034654196
  0.0034236368    0.0033818111    0.0033399344    0.0032980096    0.0032560328
  0.0032140110    0.0031719435    0.0031298017    0.0030876215    0.0030453641
  0.0030030605    0.0029606874    0.0029182438    0.0028757333    0.0028331355
  0.0027904607    0.0027476952    0.0027048305    0.0026618752    0.0026187879
  0.0025755972    0.0025322624    0.0024887981    0.0024451675    0.0024013651
  0.0023573754    0.0023131732    0.0022687398    0.0022240557    0.0021790646
  0.0021337615    0.0020880921    0.0020420158    0.0019954660    0.0019483955
  0.0019007283    0.0018523593    0.0018031889    0.0017530891    0.0017019092
  0.0016494308    0.0015954308    0.0015395894    0.0014815374    0.0014207210
  0.0013564578    0.0012877949    0.0012133655    0.0011312885    0.0010387408
  0.0009321032    0.0008077101    0.0006776117    0.0006762571    0.0006748985
  0.0006735362    0.0006721662    0.0006707970    0.0006694158    0.0006680356
  0.0006666478    0.0006652568    0.0006638585    0.0006624570    0.0006610526
  0.0006596410    0.0006582265    0.0006568050    0.0006553766    0.0006539415
  0.0006525038    0.0006510636    0.0006496168    0.0006481596    0.0006467001
  0.0006452344    0.0006437625    0.0006422887    0.0006408048    0.0006393191
  0.0006378198    0.0006363189    0.0006348124    0.0006332956    0.0006317784
  0.0006302484    0.0006287172    0.0006271771    0.0006256322    0.0006240749
  0.0006225207    0.0006209505    0.0006193798    0.0006177973    0.0006162106
  0.0006146126    0.0006130106    0.0006113975    0.0006097808    0.0006081533
  0.0006065187    0.0006048773    0.0006032292    0.0006015708    0.0005998990
  0.0005982245    0.0005965437    0.0005948466    0.0005931472    0.0005914352
  0.0005897141    0.0005879844    0.0005862460    0.0005844959    0.0005827409
  0.0005809711    0.0005791935    0.0005774049    0.0005756054    0.0005737921
  0.0005719750    0.0005701412    0.0005682942    0.0005664408    0.0005645715
  0.0005626961    0.0005608020    0.0005589024    0.0005569846    0.0005550554
  0.0055285631    0.0055236042    0.0055095759    0.0054883629    0.0054619529
  0.0054319421    0.0053994225    0.0053651477    0.0053296088    0.0052931466
  0.0052559521    0.0052182218    0.0051800501    0.0051415317    0.0051027114
  0.0050636561    0.0050243932    0.0049849540    0.0049453578    0.0049056266
  0.0048657696    0.0048257978    0.0047857370    0.0047455862    0.0047053455
  0.0046650169    0.0046246287    0.0045841699    0.0045436449    0.0045030574
  0.0044624250    0.0044217282    0.0043809734    0.0043401674    0.0042993177
  0.0042584208    0.0042174848    0.0041764851    0.0041354547    0.0040943706
  0.0040532450    0.0040120783    0.0039708629    0.0039296224    0.0038883299
  0.0038470007    0.0038056304    0.0037642171    0.0037227676    0.0036812719
  0.0036397412    0.0035981582    0.0035565351    0.0035148686    0.0034731555
  0.0034313946    0.0033895949    0.0033477415    0.0033058316    0.0032638769
  0.0032218708    0.0031798067    0.0031376733    0.0030954995    0.0030532490
  0.0030109261    0.0029685378    0.0029260522    0.0028835081    0.0028408675
  0.0027981244    0.0027552927    0.0027123385    0.0026692719    0.0026260842
  0.0025827347    0.0025392477    0.0024955894    0.0024517428    0.0024076936
  0.0023634266    0.0023189089    0.0022741228    0.0022290190    0.0021835750
  0.0021377408    0.0020914657    0.0020447280    0.0019973991    0.0019494463
  0.0019007703    0.0018512377    0.0018007440    0.0017491079    0.0016961229
  0.0016415685    0.0015850893    0.0015263049    0.0014646935    0.0013995564
  0.0013299081    0.0012544288    0.0011712627    0.0010777078    0.0009703412
  0.0008458630    0.0007133681    0.0007119892    0.0007106055    0.0007092131
  0.0007078209    0.0007064246    0.0007050241    0.0007036197    0.0007022112
  0.0007007943    0.0006993736    0.0006979491    0.0006965208    0.0006950845
  0.0006936447    0.0006922012    0.0006907499    0.0006892953    0.0006878373
  0.0006863717    0.0006849030    0.0006834227    0.0006819435    0.0006804573
  0.0006789638    0.0006774677    0.0006759646    0.0006744547    0.0006729382
  0.0006714191    0.0006698936    0.0006683576    0.0006668143    0.0006652700
  0.0006637156    0.0006621632    0.0006605970    0.0006590252    0.0006574476
  0.0006558644    0.0006542720    0.0006526743    0.0006510713    0.0006494594
  0.0006478387    0.0006462132    0.0006445792    0.0006429367    0.0006412897
  0.0006396346    0.0006379715    0.0006362969    0.0006346219    0.0006329320
  0.0006312347    0.0006295338    0.0006278184    0.0006260996    0.0006243669
  0.0006226311    0.0006208815    0.0006191255    0.0006173599    0.0006155882
  0.0006138001    0.0006120096    0.0006102032    0.0006083879    0.0006065673
  0.0006047280    0.0006028837    0.0006010279    0.0005991608    0.0005972858
  0.0057233939    0.0057188067    0.0057057360    0.0056857447    0.0056605813
  0.0056317113    0.0056002267    0.0055668412    0.0055320730    0.0054962817
  0.0054597049    0.0054225053    0.0053848388    0.0053467654    0.0053083743
  0.0052696998    0.0052308127    0.0051917120    0.0051524452    0.0051130320
  0.0050734796    0.0050338115    0.0049940375    0.0049541544    0.0049141886
  0.0048741389    0.0048340050    0.0047938012    0.0047535289    0.0047131901
  0.0046728001    0.0046323362    0.0045918284    0.0045512679    0.0045106473
  0.0044699849    0.0044292745    0.0043885112    0.0043477017    0.0043068664
  0.0042659675    0.0042250261    0.0041840517    0.0041430433    0.0041019807
  0.0040608748    0.0040197388    0.0039785649    0.0039373468    0.0038960791
  0.0038547780    0.0038134308    0.0037720633    0.0037306276    0.0036891712
  0.0036476593    0.0036061126    0.0035645170    0.0035228792    0.0034811967
  0.0034394541    0.0033976764    0.0033558358    0.0033139367    0.0032720018
  0.0032299943    0.0031879168    0.0031457906    0.0031035799    0.0030613153
  0.0030189613    0.0029765262    0.0029340072    0.0028913871    0.0028486691
  0.0028058500    0.0027629043    0.0027198310    0.0026766419    0.0026332730
  0.0025897624    0.0025460649    0.0025021613    0.0024580455    0.0024137049
  0.0023690930    0.0023241927    0.0022789490    0.0022333537    0.0021873487
  0.0021408857    0.0020938944    0.0020463206    0.0019980777    0.0019490735
  0.0018991851    0.0018482766    0.0017961769    0.0017426812    0.0016875376
  0.0016304243    0.0015709251    0.0015085241    0.0014424930    0.0013718941
  0.0012953894    0.0012111724    0.0011166250    0.0010085780    0.0008839815
  0.0007495933    0.0007481911    0.0007467788    0.0007453708    0.0007439533
  0.0007425356    0.0007411084    0.0007396811    0.0007382446    0.0007368080
  0.0007353623    0.0007339166    0.0007324664    0.0007310073    0.0007295440
  0.0007280763    0.0007266088    0.0007251285    0.0007236440    0.0007221598
  0.0007206673    0.0007191710    0.0007176666    0.0007161584    0.0007146466
  0.0007131268    0.0007116036    0.0007100727    0.0007085384    0.0007069965
  0.0007054515    0.0007038992    0.0007023397    0.0007007719    0.0006991982
  0.0006976219    0.0006960428    0.0006944528    0.0006928562    0.0006912572
  0.0006896477    0.0006880320    0.0006864100    0.0006847819    0.0006831479
  0.0006815040    0.0006798544    0.0006781991    0.0006765383    0.0006748642
  0.0006731887    0.0006715042    0.0006698107    0.0006681122    0.0006664051
  0.0006646857    0.0006629617    0.0006612331    0.0006594927    0.0006577406
  0.0006559845    0.0006542207    0.0006524456    0.0006506630    0.0006488733
  0.0006470692    0.0006452582    0.0006434368    0.0006416087    0.0006397708
  0.0059173958    0.0059131474    0.0059009511    0.0058821039    0.0058581447
  0.0058304121    0.0057999306    0.0057674472    0.0057334926    0.0056983965
  0.0056624479    0.0056258240    0.0055886460    0.0055510540    0.0055130858
  0.0054748215    0.0054363149    0.0053975771    0.0053586552    0.0053195668
  0.0052803172    0.0052409433    0.0052014535    0.0051618567    0.0051221639
  0.0050823714    0.0050425197    0.0050025649    0.0049625483    0.0049224557
  0.0048823016    0.0048420872    0.0048018138    0.0047614706    0.0047210999
  0.0046806655    0.0046401849    0.0045996369    0.0045590647    0.0045184487
  0.0044777826    0.0044370615    0.0043963056    0.0043555099    0.0043146829
  0.0042738110    0.0042328939    0.0041919408    0.0041509309    0.0041099079
  0.0040688314    0.0040277146    0.0039865712    0.0039453759    0.0039041531
  0.0038628813    0.0038215663    0.0037802180    0.0037388261    0.0036973839
  0.0036559020    0.0036143758    0.0035728028    0.0035311799    0.0034895155
  0.0034477859    0.0034060108    0.0033641717    0.0033222887    0.0032803327
  0.0032383223    0.0031962247    0.0031540754    0.0031118352    0.0030695154
  0.0030271167    0.0029846230    0.0029420219    0.0028993099    0.0028565003
  0.0028135544    0.0027704764    0.0027272544    0.0026838719    0.0026403221
  0.0025965692    0.0025525931    0.0025084246    0.0024639826    0.0024192482
  0.0023742339    0.0023288499    0.0022830829    0.0022368943    0.0021902116
  0.0021429902    0.0020951551    0.0020466124    0.0019972693    0.0019469961
  0.0018956691    0.0018431015    0.0017890925    0.0017333620    0.0016756127
  0.0016154008    0.0015522155    0.0014852914    0.0014137494    0.0013362425
  0.0012509822    0.0011555160    0.0010468513    0.0009221621    0.0007862825
  0.0007848576    0.0007834265    0.0007819899    0.0007805477    0.0007791094
  0.0007776610    0.0007762072    0.0007747480    0.0007732882    0.0007718233
  0.0007703530    0.0007688777    0.0007673973    0.0007659118    0.0007644260
  0.0007629306    0.0007614305    0.0007599256    0.0007584204    0.0007569062
  0.0007553873    0.0007538638    0.0007523315    0.0007507994    0.0007492584
  0.0007477131    0.0007461636    0.0007446101    0.0007430483    0.0007414824
  0.0007399126    0.0007383347    0.0007367487    0.0007351537    0.0007335607
  0.0007319556    0.0007303514    0.0007287396    0.0007271162    0.0007254937
  0.0007238598    0.0007222189    0.0007205749    0.0007189282    0.0007172705
  0.0007156019    0.0007139309    0.0007122532    0.0007105692    0.0007088747
  0.0007071741    0.0007054674    0.0007037547    0.0007020361    0.0007003079
  0.0006985700    0.0006968266    0.0006950778    0.0006933119    0.0006915448
  0.0006897728    0.0006879880    0.0006861946    0.0006843927    0.0006825824
  0.0061106278    0.0061066721    0.0060952563    0.0060774850    0.0060546843
  0.0060280699    0.0059986141    0.0059670477    0.0059338830    0.0058995086
  0.0058642156    0.0058281626    0.0057915380    0.0057544124    0.0057169051
  0.0056790612    0.0056409334    0.0056025630    0.0055639792    0.0055252145
  0.0054863029    0.0054472334    0.0054080285    0.0053687112    0.0053292903
  0.0052897751    0.0052501763    0.0052104757    0.0051707143    0.0051308608
  0.0050909569    0.0050509735    0.0050109380    0.0049708367    0.0049306847
  0.0048904827    0.0048502196    0.0048099111    0.0047695593    0.0047291429
  0.0046887037    0.0046482080    0.0046076738    0.0045670945    0.0045264755
  0.0044858237    0.0044451342    0.0044043924    0.0043636177    0.0043227966
  0.0042819387    0.0042410541    0.0042001208    0.0041591510    0.0041181465
  0.0040771083    0.0040360313    0.0039949086    0.0039537456    0.0039125402
  0.0038712973    0.0038300082    0.0037886809    0.0037473163    0.0037058983
  0.0036644407    0.0036229299    0.0035813643    0.0035397440    0.0034980761
  0.0034563570    0.0034145809    0.0033727541    0.0033308315    0.0032888605
  0.0032468223    0.0032046881    0.0031625008    0.0031202098    0.0030778227
  0.0030353343    0.0029927509    0.0029500613    0.0029072356    0.0028642769
  0.0028211734    0.0027779266    0.0027345055    0.0026908973    0.0026470954
  0.0026030656    0.0025587883    0.0025142511    0.0024694134    0.0024242332
  0.0023787120    0.0023327815    0.0022863810    0.0022394858    0.0021920212
  0.0021438974    0.0020950461    0.0020453505    0.0019946948    0.0019429301
  0.0018898954    0.0018353534    0.0017790498    0.0017206456    0.0016597231
  0.0015957289    0.0015279703    0.0014554929    0.0013769902    0.0012907671
  0.0011944043    0.0010850822    0.0009603458    0.0008234305    0.0008219779
  0.0008205236    0.0008190679    0.0008176012    0.0008161380    0.0008146640
  0.0008131887    0.0008117074    0.0008102250    0.0008087368    0.0008072474
  0.0008057475    0.0008042466    0.0008027400    0.0008012277    0.0007997100
  0.0007981914    0.0007966674    0.0007951379    0.0007936031    0.0007920630
  0.0007905177    0.0007889673    0.0007874164    0.0007858558    0.0007842904
  0.0007827201    0.0007811403    0.0007795605    0.0007779759    0.0007763867
  0.0007747885    0.0007731859    0.0007715788    0.0007699629    0.0007683374
  0.0007667133    0.0007650808    0.0007634442    0.0007617994    0.0007601508
  0.0007584984    0.0007568379    0.0007551653    0.0007534935    0.0007518139
  0.0007501226    0.0007484323    0.0007467303    0.0007450210    0.0007433129
  0.0007415895    0.0007398591    0.0007381258    0.0007363818    0.0007346353
  0.0007328781    0.0007311145    0.0007293406    0.0007275644    0.0007257742
  0.0063031016    0.0062994191    0.0062887206    0.0062719502    0.0062502419
  0.0062247101    0.0061962723    0.0061656253    0.0061332831    0.0060996618
  0.0060650197    0.0060295689    0.0059934798    0.0059568733    0.0059198155
  0.0058824014    0.0058446647    0.0058066789    0.0057684547    0.0057300232
  0.0056914338    0.0056526733    0.0056137626    0.0055747397    0.0055356113
  0.0054963549    0.0054570103    0.0054175723    0.0053780514    0.0053384585
  0.0052987754    0.0052590433    0.0052192313    0.0051793668    0.0051394478
  0.0050994603    0.0050594316    0.0050193355    0.0049792001    0.0049390256
  0.0048987886    0.0048585041    0.0048181885    0.0047778191    0.0047374250
  0.0046969732    0.0046564820    0.0046159672    0.0045753998    0.0045347978
  0.0044941565    0.0044534726    0.0044127546    0.0043720095    0.0043312146
  0.0042903912    0.0042495170    0.0042086145    0.0041676838    0.0041266971
  0.0040856879    0.0040446308    0.0040035303    0.0039623921    0.0039212231
  0.0038800030    0.0038387405    0.0037974269    0.0037560739    0.0037146671
  0.0036732186    0.0036317183    0.0035901559    0.0035485405    0.0035068730
  0.0034651428    0.0034233470    0.0033814700    0.0033395351    0.0032975382
  0.0032554357    0.0032132559    0.0031710021    0.0031286272    0.0030861454
  0.0030435735    0.0030008760    0.0029580275    0.0029150534    0.0028719298
  0.0028286549    0.0027851756    0.0027415161    0.0026976396    0.0026535275
  0.0026091483    0.0025645045    0.0025195318    0.0024742240    0.0024285363
  0.0023824051    0.0023358073    0.0022886763    0.0022409482    0.0021925435
  0.0021433629    0.0020933115    0.0020422725    0.0019900716    0.0019365539
  0.0018814782    0.0018245818    0.0017655169    0.0017038898    0.0016391230
  0.0015705089    0.0014971177    0.0014176810    0.0013304593    0.0012332597
  0.0011233672    0.0009985485    0.0008610154    0.0008595448    0.0008580668
  0.0008565869    0.0008551003    0.0008536120    0.0008521219    0.0008506202
  0.0008491218    0.0008476119    0.0008461005    0.0008445924    0.0008430680
  0.0008415422    0.0008400148    0.0008384862    0.0008369513    0.0008354053
  0.0008338582    0.0008323097    0.0008307552    0.0008291948    0.0008276285
  0.0008260565    0.0008244835    0.0008229046    0.0008213155    0.0008197255
  0.0008181347    0.0008165337    0.0008149275    0.0008133112    0.0008116990
  0.0008100770    0.0008084499    0.0008068132    0.0008051808    0.0008035285
  0.0008018774    0.0008002259    0.0007985609    0.0007969003    0.0007952261
  0.0007935430    0.0007918647    0.0007901686    0.0007884728    0.0007867685
  0.0007850603    0.0007833436    0.0007816231    0.0007798946    0.0007781579
  0.0007764135    0.0007746653    0.0007729096    0.0007711463    0.0007693798
  0.0064948488    0.0064914110    0.0064813648    0.0064655157    0.0064448516
  0.0064203896    0.0063929289    0.0063632105    0.0063317134    0.0062988468
  0.0062648731    0.0062300614    0.0061945271    0.0061584270    0.0061218430
  0.0060848689    0.0060475539    0.0060099534    0.0059720933    0.0059340031
  0.0058957491    0.0058572983    0.0058187038    0.0057799699    0.0057411025
  0.0057021251    0.0056630446    0.0056238704    0.0055846108    0.0055452604
  0.0055058149    0.0054663147    0.0054267413    0.0053871060    0.0053474058
  0.0053076535    0.0052678470    0.0052279564    0.0051880519    0.0051480769
  0.0051080593    0.0050679856    0.0050278713    0.0049877167    0.0049475366
  0.0049072952    0.0048670086    0.0048266919    0.0047863369    0.0047459471
  0.0047054919    0.0046650360    0.0046245257    0.0045839790    0.0045434030
  0.0045027712    0.0044621251    0.0044214288    0.0043807019    0.0043399324
  0.0042991317    0.0042582891    0.0042174162    0.0041764948    0.0041355576
  0.0040945583    0.0040535220    0.0040124447    0.0039713230    0.0039301736
  0.0038889772    0.0038477166    0.0038064192    0.0037650807    0.0037236772
  0.0036822247    0.0036407278    0.0035991470    0.0035575319    0.0035158384
  0.0034740781    0.0034322362    0.0033903558    0.0033483692    0.0033062807
  0.0032641319    0.0032218651    0.0031795228    0.0031370490    0.0030944592
  0.0030517537    0.0030088937    0.0029658921    0.0029227351    0.0028793868
  0.0028358801    0.0027921402    0.0027481766    0.0027039791    0.0026594973
  0.0026147337    0.0025696302    0.0025241631    0.0024782872    0.0024319818
  0.0023851659    0.0023377896    0.0022897979    0.0022410879    0.0021915825
  0.0021411683    0.0020897120    0.0020370737    0.0019830625    0.0019274468
  0.0018699601    0.0018102558    0.0017479263    0.0016823698    0.0016129197
  0.0015386343    0.0014582677    0.0013701164    0.0012721285    0.0011616784
  0.0010367270    0.0008990485    0.0008975486    0.0008960513    0.0008945466
  0.0008930396    0.0008915305    0.0008900140    0.0008884902    0.0008869694
  0.0008854415    0.0008839115    0.0008823694    0.0008808303    0.0008792892
  0.0008777362    0.0008761863    0.0008746245    0.0008730660    0.0008715006
  0.0008699236    0.0008683449    0.0008667646    0.0008651828    0.0008635894
  0.0008619946    0.0008603934    0.0008587908    0.0008571820    0.0008555621
  0.0008539458    0.0008523187    0.0008506904    0.0008490561    0.0008474113
  0.0008457654    0.0008441138    0.0008424614    0.0008407985    0.0008391243
  0.0008374506    0.0008357763    0.0008340920    0.0008324025    0.0008307033
  0.0008289990    0.0008272941    0.0008255800    0.0008238610    0.0008221371
  0.0008204042    0.0008186665    0.0008169198    0.0008151688    0.0008134133
  0.0066858983    0.0066826682    0.0066732302    0.0066582404    0.0066385738
  0.0066151145    0.0065886548    0.0065598435    0.0065291843    0.0064970807
  0.0064638197    0.0064296172    0.0063946639    0.0063590975    0.0063230169
  0.0062864967    0.0062496030    0.0062123901    0.0061748999    0.0061371781
  0.0060992385    0.0060611149    0.0060228255    0.0059843897    0.0059458127
  0.0059071160    0.0058683061    0.0058293909    0.0057903779    0.0057512760
  0.0057120940    0.0056728266    0.0056334832    0.0055940749    0.0055545972
  0.0055150608    0.0054754626    0.0054358148    0.0053960999    0.0053563450
  0.0053165334    0.0052766792    0.0052367808    0.0051968246    0.0051568373
  0.0051168069    0.0050767204    0.0050366063    0.0049964522    0.0049562488
  0.0049160234    0.0048757540    0.0048354455    0.0047950884    0.0047547130
  0.0047142989    0.0046738414    0.0046333566    0.0045928303    0.0045522680
  0.0045116781    0.0044710569    0.0044303820    0.0043896729    0.0043489399
  0.0043081526    0.0042673417    0.0042264985    0.0041855964    0.0041446689
  0.0041037006    0.0040626770    0.0040216233    0.0039805110    0.0039393822
  0.0038981841    0.0038569280    0.0038156491    0.0037742999    0.0037328868
  0.0036914316    0.0036499013    0.0036083137    0.0035666696    0.0035249366
  0.0034831426    0.0034412648    0.0033992923    0.0033572354    0.0033151016
  0.0032728488    0.0032304979    0.0031880078    0.0031454139    0.0031026893
  0.0030597944    0.0030167546    0.0029735693    0.0029301687    0.0028865839
  0.0028427718    0.0027987191    0.0027544334    0.0027098277    0.0026649360
  0.0026196825    0.0025740623    0.0025280006    0.0024814903    0.0024344405
  0.0023868223    0.0023385391    0.0022895337    0.0022396817    0.0021889009
  0.0021370358    0.0020839519    0.0020294377    0.0019732866    0.0019152085
  0.0018548598    0.0017918040    0.0017254992    0.0016552051    0.0015800355
  0.0014987495    0.0014097361    0.0013109202    0.0011999656    0.0010749272
  0.0009375026    0.0009359882    0.0009344653    0.0009329396    0.0009314113
  0.0009298750    0.0009283414    0.0009268000    0.0009252506    0.0009237041
  0.0009221498    0.0009205930    0.0009190286    0.0009174668    0.0009158924
  0.0009143157    0.0009127366    0.0009111552    0.0009095665    0.0009079756
  0.0009063774    0.0009047771    0.0009031695    0.0009015601    0.0008999435
  0.0008983249    0.0008966994    0.0008950721    0.0008934329    0.0008917970
  0.0008901494    0.0008885001    0.0008868491    0.0008851917    0.0008835278
  0.0008818526    0.0008801759    0.0008784980    0.0008768138    0.0008751175
  0.0008734211    0.0008717189    0.0008700107    0.0008682968    0.0008665818
  0.0008648563    0.0008631252    0.0008613886    0.0008596466    0.0008579038
  0.0068762709    0.0068732455    0.0068643552    0.0068501637    0.0068314304
  0.0068089513    0.0067834665    0.0067555486    0.0067257490    0.0066944063
  0.0066618552    0.0066282953    0.0065939382    0.0065589027    0.0065233255
  0.0064872608    0.0064508110    0.0064140106    0.0063768999    0.0063395428
  0.0063019506    0.0062641568    0.0062261780    0.0061880507    0.0061497605
  0.0061113460    0.0060727952    0.0060341486    0.0059953793    0.0059565445
  0.0059175869    0.0058785634    0.0058394676    0.0058002766    0.0057610324
  0.0057217138    0.0056823312    0.0056429107    0.0056034170    0.0055638632
  0.0055242602    0.0054846201    0.0054449107    0.0054051602    0.0053653799
  0.0053255413    0.0052856715    0.0052457422    0.0052057814    0.0051657895
  0.0051257400    0.0050856615    0.0050455556    0.0050054111    0.0049652185
  0.0049249933    0.0048847393    0.0048444601    0.0048041241    0.0047637716
  0.0047233621    0.0046829362    0.0046424768    0.0046019685    0.0045614412
  0.0045208697    0.0044802522    0.0044396100    0.0043989395    0.0043582113
  0.0043174570    0.0042766582    0.0042358451    0.0041949544    0.0041540385
  0.0041130817    0.0040720819    0.0040310445    0.0039899499    0.0039488085
  0.0039076020    0.0038663505    0.0038250492    0.0037836842    0.0037422633
  0.0037007758    0.0036592230    0.0036176133    0.0035759066    0.0035341291
  0.0034922741    0.0034503277    0.0034082934    0.0033661555    0.0033238972
  0.0032815316    0.0032390534    0.0031964200    0.0031536598    0.0031107617
  0.0030676658    0.0030244184    0.0029809763    0.0029373127    0.0028934066
  0.0028492721    0.0028048464    0.0027601381    0.0027150965    0.0026696924
  0.0026238875    0.0025776509    0.0025309153    0.0024836474    0.0024357515
  0.0023871881    0.0023378651    0.0022876838    0.0022365064    0.0021842506
  0.0021306907    0.0020756809    0.0020189891    0.0019603111    0.0018993106
  0.0018355642    0.0017684802    0.0016973782    0.0016213428    0.0015391754
  0.0014492931    0.0013497603    0.0012382526    0.0011131367    0.0009763845
  0.0009748434    0.0009733040    0.0009717560    0.0009702048    0.0009686507
  0.0009670879    0.0009655277    0.0009639646    0.0009623874    0.0009608128
  0.0009592407    0.0009576495    0.0009560663    0.0009544748    0.0009528806
  0.0009512782    0.0009496785    0.0009480654    0.0009464550    0.0009448367
  0.0009432158    0.0009415871    0.0009399559    0.0009383223    0.0009366862
  0.0009350373    0.0009333913    0.0009317378    0.0009300770    0.0009284140
  0.0009267487    0.0009250711    0.0009233966    0.0009217097    0.0009200211
  0.0009183304    0.0009166328    0.0009149284    0.0009132222    0.0009114980
  0.0009097836    0.0009080574    0.0009063297    0.0009045907    0.0009028502
  0.0070659966    0.0070631466    0.0070547491    0.0070413195    0.0070234585
  0.0070019239    0.0069773760    0.0069503690    0.0069214015    0.0068908280
  0.0068589937    0.0068261015    0.0067923461    0.0067578664    0.0067227999
  0.0066872183    0.0066512047    0.0066148114    0.0065781156    0.0065411231
  0.0065038821    0.0064664247    0.0064287664    0.0063909432    0.0063529566
  0.0063148097    0.0062765415    0.0062381572    0.0061996624    0.0061610633
  0.0061223675    0.0060835828    0.0060447001    0.0060057620    0.0059667273
  0.0059276382    0.0058884880    0.0058492553    0.0058099817    0.0057706458
  0.0057312438    0.0056917866    0.0056523004    0.0056127517    0.0055731668
  0.0055335285    0.0054938352    0.0054541269    0.0054143599    0.0053745472
  0.0053347022    0.0052948244    0.0052548998    0.0052149432    0.0051749543
  0.0051349217    0.0050948608    0.0050547467    0.0050146213    0.0049744497
  0.0049342349    0.0048940057    0.0048537308    0.0048134250    0.0047730726
  0.0047327121    0.0046922946    0.0046518587    0.0046113796    0.0045708763
  0.0045303128    0.0044897217    0.0044491200    0.0044084475    0.0043677555
  0.0043270150    0.0042862479    0.0042454269    0.0042045761    0.0041636618
  0.0041227089    0.0040817228    0.0040406670    0.0039995746    0.0039584294
  0.0039172074    0.0038759536    0.0038346388    0.0037932435    0.0037517907
  0.0037102577    0.0036686593    0.0036269927    0.0035852245    0.0035433829
  0.0035014607    0.0034594260    0.0034172641    0.0033750150    0.0033326402
  0.0032901327    0.0032474869    0.0032046810    0.0031617452    0.0031186104
  0.0030752915    0.0030317640    0.0029880276    0.0029440422    0.0028998007
  0.0028552624    0.0028104169    0.0027652237    0.0027196645    0.0026736776
  0.0026272329    0.0025802805    0.0025327564    0.0024846024    0.0024357461
  0.0023860937    0.0023355599    0.0022839998    0.0022313141    0.0021773066
  0.0021218033    0.0020645392    0.0020052879    0.0019436336    0.0018791574
  0.0018113336    0.0017394315    0.0016625447    0.0015795201    0.0014887801
  0.0013885465    0.0012766108    0.0011513377    0.0010156764    0.0010141175
  0.0010125543    0.0010109878    0.0010094119    0.0010078383    0.0010062556
  0.0010046750    0.0010030854    0.0010014979    0.0009999016    0.0009983018
  0.0009966932    0.0009950869    0.0009934772    0.0009918644    0.0009902373
  0.0009886181    0.0009869903    0.0009853539    0.0009837198    0.0009820718
  0.0009804317    0.0009787779    0.0009771265    0.0009754615    0.0009737990
  0.0009721337    0.0009704604    0.0009687789    0.0009671002    0.0009654134
  0.0009637188    0.0009620217    0.0009603221    0.0009586148    0.0009569050
  0.0009551877    0.0009534680    0.0009517409    0.0009500117    0.0009482686
  0.0072550894    0.0072524017    0.0072444724    0.0072317091    0.0072147085
  0.0071940693    0.0071704288    0.0071442999    0.0071161685    0.0070863853
  0.0070552653    0.0070230378    0.0069898801    0.0069559934    0.0069214345
  0.0068863550    0.0068507975    0.0068148328    0.0067785382    0.0067419178
  0.0067050382    0.0066679300    0.0066306082    0.0065930892    0.0065553921
  0.0065175547    0.0064795617    0.0064414532    0.0064032156    0.0063648724
  0.0063264124    0.0062878596    0.0062492385    0.0062105054    0.0061717195
  0.0061328386    0.0060939046    0.0060548942    0.0060158163    0.0059766969
  0.0059375133    0.0058982761    0.0058589802    0.0058196209    0.0057802241
  0.0057407857    0.0057013018    0.0056617684    0.0056221982    0.0055825884
  0.0055429355    0.0055032248    0.0054634832    0.0054237221    0.0053839138
  0.0053440713    0.0053041946    0.0052642841    0.0052243278    0.0051843400
  0.0051443215    0.0051042751    0.0050641903    0.0050240701    0.0049839172
  0.0049437359    0.0049035184    0.0048632697    0.0048229937    0.0047826629
  0.0047423168    0.0047019293    0.0046615059    0.0046210555    0.0045805644
  0.0045400307    0.0044994743    0.0044588531    0.0044182296    0.0043775432
  0.0043368162    0.0042960417    0.0042552519    0.0042143848    0.0041734922
  0.0041325349    0.0040915362    0.0040504799    0.0040093645    0.0039681997
  0.0039269801    0.0038856759    0.0038443326    0.0038029079    0.0037614015
  0.0037198153    0.0036781593    0.0036364208    0.0035945915    0.0035526437
  0.0035106146    0.0034684661    0.0034261792    0.0033837925    0.0033412596
  0.0032985794    0.0032557417    0.0032127465    0.0031695547    0.0031261706
  0.0030825579    0.0030387442    0.0029946486    0.0029502947    0.0029056344
  0.0028606586    0.0028153122    0.0027695655    0.0027233951    0.0026767408
  0.0026295744    0.0025817903    0.0025333652    0.0024842040    0.0024342186
  0.0023833297    0.0023313855    0.0022782575    0.0022237892    0.0021677748
  0.0021099737    0.0020500979    0.0019878241    0.0019226626    0.0018540659
  0.0017813908    0.0017036533    0.0016197962    0.0015282748    0.0014273099
  0.0013149117    0.0011895780    0.0010553788    0.0010538000    0.0010522166
  0.0010506234    0.0010490322    0.0010474312    0.0010458320    0.0010442349
  0.0010426223    0.0010410117    0.0010393915    0.0010377734    0.0010361514
  0.0010345199    0.0010328906    0.0010312518    0.0010296152    0.0010279692
  0.0010263198    0.0010246666    0.0010230101    0.0010213500    0.0010196865
  0.0010180141    0.0010163439    0.0010146592    0.0010129767    0.0010112966
  0.0010095966    0.0010079045    0.0010062039    0.0010044946    0.0010027877
  0.0010010670    0.0009993487    0.0009976275    0.0009958926    0.0009941656
  0.0074435886    0.0074410456    0.0074335492    0.0074214285    0.0074051969
  0.0073854124    0.0073626609    0.0073373881    0.0073100888    0.0072810672
  0.0072506724    0.0072191188    0.0071866082    0.0071532819    0.0071192590
  0.0070846715    0.0070495810    0.0070140780    0.0069781792    0.0069419668
  0.0069054475    0.0068686910    0.0068316914    0.0067945027    0.0067571232
  0.0067195723    0.0066818519    0.0066440199    0.0066060437    0.0065679639
  0.0065297495    0.0064914603    0.0064530671    0.0064145766    0.0063759962
  0.0063373514    0.0062986319    0.0062598466    0.0062209871    0.0061820625
  0.0061430819    0.0061040377    0.0060649404    0.0060257994    0.0059865924
  0.0059473460    0.0059080550    0.0058687140    0.0058293194    0.0057898970
  0.0057504277    0.0057109230    0.0056713657    0.0056317824    0.0055921415
  0.0055524838    0.0055127928    0.0054730552    0.0054332827    0.0053934882
  0.0053536457    0.0053137936    0.0052738694    0.0052339499    0.0051939859
  0.0051539805    0.0051139468    0.0050738879    0.0050337834    0.0049936495
  0.0049534877    0.0049132935    0.0048730699    0.0048328118    0.0047925129
  0.0047521814    0.0047118222    0.0046714113    0.0046309789    0.0045905103
  0.0045499843    0.0045094522    0.0044688528    0.0044282269    0.0043875463
  0.0043468333    0.0043060714    0.0042652474    0.0042244013    0.0041834939
  0.0041425315    0.0041015048    0.0040604385    0.0040193004    0.0039781173
  0.0039368580    0.0038955198    0.0038541173    0.0038126468    0.0037710732
  0.0037294275    0.0036876901    0.0036458530    0.0036039133    0.0035618747
  0.0035197055    0.0034774040    0.0034349969    0.0033924298    0.0033497125
  0.0033068181    0.0032637717    0.0032205125    0.0031770526    0.0031333787
  0.0030894397    0.0030452604    0.0030007796    0.0029559816    0.0029108569
  0.0028653479    0.0028194315    0.0027730576    0.0027261780    0.0026787672
  0.0026307310    0.0025820260    0.0025325642    0.0024822396    0.0024309806
  0.0023786457    0.0023250890    0.0022701459    0.0022136218    0.0021552729
  0.0020948138    0.0020318742    0.0019660114    0.0018967124    0.0018232319
  0.0017447271    0.0016600059    0.0015677074    0.0014660563    0.0013532108
  0.0012278027    0.0010954888    0.0010938816    0.0010922754    0.0010906708
  0.0010890558    0.0010874366    0.0010858190    0.0010841911    0.0010825590
  0.0010809286    0.0010792940    0.0010776552    0.0010760063    0.0010743650
  0.0010727080    0.0010710526    0.0010693932    0.0010677297    0.0010660623
  0.0010643910    0.0010627099    0.0010610306    0.0010593475    0.0010576606
  0.0010559697    0.0010542694    0.0010525654    0.0010508577    0.0010491464
  0.0010474371    0.0010457130    0.0010439908    0.0010422596    0.0010405250
  0.0076314885    0.0076290918    0.0076219598    0.0076104465    0.0075949674
  0.0075760073    0.0075540937    0.0075296680    0.0075031665    0.0074749344
  0.0074452684    0.0074143901    0.0073825068    0.0073497619    0.0073162964
  0.0072822226    0.0072476015    0.0072125446    0.0071770666    0.0071412502
  0.0071051207    0.0070687077    0.0070320632    0.0069951819    0.0069581010
  0.0069208574    0.0068834520    0.0068458855    0.0068081807    0.0067703588
  0.0067324065    0.0066943467    0.0066562034    0.0066179456    0.0065796169
  0.0065411877    0.0065026836    0.0064641114    0.0064254620    0.0063867434
  0.0063479644    0.0063091330    0.0062702245    0.0062312817    0.0061922807
  0.0061532145    0.0061141099    0.0060749591    0.0060357730    0.0059965155
  0.0059572273    0.0059179037    0.0058785397    0.0058391328    0.0057996782
  0.0057602015    0.0057206863    0.0056811286    0.0056415420    0.0056019226
  0.0055622557    0.0055225547    0.0054828443    0.0054430719    0.0054032891
  0.0053634698    0.0053236020    0.0052837257    0.0052438159    0.0052038626
  0.0051638802    0.0051238702    0.0050838248    0.0050437480    0.0050036421
  0.0049635001    0.0049233159    0.0048831165    0.0048428751    0.0048026084
  0.0047622793    0.0047219383    0.0046815497    0.0046411438    0.0046006776
  0.0045601805    0.0045196318    0.0044790621    0.0044384156    0.0043977505
  0.0043570410    0.0043162648    0.0042754423    0.0042345893    0.0041936498
  0.0041526742    0.0041116354    0.0040705269    0.0040293728    0.0039881289
  0.0039468151    0.0039054280    0.0038639644    0.0038224114    0.0037807767
  0.0037390339    0.0036972016    0.0036552500    0.0036131881    0.0035710035
  0.0035286743    0.0034862255    0.0034436283    0.0034008783    0.0033579177
  0.0033148015    0.0032714703    0.0032279333    0.0031841626    0.0031401162
  0.0030958187    0.0030512267    0.0030062865    0.0029610046    0.0029153189
  0.0028692173    0.0028226411    0.0027755504    0.0027278812    0.0026795845
  0.0026305937    0.0025808027    0.0025301514    0.0024785074    0.0024257747
  0.0023717756    0.0023163777    0.0022593327    0.0022004325    0.0021393711
  0.0020757962    0.0020092599    0.0019392147    0.0018649858    0.0017856572
  0.0017001464    0.0016070801    0.0015047892    0.0013915513    0.0012660367
  0.0011359878    0.0011343610    0.0011327351    0.0011311043    0.0011294688
  0.0011278347    0.0011261959    0.0011245524    0.0011229042    0.0011212514
  0.0011195940    0.0011179319    0.0011162714    0.0011146001    0.0011129305
  0.0011112503    0.0011095716    0.0011078886    0.0011062011    0.0011045092
  0.0011028128    0.0011011181    0.0010994073    0.0010977041    0.0010959906
  0.0010942730    0.0010925512    0.0010908253    0.0010891012    0.0010873670
  0.0078188262    0.0078165513    0.0078097984    0.0077988217    0.0077840212
  0.0077658438    0.0077447519    0.0077211562    0.0076954544    0.0076679894
  0.0076390491    0.0076088410    0.0075776005    0.0075454514    0.0075125370
  0.0074789707    0.0074448557    0.0074102402    0.0073752013    0.0073397796
  0.0073040412    0.0072679940    0.0072316899    0.0071951628    0.0071584083
  0.0071214638    0.0070843295    0.0070470639    0.0070096297    0.0069720684
  0.0069343836    0.0068965788    0.0068586592    0.0068206487    0.0067825345
  0.0067443408    0.0067060562    0.0066677053    0.0066292775    0.0065907624
  0.0065521858    0.0065135551    0.0064748609    0.0064361122    0.0063972839
  0.0063584177    0.0063195060    0.0062805417    0.0062415344    0.0062024765
  0.0061633778    0.0061242329    0.0060850358    0.0060458127    0.0060065425
  0.0059672364    0.0059278894    0.0058885126    0.0058490882    0.0058096401
  0.0057701531    0.0057306369    0.0056910903    0.0056515102    0.0056118824
  0.0055722457    0.0055325586    0.0054928340    0.0054530977    0.0054133252
  0.0053735146    0.0053336815    0.0052938130    0.0052539118    0.0052139921
  0.0051740310    0.0051340334    0.0050940116    0.0050539486    0.0050138703
  0.0049737466    0.0049335838    0.0048934084    0.0048531727    0.0048129144
  0.0047726192    0.0047322853    0.0046919084    0.0046514985    0.0046110534
  0.0045705545    0.0045300286    0.0044894404    0.0044488195    0.0044081407
  0.0043674074    0.0043266244    0.0042857857    0.0042448989    0.0042039518
  0.0041629451    0.0041218604    0.0040807241    0.0040394985    0.0039981947
  0.0039568317    0.0039153637    0.0038738323    0.0038321736    0.0037904404
  0.0037486066    0.0037066291    0.0036645497    0.0036223298    0.0035800045
  0.0035374946    0.0034948538    0.0034520266    0.0034090395    0.0033658445
  0.0033224342    0.0032788111    0.0032349226    0.0031907935    0.0031463535
  0.0031016207    0.0030565521    0.0030110876    0.0029652408    0.0029189430
  0.0028721510    0.0028248256    0.0027769214    0.0027283467    0.0026790598
  0.0026289484    0.0025779470    0.0025259398    0.0024727893    0.0024183660
  0.0023624705    0.0023049336    0.0022454753    0.0021838220    0.0021195961
  0.0020523910    0.0019816277    0.0019066222    0.0018265210    0.0017402465
  0.0016464459    0.0015435520    0.0014299126    0.0013043191    0.0011768695
  0.0011752264    0.0011735838    0.0011719360    0.0011702768    0.0011686250
  0.0011669618    0.0011652935    0.0011636266    0.0011619544    0.0011602835
  0.0011586013    0.0011569143    0.0011552284    0.0011535376    0.0011518479
  0.0011501473    0.0011484419    0.0011467377    0.0011450286    0.0011433089
  0.0011415964    0.0011398731    0.0011381451    0.0011364125    0.0011346754
  0.0080056120    0.0080034302    0.0079970178    0.0079865668    0.0079724285
  0.0079550049    0.0079346852    0.0079118707    0.0078869641    0.0078602588
  0.0078320342    0.0078025069    0.0077718962    0.0077403518    0.0077079965
  0.0076749676    0.0076413465    0.0076072032    0.0075725929    0.0075375988
  0.0075022440    0.0074665774    0.0074306301    0.0073944146    0.0073580080
  0.0073213651    0.0072845451    0.0072475479    0.0072103942    0.0071731047
  0.0071356823    0.0070981302    0.0070604529    0.0070226925    0.0069848159
  0.0069468478    0.0069087943    0.0068706421    0.0068324356    0.0067941255
  0.0067557744    0.0067173353    0.0066788336    0.0066402766    0.0066016551
  0.0065629779    0.0065242524    0.0064854867    0.0064466565    0.0064077870
  0.0063688544    0.0063298843    0.0062908701    0.0062518362    0.0062127293
  0.0061736065    0.0061344314    0.0060952280    0.0060559775    0.0060167057
  0.0059773912    0.0059380319    0.0058986385    0.0058592220    0.0058197926
  0.0057802917    0.0057407867    0.0057012343    0.0056616734    0.0056220754
  0.0055824258    0.0055427642    0.0055030638    0.0054633500    0.0054235977
  0.0053837955    0.0053439942    0.0053041455    0.0052642637    0.0052243521
  0.0051844126    0.0051444479    0.0051044497    0.0050643997    0.0050243253
  0.0049842298    0.0049440868    0.0049039234    0.0048637026    0.0048234528
  0.0047831801    0.0047428617    0.0047024953    0.0046620810    0.0046216266
  0.0045811235    0.0045405920    0.0044999933    0.0044593513    0.0044186580
  0.0043779099    0.0043371180    0.0042962616    0.0042553400    0.0042143511
  0.0041732870    0.0041321555    0.0040909501    0.0040496831    0.0040083173
  0.0039668522    0.0039253151    0.0038836558    0.0038419113    0.0038000489
  0.0037580669    0.0037159575    0.0036737214    0.0036313211    0.0035887944
  0.0035461022    0.0035032212    0.0034601591    0.0034168820    0.0033733974
  0.0033296633    0.0032856844    0.0032414253    0.0031968767    0.0031519904
  0.0031067626    0.0030611443    0.0030150976    0.0029685993    0.0029215967
  0.0028740410    0.0028258485    0.0027770200    0.0027274129    0.0026769943
  0.0026256392    0.0025732448    0.0025196823    0.0024648244    0.0024084484
  0.0023503934    0.0022903880    0.0022281458    0.0021632935    0.0020953887
  0.0020239308    0.0019481700    0.0018673014    0.0017802693    0.0016857741
  0.0015823019    0.0014682275    0.0013425683    0.0012181427    0.0012164797
  0.0012148107    0.0012131425    0.0012114688    0.0012097960    0.0012081177
  0.0012064339    0.0012047447    0.0012030563    0.0012013563    0.0011996573
  0.0011979591    0.0011962492    0.0011945404    0.0011928263    0.0011911067
  0.0011893821    0.0011876584    0.0011859295    0.0011841955    0.0011824563
  0.0081918482    0.0081898017    0.0081836832    0.0081737137    0.0081601880
  0.0081434549    0.0081238963    0.0081018760    0.0080777293    0.0080517462
  0.0080242445    0.0079954030    0.0079654251    0.0079344881    0.0079027168
  0.0078702048    0.0078370801    0.0078034123    0.0077692562    0.0077346735
  0.0076997301    0.0076644527    0.0076288503    0.0075929986    0.0075569115
  0.0075205842    0.0074840763    0.0074473650    0.0074105118    0.0073734966
  0.0073363220    0.0072990296    0.0072616034    0.0072240862    0.0071864426
  0.0071486979    0.0071108759    0.0070729439    0.0070349458    0.0069968685
  0.0069587004    0.0069204849    0.0068821740    0.0068438290    0.0068054041
  0.0067669061    0.0067283782    0.0066897929    0.0066511416    0.0066124495
  0.0065737080    0.0065349086    0.0064960773    0.0064572050    0.0064182851
  0.0063793269    0.0063403237    0.0063012839    0.0062622177    0.0062231043
  0.0061839522    0.0061447721    0.0061055435    0.0060663076    0.0060270288
  0.0059876900    0.0059483441    0.0059089747    0.0058695634    0.0058301356
  0.0057906471    0.0057511644    0.0057116311    0.0056720604    0.0056324896
  0.0055928664    0.0055532150    0.0055135372    0.0054738308    0.0054340985
  0.0053943278    0.0053545322    0.0053147024    0.0052748520    0.0052349473
  0.0051950271    0.0051550827    0.0051151069    0.0050750692    0.0050350199
  0.0049949305    0.0049548162    0.0049146421    0.0048744364    0.0048341934
  0.0047939310    0.0047536076    0.0047132408    0.0046728205    0.0046323662
  0.0045918771    0.0045513175    0.0045107085    0.0044700438    0.0044293431
  0.0043885509    0.0043477139    0.0043068225    0.0042658388    0.0042248068
  0.0041836917    0.0041424949    0.0041012279    0.0040598543    0.0040183944
  0.0039768551    0.0039351898    0.0038934355    0.0038515390    0.0038095394
  0.0037673940    0.0037251287    0.0036826937    0.0036400980    0.0035973426
  0.0035543956    0.0035112559    0.0034679168    0.0034243322    0.0033805138
  0.0033364071    0.0032920289    0.0032473529    0.0032023311    0.0031569180
  0.0031111270    0.0030648931    0.0030181791    0.0029709505    0.0029231554
  0.0028747167    0.0028255961    0.0027756802    0.0027249242    0.0026732124
  0.0026204264    0.0025664676    0.0025111427    0.0024543087    0.0023957357
  0.0023351754    0.0022723484    0.0022068531    0.0021383117    0.0020661257
  0.0019896489    0.0019080369    0.0018202189    0.0017250543    0.0016209757
  0.0015065916    0.0013808316    0.0012597920    0.0012581055    0.0012564257
  0.0012547333    0.0012530417    0.0012513441    0.0012496472    0.0012479445
  0.0012462359    0.0012445280    0.0012428078    0.0012410949    0.0012393761
  0.0012376452    0.0012359214    0.0012341855    0.0012324502    0.0012307094
  0.0083776036    0.0083756341    0.0083698058    0.0083602896    0.0083473408
  0.0083312729    0.0083124316    0.0082911395    0.0082677583    0.0082425242
  0.0082156989    0.0081875431    0.0081582194    0.0081278866    0.0080966726
  0.0080647194    0.0080320871    0.0079988915    0.0079652103    0.0079310593
  0.0078965053    0.0078616183    0.0078264062    0.0077909017    0.0077551393
  0.0077191348    0.0076829477    0.0076465328    0.0076099523    0.0075732056
  0.0075363146    0.0074993012    0.0074621268    0.0074248351    0.0073874300
  0.0073499352    0.0073123353    0.0072746351    0.0072368406    0.0071989761
  0.0071610284    0.0071230036    0.0070849082    0.0070467303    0.0070085127
  0.0069702267    0.0069318615    0.0068934775    0.0068550111    0.0068164878
  0.0067779327    0.0067393192    0.0067006563    0.0066619674    0.0066231948
  0.0065844138    0.0065455829    0.0065067103    0.0064678063    0.0064288623
  0.0063898728    0.0063508627    0.0063118093    0.0062727223    0.0062336122
  0.0061944578    0.0061552555    0.0061160579    0.0060767893    0.0060375163
  0.0059982083    0.0059588743    0.0059194976    0.0058801034    0.0058406883
  0.0058012244    0.0057617360    0.0057222208    0.0056826783    0.0056431081
  0.0056035210    0.0055638924    0.0055242350    0.0054845486    0.0054448214
  0.0054050926    0.0053653029    0.0053254902    0.0052856680    0.0052457930
  0.0052058793    0.0051659317    0.0051259647    0.0050859716    0.0050459135
  0.0050058489    0.0049657106    0.0049255574    0.0048853732    0.0048451250
  0.0048048431    0.0047645219    0.0047241435    0.0046837451    0.0046432700
  0.0046027377    0.0045621594    0.0045215376    0.0044808297    0.0044400937
  0.0043992735    0.0043583897    0.0043174271    0.0042764056    0.0042353032
  0.0041941268    0.0041528323    0.0041114763    0.0040700036    0.0040284397
  0.0039867703    0.0039450033    0.0039030745    0.0038610507    0.0038188693
  0.0037765497    0.0037340858    0.0036914411    0.0036486085    0.0036055952
  0.0035623789    0.0035189332    0.0034752601    0.0034313227    0.0033870942
  0.0033426048    0.0032977576    0.0032525845    0.0032070294    0.0031610532
  0.0031146234    0.0030677026    0.0030202362    0.0029721860    0.0029234873
  0.0028740696    0.0028238548    0.0027727578    0.0027206761    0.0026675043
  0.0026131182    0.0025573439    0.0025000462    0.0024409545    0.0023798327
  0.0023164140    0.0022503106    0.0021810935    0.0021082040    0.0020310119
  0.0019486685    0.0018601752    0.0017643140    0.0016597187    0.0015449582
  0.0014191109    0.0013018097    0.0013001089    0.0012984011    0.0012967006
  0.0012949869    0.0012932672    0.0012915545    0.0012898288    0.0012881037
  0.0012863723    0.0012846415    0.0012829111    0.0012811680    0.0012794187
  0.0085628116    0.0085609592    0.0085553870    0.0085462880    0.0085338970
  0.0085184608    0.0085003089    0.0084797437    0.0084570779    0.0084325419
  0.0084064371    0.0083789370    0.0083502608    0.0083205237    0.0082899052
  0.0082584785    0.0082263754    0.0081936895    0.0081604290    0.0081267254
  0.0080925988    0.0080580973    0.0080232499    0.0079881115    0.0079526942
  0.0079170348    0.0078811495    0.0078450561    0.0078087742    0.0077723029
  0.0077356842    0.0076989194    0.0076620098    0.0076249781    0.0075878077
  0.0075505423    0.0075131649    0.0074757011    0.0074381343    0.0074004707
  0.0073627348    0.0073249126    0.0072870291    0.0072490710    0.0072110263
  0.0071729196    0.0071347584    0.0070965493    0.0070582617    0.0070199396
  0.0069815541    0.0069431129    0.0069046237    0.0068660939    0.0068275312
  0.0067889089    0.0067502531    0.0067115371    0.0066727869    0.0066340107
  0.0065951830    0.0065563312    0.0065174455    0.0064785202    0.0064395643
  0.0064005710    0.0063615497    0.0063224787    0.0062833837    0.0062442750
  0.0062051306    0.0061659468    0.0061267344    0.0060874888    0.0060482199
  0.0060089248    0.0059696004    0.0059302430    0.0058908649    0.0058514484
  0.0058120062    0.0057725505    0.0057330513    0.0056935235    0.0056539771
  0.0056144001    0.0055747915    0.0055351651    0.0054954845    0.0054557994
  0.0054160622    0.0053763007    0.0053365036    0.0052966850    0.0052568268
  0.0052169415    0.0051770114    0.0051370526    0.0050970572    0.0050570210
  0.0050169273    0.0049768156    0.0049366695    0.0048964753    0.0048562120
  0.0048159272    0.0047755885    0.0047352054    0.0046947603    0.0046542802
  0.0046137304    0.0045731136    0.0045324496    0.0044917160    0.0044509333
  0.0044100476    0.0043690995    0.0043280870    0.0042869848    0.0042458093
  0.0042045220    0.0041631424    0.0041216724    0.0040800961    0.0040383962
  0.0039965869    0.0039546562    0.0039125774    0.0038703631    0.0038280025
  0.0037854729    0.0037427479    0.0036998713    0.0036567668    0.0036134731
  0.0035699386    0.0035261425    0.0034821018    0.0034377612    0.0033931168
  0.0033481471    0.0033028041    0.0032570749    0.0032109039    0.0031642736
  0.0031171380    0.0030694463    0.0030211314    0.0029721528    0.0029224381
  0.0028719102    0.0028204630    0.0027680301    0.0027144724    0.0026596579
  0.0026034418    0.0025456452    0.0024860415    0.0024243792    0.0023603677
  0.0022936516    0.0022237797    0.0021502166    0.0020723101    0.0019892565
  0.0019000414    0.0018035611    0.0016984027    0.0015832888    0.0014573551
  0.0013441957    0.0013424764    0.0013407567    0.0013390235    0.0013372974
  0.0013355645    0.0013338253    0.0013320861    0.0013303403    0.0013285948
  0.0087475714    0.0087457717    0.0087404684    0.0087317688    0.0087198830
  0.0087050362    0.0086875379    0.0086676670    0.0086457092    0.0086218877
  0.0085964693    0.0085696383    0.0085415724    0.0085124661    0.0084824051
  0.0084515377    0.0084199735    0.0083877360    0.0083549755    0.0083217062
  0.0082879951    0.0082538902    0.0082194429    0.0081846619    0.0081496048
  0.0081142622    0.0080786955    0.0080429220    0.0080069378    0.0079707634
  0.0079344194    0.0078979058    0.0078612672    0.0078244827    0.0077875763
  0.0077505509    0.0077133889    0.0076761556    0.0076388146    0.0076013697
  0.0075638470    0.0075262303    0.0074885455    0.0074507785    0.0074129343
  0.0073750394    0.0073370604    0.0072990235    0.0072609348    0.0072227819
  0.0071845908    0.0071463129    0.0071080105    0.0070696538    0.0070312502
  0.0069927905    0.0069542983    0.0069157652    0.0068771812    0.0068385712
  0.0067999092    0.0067612202    0.0067224802    0.0066837124    0.0066449102
  0.0066060664    0.0065672044    0.0065283018    0.0064893678    0.0064503968
  0.0064113961    0.0063723765    0.0063333170    0.0062942417    0.0062551165
  0.0062159796    0.0061768133    0.0061376122    0.0060983876    0.0060591214
  0.0060198526    0.0059805356    0.0059412099    0.0059018317    0.0058624390
  0.0058230309    0.0057835788    0.0057440958    0.0057046047    0.0056650691
  0.0056255005    0.0055859112    0.0055462897    0.0055066497    0.0054669681
  0.0054272579    0.0053875093    0.0053477156    0.0053079116    0.0052680786
  0.0052281854    0.0051882718    0.0051483184    0.0051083204    0.0050682836
  0.0050282116    0.0049880829    0.0049479221    0.0049077159    0.0048674452
  0.0048271456    0.0047867961    0.0047463698    0.0047059224    0.0046653895
  0.0046248009    0.0045841605    0.0045434339    0.0045026362    0.0044617959
  0.0044208522    0.0043798445    0.0043387395    0.0042975365    0.0042562609
  0.0042148758    0.0041733838    0.0041318049    0.0040900635    0.0040482378
  0.0040062506    0.0039641453    0.0039218908    0.0038794598    0.0038368698
  0.0037940913    0.0037511271    0.0037079439    0.0036645506    0.0036209113
  0.0035770248    0.0035328596    0.0034883954    0.0034436055    0.0033984790
  0.0033529712    0.0033070486    0.0032607051    0.0032138543    0.0031664979
  0.0031185468    0.0030699952    0.0030207358    0.0029707003    0.0029198540
  0.0028680824    0.0028152721    0.0027613251    0.0027060932    0.0026494369
  0.0025911343    0.0025310272    0.0024688138    0.0024042166    0.0023368946
  0.0022663635    0.0021921080    0.0021135194    0.0020297376    0.0019398568
  0.0018427334    0.0017370942    0.0016216717    0.0014956352    0.0013869447
  0.0013852024    0.0013834594    0.0013817236    0.0013799665    0.0013782166
  0.0089318409    0.0089301320    0.0089250541    0.0089167302    0.0089053144
  0.0088910326    0.0088741702    0.0088549794    0.0088336903    0.0088105444
  0.0087857978    0.0087596197    0.0087321962    0.0087037029    0.0086742290
  0.0086439015    0.0086128330    0.0085811196    0.0085488168    0.0085160107
  0.0084827204    0.0084490419    0.0084149793    0.0083805639    0.0083458536
  0.0083108610    0.0082756251    0.0082401392    0.0082044674    0.0081685838
  0.0081325317    0.0080962880    0.0080599188    0.0080233817    0.0079867216
  0.0079499401    0.0079130400    0.0078760038    0.0078388977    0.0078016633
  0.0077643668    0.0077269714    0.0076894617    0.0076519043    0.0076142629
  0.0075765639    0.0075387731    0.0075009359    0.0074630190    0.0074250670
  0.0073870298    0.0073489505    0.0073108181    0.0072726208    0.0072344015
  0.0071961124    0.0071577798    0.0071194098    0.0070809926    0.0070425350
  0.0070040451    0.0069654962    0.0069269298    0.0068883195    0.0068496741
  0.0068109838    0.0067722748    0.0067335223    0.0066947504    0.0066559192
  0.0066170704    0.0065782121    0.0065392905    0.0065003766    0.0064614175
  0.0064224081    0.0063834036    0.0063443370    0.0063052785    0.0062661792
  0.0062270345    0.0061878690    0.0061487063    0.0061094862    0.0060702489
  0.0060309766    0.0059916927    0.0059523829    0.0059130300    0.0058736475
  0.0058342449    0.0057948347    0.0057553763    0.0057158845    0.0056763698
  0.0056368082    0.0055972609    0.0055576548    0.0055180058    0.0054783377
  0.0054386399    0.0053989047    0.0053591342    0.0053193312    0.0052794884
  0.0052396103    0.0051997090    0.0051597599    0.0051197577    0.0050797159
  0.0050396137    0.0049994950    0.0049593071    0.0049190892    0.0048788066
  0.0048384810    0.0047981001    0.0047576550    0.0047171468    0.0046765683
  0.0046359389    0.0045952191    0.0045544537    0.0045136056    0.0044726721
  0.0044316577    0.0043905546    0.0043493533    0.0043080541    0.0042666370
  0.0042251499    0.0041835055    0.0041417754    0.0040998855    0.0040578874
  0.0040157174    0.0039734135    0.0039309251    0.0038882653    0.0038454102
  0.0038023661    0.0037591056    0.0037156115    0.0036718725    0.0036278581
  0.0035835664    0.0035389752    0.0034940460    0.0034487513    0.0034030688
  0.0033569656    0.0033104171    0.0032633601    0.0032157724    0.0031675865
  0.0031187559    0.0030692211    0.0030188969    0.0029677311    0.0029155924
  0.0028624078    0.0028080560    0.0027523949    0.0026952683    0.0026365286
  0.0025758706    0.0025131225    0.0024479611    0.0023800009    0.0023088438
  0.0022339371    0.0021546505    0.0020701944    0.0019796771    0.0018818946
  0.0017757556    0.0016600216    0.0015339361    0.0014300449    0.0014282890
  0.0091156406    0.0091140070    0.0091091600    0.0091011551    0.0090901941
  0.0090764730    0.0090602223    0.0090416646    0.0090210243    0.0089985606
  0.0089744654    0.0089489448    0.0089221416    0.0088942383    0.0088653279
  0.0088355662    0.0088050422    0.0087738292    0.0087420082    0.0087096419
  0.0086767978    0.0086434999    0.0086098483    0.0085758017    0.0085414659
  0.0085068059    0.0084719070    0.0084367617    0.0084013653    0.0083657834
  0.0083300124    0.0082940740    0.0082579450    0.0082216931    0.0081852740
  0.0081487336    0.0081120743    0.0080752773    0.0080383879    0.0080013885
  0.0079643040    0.0079270963    0.0078898328    0.0078524758    0.0078150308
  0.0077775234    0.0077399380    0.0077022800    0.0076645560    0.0076267516
  0.0075889113    0.0075510028    0.0075130522    0.0074750450    0.0074369699
  0.0073988520    0.0073606980    0.0073224957    0.0072842346    0.0072459391
  0.0072075989    0.0071692206    0.0071308122    0.0070923457    0.0070538460
  0.0070153209    0.0069767779    0.0069381733    0.0068995331    0.0068608817
  0.0068221615    0.0067834450    0.0067446928    0.0067059132    0.0066670837
  0.0066282434    0.0065893700    0.0065504730    0.0065115456    0.0064725826
  0.0064336073    0.0063945998    0.0063555696    0.0063164979    0.0062774217
  0.0062382955    0.0061991579    0.0061599889    0.0061207877    0.0060815761
  0.0060423261    0.0060030612    0.0059637649    0.0059244230    0.0058850859
  0.0058456886    0.0058062924    0.0057668461    0.0057273632    0.0056878799
  0.0056483478    0.0056087918    0.0055692004    0.0055295637    0.0054899073
  0.0054502323    0.0054104850    0.0053707249    0.0053309321    0.0052910993
  0.0052512193    0.0052113091    0.0051713303    0.0051313412    0.0050912839
  0.0050511681    0.0050110367    0.0049708210    0.0049305759    0.0048902610
  0.0048498967    0.0048094709    0.0047689780    0.0047284240    0.0046877891
  0.0046471151    0.0046063220    0.0045654801    0.0045245540    0.0044835149
  0.0044424179    0.0044012150    0.0043598965    0.0043184593    0.0042769346
  0.0042352876    0.0041935076    0.0041515939    0.0041095372    0.0040673120
  0.0040249337    0.0039823913    0.0039396577    0.0038967392    0.0038536152
  0.0038102487    0.0037666449    0.0037228010    0.0036786754    0.0036342605
  0.0035895070    0.0035444232    0.0034989563    0.0034531207    0.0034068221
  0.0033600519    0.0033127858    0.0032649753    0.0032165320    0.0031674311
  0.0031176033    0.0030669787    0.0030154591    0.0029629876    0.0029094389
  0.0028546921    0.0027986063    0.0027410145    0.0026817610    0.0026206181
  0.0025573326    0.0024915775    0.0024230299    0.0023512435    0.0022756690
  0.0021957067    0.0021106055    0.0020194173    0.0019210633    0.0018144453
