  0.0000000000    0.0036000000
  0.0000500000    0.0006000000    299    19
  0.0000000268    0.1891413599    0.2444065601    0.2779420048    0.3024722010
  0.3220470160    0.3384833246    0.3527508527    0.3654316932    0.3769023210
  0.3874198526    0.3971674830    0.4062822729    0.4148670584    0.4230035394
  0.4307562500    0.4381762058    0.4453069121    0.4521834522    0.4588369399
  0.4652922660    0.4715708345    0.4776930839    0.4836744100    0.4895309061
  0.4952745885    0.5009174198    0.5064708799    0.5119433910    0.5173446625
  0.5226828486    0.5279650837    0.5331992000    0.5383911520    0.5435478061
  0.5486745805    0.5537779659    0.5588630587    0.5639357060    0.5690007359
  0.5740658194    0.5791337460    0.5842114896    0.5893043071    0.5944185287
  0.5995593041    0.6047339290    0.6099478751    0.6152091891    0.6205251664
  0.6259031028    0.6313540488    0.6368861049    0.6425099462    0.6482383400
  0.6540861458    0.6600660235    0.6661970168    0.6725006372    0.6789966792
  0.6857188314    0.6926991731    0.6999758989    0.7076001853    0.7156365663
  0.7241626650    0.7332837313    0.7431440145    0.7539342195    0.7659393042
  0.7796044618    0.7956443936    0.8153407127    0.8410129398    0.8744979590
  0.8999999732    0.9000000000    0.9000000000    0.9000000000    0.9000000000
  0.9000000000    0.9000000000    0.9000000000    0.9000000000    0.9000000000
  0.9000000000    0.9000000000    0.9000000000    0.9000000000    0.9000000000
  0.9000000000    0.9000000000    0.9000000000    0.9000000000    0.9000000000
  0.9000000000    0.9000000000    0.9000000000    0.9000000000    0.9000000000
  0.9000000000    0.9000000000    0.9000000000    0.9000000000    0.9000000000
  0.9000000000    0.9000000000    0.9000000000    0.9000000000    0.9000000000
  0.9000000000    0.9000000000    0.9000000000    0.9000000000    0.9000000000
  0.9000000000    0.9000000000    0.9000000000    0.9000000000    0.9000000000
  0.9000000000    0.9000000000    0.9000000000    0.9000000000    0.9000000000
  0.9000000000    0.9000000000    0.9000000000    0.9000000000    0.9000000000
  0.9000000000    0.9000000000    0.9000000000    0.9000000000    0.9000000000
  0.9000000000    0.9000000000    0.9000000000    0.9000000000    0.9000000000
  0.9000000000    0.9000000000    0.9000000000    0.9000000000    0.9000000000
  0.9000000000    0.9000000000    0.9000000000    0.9000000000    0.9000000000
  0.9000000000    0.9000000000    0.9000000000    0.9000000000    0.9000000000
  0.9000000000    0.9000000000    0.9000000000    0.9000000000    0.9000000000
  0.9000000000    0.9000000000    0.9000000000    0.9000000000    0.9000000000
  0.9000000000    0.9000000000    0.9000000000    0.9000000000    0.9000000000
  0.9000000000    0.9000000000    0.9000000000    0.9000000000    0.9000000000
  0.9000000000    0.9000000000    0.9000000000    0.9000000000    0.9000000000
  0.9000000000    0.9000000000    0.9000000000    0.9000000000    0.9000000000
  0.9000000000    0.9000000000    0.9000000000    0.9000000000    0.9000000000
  0.9000000000    0.9000000000    0.9000000000    0.9000000000    0.9000000000
  0.9000000000    0.9000000000    0.9000000000    0.9000000000    0.9000000000
  0.9000000000    0.9000000000    0.9000000000    0.9000000000    0.9000000000
  0.9000000000    0.9000000000    0.9000000000    0.9000000000    0.9000000000
  0.9000000000    0.9000000000    0.9000000000    0.9000000000    0.9000000000
  0.9000000000    0.9000000000    0.9000000000    0.9000000000    0.9000000000
  0.9000000000    0.9000000000    0.9000000000    0.9000000000    0.9000000000
  0.9000000000    0.9000000000    0.9000000000    0.9000000000    0.9000000000
  0.9000000000    0.9000000000    0.9000000000    0.9000000000    0.9000000000
  0.9000000000    0.9000000000    0.9000000000    0.9000000000    0.9000000000
  0.9000000000    0.9000000000    0.9000000000    0.9000000000    0.9000000000
  0.9000000000    0.9000000000    0.9000000000    0.9000000000    0.9000000000
  0.9000000000    0.9000000000    0.9000000000    0.9000000000    0.9000000000
  0.9000000000    0.9000000000    0.9000000000    0.9000000000    0.9000000000
  0.9000000000    0.9000000000    0.9000000000    0.9000000000    0.9000000000
  0.9000000000    0.9000000000    0.9000000000    0.9000000000    0.9000000000
  0.9000000000    0.9000000000    0.9000000000    0.9000000000    0.9000000000
  0.9000000000    0.9000000000    0.9000000000    0.9000000000    0.9000000000
  0.9000000000    0.9000000000    0.9000000000    0.9000000000    0.9000000000
  0.9000000000    0.9000000000    0.9000000000    0.9000000000    0.9000000000
  0.9000000000    0.9000000000    0.9000000000    0.9000000000    0.9000000000
  0.9000000000    0.9000000000    0.9000000000    0.9000000000    0.9000000000
  0.0000000268    0.1614853710    0.2174355000    0.2515029877    0.2763773650
  0.2961753398    0.3127503723    0.3270972401    0.3398121446    0.3512803048
  0.3617651135    0.3714564711    0.3804922432    0.3889799327    0.3970017225
  0.4046234876    0.4118982822    0.4188703090    0.4255751342    0.4320443004
  0.4383018941    0.4443721086    0.4502724320    0.4560204059    0.4616315335
  0.4671174556    0.4724899739    0.4777601391    0.4829368025    0.4880290300
  0.4930429369    0.4979876429    0.5028679758    0.5076902658    0.5124604136
  0.5171837837    0.5218649894    0.5265086442    0.5311187178    0.5356997162
  0.5402559847    0.5447911173    0.5493084937    0.5538121909    0.5583061785
  0.5627931923    0.5672768265    0.5717613727    0.5762501031    0.5807456464
  0.5852522403    0.5897741765    0.5943153709    0.5988778621    0.6034680873
  0.6080896407    0.6127471894    0.6174444348    0.6221892625    0.6269850522
  0.6318379730    0.6367556423    0.6417438537    0.6468123168    0.6519699365
  0.6572245449    0.6625884801    0.6680720955    0.6736937374    0.6794662267
  0.6854084462    0.6915432483    0.6978966504    0.7044974059    0.7113862306
  0.7186053962    0.7262104243    0.7342764169    0.7428894728    0.7521768898
  0.7623038918    0.7735057622    0.7861364990    0.8007504612    0.8182592243
  0.8401280254    0.8676022679    0.8972434133    0.8999999732    0.9000000000
  0.9000000000    0.9000000000    0.9000000000    0.9000000000    0.9000000000
  0.9000000000    0.9000000000    0.9000000000    0.9000000000    0.9000000000
  0.9000000000    0.9000000000    0.9000000000    0.9000000000    0.9000000000
  0.9000000000    0.9000000000    0.9000000000    0.9000000000    0.9000000000
  0.9000000000    0.9000000000    0.9000000000    0.9000000000    0.9000000000
  0.9000000000    0.9000000000    0.9000000000    0.9000000000    0.9000000000
  0.9000000000    0.9000000000    0.9000000000    0.9000000000    0.9000000000
  0.9000000000    0.9000000000    0.9000000000    0.9000000000    0.9000000000
  0.9000000000    0.9000000000    0.9000000000    0.9000000000    0.9000000000
  0.9000000000    0.9000000000    0.9000000000    0.9000000000    0.9000000000
  0.9000000000    0.9000000000    0.9000000000    0.9000000000    0.9000000000
  0.9000000000    0.9000000000    0.9000000000    0.9000000000    0.9000000000
  0.9000000000    0.9000000000    0.9000000000    0.9000000000    0.9000000000
  0.9000000000    0.9000000000    0.9000000000    0.9000000000    0.9000000000
  0.9000000000    0.9000000000    0.9000000000    0.9000000000    0.9000000000
  0.9000000000    0.9000000000    0.9000000000    0.9000000000    0.9000000000
  0.9000000000    0.9000000000    0.9000000000    0.9000000000    0.9000000000
  0.9000000000    0.9000000000    0.9000000000    0.9000000000    0.9000000000
  0.9000000000    0.9000000000    0.9000000000    0.9000000000    0.9000000000
  0.9000000000    0.9000000000    0.9000000000    0.9000000000    0.9000000000
  0.9000000000    0.9000000000    0.9000000000    0.9000000000    0.9000000000
  0.9000000000    0.9000000000    0.9000000000    0.9000000000    0.9000000000
  0.9000000000    0.9000000000    0.9000000000    0.9000000000    0.9000000000
  0.9000000000    0.9000000000    0.9000000000    0.9000000000    0.9000000000
  0.9000000000    0.9000000000    0.9000000000    0.9000000000    0.9000000000
  0.9000000000    0.9000000000    0.9000000000    0.9000000000    0.9000000000
  0.9000000000    0.9000000000    0.9000000000    0.9000000000    0.9000000000
  0.9000000000    0.9000000000    0.9000000000    0.9000000000    0.9000000000
  0.9000000000    0.9000000000    0.9000000000    0.9000000000    0.9000000000
  0.9000000000    0.9000000000    0.9000000000    0.9000000000    0.9000000000
  0.9000000000    0.9000000000    0.9000000000    0.9000000000    0.9000000000
  0.9000000000    0.9000000000    0.9000000000    0.9000000000    0.9000000000
  0.9000000000    0.9000000000    0.9000000000    0.9000000000    0.9000000000
  0.9000000000    0.9000000000    0.9000000000    0.9000000000    0.9000000000
  0.9000000000    0.9000000000    0.9000000000    0.9000000000    0.9000000000
  0.9000000000    0.9000000000    0.9000000000    0.9000000000    0.9000000000
  0.9000000000    0.9000000000    0.9000000000    0.9000000000    0.9000000000
  0.9000000000    0.9000000000    0.9000000000    0.9000000000    0.9000000000
  0.9000000000    0.9000000000    0.9000000000    0.9000000000    0.9000000000
  0.9000000000    0.9000000000    0.9000000000    0.9000000000    0.9000000000
  0.9000000000    0.9000000000    0.9000000000    0.9000000000    0.9000000000
  0.9000000000    0.9000000000    0.9000000000    0.9000000000    0.9000000000
  0.0000000268    0.1375400037    0.1935696870    0.2280213743    0.2531874150
  0.2731910616    0.2899069101    0.3043469042    0.3171168476    0.3286097378
  0.3390959412    0.3487670213    0.3577652425    0.3661999315    0.3741552025
  0.3816983789    0.3888833195    0.3957546026    0.4023488134    0.4086976558
  0.4148269325    0.4207593888    0.4265144438    0.4321091026    0.4375577420
  0.4428733975    0.4480688363    0.4531531781    0.4581357032    0.4630257994
  0.4678298503    0.4725551516    0.4772078723    0.4817940742    0.4863189608
  0.4907876283    0.4952039391    0.4995722920    0.5038979977    0.5081827730
  0.5124313384    0.5166465372    0.5208321244    0.5249910504    0.5291256219
  0.5332385212    0.5373337179    0.5414121240    0.5454773873    0.5495320827
  0.5535777658    0.5576181382    0.5616545945    0.5656897098    0.5697260052
  0.5737658411    0.5778116316    0.5818669170    0.5859324485    0.5900117129
  0.5941074997    0.5982225984    0.6023596376    0.6065226406    0.6107126266
  0.6149346381    0.6191918939    0.6234877735    0.6278268903    0.6322129458
  0.6366515726    0.6411472768    0.6457046181    0.6503315359    0.6550332874
  0.6598166853    0.6646917611    0.6696643084    0.6747489184    0.6799550325
  0.6852931112    0.6907830030    0.6964388698    0.7022808820    0.7083340913
  0.7146241397    0.7211884707    0.7280651718    0.7353062779    0.7429744452
  0.7511515349    0.7599437088    0.7694919437    0.7799966007    0.7917455882
  0.8051708490    0.8209320456    0.8400008887    0.8632241517    0.8889244348
  0.8999999732    0.9000000000    0.9000000000    0.9000000000    0.9000000000
  0.9000000000    0.9000000000    0.9000000000    0.9000000000    0.9000000000
  0.9000000000    0.9000000000    0.9000000000    0.9000000000    0.9000000000
  0.9000000000    0.9000000000    0.9000000000    0.9000000000    0.9000000000
  0.9000000000    0.9000000000    0.9000000000    0.9000000000    0.9000000000
  0.9000000000    0.9000000000    0.9000000000    0.9000000000    0.9000000000
  0.9000000000    0.9000000000    0.9000000000    0.9000000000    0.9000000000
  0.9000000000    0.9000000000    0.9000000000    0.9000000000    0.9000000000
  0.9000000000    0.9000000000    0.9000000000    0.9000000000    0.9000000000
  0.9000000000    0.9000000000    0.9000000000    0.9000000000    0.9000000000
  0.9000000000    0.9000000000    0.9000000000    0.9000000000    0.9000000000
  0.9000000000    0.9000000000    0.9000000000    0.9000000000    0.9000000000
  0.9000000000    0.9000000000    0.9000000000    0.9000000000    0.9000000000
  0.9000000000    0.9000000000    0.9000000000    0.9000000000    0.9000000000
  0.9000000000    0.9000000000    0.9000000000    0.9000000000    0.9000000000
  0.9000000000    0.9000000000    0.9000000000    0.9000000000    0.9000000000
  0.9000000000    0.9000000000    0.9000000000    0.9000000000    0.9000000000
  0.9000000000    0.9000000000    0.9000000000    0.9000000000    0.9000000000
  0.9000000000    0.9000000000    0.9000000000    0.9000000000    0.9000000000
  0.9000000000    0.9000000000    0.9000000000    0.9000000000    0.9000000000
  0.9000000000    0.9000000000    0.9000000000    0.9000000000    0.9000000000
  0.9000000000    0.9000000000    0.9000000000    0.9000000000    0.9000000000
  0.9000000000    0.9000000000    0.9000000000    0.9000000000    0.9000000000
  0.9000000000    0.9000000000    0.9000000000    0.9000000000    0.9000000000
  0.9000000000    0.9000000000    0.9000000000    0.9000000000    0.9000000000
  0.9000000000    0.9000000000    0.9000000000    0.9000000000    0.9000000000
  0.9000000000    0.9000000000    0.9000000000    0.9000000000    0.9000000000
  0.9000000000    0.9000000000    0.9000000000    0.9000000000    0.9000000000
  0.9000000000    0.9000000000    0.9000000000    0.9000000000    0.9000000000
  0.9000000000    0.9000000000    0.9000000000    0.9000000000    0.9000000000
  0.9000000000    0.9000000000    0.9000000000    0.9000000000    0.9000000000
  0.9000000000    0.9000000000    0.9000000000    0.9000000000    0.9000000000
  0.9000000000    0.9000000000    0.9000000000    0.9000000000    0.9000000000
  0.9000000000    0.9000000000    0.9000000000    0.9000000000    0.9000000000
  0.9000000000    0.9000000000    0.9000000000    0.9000000000    0.9000000000
  0.9000000000    0.9000000000    0.9000000000    0.9000000000    0.9000000000
  0.9000000000    0.9000000000    0.9000000000    0.9000000000    0.9000000000
  0.9000000000    0.9000000000    0.9000000000    0.9000000000    0.9000000000
  0.9000000000    0.9000000000    0.9000000000    0.9000000000    0.9000000000
  0.9000000000    0.9000000000    0.9000000000    0.9000000000    0.9000000000
  0.0000000268    0.1169086665    0.1722793311    0.2069266051    0.2323120505
  0.2524900943    0.2693357617    0.2838681847    0.2967012674    0.3082331568
  0.3187373310    0.3284093767    0.3373947233    0.3458028048    0.3537207395
  0.3612157971    0.3683436066    0.3751491219    0.3816701621    0.3879384845
  0.3939799994    0.3998183638    0.4054724604    0.4109601527    0.4162967294
  0.4214938849    0.4265651911    0.4315195531    0.4363675922    0.4411161214
  0.4457739383    0.4503469974    0.4548426479    0.4592650741    0.4636207134
  0.4679143399    0.4721494406    0.4763312191    0.4804628938    0.4845480591
  0.4885899872    0.4925923258    0.4965573817    0.5004878372    0.5043871790
  0.5082572848    0.5121003538    0.5159189075    0.5197149307    0.5234917492
  0.5272495776    0.5309910446    0.5347186178    0.5384337455    0.5421377689
  0.5458339602    0.5495224804    0.5532045096    0.5568844467    0.5605618089
  0.5642394930    0.5679183036    0.5716000646    0.5752873510    0.5789813429
  0.5826840252    0.5863960415    0.5901215225    0.5938614875    0.5976171166
  0.6013911456    0.6051860422    0.6090038985    0.6128479332    0.6167178243
  0.6206188828    0.6245533079    0.6285248548    0.6325346500    0.6365875751
  0.6406874925    0.6448369771    0.6490408570    0.6533060521    0.6576345474
  0.6620340675    0.6665096551    0.6710672110    0.6757158011    0.6804648131
  0.6853228837    0.6902997762    0.6954079896    0.7006616861    0.7060758322
  0.7116711348    0.7174703389    0.7234960824    0.7297801226    0.7363603324
  0.7432835966    0.7506039888    0.7583917826    0.7667426795    0.7757832795
  0.7856752127    0.7966581613    0.8090667576    0.8233978003    0.8403331608
  0.8604009122    0.8827839464    0.8999999732    0.9000000000    0.9000000000
  0.9000000000    0.9000000000    0.9000000000    0.9000000000    0.9000000000
  0.9000000000    0.9000000000    0.9000000000    0.9000000000    0.9000000000
  0.9000000000    0.9000000000    0.9000000000    0.9000000000    0.9000000000
  0.9000000000    0.9000000000    0.9000000000    0.9000000000    0.9000000000
  0.9000000000    0.9000000000    0.9000000000    0.9000000000    0.9000000000
  0.9000000000    0.9000000000    0.9000000000    0.9000000000    0.9000000000
  0.9000000000    0.9000000000    0.9000000000    0.9000000000    0.9000000000
  0.9000000000    0.9000000000    0.9000000000    0.9000000000    0.9000000000
  0.9000000000    0.9000000000    0.9000000000    0.9000000000    0.9000000000
  0.9000000000    0.9000000000    0.9000000000    0.9000000000    0.9000000000
  0.9000000000    0.9000000000    0.9000000000    0.9000000000    0.9000000000
  0.9000000000    0.9000000000    0.9000000000    0.9000000000    0.9000000000
  0.9000000000    0.9000000000    0.9000000000    0.9000000000    0.9000000000
  0.9000000000    0.9000000000    0.9000000000    0.9000000000    0.9000000000
  0.9000000000    0.9000000000    0.9000000000    0.9000000000    0.9000000000
  0.9000000000    0.9000000000    0.9000000000    0.9000000000    0.9000000000
  0.9000000000    0.9000000000    0.9000000000    0.9000000000    0.9000000000
  0.9000000000    0.9000000000    0.9000000000    0.9000000000    0.9000000000
  0.9000000000    0.9000000000    0.9000000000    0.9000000000    0.9000000000
  0.9000000000    0.9000000000    0.9000000000    0.9000000000    0.9000000000
  0.9000000000    0.9000000000    0.9000000000    0.9000000000    0.9000000000
  0.9000000000    0.9000000000    0.9000000000    0.9000000000    0.9000000000
  0.9000000000    0.9000000000    0.9000000000    0.9000000000    0.9000000000
  0.9000000000    0.9000000000    0.9000000000    0.9000000000    0.9000000000
  0.9000000000    0.9000000000    0.9000000000    0.9000000000    0.9000000000
  0.9000000000    0.9000000000    0.9000000000    0.9000000000    0.9000000000
  0.9000000000    0.9000000000    0.9000000000    0.9000000000    0.9000000000
  0.9000000000    0.9000000000    0.9000000000    0.9000000000    0.9000000000
  0.9000000000    0.9000000000    0.9000000000    0.9000000000    0.9000000000
  0.9000000000    0.9000000000    0.9000000000    0.9000000000    0.9000000000
  0.9000000000    0.9000000000    0.9000000000    0.9000000000    0.9000000000
  0.9000000000    0.9000000000    0.9000000000    0.9000000000    0.9000000000
  0.9000000000    0.9000000000    0.9000000000    0.9000000000    0.9000000000
  0.9000000000    0.9000000000    0.9000000000    0.9000000000    0.9000000000
  0.9000000000    0.9000000000    0.9000000000    0.9000000000    0.9000000000
  0.9000000000    0.9000000000    0.9000000000    0.9000000000    0.9000000000
  0.9000000000    0.9000000000    0.9000000000    0.9000000000    0.9000000000
  0.0000000268    0.0993237823    0.1532295853    0.1878388256    0.2133504421
  0.2336587876    0.2506138891    0.2652306944    0.2781259507    0.2897012383
  0.3002323419    0.3099166721    0.3189022869    0.3273003370    0.3351979405
  0.3426647812    0.3497567028    0.3565188199    0.3629902393    0.3692026645
  0.3751831323    0.3809550315    0.3865376741    0.3919487089    0.3972036391
  0.4023156613    0.4072967380    0.4121567398    0.4169057518    0.4215520352
  0.4261028856    0.4305653840    0.4349455386    0.4392498404    0.4434825808
  0.4476488024    0.4517531723    0.4557993382    0.4597918063    0.4637332052
  0.4676269144    0.4714767426    0.4752845138    0.4790536076    0.4827865988
  0.4864849895    0.4901515156    0.4937889665    0.4973988980    0.5009827048
  0.5045427471    0.5080802590    0.5115979761    0.5150968641    0.5185785323
  0.5220443219    0.5254961103    0.5289351851    0.5323627800    0.5357800752
  0.5391886264    0.5425904185    0.5459856123    0.5493765682    0.5527636617
  0.5561487168    0.5595326453    0.5629170567    0.5663036674    0.5696923167
  0.5730853647    0.5764840454    0.5798898071    0.5833027035    0.5867264360
  0.5901605755    0.5936078578    0.5970685512    0.6005457669    0.6040384859
  0.6075517505    0.6110845953    0.6146405607    0.6182203442    0.6218269497
  0.6254626304    0.6291281909    0.6328278691    0.6365639716    0.6403376251
  0.6441539794    0.6480143756    0.6519244999    0.6558855861    0.6599018186
  0.6639802247    0.6681215018    0.6723355740    0.6766248018    0.6809961051
  0.6854594082    0.6900186807    0.6946839541    0.6994677812    0.7043776721
  0.7094296664    0.7146387845    0.7200190276    0.7255950719    0.7313860148
  0.7374246866    0.7437409669    0.7503760546    0.7573845595    0.7648265094
  0.7727886468    0.7813699454    0.7907173365    0.8010235101    0.8125589937
  0.8257014424    0.8409243196    0.8585943907    0.8782819659    0.8979305416
  0.8999999732    0.9000000000    0.9000000000    0.9000000000    0.9000000000
  0.9000000000    0.9000000000    0.9000000000    0.9000000000    0.9000000000
  0.9000000000    0.9000000000    0.9000000000    0.9000000000    0.9000000000
  0.9000000000    0.9000000000    0.9000000000    0.9000000000    0.9000000000
  0.9000000000    0.9000000000    0.9000000000    0.9000000000    0.9000000000
  0.9000000000    0.9000000000    0.9000000000    0.9000000000    0.9000000000
  0.9000000000    0.9000000000    0.9000000000    0.9000000000    0.9000000000
  0.9000000000    0.9000000000    0.9000000000    0.9000000000    0.9000000000
  0.9000000000    0.9000000000    0.9000000000    0.9000000000    0.9000000000
  0.9000000000    0.9000000000    0.9000000000    0.9000000000    0.9000000000
  0.9000000000    0.9000000000    0.9000000000    0.9000000000    0.9000000000
  0.9000000000    0.9000000000    0.9000000000    0.9000000000    0.9000000000
  0.9000000000    0.9000000000    0.9000000000    0.9000000000    0.9000000000
  0.9000000000    0.9000000000    0.9000000000    0.9000000000    0.9000000000
  0.9000000000    0.9000000000    0.9000000000    0.9000000000    0.9000000000
  0.9000000000    0.9000000000    0.9000000000    0.9000000000    0.9000000000
  0.9000000000    0.9000000000    0.9000000000    0.9000000000    0.9000000000
  0.9000000000    0.9000000000    0.9000000000    0.9000000000    0.9000000000
  0.9000000000    0.9000000000    0.9000000000    0.9000000000    0.9000000000
  0.9000000000    0.9000000000    0.9000000000    0.9000000000    0.9000000000
  0.9000000000    0.9000000000    0.9000000000    0.9000000000    0.9000000000
  0.9000000000    0.9000000000    0.9000000000    0.9000000000    0.9000000000
  0.9000000000    0.9000000000    0.9000000000    0.9000000000    0.9000000000
  0.9000000000    0.9000000000    0.9000000000    0.9000000000    0.9000000000
  0.9000000000    0.9000000000    0.9000000000    0.9000000000    0.9000000000
  0.9000000000    0.9000000000    0.9000000000    0.9000000000    0.9000000000
  0.9000000000    0.9000000000    0.9000000000    0.9000000000    0.9000000000
  0.9000000000    0.9000000000    0.9000000000    0.9000000000    0.9000000000
  0.9000000000    0.9000000000    0.9000000000    0.9000000000    0.9000000000
  0.9000000000    0.9000000000    0.9000000000    0.9000000000    0.9000000000
  0.9000000000    0.9000000000    0.9000000000    0.9000000000    0.9000000000
  0.9000000000    0.9000000000    0.9000000000    0.9000000000    0.9000000000
  0.9000000000    0.9000000000    0.9000000000    0.9000000000    0.9000000000
  0.9000000000    0.9000000000    0.9000000000    0.9000000000    0.9000000000
  0.9000000000    0.9000000000    0.9000000000    0.9000000000    0.9000000000
  0.0000000268    0.0845267326    0.1362003475    0.1705005974    0.1960238010
  0.2164072484    0.2334414750    0.2481272668    0.2610775083    0.2726942092
  0.2832539588    0.2929563135    0.3019500285    0.3103475422    0.3182361871
  0.3256867200    0.3327562183    0.3394904405    0.3459278494    0.3521013290
  0.3580380768    0.3637614816    0.3692916065    0.3746464223    0.3798417538
  0.3848897249    0.3898033172    0.3945928305    0.3992676526    0.4038366884
  0.4083072871    0.4126862079    0.4169801027    0.4211944431    0.4253342718
  0.4294047385    0.4334104568    0.4373547524    0.4412422925    0.4450756520
  0.4488584250    0.4525943667    0.4562844425    0.4599331051    0.4635420710
  0.4671138614    0.4706503004    0.4741536945    0.4776257604    0.4810689121
  0.4844841689    0.4878737837    0.4912385613    0.4945811301    0.4979026169
  0.5012040406    0.5044862598    0.5077517420    0.5110008091    0.5142357141
  0.5174566180    0.5206642717    0.5238617331    0.5270481437    0.5302254885
  0.5333946794    0.5365563065    0.5397121936    0.5428627163    0.5460087866
  0.5491515845    0.5522929341    0.5554325670    0.5585716635    0.5617114574
  0.5648525387    0.5679968923    0.5711442500    0.5742961138    0.5774543613
  0.5806185633    0.5837902218    0.5869710535    0.5901614875    0.5933633476
  0.5965773851    0.5998039752    0.6030461222    0.6063031286    0.6095784277
  0.6128716975    0.6161849231    0.6195208400    0.6228787512    0.6262624651
  0.6296725184    0.6331106275    0.6365800112    0.6400819570    0.6436190933
  0.6471925467    0.6508069307    0.6544640154    0.6581677705    0.6619198591
  0.6657228023    0.6695836812    0.6735039443    0.6774899215    0.6815467626
  0.6856764525    0.6898907930    0.6941908568    0.6985875338    0.7030881196
  0.7077027529    0.7124412507    0.7173149318    0.7223394603    0.7275305003
  0.7329069883    0.7384902745    0.7443039626    0.7503807753    0.7567598194
  0.7634863168    0.7706144482    0.7782170087    0.7863848716    0.7952419013
  0.8049510151    0.8157264143    0.8278541297    0.8416811854    0.8574703306
  0.8749660045    0.8928254396    0.8999999732    0.9000000000    0.9000000000
  0.9000000000    0.9000000000    0.9000000000    0.9000000000    0.9000000000
  0.9000000000    0.9000000000    0.9000000000    0.9000000000    0.9000000000
  0.9000000000    0.9000000000    0.9000000000    0.9000000000    0.9000000000
  0.9000000000    0.9000000000    0.9000000000    0.9000000000    0.9000000000
  0.9000000000    0.9000000000    0.9000000000    0.9000000000    0.9000000000
  0.9000000000    0.9000000000    0.9000000000    0.9000000000    0.9000000000
  0.9000000000    0.9000000000    0.9000000000    0.9000000000    0.9000000000
  0.9000000000    0.9000000000    0.9000000000    0.9000000000    0.9000000000
  0.9000000000    0.9000000000    0.9000000000    0.9000000000    0.9000000000
  0.9000000000    0.9000000000    0.9000000000    0.9000000000    0.9000000000
  0.9000000000    0.9000000000    0.9000000000    0.9000000000    0.9000000000
  0.9000000000    0.9000000000    0.9000000000    0.9000000000    0.9000000000
  0.9000000000    0.9000000000    0.9000000000    0.9000000000    0.9000000000
  0.9000000000    0.9000000000    0.9000000000    0.9000000000    0.9000000000
  0.9000000000    0.9000000000    0.9000000000    0.9000000000    0.9000000000
  0.9000000000    0.9000000000    0.9000000000    0.9000000000    0.9000000000
  0.9000000000    0.9000000000    0.9000000000    0.9000000000    0.9000000000
  0.9000000000    0.9000000000    0.9000000000    0.9000000000    0.9000000000
  0.9000000000    0.9000000000    0.9000000000    0.9000000000    0.9000000000
  0.9000000000    0.9000000000    0.9000000000    0.9000000000    0.9000000000
  0.9000000000    0.9000000000    0.9000000000    0.9000000000    0.9000000000
  0.9000000000    0.9000000000    0.9000000000    0.9000000000    0.9000000000
  0.9000000000    0.9000000000    0.9000000000    0.9000000000    0.9000000000
  0.9000000000    0.9000000000    0.9000000000    0.9000000000    0.9000000000
  0.9000000000    0.9000000000    0.9000000000    0.9000000000    0.9000000000
  0.9000000000    0.9000000000    0.9000000000    0.9000000000    0.9000000000
  0.9000000000    0.9000000000    0.9000000000    0.9000000000    0.9000000000
  0.9000000000    0.9000000000    0.9000000000    0.9000000000    0.9000000000
  0.9000000000    0.9000000000    0.9000000000    0.9000000000    0.9000000000
  0.9000000000    0.9000000000    0.9000000000    0.9000000000    0.9000000000
  0.9000000000    0.9000000000    0.9000000000    0.9000000000    0.9000000000
  0.9000000000    0.9000000000    0.9000000000    0.9000000000    0.9000000000
  0.0000000268    0.0722149104    0.1210361034    0.1547321588    0.1801336974
  0.2005234212    0.2175984174    0.2323313087    0.2453244656    0.2569760352
  0.2675633043    0.2772849172    0.2862896830    0.2946907371    0.3025773436
  0.3100196689    0.3170753807    0.3237907201    0.3302051693    0.3363507003
  0.3422562271    0.3479441732    0.3534354061    0.3587482184    0.3638980061
  0.3688976437    0.3737597376    0.3784953922    0.3831129223    0.3876224667
  0.3920309991    0.3963453859    0.4005717963    0.4047169358    0.4087848276
  0.4127812117    0.4167103261    0.4205755502    0.4243815511    0.4281310648
  0.4318282753    0.4354753286    0.4390754968    0.4426311404    0.4461445123
  0.4496181875    0.4530541509    0.4564547628    0.4598221689    0.4631569058
  0.4664620310    0.4697384566    0.4729879528    0.4762121826    0.4794118971
  0.4825895637    0.4857447535    0.4888799340    0.4919963926    0.4950950950
  0.4981762022    0.5012415379    0.5042927653    0.5073295087    0.5103533775
  0.5133654445    0.5163662463    0.5193572313    0.5223379701    0.5253113061
  0.5282761663    0.5312339455    0.5341864139    0.5371334642    0.5400757939
  0.5430142075    0.5459499925    0.5488837391    0.5518156618    0.5547470480
  0.5576778978    0.5606098741    0.5635435134    0.5664794594    0.5694181949
  0.5723616511    0.5753089696    0.5782615989    0.5812204510    0.5841872960
  0.5871608466    0.5901445359    0.5931370229    0.5961395949    0.5991547734
  0.6021824509    0.6052233785    0.6082795411    0.6113504022    0.6144382685
  0.6175450712    0.6206702203    0.6238159150    0.6269834965    0.6301736087
  0.6333896309    0.6366315097    0.6399030000    0.6432027608    0.6465333134
  0.6498997003    0.6532992929    0.6567392260    0.6602186948    0.6637409717
  0.6673104554    0.6709277362    0.6745977491    0.6783241957    0.6821108311
  0.6859614640    0.6898800105    0.6938737124    0.6979468077    0.7021083623
  0.7063599318    0.7107139617    0.7151790887    0.7197628766    0.7244770199
  0.7293377191    0.7343566686    0.7395506591    0.7449425966    0.7505542070
  0.7564137071    0.7625558585    0.7690219671    0.7758621901    0.7831398815
  0.7909332544    0.7993498653    0.8085203916    0.8186265260    0.8298867077
  0.8425561219    0.8568188757    0.8725107104    0.8887560457    0.8999999732
  0.9000000000    0.9000000000    0.9000000000    0.9000000000    0.9000000000
  0.9000000000    0.9000000000    0.9000000000    0.9000000000    0.9000000000
  0.9000000000    0.9000000000    0.9000000000    0.9000000000    0.9000000000
  0.9000000000    0.9000000000    0.9000000000    0.9000000000    0.9000000000
  0.9000000000    0.9000000000    0.9000000000    0.9000000000    0.9000000000
  0.9000000000    0.9000000000    0.9000000000    0.9000000000    0.9000000000
  0.9000000000    0.9000000000    0.9000000000    0.9000000000    0.9000000000
  0.9000000000    0.9000000000    0.9000000000    0.9000000000    0.9000000000
  0.9000000000    0.9000000000    0.9000000000    0.9000000000    0.9000000000
  0.9000000000    0.9000000000    0.9000000000    0.9000000000    0.9000000000
  0.9000000000    0.9000000000    0.9000000000    0.9000000000    0.9000000000
  0.9000000000    0.9000000000    0.9000000000    0.9000000000    0.9000000000
  0.9000000000    0.9000000000    0.9000000000    0.9000000000    0.9000000000
  0.9000000000    0.9000000000    0.9000000000    0.9000000000    0.9000000000
  0.9000000000    0.9000000000    0.9000000000    0.9000000000    0.9000000000
  0.9000000000    0.9000000000    0.9000000000    0.9000000000    0.9000000000
  0.9000000000    0.9000000000    0.9000000000    0.9000000000    0.9000000000
  0.9000000000    0.9000000000    0.9000000000    0.9000000000    0.9000000000
  0.9000000000    0.9000000000    0.9000000000    0.9000000000    0.9000000000
  0.9000000000    0.9000000000    0.9000000000    0.9000000000    0.9000000000
  0.9000000000    0.9000000000    0.9000000000    0.9000000000    0.9000000000
  0.9000000000    0.9000000000    0.9000000000    0.9000000000    0.9000000000
  0.9000000000    0.9000000000    0.9000000000    0.9000000000    0.9000000000
  0.9000000000    0.9000000000    0.9000000000    0.9000000000    0.9000000000
  0.9000000000    0.9000000000    0.9000000000    0.9000000000    0.9000000000
  0.9000000000    0.9000000000    0.9000000000    0.9000000000    0.9000000000
  0.9000000000    0.9000000000    0.9000000000    0.9000000000    0.9000000000
  0.9000000000    0.9000000000    0.9000000000    0.9000000000    0.9000000000
  0.9000000000    0.9000000000    0.9000000000    0.9000000000    0.9000000000
  0.9000000000    0.9000000000    0.9000000000    0.9000000000    0.9000000000
  0.0000000268    0.0620482117    0.1076073557    0.1404039592    0.1655363113
  0.1858525425    0.2029235691    0.2176752359    0.2306945175    0.2423707634
  0.2529788464    0.2627170354    0.2717327446    0.2801398069    0.2880274326
  0.2954658955    0.3025132924    0.3092162937    0.3156146497    0.3217406541
  0.3276222557    0.3332839161    0.3387461811    0.3440269142    0.3491410285
  0.3541034371    0.3589256197    0.3636188954    0.3681922227    0.3726547748
  0.3770141155    0.3812778622    0.3854516476    0.3895411581    0.3935521334
  0.3974893481    0.4013576299    0.4051603585    0.4089018255    0.4125853032
  0.4162134200    0.4197906286    0.4233184308    0.4268005282    0.4302385300
  0.4336346358    0.4369913667    0.4403105468    0.4435944289    0.4468452126
  0.4500633270    0.4532507569    0.4564092726    0.4595407516    0.4626463205
  0.4657260329    0.4687830538    0.4718172759    0.4748302013    0.4778231710
  0.4807969898    0.4837519795    0.4866903394    0.4896128207    0.4925189942
  0.4954115421    0.4982894987    0.5011549562    0.5040084511    0.5068513781
  0.5096822888    0.5125045091    0.5153165907    0.5181212693    0.5209169894
  0.5237064868    0.5264891714    0.5292657942    0.5320375890    0.5348043412
  0.5375677139    0.5403274924    0.5430843204    0.5458388418    0.5485922366
  0.5513450950    0.5540966123    0.5568488270    0.5596017927    0.5623565286
  0.5651136786    0.5678727061    0.5706351668    0.5734019727    0.5761726409
  0.5789495319    0.5817307681    0.5845203727    0.5873157173    0.5901193768
  0.5929326385    0.5957540542    0.5985866815    0.6014290720    0.6042836934
  0.6071508676    0.6100313455    0.6129253954    0.6158357531    0.6187613994
  0.6217042655    0.6246661216    0.6276476651    0.6306481451    0.6336713701
  0.6367174476    0.6397872895    0.6428820759    0.6460059911    0.6491572112
  0.6523394376    0.6555532604    0.6588033468    0.6620858878    0.6654101640
  0.6687734395    0.6721800596    0.6756334573    0.6791335255    0.6826873988
  0.6862966329    0.6899646074    0.6936938971    0.6974931926    0.7013650686
  0.7053141385    0.7093473226    0.7134705752    0.7176934987    0.7220209748
  0.7264662534    0.7310349673    0.7357441753    0.7406046599    0.7456347674
  0.7508509666    0.7562757343    0.7619343370    0.7678584784    0.7740862995
  0.7806610912    0.7876371950    0.7950874060    0.8031022221    0.8117891461
  0.8213002056    0.8318018049    0.8434870631    0.8564976007    0.8707065493
  0.8855347663    0.8999190241    0.8999999732    0.9000000000    0.9000000000
  0.9000000000    0.9000000000    0.9000000000    0.9000000000    0.9000000000
  0.9000000000    0.9000000000    0.9000000000    0.9000000000    0.9000000000
  0.9000000000    0.9000000000    0.9000000000    0.9000000000    0.9000000000
  0.9000000000    0.9000000000    0.9000000000    0.9000000000    0.9000000000
  0.9000000000    0.9000000000    0.9000000000    0.9000000000    0.9000000000
  0.9000000000    0.9000000000    0.9000000000    0.9000000000    0.9000000000
  0.9000000000    0.9000000000    0.9000000000    0.9000000000    0.9000000000
  0.9000000000    0.9000000000    0.9000000000    0.9000000000    0.9000000000
  0.9000000000    0.9000000000    0.9000000000    0.9000000000    0.9000000000
  0.9000000000    0.9000000000    0.9000000000    0.9000000000    0.9000000000
  0.9000000000    0.9000000000    0.9000000000    0.9000000000    0.9000000000
  0.9000000000    0.9000000000    0.9000000000    0.9000000000    0.9000000000
  0.9000000000    0.9000000000    0.9000000000    0.9000000000    0.9000000000
  0.9000000000    0.9000000000    0.9000000000    0.9000000000    0.9000000000
  0.9000000000    0.9000000000    0.9000000000    0.9000000000    0.9000000000
  0.9000000000    0.9000000000    0.9000000000    0.9000000000    0.9000000000
  0.9000000000    0.9000000000    0.9000000000    0.9000000000    0.9000000000
  0.9000000000    0.9000000000    0.9000000000    0.9000000000    0.9000000000
  0.9000000000    0.9000000000    0.9000000000    0.9000000000    0.9000000000
  0.9000000000    0.9000000000    0.9000000000    0.9000000000    0.9000000000
  0.9000000000    0.9000000000    0.9000000000    0.9000000000    0.9000000000
  0.9000000000    0.9000000000    0.9000000000    0.9000000000    0.9000000000
  0.9000000000    0.9000000000    0.9000000000    0.9000000000    0.9000000000
  0.9000000000    0.9000000000    0.9000000000    0.9000000000    0.9000000000
  0.9000000000    0.9000000000    0.9000000000    0.9000000000    0.9000000000
  0.9000000000    0.9000000000    0.9000000000    0.9000000000    0.9000000000
  0.9000000000    0.9000000000    0.9000000000    0.9000000000    0.9000000000
  0.0000000268    0.0536774665    0.0957879871    0.1274171859    0.1521252126
  0.1722804576    0.1892937094    0.2040314823    0.2170538217    0.2287415475
  0.2393622905    0.2491107792    0.2581346422    0.2665473372    0.2744358748
  0.2818726212    0.2889146537    0.2956092864    0.3019959480    0.3081071466
  0.3139715821    0.3196132869    0.3250530213    0.3303087562    0.3353956193
  0.3403285772    0.3451193243    0.3497785896    0.3543166727    0.3587416202
  0.3630618006    0.3672841877    0.3714151651    0.3754604191    0.3794257969
  0.3833155900    0.3871340364    0.3908863932    0.3945751816    0.3982049614
  0.4017782539    0.4052985996    0.4087681442    0.4121898383    0.4155666858
  0.4189002424    0.4221930295    0.4254470319    0.4286639661    0.4318454951
  0.4349937111    0.4381095260    0.4411953539    0.4442519456    0.4472811252
  0.4502839118    0.4532608956    0.4562147051    0.4591451794    0.4620538205
  0.4649413794    0.4678097874    0.4706587762    0.4734900087    0.4763037533
  0.4791016191    0.4818837136    0.4846506268    0.4874039143    0.4901436299
  0.4928712219    0.4955866903    0.4982909471    0.5009839922    0.5036675960
  0.5063412219    0.5090066940    0.5116633683    0.5143119961    0.5169544548
  0.5195899397    0.5222193092    0.5248432070    0.5274619013    0.5300760895
  0.5326864690    0.5352932543    0.5378975183    0.5404980272    0.5430973560
  0.5456950754    0.5482918292    0.5508877784    0.5534843713    0.5560798377
  0.5586775571    0.5612761885    0.5638762146    0.5664795667    0.5690844744
  0.5716936737    0.5743071109    0.5769244641    0.5795465380    0.5821742445
  0.5848080128    0.5874482721    0.5900953978    0.5927510530    0.5954134673
  0.5980865031    0.6007682830    0.6034600407    0.6061638147    0.6088772982
  0.6116051048    0.6143449277    0.6170986980    0.6198666841    0.6226503342
  0.6254494876    0.6282667726    0.6311028332    0.6339561135    0.6368309051
  0.6397264034    0.6426448077    0.6455857426    0.6485520512    0.6515445918
  0.6545659930    0.6576151282    0.6606950015    0.6638071150    0.6669551164
  0.6701368600    0.6733575493    0.6766191691    0.6799232215    0.6832734615
  0.6866716594    0.6901217312    0.6936248571    0.6971854895    0.7008106023
  0.7045008928    0.7082610816    0.7120990545    0.7160167962    0.7200234264
  0.7241247922    0.7283278674    0.7326434880    0.7370804518    0.7416508824
  0.7463665813    0.7512434810    0.7562962800    0.7615478307    0.7670213073
  0.7727440149    0.7787473887    0.7850762218    0.7917743415    0.7989120752
  0.8065553516    0.8148057193    0.8237806052    0.8336216837    0.8444615096
  0.8564117163    0.8693907648    0.8829687506    0.8963740557    0.8999999732
  0.9000000000    0.9000000000    0.9000000000    0.9000000000    0.9000000000
  0.9000000000    0.9000000000    0.9000000000    0.9000000000    0.9000000000
  0.9000000000    0.9000000000    0.9000000000    0.9000000000    0.9000000000
  0.9000000000    0.9000000000    0.9000000000    0.9000000000    0.9000000000
  0.9000000000    0.9000000000    0.9000000000    0.9000000000    0.9000000000
  0.9000000000    0.9000000000    0.9000000000    0.9000000000    0.9000000000
  0.9000000000    0.9000000000    0.9000000000    0.9000000000    0.9000000000
  0.9000000000    0.9000000000    0.9000000000    0.9000000000    0.9000000000
  0.9000000000    0.9000000000    0.9000000000    0.9000000000    0.9000000000
  0.9000000000    0.9000000000    0.9000000000    0.9000000000    0.9000000000
  0.9000000000    0.9000000000    0.9000000000    0.9000000000    0.9000000000
  0.9000000000    0.9000000000    0.9000000000    0.9000000000    0.9000000000
  0.9000000000    0.9000000000    0.9000000000    0.9000000000    0.9000000000
  0.9000000000    0.9000000000    0.9000000000    0.9000000000    0.9000000000
  0.9000000000    0.9000000000    0.9000000000    0.9000000000    0.9000000000
  0.9000000000    0.9000000000    0.9000000000    0.9000000000    0.9000000000
  0.9000000000    0.9000000000    0.9000000000    0.9000000000    0.9000000000
  0.9000000000    0.9000000000    0.9000000000    0.9000000000    0.9000000000
  0.9000000000    0.9000000000    0.9000000000    0.9000000000    0.9000000000
  0.9000000000    0.9000000000    0.9000000000    0.9000000000    0.9000000000
  0.9000000000    0.9000000000    0.9000000000    0.9000000000    0.9000000000
  0.9000000000    0.9000000000    0.9000000000    0.9000000000    0.9000000000
  0.9000000000    0.9000000000    0.9000000000    0.9000000000    0.9000000000
  0.9000000000    0.9000000000    0.9000000000    0.9000000000    0.9000000000
  0.9000000000    0.9000000000    0.9000000000    0.9000000000    0.9000000000
  0.0000000268    0.0467800051    0.0854426533    0.1156859547    0.1398173600
  0.1597176343    0.1766141027    0.1912995189    0.2043014735    0.2159827620
  0.2266035050    0.2363557488    0.2453829914    0.2537970275    0.2616861552
  0.2691212922    0.2761587650    0.2828471214    0.2892239660    0.2953244895
  0.3011749238    0.3068007499    0.3122227281    0.3174584538    0.3225236982
  0.3274329454    0.3321985334    0.3368308157    0.3413395017    0.3457344085
  0.3500229388    0.3542114764    0.3583076924    0.3623166829    0.3662438661
  0.3700945526    0.3738727123    0.3775829047    0.3812288851    0.3848141402
  0.3883423179    0.3918153495    0.3952375799    0.3986105114    0.4019363970
  0.4052186161    0.4084586173    0.4116583854    0.4148196906    0.4179447323
  0.4210356563    0.4240928918    0.4271188527    0.4301143438    0.4330810815
  0.4360197634    0.4389325351    0.4418193966    0.4446828157    0.4475227386
  0.4503411502    0.4531376749    0.4559142977    0.4586716622    0.4614105195
  0.4641315669    0.4668353945    0.4695236117    0.4721958429    0.4748531073
  0.4774969071    0.4801268131    0.4827442199    0.4853495568    0.4879428238
  0.4905248791    0.4930966347    0.4956584126    0.4982111245    0.5007540196
  0.5032889217    0.5058162063    0.5083355516    0.5108477622    0.5133540720
  0.5158537298    0.5183479160    0.5208373815    0.5233213753    0.5258004874
  0.5282768637    0.5307492167    0.5332181901    0.5356848568    0.5381489486
  0.5406114846    0.5430720896    0.5455318898    0.5479908854    0.5504492372
  0.5529079109    0.5553669602    0.5578274578    0.5602884918    0.5627523690
  0.5652168363    0.5676847368    0.5701551050    0.5726284236    0.5751069456
  0.5775884718    0.5800755769    0.5825665981    0.5850631446    0.5875669867
  0.5900759250    0.5925924808    0.5951166540    0.5976482838    0.6001882285
  0.6027376682    0.6052960128    0.6078658372    0.6104448348    0.6130349368
  0.6156390935    0.6182536572    0.6208818465    0.6235247880    0.6261810333
  0.6288540691    0.6315420717    0.6342480451    0.6369705409    0.6397129923
  0.6424746484    0.6452569038    0.6480609387    0.6508880943    0.6537379950
  0.6566142350    0.6595167607    0.6624458939    0.6654063016    0.6683958918
  0.6714187950    0.6744751722    0.6775667399    0.6806970388    0.6838675708
  0.6870806426    0.6903384000    0.6936433107    0.6969988614    0.7004080564
  0.7038730413    0.7073998243    0.7109896392    0.7146503180    0.7183844358
  0.7221983761    0.7260967523    0.7300843924    0.7341747075    0.7383717746
  0.7426856250    0.7471251637    0.7517064840    0.7564396709    0.7613418907
  0.7664302021    0.7717295498    0.7772620887    0.7830607563    0.7891583294
  0.7956025511    0.8024482995    0.8097529739    0.8176041752    0.8261049539
  0.8353511721    0.8454671770    0.8565112799    0.8684414238    0.8809379965
  0.8934219092    0.8999999732    0.9000000000    0.9000000000    0.9000000000
  0.9000000000    0.9000000000    0.9000000000    0.9000000000    0.9000000000
  0.9000000000    0.9000000000    0.9000000000    0.9000000000    0.9000000000
  0.9000000000    0.9000000000    0.9000000000    0.9000000000    0.9000000000
  0.9000000000    0.9000000000    0.9000000000    0.9000000000    0.9000000000
  0.9000000000    0.9000000000    0.9000000000    0.9000000000    0.9000000000
  0.9000000000    0.9000000000    0.9000000000    0.9000000000    0.9000000000
  0.9000000000    0.9000000000    0.9000000000    0.9000000000    0.9000000000
  0.9000000000    0.9000000000    0.9000000000    0.9000000000    0.9000000000
  0.9000000000    0.9000000000    0.9000000000    0.9000000000    0.9000000000
  0.9000000000    0.9000000000    0.9000000000    0.9000000000    0.9000000000
  0.9000000000    0.9000000000    0.9000000000    0.9000000000    0.9000000000
  0.9000000000    0.9000000000    0.9000000000    0.9000000000    0.9000000000
  0.9000000000    0.9000000000    0.9000000000    0.9000000000    0.9000000000
  0.9000000000    0.9000000000    0.9000000000    0.9000000000    0.9000000000
  0.9000000000    0.9000000000    0.9000000000    0.9000000000    0.9000000000
  0.9000000000    0.9000000000    0.9000000000    0.9000000000    0.9000000000
  0.9000000000    0.9000000000    0.9000000000    0.9000000000    0.9000000000
  0.9000000000    0.9000000000    0.9000000000    0.9000000000    0.9000000000
  0.9000000000    0.9000000000    0.9000000000    0.9000000000    0.9000000000
  0.9000000000    0.9000000000    0.9000000000    0.9000000000    0.9000000000
  0.9000000000    0.9000000000    0.9000000000    0.9000000000    0.9000000000
  0.9000000000    0.9000000000    0.9000000000    0.9000000000    0.9000000000
  0.0000000268    0.0410740882    0.0764272660    0.1051290482    0.1285445184
  0.1480947644    0.1648126513    0.1794034928    0.1923553973    0.2040102392
  0.2146171957    0.2243619293    0.2333854169    0.2417968780    0.2496836454
  0.2571152955    0.2641477793    0.2708295912    0.2771994084    0.2832892567
  0.2891292840    0.2947423428    0.3001488179    0.3053686112    0.3104159385
  0.3153058738    0.3200502723    0.3246600777    0.3291450530    0.3335146397
  0.3377767235    0.3419378489    0.3460049897    0.3499835640    0.3538799554
  0.3576979190    0.3614425510    0.3651178747    0.3687277526    0.3722762078
  0.3757664591    0.3792003304    0.3825823277    0.3859138459    0.3891978890
  0.3924366027    0.3956326693    0.3987875372    0.4019029230    0.4049811333
  0.4080237776    0.4110317677    0.4140071422    0.4169517249    0.4198667496
  0.4227523774    0.4256112903    0.4284434885    0.4312505275    0.4340338558
  0.4367938489    0.4395313650    0.4422477454    0.4449436873    0.4476205319
  0.4502783865    0.4529178947    0.4555402905    0.4581460565    0.4607363731
  0.4633111328    0.4658715159    0.4684173614    0.4709497422    0.4734695703
  0.4759772748    0.4784727484    0.4809568495    0.4834304899    0.4858945280
  0.4883477837    0.4907920271    0.4932276338    0.4956543356    0.4980734199
  0.5004841894    0.5028883070    0.5052855581    0.5076766938    0.5100618213
  0.5124407798    0.5148151249    0.5171836764    0.5195484728    0.5219087094
  0.5242655128    0.5266186148    0.5289680690    0.5313149482    0.5336594671
  0.5360021085    0.5383430332    0.5406823486    0.5430205911    0.5453578681
  0.5476950914    0.5500315100    0.5523690015    0.5547062784    0.5570446819
  0.5593838364    0.5617251366    0.5640682071    0.5664139062    0.5687604636
  0.5711115271    0.5734652191    0.5758225590    0.5781847268    0.5805500597
  0.5829206496    0.5852960676    0.5876776010    0.5900639087    0.5924566001
  0.5948574454    0.5972641915    0.5996788770    0.6021015018    0.6045318514
  0.6069712669    0.6094208211    0.6118795484    0.6143494874    0.6168296725
  0.6193203181    0.6218246430    0.6243408769    0.6268699855    0.6294135243
  0.6319709033    0.6345451266    0.6371331364    0.6397395998    0.6423626393
  0.6450039715    0.6476638108    0.6503433913    0.6530448049    0.6557689101
  0.6585149556    0.6612845510    0.6640800029    0.6669020623    0.6697514802
  0.6726300269    0.6755403310    0.6784814268    0.6814557284    0.6844676346
  0.6875148922    0.6906031340    0.6937338620    0.6969069690    0.7001273900
  0.7033975393    0.7067196161    0.7100974828    0.7135345727    0.7170334607
  0.7206001550    0.7242393225    0.7279536456    0.7317529947    0.7356389254
  0.7396219522    0.7437073857    0.7479059547    0.7522253841    0.7566781729
  0.7612787515    0.7660392433    0.7709754735    0.7761121184    0.7814674169
  0.7870708734    0.7929563373    0.7991601795    0.8057331473    0.8127272755
  0.8202180415    0.8282799572    0.8370071679    0.8464768678    0.8567550927
  0.8677794546    0.8793363959    0.8909772366    0.8999999732    0.9000000000
  0.9000000000    0.9000000000    0.9000000000    0.9000000000    0.9000000000
  0.9000000000    0.9000000000    0.9000000000    0.9000000000    0.9000000000
  0.9000000000    0.9000000000    0.9000000000    0.9000000000    0.9000000000
  0.9000000000    0.9000000000    0.9000000000    0.9000000000    0.9000000000
  0.9000000000    0.9000000000    0.9000000000    0.9000000000    0.9000000000
  0.9000000000    0.9000000000    0.9000000000    0.9000000000    0.9000000000
  0.9000000000    0.9000000000    0.9000000000    0.9000000000    0.9000000000
  0.9000000000    0.9000000000    0.9000000000    0.9000000000    0.9000000000
  0.9000000000    0.9000000000    0.9000000000    0.9000000000    0.9000000000
  0.9000000000    0.9000000000    0.9000000000    0.9000000000    0.9000000000
  0.9000000000    0.9000000000    0.9000000000    0.9000000000    0.9000000000
  0.9000000000    0.9000000000    0.9000000000    0.9000000000    0.9000000000
  0.9000000000    0.9000000000    0.9000000000    0.9000000000    0.9000000000
  0.9000000000    0.9000000000    0.9000000000    0.9000000000    0.9000000000
  0.9000000000    0.9000000000    0.9000000000    0.9000000000    0.9000000000
  0.9000000000    0.9000000000    0.9000000000    0.9000000000    0.9000000000
  0.9000000000    0.9000000000    0.9000000000    0.9000000000    0.9000000000
  0.9000000000    0.9000000000    0.9000000000    0.9000000000    0.9000000000
  0.9000000000    0.9000000000    0.9000000000    0.9000000000    0.9000000000
  0.9000000000    0.9000000000    0.9000000000    0.9000000000    0.9000000000
  0.0000000268    0.0363274366    0.0685924798    0.0956639618    0.1182451040
  0.1373544484    0.1538291126    0.1682816595    0.1811512738    0.1927574068
  0.2033341616    0.2130597979    0.2220709473    0.2304734498    0.2383524925
  0.2457772225    0.2528035909    0.2594783217    0.2658394486    0.2719212502
  0.2777506024    0.2833516985    0.2887460500    0.2939513057    0.2989839345
  0.3038573474    0.3085839897    0.3131749123    0.3176404685    0.3219889730
  0.3262283653    0.3303663701    0.3344083518    0.3383619279    0.3422313362
  0.3460221022    0.3497380883    0.3533841223    0.3569644421    0.3604809791
  0.3639386147    0.3673398167    0.3706879109    0.3739849359    0.3772333592
  0.3804359704    0.3835942715    0.3867107838    0.3897868484    0.3928253084
  0.3958271295    0.3987939745    0.4017271847    0.4046281010    0.4074991375
  0.4103404015    0.4131535023    0.4159390837    0.4186991304    0.4214341789
  0.4241450340    0.4268331438    0.4294993669    0.4321438640    0.4347685128
  0.4373728842    0.4399587482    0.4425257295    0.4450759739    0.4476095349
  0.4501264125    0.4526282161    0.4551148921    0.4575875133    0.4600459188
  0.4624911278    0.4649235159    0.4673435658    0.4697520822    0.4721489042
  0.4745354801    0.4769115955    0.4792775720    0.4816336781    0.4839812547
  0.4863195509    0.4886499077    0.4909719497    0.4932870179    0.4955942541
  0.4978945166    0.5001883954    0.5024761051    0.5047583967    0.5070343584
  0.5093052775    0.5115716904    0.5138333827    0.5160903543    0.5183438390
  0.5205934614    0.5228393286    0.5250834793    0.5273236603    0.5295613736
  0.5317972094    0.5340303093    0.5362626582    0.5384933978    0.5407230645
  0.5429517657    0.5451799840    0.5474073440    0.5496357232    0.5518632978
  0.5540924817    0.5563219339    0.5585520834    0.5607848078    0.5630178541
  0.5652539581    0.5674917787    0.5697322279    0.5719752520    0.5742218167
  0.5764714390    0.5787249774    0.5809832901    0.5832455188    0.5855115563
  0.5877840310    0.5900611192    0.5923433036    0.5946326226    0.5969277352
  0.5992293924    0.6015388817    0.6038552374    0.6061796397    0.6085120350
  0.6108539790    0.6132049888    0.6155653328    0.6179348499    0.6203164369
  0.6227073580    0.6251100272    0.6275259465    0.6299532384    0.6323938340
  0.6348479480    0.6373170286    0.6398008615    0.6422991782    0.6448146611
  0.6473461837    0.6498971254    0.6524656087    0.6550525457    0.6576595992
  0.6602895588    0.6629390448    0.6656126708    0.6683116704    0.6710344344
  0.6737832159    0.6765595168    0.6793662339    0.6822025090    0.6850696295
  0.6879715651    0.6909091741    0.6938832074    0.6968940407    0.6999483794
  0.7030456334    0.7061877877    0.7093787044    0.7126200467    0.7159172326
  0.7192710668    0.7226861626    0.7261649340    0.7297162324    0.7333412915
  0.7370456904    0.7408360273    0.7447177202    0.7486990303    0.7527891845
  0.7569958538    0.7613298208    0.7658037454    0.7704286247    0.7752227515
  0.7802043647    0.7853919715    0.7908160418    0.7964994282    0.8024808079
  0.8088007361    0.8155100137    0.8226665765    0.8303286284    0.8385840923
  0.8474895090    0.8570886523    0.8673414499    0.8780711979    0.8889495939
  0.8995271534    0.8999999732    0.9000000000    0.9000000000    0.9000000000
  0.9000000000    0.9000000000    0.9000000000    0.9000000000    0.9000000000
  0.9000000000    0.9000000000    0.9000000000    0.9000000000    0.9000000000
  0.9000000000    0.9000000000    0.9000000000    0.9000000000    0.9000000000
  0.9000000000    0.9000000000    0.9000000000    0.9000000000    0.9000000000
  0.9000000000    0.9000000000    0.9000000000    0.9000000000    0.9000000000
  0.9000000000    0.9000000000    0.9000000000    0.9000000000    0.9000000000
  0.9000000000    0.9000000000    0.9000000000    0.9000000000    0.9000000000
  0.9000000000    0.9000000000    0.9000000000    0.9000000000    0.9000000000
  0.9000000000    0.9000000000    0.9000000000    0.9000000000    0.9000000000
  0.9000000000    0.9000000000    0.9000000000    0.9000000000    0.9000000000
  0.9000000000    0.9000000000    0.9000000000    0.9000000000    0.9000000000
  0.9000000000    0.9000000000    0.9000000000    0.9000000000    0.9000000000
  0.9000000000    0.9000000000    0.9000000000    0.9000000000    0.9000000000
  0.9000000000    0.9000000000    0.9000000000    0.9000000000    0.9000000000
  0.9000000000    0.9000000000    0.9000000000    0.9000000000    0.9000000000
  0.9000000000    0.9000000000    0.9000000000    0.9000000000    0.9000000000
  0.9000000000    0.9000000000    0.9000000000    0.9000000000    0.9000000000
  0.0000000268    0.0323519200    0.0617913097    0.0872037917    0.1088600546
  0.1274461001    0.1436156899    0.1578828424    0.1706378192    0.1821694404
  0.1926982373    0.2023914725    0.2113788038    0.2197646230    0.2276311666
  0.2350450069    0.2420616657    0.2487267941    0.2550790697    0.2611507326
  0.2669703215    0.2725606889    0.2779432923    0.2831362635    0.2881549984
  0.2930140346    0.2977252275    0.3023002177    0.3067482859    0.3110782295
  0.3152987391    0.3194163054    0.3234381169    0.3273694843    0.3312164158
  0.3349833101    0.3386752099    0.3422963530    0.3458504945    0.3493406922
  0.3527707547    0.3561436325    0.3594622761    0.3627292067    0.3659474820
  0.3691182286    0.3722446650    0.3753287762    0.3783713669    0.3813757628
  0.3843425542    0.3872738332    0.3901709944    0.3930354863    0.3958685428
  0.3986713439    0.4014451236    0.4041914910    0.4069108754    0.4096048862
  0.4122743815    0.4149202198    0.4175427765    0.4201438218    0.4227231413
  0.4252824515    0.4278223962    0.4303431898    0.4328459591    0.4353312403
  0.4377991408    0.4402512163    0.4426879495    0.4451088578    0.4475158721
  0.4499085099    0.4522876292    0.4546532303    0.4570066005    0.4593482763
  0.4616779357    0.4639965445    0.4663044244    0.4686013609    0.4708886951
  0.4731666416    0.4754350930    0.4776946932    0.4799453348    0.4821881443
  0.4844233900    0.4866503745    0.4888711900    0.4910846025    0.4932913631
  0.4954920620    0.4976864308    0.4998751134    0.5020588070    0.5042371362
  0.5064107984    0.5085803300    0.5107449800    0.5129053384    0.5150619954
  0.5172155410    0.5193656534    0.5215129226    0.5236573488    0.5257987171
  0.5279383689    0.5300755531    0.5322117716    0.5343455762    0.5364785761
  0.5386098057    0.5407412499    0.5428715676    0.5450012416    0.5471312374
  0.5492611259    0.5513914973    0.5535222441    0.5556535274    0.5577862054
  0.5599194199    0.5620558530    0.5641924471    0.5663314015    0.5684731454
  0.5706168205    0.5727637678    0.5749130756    0.5770664603    0.5792226881
  0.5813829392    0.5835472137    0.5857164234    0.5878886908    0.5900666445
  0.5922510892    0.5944398254    0.5966341406    0.5988346785    0.6010419756
  0.6032563001    0.6054762572    0.6077044219    0.6099402577    0.6121852666
  0.6144369274    0.6166988343    0.6189688414    0.6212489337    0.6235393256
  0.6258403391    0.6281518131    0.6304748744    0.6328105420    0.6351582795
  0.6375183016    0.6398908228    0.6422793299    0.6446807653    0.6470977038
  0.6495311648    0.6519792706    0.6544465810    0.6569300383    0.6594332904
  0.6619556397    0.6644975692    0.6670611173    0.6696458548    0.6722538203
  0.6748868376    0.6775442094    0.6802265257    0.6829375952    0.6856764525
  0.6884464234    0.6912468106    0.6940801352    0.6969486505    0.6998535365
  0.7027962416    0.7057788581    0.7088053018    0.7118749827    0.7149941236
  0.7181609005    0.7213812679    0.7246578544    0.7279930741    0.7313942224
  0.7348595828    0.7383997232    0.7420156628    0.7457146972    0.7495017618
  0.7533853859    0.7573730260    0.7614727288    0.7656931847    0.7700472683
  0.7745464057    0.7792048663    0.7840419620    0.7890736789    0.7943261951
  0.7998222023    0.8055949062    0.8116785318    0.8181169599    0.8249645323
  0.8322687238    0.8400958925    0.8485016137    0.8575035900    0.8670788080
  0.8770795316    0.8872650057    0.8972671241    0.8999999732    0.9000000000
  0.9000000000    0.9000000000    0.9000000000    0.9000000000    0.9000000000
  0.9000000000    0.9000000000    0.9000000000    0.9000000000    0.9000000000
  0.9000000000    0.9000000000    0.9000000000    0.9000000000    0.9000000000
  0.9000000000    0.9000000000    0.9000000000    0.9000000000    0.9000000000
  0.9000000000    0.9000000000    0.9000000000    0.9000000000    0.9000000000
  0.9000000000    0.9000000000    0.9000000000    0.9000000000    0.9000000000
  0.9000000000    0.9000000000    0.9000000000    0.9000000000    0.9000000000
  0.9000000000    0.9000000000    0.9000000000    0.9000000000    0.9000000000
  0.9000000000    0.9000000000    0.9000000000    0.9000000000    0.9000000000
  0.9000000000    0.9000000000    0.9000000000    0.9000000000    0.9000000000
  0.9000000000    0.9000000000    0.9000000000    0.9000000000    0.9000000000
  0.9000000000    0.9000000000    0.9000000000    0.9000000000    0.9000000000
  0.9000000000    0.9000000000    0.9000000000    0.9000000000    0.9000000000
  0.9000000000    0.9000000000    0.9000000000    0.9000000000    0.9000000000
  0.9000000000    0.9000000000    0.9000000000    0.9000000000    0.9000000000
  0.0000000268    0.0289980322    0.0558850855    0.0796597570    0.1003295571
  0.1183236927    0.1341288775    0.1481660038    0.1607712597    0.1722034782
  0.1826634496    0.1923084050    0.2012620479    0.2096219033    0.2174680084
  0.2248656482    0.2318685740    0.2385221153    0.2448625356    0.2509234697
  0.2567319542    0.2623112708    0.2676827699    0.2728638321    0.2778697997
  0.2827158004    0.2874129921    0.2919731230    0.2964060098    0.3007199138
  0.3049234182    0.3090237111    0.3130273908    0.3169398218    0.3207664222
  0.3245133072    0.3281838566    0.3317834347    0.3353147775    0.3387813717
  0.3421877235    0.3455363005    0.3488298923    0.3520711273    0.3552625269
  0.3584063441    0.3615052611    0.3645607263    0.3675746709    0.3705492944
  0.3734863669    0.3763862640    0.3792521507    0.3820847780    0.3848855406
  0.3876550823    0.3903951198    0.3931072623    0.3957919925    0.3984503835
  0.4010833472    0.4036928147    0.4062785715    0.4088413686    0.4113826007
  0.4139029652    0.4164031059    0.4188837200    0.4213459879    0.4237899631
  0.4262161821    0.4286257714    0.4310187310    0.4333960801    0.4357582480
  0.4381057709    0.4404395074    0.4427584380    0.4450655133    0.4473594993
  0.4496403426    0.4519099206    0.4541680723    0.4564150661    0.4586517602
  0.4608774036    0.4630929083    0.4652994007    0.4674967736    0.4696847051
  0.4718640000    0.4740358382    0.4761995226    0.4783551604    0.4805030733
  0.4826448709    0.4847787827    0.4869069546    0.4890286893    0.4911439866
  0.4932541341    0.4953587562    0.4974574238    0.4995523900    0.5016417235
  0.5037265509    0.5058079988    0.5078847259    0.5099573225    0.5120273978
  0.5140930206    0.5161562830    0.5182158440    0.5202732056    0.5223279923
  0.5243807405    0.5264310747    0.5284795314    0.5305266470    0.5325720459
  0.5346161574    0.5366596252    0.5387019664    0.5407437712    0.5427849323
  0.5448256642    0.5468672544    0.5489084154    0.5509492010    0.5529918641
  0.5550346345    0.5570779949    0.5591232866    0.5611700803    0.5632170886
  0.5652673692    0.5673192054    0.5693734556    0.5714292079    0.5734887153
  0.5755506366    0.5776157767    0.5796832770    0.5817561954    0.5838310450
  0.5859107226    0.5879952818    0.5900829524    0.5921766847    0.5942751914
  0.5963787943    0.5984870106    0.6006024152    0.6027227014    0.6048500150
  0.6069834441    0.6091254026    0.6112728328    0.6134282559    0.6155919403
  0.6177624911    0.6199428588    0.6221319705    0.6243293434    0.6265373379
  0.6287558466    0.6309839040    0.6332229584    0.6354732782    0.6377343804
  0.6400084108    0.6422945112    0.6445940226    0.6469080180    0.6492358536
  0.6515776902    0.6539341718    0.6563073903    0.6586967558    0.6611035019
  0.6635277897    0.6659717113    0.6684344620    0.6709166318    0.6734197229
  0.6759449691    0.6784946233    0.6810656279    0.6836624891    0.6862855822
  0.6889350682    0.6916120738    0.6943200320    0.6970584601    0.6998300403
  0.7026348799    0.7054755002    0.7083538324    0.7112704128    0.7142298013
  0.7172329098    0.7202826351    0.7233792990    0.7265284270    0.7297329694
  0.7329935700    0.7363170952    0.7397055835    0.7431650966    0.7466972977
  0.7503105015    0.7540087849    0.7577990681    0.7616890758    0.7656870693
  0.7698020607    0.7740420967    0.7784208030    0.7829536289    0.7876518399
  0.7925343722    0.7976280481    0.8029435962    0.8085193723    0.8143804282
  0.8205748826    0.8271328837    0.8341100603    0.8415515810    0.8495025069
  0.8579737276    0.8669527441    0.8763200372    0.8858750314    0.8953284234
  0.8999999732    0.9000000000    0.9000000000    0.9000000000    0.9000000000
  0.9000000000    0.9000000000    0.9000000000    0.9000000000    0.9000000000
  0.9000000000    0.9000000000    0.9000000000    0.9000000000    0.9000000000
  0.9000000000    0.9000000000    0.9000000000    0.9000000000    0.9000000000
  0.9000000000    0.9000000000    0.9000000000    0.9000000000    0.9000000000
  0.9000000000    0.9000000000    0.9000000000    0.9000000000    0.9000000000
  0.9000000000    0.9000000000    0.9000000000    0.9000000000    0.9000000000
  0.9000000000    0.9000000000    0.9000000000    0.9000000000    0.9000000000
  0.9000000000    0.9000000000    0.9000000000    0.9000000000    0.9000000000
  0.9000000000    0.9000000000    0.9000000000    0.9000000000    0.9000000000
  0.9000000000    0.9000000000    0.9000000000    0.9000000000    0.9000000000
  0.9000000000    0.9000000000    0.9000000000    0.9000000000    0.9000000000
  0.9000000000    0.9000000000    0.9000000000    0.9000000000    0.9000000000
  0.0000000268    0.0261479706    0.0507474750    0.0729429156    0.0925939590
  0.1099408776    0.1253299445    0.1390942901    0.1515155464    0.1628213793
  0.1731926769    0.1827733129    0.1916785687    0.2000028580    0.2078209072
  0.2151963919    0.2221808106    0.2288183659    0.2351445705    0.2411924690
  0.2469887227    0.2525556475    0.2579150766    0.2630841762    0.2680781275
  0.2729108781    0.2775953561    0.2821420223    0.2865605861    0.2908605963
  0.2950488120    0.2991330653    0.3031204373    0.3070158094    0.3108251363
  0.3145539969    0.3182057709    0.3217858762    0.3252975851    0.3287444383
  0.3321297079    0.3354565591    0.3387277812    0.3419460028    0.3451148719
  0.3482349247    0.3513095409    0.3543400615    0.3573290616    0.3602776140
  0.3631880254    0.3660613149    0.3689000040    0.3717044681    0.3744764775
  0.3772178560    0.3799287111    0.3826105982    0.3852646977    0.3878919750
  0.3904938251    0.3930712670    0.3956245691    0.3981544822    0.4006624550
  0.4031490773    0.4056146175    0.4080607384    0.4104870647    0.4128947765
  0.4152848929    0.4176574677    0.4200130910    0.4223521918    0.4246758431
  0.4269844741    0.4292785674    0.4315580159    0.4338237315    0.4360766798
  0.4383161098    0.4405429870    0.4427587062    0.4449619800    0.4471541494
  0.4493356436    0.4515066773    0.4536669821    0.4558179528    0.4579592675
  0.4600917310    0.4622145385    0.4643294603    0.4664356917    0.4685340375
  0.4706246048    0.4727076620    0.4747838527    0.4768528551    0.4789149374
  0.4809711725    0.4830207556    0.4850643843    0.4871027023    0.4891352803
  0.4911628693    0.4931849867    0.4952028662    0.4972155958    0.4992242485
  0.5012289852    0.5032288939    0.5052260667    0.5072186798    0.5092087179
  0.5111948401    0.5131781191    0.5151590377    0.5171373278    0.5191125065
  0.5210860759    0.5230571777    0.5250268310    0.5269946069    0.5289605588
  0.5309252232    0.5328886539    0.5348518163    0.5368129402    0.5387747616
  0.5407355636    0.5426952928    0.5446559340    0.5466155559    0.5485765725
  0.5505371600    0.5524986595    0.5544597834    0.5564236432    0.5583876103
  0.5603530258    0.5623194605    0.5642878264    0.5662580162    0.5682306200
  0.5702050477    0.5721818358    0.5741614133    0.5761432439    0.5781278640
  0.5801160246    0.5821072966    0.5841021091    0.5860999793    0.5881031066
  0.5901104718    0.5921212703    0.5941362530    0.5961567074    0.5981825799
  0.6002133876    0.6022490233    0.6042916328    0.6063398212    0.6083935350
  0.6104539543    0.6125218302    0.6145963043    0.6166785032    0.6187666565
  0.6208644658    0.6229701072    0.6250839025    0.6272073537    0.6293384224
  0.6314805418    0.6336316198    0.6357938558    0.6379652113    0.6401483148
  0.6423433810    0.6445503026    0.6467681140    0.6490001410    0.6512450963
  0.6535031408    0.6557756156    0.6580639690    0.6603667527    0.6626840740
  0.6650200635    0.6673720390    0.6697424680    0.6721307069    0.6745391160
  0.6769650668    0.6794146746    0.6818853647    0.6843778342    0.6868943900
  0.6894345492    0.6920004576    0.6945946902    0.6972155839    0.6998655528
  0.7025447577    0.7052588314    0.7080045015    0.7107847720    0.7136014134
  0.7164596826    0.7193551809    0.7222940236    0.7252788395    0.7283116132
  0.7313929886    0.7345282227    0.7377194613    0.7409702986    0.7442855090
  0.7476667017    0.7511232644    0.7546543390    0.7582664698    0.7619696885
  0.7657659262    0.7696678430    0.7736799449    0.7778140873    0.7820788532
  0.7864896923    0.7910564750    0.7958002836    0.8007366747    0.8058886081
  0.8112767369    0.8169338912    0.8228957444    0.8291879386    0.8358618647
  0.8429529816    0.8504929394    0.8584968120    0.8669387430    0.8757418066
  0.8847340196    0.8936767727    0.8999999732    0.9000000000    0.9000000000
  0.9000000000    0.9000000000    0.9000000000    0.9000000000    0.9000000000
  0.9000000000    0.9000000000    0.9000000000    0.9000000000    0.9000000000
  0.9000000000    0.9000000000    0.9000000000    0.9000000000    0.9000000000
  0.9000000000    0.9000000000    0.9000000000    0.9000000000    0.9000000000
  0.9000000000    0.9000000000    0.9000000000    0.9000000000    0.9000000000
  0.9000000000    0.9000000000    0.9000000000    0.9000000000    0.9000000000
  0.9000000000    0.9000000000    0.9000000000    0.9000000000    0.9000000000
  0.9000000000    0.9000000000    0.9000000000    0.9000000000    0.9000000000
  0.9000000000    0.9000000000    0.9000000000    0.9000000000    0.9000000000
  0.9000000000    0.9000000000    0.9000000000    0.9000000000    0.9000000000
  0.0000000268    0.0237083405    0.0462678105    0.0669655055    0.0855911940
  0.1022523254    0.1171818227    0.1306335300    0.1428388149    0.1539913327
  0.1642522305    0.1737515956    0.1825960726    0.1908731014    0.1986547261
  0.2060006529    0.2129610389    0.2195775658    0.2258866042    0.2319185168
  0.2376995891    0.2432535857    0.2486000329    0.2537560433    0.2587372273
  0.2635573715    0.2682293504    0.2727628201    0.2771682411    0.2814538747
  0.2856281430    0.2896983951    0.2936704785    0.2975509375    0.3013447076
  0.3050566703    0.3086920291    0.3122550219    0.3157488674    0.3191772133
  0.3225438684    0.3258519977    0.3291038543    0.3323020667    0.3354497463
  0.3385490924    0.3416024119    0.3446110457    0.3475774616    0.3505035371
  0.3533908278    0.3562404603    0.3590549558    0.3618345827    0.3645818621
  0.3672968477    0.3699818999    0.3726380914    0.3752654225    0.3778659314
  0.3804400474    0.3829892725    0.3855138749    0.3880146593    0.3904935569
  0.3929501384    0.3953857452    0.3978010207    0.4001966089    0.4025725096
  0.4049305469    0.4072706133    0.4095932990    0.4118996769    0.4141896933
  0.4164643139    0.4187234849    0.4209676355    0.4231983215    0.4254147381
  0.4276179045    0.4298081964    0.4319864720    0.4341519803    0.4363061160
  0.4384486645    0.4405800015    0.4427014142    0.4448120981    0.4469128579
  0.4490035325    0.4510847658    0.4531573623    0.4552210540    0.4572760552
  0.4593230635    0.4613623470    0.4633929938    0.4654162914    0.4674329370
  0.4694426090    0.4714453608    0.4734410316    0.4754311234    0.4774148852
  0.4793929607    0.4813650280    0.4833321065    0.4852933913    0.4872505456
  0.4892021745    0.4911488146    0.4930921823    0.4950304002    0.4969649702
  0.4988950342    0.5008217186    0.5027445942    0.5046652168    0.5065812260
  0.5084946603    0.5104055732    0.5123135895    0.5142188162    0.5161221653
  0.5180228859    0.5199218899    0.5218187481    0.5237145871    0.5256079048
  0.5275002569    0.5293906778    0.5312807232    0.5331693739    0.5350577027
  0.5369447440    0.5388319999    0.5407185048    0.5426047951    0.5444908708
  0.5463776439    0.5482643098    0.5501512438    0.5520389825    0.5539270967
  0.5558164448    0.5577061683    0.5595971256    0.5614902824    0.5633838683
  0.5652796000    0.5671774775    0.5690766424    0.5709784359    0.5728818923
  0.5747879237    0.5766969591    0.5786085695    0.5805226475    0.5824405342
  0.5843617469    0.5862867147    0.5882145256    0.5901456088    0.5920824319
  0.5940220445    0.5959664851    0.5979157537    0.5998693138    0.6018280238
  0.6037922055    0.6057622343    0.6077372521    0.6097179562    0.6117055804
  0.6136984080    0.6156996578    0.6177063257    0.6197200209    0.6217406362
  0.6237689227    0.6258064359    0.6278510302    0.6299049586    0.6319666117
  0.6340386182    0.6361185104    0.6382089168    0.6403093547    0.6424204677
  0.6445417196    0.6466737539    0.6488183409    0.6509742469    0.6531428128
  0.6553246289    0.6575175494    0.6597268850    0.6619485587    0.6641861647
  0.6664387375    0.6687078863    0.6709927529    0.6732945174    0.6756136626
  0.6779525489    0.6803090304    0.6826861113    0.6850842744    0.6875038952
  0.6899452955    0.6924081534    0.6948971897    0.6974112242    0.6999527246
  0.7025190085    0.7051167816    0.7077422351    0.7103991240    0.7130900234
  0.7158145577    0.7185748726    0.7213730603    0.7242109984    0.7270906180
  0.7300141186    0.7329841286    0.7360033840    0.7390726894    0.7421967655
  0.7453799576    0.7486255914    0.7519352227    0.7553134114    0.7587673455
  0.7622983664    0.7659183830    0.7696270198    0.7734375268    0.7773513526
  0.7813824445    0.7855388492    0.7898344070    0.7942771643    0.7988882571
  0.8036778778    0.8086696833    0.8138849705    0.8193512052    0.8250941366
  0.8311403185    0.8375344902    0.8442999333    0.8514714628    0.8590511709
  0.8670211405    0.8753122240    0.8837954611    0.8922664136    0.8999999732
  0.9000000000    0.9000000000    0.9000000000    0.9000000000    0.9000000000
  0.9000000000    0.9000000000    0.9000000000    0.9000000000    0.9000000000
  0.9000000000    0.9000000000    0.9000000000    0.9000000000    0.9000000000
  0.9000000000    0.9000000000    0.9000000000    0.9000000000    0.9000000000
  0.9000000000    0.9000000000    0.9000000000    0.9000000000    0.9000000000
  0.9000000000    0.9000000000    0.9000000000    0.9000000000    0.9000000000
  0.9000000000    0.9000000000    0.9000000000    0.9000000000    0.9000000000
  0.9000000000    0.9000000000    0.9000000000    0.9000000000    0.9000000000
  0.0000000268    0.0216058642    0.0423488349    0.0616448075    0.0792595178
  0.0952121168    0.1096476048    0.1227531999    0.1347113460    0.1456854433
  0.1558146983    0.1652153045    0.1739847332    0.1822032362    0.1899393171
  0.1972474784    0.2041776627    0.2107686549    0.2170555919    0.2230680853
  0.2288322598    0.2343701631    0.2397017509    0.2448436528    0.2498113185
  0.2546184272    0.2592769951    0.2637979120    0.2681897074    0.2724629492
  0.2766237527    0.2806798428    0.2846383542    0.2885046512    0.2922835082
  0.2959811479    0.2996009499    0.3031482249    0.3066257626    0.3100382835
  0.3133879334    0.3166783601    0.3199129969    0.3230933994    0.3262225717
  0.3293034643    0.3323370427    0.3353265256    0.3382732540    0.3411784083
  0.3440447778    0.3468740255    0.3496664733    0.3524246424    0.3551492840
  0.3578422755    0.3605042070    0.3631367952    0.3657404691    0.3683168918
  0.3708664387    0.3733905047    0.3758900553    0.3783658952    0.3808181852
  0.3832483202    0.3856569976    0.3880453974    0.3904131442    0.3927619010
  0.3950917214    0.3974031955    0.3996968597    0.4019737870    0.4042339236
  0.4064778060    0.4087068290    0.4109205097    0.4131197065    0.4153043658
  0.4174758822    0.4196341485    0.4217789501    0.4239111453    0.4260316998
  0.4281402916    0.4302372962    0.4323240548    0.4343992800    0.4364642590
  0.4385187238    0.4405640692    0.4425993830    0.4446255237    0.4466431886
  0.4486515194    0.4506513745    0.4526438266    0.4546276957    0.4566040546
  0.4585726887    0.4605347246    0.4624898404    0.4644377142    0.4663784534
  0.4683138281    0.4702428728    0.4721658021    0.4740832597    0.4759948164
  0.4779006869    0.4798019439    0.4816981584    0.4835895449    0.4854761571
  0.4873581022    0.4892360240    0.4911104590    0.4929795831    0.4948459178
  0.4967080683    0.4985671610    0.5004227132    0.5022753149    0.5041245908
  0.5059715599    0.5078148276    0.5096564323    0.5114949256    0.5133313805
  0.5151658505    0.5169979066    0.5188285679    0.5206569225    0.5224839896
  0.5243102521    0.5261338860    0.5279572517    0.5297795445    0.5316006571
  0.5334212333    0.5352412194    0.5370597035    0.5388790995    0.5406975299
  0.5425155312    0.5443344444    0.5461529285    0.5479718953    0.5497905403
  0.5516105801    0.5534312099    0.5552519470    0.5570740789    0.5588981956
  0.5607219905    0.5625480920    0.5643748373    0.5662038893    0.5680348724
  0.5698677331    0.5717020422    0.5735377997    0.5753771514    0.5772191852
  0.5790626675    0.5809096903    0.5827593952    0.5846134454    0.5864692122
  0.5883284658    0.5901910990    0.5920588285    0.5939290255    0.5958034605
  0.5976823479    0.5995662242    0.6014540702    0.6033463150    0.6052446216
  0.6071472198    0.6090549141    0.6109688312    0.6128881663    0.6148132414
  0.6167451829    0.6186830789    0.6206269830    0.6225779146    0.6245358199
  0.6265026838    0.6284755558    0.6304555625    0.6324446350    0.6344426125
  0.6364478320    0.6384629756    0.6404879361    0.6425209969    0.6445644110
  0.6466188222    0.6486821383    0.6507566124    0.6528423518    0.6549409121
  0.6570508987    0.6591732770    0.6613083154    0.6634561747    0.6656178206
  0.6677949697    0.6699866563    0.6721926123    0.6744141251    0.6766517848
  0.6789078981    0.6811806947    0.6834710330    0.6857815951    0.6881123811
  0.6904624254    0.6928334981    0.6952259749    0.6976420552    0.7000831872
  0.7025473863    0.7050381929    0.7075551778    0.7101013452    0.7126761585
  0.7152811736    0.7179192871    0.7205911964    0.7232969016    0.7260422498
  0.7288222522    0.7316460818    0.7345120221    0.7374224335    0.7403806955
  0.7433885783    0.7464501053    0.7495662421    0.7527436405    0.7559842318
  0.7592926294    0.7626709789    0.7661264151    0.7696661800    0.7732916683
  0.7770116240    0.7808343619    0.7847679824    0.7888216585    0.7930052608
  0.7973320395    0.8018120259    0.8064694673    0.8113092989    0.8163571090
  0.8216405779    0.8271804124    0.8330002695    0.8391288489    0.8456021994
  0.8524346441    0.8596300989    0.8671800882    0.8750164837    0.8830343574
  0.8910667151    0.8989465624    0.8999999732    0.9000000000    0.9000000000
  0.9000000000    0.9000000000    0.9000000000    0.9000000000    0.9000000000
  0.9000000000    0.9000000000    0.9000000000    0.9000000000    0.9000000000
  0.9000000000    0.9000000000    0.9000000000    0.9000000000    0.9000000000
  0.9000000000    0.9000000000    0.9000000000    0.9000000000    0.9000000000
  0.9000000000    0.9000000000    0.9000000000    0.9000000000    0.9000000000
  0.0000000268    0.0197818547    0.0389083654    0.0569043249    0.0735377222
  0.0887733132    0.1026918858    0.1154221863    0.1271066934    0.1378779620
  0.1478552431    0.1571400851    0.1658196062    0.1739684790    0.1816478044
  0.1889112264    0.1958036453    0.2023632020    0.2086231023    0.2146125823
  0.2203563720    0.2258764654    0.2311905116    0.2363173932    0.2412703067
  0.2460633069    0.2507078201    0.2552150577    0.2595940322    0.2638541311
  0.2680018991    0.2720445246    0.2759896249    0.2798425108    0.2836074740
  0.2872911662    0.2908969671    0.2944296509    0.2978925973    0.3012898833
  0.3046242446    0.3078993291    0.3111174971    0.3142818600    0.3173944563
  0.3204581827    0.3234744877    0.3264461607    0.3293749720    0.3322622627
  0.3351101786    0.3379198462    0.3406937867    0.3434317857    0.3461368471
  0.3488091320    0.3514509469    0.3540622383    0.3566447765    0.3591994196
  0.3617272407    0.3642291516    0.3667059571    0.3691585690    0.3715882748
  0.3739947528    0.3763798267    0.3787436038    0.3810867816    0.3834105402
  0.3857154697    0.3880010337    0.3902694315    0.3925200731    0.3947540313
  0.3969712526    0.3991727561    0.4013595074    0.4035302728    0.4056871444
  0.4078305513    0.4099596888    0.4120755225    0.4141783744    0.4162691563
  0.4183476537    0.4204141349    0.4224694580    0.4245134085    0.4265473276
  0.4285704106    0.4305834085    0.4325860530    0.4345792025    0.4365629643
  0.4385376602    0.4405039877    0.4424616247    0.4444107860    0.4463522226
  0.4482850760    0.4502110094    0.4521292716    0.4540409356    0.4559447676
  0.4578423768    0.4597329050    0.4616180688    0.4634959370    0.4653681725
  0.4672349364    0.4690958530    0.4709515125    0.4728015929    0.4746471673
  0.4764868408    0.4783227593    0.4801535279    0.4819802195    0.4838024050
  0.4856202990    0.4874343306    0.4892442316    0.4910510212    0.4928542703
  0.4946535498    0.4964499861    0.4982431501    0.5000330418    0.5018207878
  0.5036049396    0.5053875357    0.5071666449    0.5089438766    0.5107186943
  0.5124916881    0.5142629117    0.5160318822    0.5177992433    0.5195644051
  0.5213289768    0.5230919391    0.5248543113    0.5266147524    0.5283742279
  0.5301327378    0.5318907648    0.5336479336    0.5354047269    0.5371615738
  0.5389171332    0.5406737655    0.5424291641    0.5441851526    0.5459413022
  0.5476977199    0.5494542986    0.5512110919    0.5529694408    0.5547284871
  0.5564873189    0.5582477599    0.5600097567    0.5617724508    0.5635363251
  0.5653021842    0.5670691699    0.5688381404    0.5706091493    0.5723825723
  0.5741566390    0.5759339780    0.5777133018    0.5794957906    0.5812802106
  0.5830669910    0.5848573118    0.5866503686    0.5884461075    0.5902466208
  0.5920489043    0.5938559085    0.5956667215    0.5974804848    0.5992988616
  0.6011213690    0.6029480070    0.6047799021    0.6066161960    0.6084568888
  0.6103026778    0.6121544212    0.6140099734    0.6158725530    0.6177408189
  0.6196147710    0.6214943022    0.6233810216    0.6252735347    0.6271739334
  0.6290803939    0.6309940964    0.6329157382    0.6348447829    0.6367816597
  0.6387273341    0.6406805724    0.6426444322    0.6446156412    0.6465960234
  0.6485870272    0.6505869895    0.6525977343    0.6546191007    0.6566513032
  0.6586938590    0.6607496649    0.6628158778    0.6648965210    0.6669871956
  0.6690935344    0.6712121576    0.6733460158    0.6754944116    0.6776568621
  0.6798352450    0.6820312768    0.6842420608    0.6864722103    0.6887187213
  0.6909851342    0.6932698935    0.6955756813    0.6979021221    0.7002495915
  0.7026198596    0.7050132483    0.7074328691    0.7098772198    0.7123461932
  0.7148452610    0.7173721164    0.7199289590    0.7225176126    0.7251388818
  0.7277926594    0.7304847926    0.7332137257    0.7359827310    0.7387932032
  0.7416471273    0.7445478290    0.7474974006    0.7504965931    0.7535522193
  0.7566662639    0.7598384589    0.7630794793    0.7663863748    0.7697682112
  0.7732288510    0.7767745167    0.7804103583    0.7841456026    0.7879840583
  0.7919396728    0.7960195810    0.8002316684    0.8045941204    0.8091182023
  0.8138153940    0.8187071532    0.8238198191    0.8291668028    0.8347718149
  0.8406629652    0.8468627840    0.8533850044    0.8602356344    0.8673909634
  0.8748168200    0.8824201852    0.8900578827    0.8975755244    0.8999999732
  0.9000000000    0.9000000000    0.9000000000    0.9000000000    0.9000000000
  0.9000000000    0.9000000000    0.9000000000    0.9000000000    0.9000000000
  0.9000000000    0.9000000000    0.9000000000    0.9000000000    0.9000000000
  0.0000000268    0.0181898564    0.0358763427    0.0526743203    0.0683679789
  0.0828906387    0.0962763101    0.1086108774    0.1199980885    0.1305451244
  0.1403509587    0.1495031923    0.1580795556    0.1661458164    0.1737586230
  0.1809683472    0.1878153831    0.1943376571    0.2005661756    0.2065284044
  0.2122481614    0.2177462071    0.2230414242    0.2281503886    0.2330867261
  0.2378648132    0.2424944669    0.2469875425    0.2513528913    0.2555990964
  0.2597339362    0.2637638479    0.2676951617    0.2715344757    0.2752871007
  0.2789567918    0.2825492352    0.2860686153    0.2895176142    0.2929004163
  0.2962208301    0.2994814843    0.3026851147    0.3058338135    0.3089312822
  0.3119798273    0.3149804682    0.3179357797    0.3208482832    0.3237186760
  0.3265496939    0.3293423563    0.3320988625    0.3348193735    0.3375063568
  0.3401606172    0.3427832276    0.3453759581    0.3479393452    0.3504743546
  0.3529825419    0.3554642826    0.3579209715    0.3603529304    0.3627615005
  0.3651468962    0.3675108880    0.3698531538    0.3721748739    0.3744761020
  0.3767580181    0.3790211588    0.3812661678    0.3834934741    0.3857036680
  0.3878971785    0.3900744885    0.3922360808    0.3943823844    0.3965143114
  0.3986317545    0.4007350892    0.4028252274    0.4049020082    0.4069662362
  0.4090177506    0.4110568732    0.4130849987    0.4151013225    0.4171071857
  0.4191018373    0.4210854918    0.4230594903    0.4250235647    0.4269774467
  0.4289228529    0.4308585495    0.4327856630    0.4347039789    0.4366137117
  0.4385154516    0.4404095203    0.4422955424    0.4441741616    0.4460455388
  0.4479094595    0.4497669429    0.4516177207    0.4534614176    0.4552991599
  0.4571306258    0.4589564592    0.4607762843    0.4625906378    0.4643992513
  0.4662022322    0.4680005997    0.4697940856    0.4715827435    0.4733656615
  0.4751454681    0.4769202322    0.4786905974    0.4804570466    0.4822193116
  0.4839783579    0.4857328445    0.4874843270    0.4892318398    0.4909769922
  0.4927178532    0.4944559783    0.4961914748    0.4979238600    0.4996536702
  0.5013810128    0.5031054586    0.5048279732    0.5065481812    0.5082661361
  0.5099818379    0.5116958231    0.5134081990    0.5151193947    0.5168281227
  0.5185352951    0.5202419311    0.5219465822    0.5236503214    0.5253531486
  0.5270550638    0.5287565500    0.5304558367    0.5321556598    0.5338547319
  0.5355534822    0.5372515351    0.5389497489    0.5406476945    0.5423458546
  0.5440433711    0.5457424968    0.5474404961    0.5491396755    0.5508391768
  0.5525384635    0.5542398423    0.5559411138    0.5576435655    0.5593471974
  0.5610515803    0.5627580017    0.5644652277    0.5661740631    0.5678835958
  0.5695960790    0.5713097423    0.5730245322    0.5747422189    0.5764618903
  0.5781840295    0.5799076170    0.5816345304    0.5833646089    0.5850957602
  0.5868313640    0.5885683626    0.5903093845    0.5920530349    0.5938006550
  0.5955512255    0.5973065168    0.5990647584    0.6008258969    0.6025928825
  0.6043627113    0.6061365634    0.6079161555    0.6097000390    0.6114883214
  0.6132804126    0.6150792629    0.6168826193    0.6186917692    0.6205066055
  0.6223270744    0.6241534978    0.6259849638    0.6278235108    0.6296694070
  0.6315209359    0.6333797067    0.6352463633    0.6371196181    0.6390006512
  0.6408896774    0.6427858382    0.6446910113    0.6466050893    0.6485263556
  0.6504590482    0.6523998946    0.6543499678    0.6563110381    0.6582814425
  0.6602633268    0.6622554570    0.6642591208    0.6662742645    0.6683013707
  0.6703411371    0.6723932952    0.6744588107    0.6765367717    0.6786310941
  0.6807377547    0.6828603476    0.6849993020    0.6871536523    0.6893242568
  0.6915127248    0.6937183052    0.6959426075    0.6981867582    0.7004500061
  0.7027335316    0.7050391048    0.7073662966    0.7097171992    0.7120920807
  0.7144916385    0.7169163555    0.7193692356    0.7218497425    0.7243604511
  0.7269010395    0.7294746727    0.7320812970    0.7347222537    0.7374014586
  0.7401193947    0.7428771347    0.7456763953    0.7485229701    0.7514151424
  0.7543577403    0.7573528022    0.7604045123    0.7635154992    0.7666887134
  0.7699279636    0.7732382923    0.7766260296    0.7800953060    0.7836512715
  0.7873000413    0.7910503596    0.7949080199    0.7988883644    0.8029915005
  0.8072381347    0.8116359383    0.8162003607    0.8209487826    0.8258928984
  0.8310596913    0.8364673465    0.8421357661    0.8480775565    0.8543192178
  0.8608496994    0.8676634222    0.8747139305    0.8819281071    0.8891986638
  0.8963804394    0.8999999732    0.9000000000    0.9000000000    0.9000000000
  0.0000000268    0.0167921573    0.0331935436    0.0488922983    0.0636943370
  0.0775184423    0.0903656334    0.1022883207    0.1133603185    0.1236645073
  0.1332811922    0.1422856361    0.1507438749    0.1587156683    0.1662521929
  0.1733988315    0.1801941544    0.1866725475    0.1928640515    0.1987935036
  0.2044856340    0.2099585742    0.2152317435    0.2203206986    0.2252386361
  0.2299995571    0.2346132249    0.2390911192    0.2434420377    0.2476742953
  0.2517950803    0.2558112592    0.2597298592    0.2635560304    0.2672957271
  0.2709525973    0.2745317906    0.2780374378    0.2814733475    0.2848431140
  0.2881500095    0.2913970917    0.2945866138    0.2977218479    0.3008052617
  0.3038385719    0.3068251580    0.3097658783    0.3126626104    0.3155183047
  0.3183335513    0.3211104959    0.3238506407    0.3265553802    0.3292260557
  0.3318634182    0.3344691843    0.3370445341    0.3395904869    0.3421081156
  0.3445983857    0.3470622629    0.3494999617    0.3519135207    0.3543037444
  0.3566697210    0.3590143472    0.3613367110    0.3636385828    0.3659200162
  0.3681816548    0.3704240352    0.3726482838    0.3748544008    0.3770429224
  0.3792148143    0.3813706130    0.3835102111    0.3856340379    0.3877435952
  0.3898376495    0.3919182390    0.3939846128    0.3960382193    0.3980783612
  0.4001058966    0.4021211475    0.4041244358    0.4061154932    0.4080956608
  0.4100652605    0.4120234340    0.4139715761    0.4159088284    0.4178370684
  0.4197549015    0.4216641515    0.4235634238    0.4254540056    0.4273361117
  0.4292099565    0.4310751110    0.4329324335    0.4347824603    0.4366244942
  0.4384590715    0.4402864069    0.4421066612    0.4439199954    0.4457271069
  0.4475275666    0.4493220180    0.4511100858    0.4528919309    0.4546681970
  0.4564389914    0.4582044214    0.4599641114    0.4617186517    0.4634686321
  0.4652132481    0.4669535190    0.4686890692    0.4704199523    0.4721463293
  0.4738692731    0.4755873352    0.4773021251    0.4790126771    0.4807191521
  0.4824230522    0.4841229826    0.4858194798    0.4875121683    0.4892025501
  0.4908902496    0.4925743014    0.4942557782    0.4959346801    0.4976106316
  0.4992845982    0.5009562045    0.5026255041    0.5042924970    0.5059572369
  0.5076207429    0.5092821568    0.5109414250    0.5125990838    0.5142557234
  0.5159107536    0.5175639063    0.5192155570    0.5208672613    0.5225175172
  0.5241664320    0.5258144885    0.5274612039    0.5291085631    0.5307541519
  0.5323994190    0.5340444177    0.5356896311    0.5373340935    0.5389778584
  0.5406223208    0.5422661394    0.5439106554    0.5455558687    0.5472004384
  0.5488457590    0.5504909188    0.5521377414    0.5537848324    0.5554327279
  0.5570808381    0.5587302357    0.5603807598    0.5620325178    0.5636858851
  0.5653400034    0.5669953018    0.5686530679    0.5703120142    0.5719725162
  0.5736346275    0.5752991527    0.5769652337    0.5786337286    0.5803042084
  0.5819769949    0.5836530000    0.5853300780    0.5870116085    0.5886945337
  0.5903809994    0.5920700938    0.5937626749    0.5954578847    0.5971569031
  0.5988593012    0.6005645961    0.6022749335    0.6039880604    0.6057053179
  0.6074269205    0.6091526002    0.6108825713    0.6126168340    0.6143561929
  0.6161005944    0.6178486973    0.6196033448    0.6213628739    0.6231271774
  0.6248974353    0.6266739696    0.6284554929    0.6302436143    0.6320369929
  0.6338383645    0.6356448859    0.6374596149    0.6392808884    0.6411098331
  0.6429447860    0.6447880000    0.6466397434    0.6484995872    0.6503669411
  0.6522441119    0.6541294366    0.6560238808    0.6579278201    0.6598410398
  0.6617649347    0.6636987001    0.6656428725    0.6675980955    0.6695634574
  0.6715414256    0.6735318393    0.6755334109    0.6775482327    0.6795764655
  0.6816175193    0.6836745054    0.6857439369    0.6878277451    0.6899276465
  0.6920447141    0.6941758364    0.6963258952    0.6984926909    0.7006788522
  0.7028812140    0.7051055163    0.7073496133    0.7096145779    0.7119007856
  0.7142109185    0.7165428847    0.7189003319    0.7212842256    0.7236926883
  0.7261293143    0.7285965711    0.7310925275    0.7336185783    0.7361787468
  0.7387727112    0.7414032608    0.7440709323    0.7467784613    0.7495274574
  0.7523214608    0.7551590770    0.7580445439    0.7609842449    0.7639772683
  0.7670250088    0.7701348156    0.7733101219    0.7765535027    0.7798679084
  0.7832633168    0.7867417663    0.7903091580    0.7939753085    0.7977412909
  0.8016251832    0.8056253761    0.8097605914    0.8140431672    0.8184760004
  0.8230810851    0.8278761774    0.8328723282    0.8380924970    0.8435463399
