  0.0000000000    0.0150000000
  0.0002500000    0.0010000000    179    30
  -0.0000002608    0.0016875193    0.0033770695    0.0050698385    0.0067663357
  0.0084670171    0.0101723120    0.0118827030    0.0135986462    0.0153205708
  0.0170489863    0.0187844023    0.0205272481    0.0222780600    0.0240374014
  0.0258057013    0.0275836304    0.0293717518    0.0311706290    0.0329808250
  0.0348031446    0.0366382048    0.0384866491    0.0403493360    0.0422270164
  0.0441206560    0.0460310057    0.0479590580    0.0499058053    0.0518725082
  0.0538602665    0.0558703139    0.0579039648    0.0599629626    0.0620487824
  0.0641631410    0.0663082376    0.0684860572    0.0706990674    0.0729501650
  0.0752420589    0.0775782093    0.0799625859    0.0823993728    0.0848938003
  0.0874513671    0.0900792077    0.0927848592    0.0955773339    0.0984680846
  0.1014710054    0.1046008214    0.1078790441    0.1113293305    0.1149844304
  0.1188855961    0.1230866060    0.1276643053    0.1327286646    0.1384472951
  0.1450894639    0.1528671995    0.1571302488    0.1569317654    0.1567330405
  0.1565342084    0.1563352957    0.1561359271    0.1559366390    0.1557368413
  0.1555366680    0.1553360924    0.1551353827    0.1549337611    0.1547317907
  0.1545294181    0.1543264017    0.1541227415    0.1539184377    0.1537133828
  0.1535078183    0.1533007517    0.1530934438    0.1528853580    0.1526760921
  0.1524665847    0.1522558168    0.1520437345    0.1518309012    0.1516173974
  0.1514018282    0.1511856154    0.1509680614    0.1507501051    0.1505302444
  0.1503091231    0.1500868216    0.1498627231    0.1496369347    0.1494099930
  0.1491820320    0.1489519253    0.1487200484    0.1484862670    0.1482509032
  0.1480146542    0.1477743015    0.1475333318    0.1472909942    0.1470482007
  0.1467971191    0.1465503827    0.1462953582    0.1460405216    0.1457829222
  0.1455274686    0.1452594623    0.1449952111    0.1447255418    0.1444550410
  0.1441826627    0.1439047053    0.1436224833    0.1433342800    0.1430537209
  0.1427570686    0.1424531206    0.1421578363    0.1418374732    0.1415621176
  0.1412046865    0.1408958837    0.1405622438    0.1402212813    0.1398912355
  0.1395274207    0.1391871288    0.1387943462    0.1384571120    0.1381099537
  0.1377510473    0.1373150006    0.1367347583    0.1365596905    0.1364847764
  0.1344480947    0.1350681946    0.1364258483    0.1354769364    0.1341998026
  0.1425787821    0.1440901801    0.1538326606    0.1531236187    0.1813600108
  0.1954189703    0.2089199230    0.2376068994    0.2688472316    0.2848053023
  0.2848053023    0.2848053023    0.2848053023    0.2848053023    0.2848053023
  0.2848053023    0.2848053023    0.2848053023    0.2848053023    0.2848053023
  0.2848053023    0.2848053023    0.2848053023    0.2848053023    0.2848053023
  0.2848053023    0.2848053023    0.2848053023    0.2848053023    0.2848053023
  -0.0000002608    0.0016050950    0.0032118186    0.0048212782    0.0064339295
  0.0080502018    0.0096704170    0.0112950042    0.0129242852    0.0145587161
  0.0161986455    0.0178444758    0.0194966361    0.0211555287    0.0228216097
  0.0244952813    0.0261769459    0.0278670862    0.0295663193    0.0312749133
  0.0329935923    0.0347228125    0.0364630029    0.0382149681    0.0399791107
  0.0417562619    0.0435470387    0.0453520581    0.0471722052    0.0490081504
  0.0508608595    0.0527312443    0.0546202436    0.0565287963    0.0584581897
  0.0604095504    0.0623842999    0.0643837258    0.0664095178    0.0684632048
  0.0705469593    0.0726625517    0.0748123154    0.0769990399    0.0792255953
  0.0814950660    0.0838107511    0.0861772910    0.0885995671    0.0910822734
  0.0936325178    0.0962568179    0.0989647761    0.1017661288    0.1046730265
  0.1077008918    0.1108677223    0.1141961560    0.1177146778    0.1214603826
  0.1254806921    0.1298416689    0.1346368954    0.1400075093    0.1461644128
  0.1532517210    0.1575392857    0.1573481247    0.1571568295    0.1569653735
  0.1567739442    0.1565823808    0.1563904956    0.1561985567    0.1560061619
  0.1558136061    0.1556207553    0.1554274216    0.1552339002    0.1550396547
  0.1548450872    0.1546500906    0.1544543430    0.1542583808    0.1540616676
  0.1538644180    0.1536658272    0.1534674779    0.1532681361    0.1530679628
  0.1528669581    0.1526654437    0.1524628296    0.1522592768    0.1520551071
  0.1518498644    0.1516435489    0.1514364824    0.1512280211    0.1510188624
  0.1508084163    0.1505968168    0.1503838763    0.1501701042    0.1499548838
  0.1497389928    0.1495205268    0.1493013099    0.1490809932    0.1488583699
  0.1486341104    0.1484088048    0.1481825605    0.1479532048    0.1477223739
  0.1474906579    0.1472567961    0.1470195279    0.1467818841    0.1465412900
  0.1462991670    0.1460538253    0.1458078399    0.1455580190    0.1453069374
  0.1450536028    0.1447968617    0.1445346490    0.1442702636    0.1440050200
  0.1437402859    0.1434625432    0.1431909427    0.1429093912    0.1426192835
  0.1423437402    0.1420580044    0.1417523667    0.1414516911    0.1411516592
  0.1408558652    0.1405526951    0.1401971683    0.1399414197    0.1395349577
  0.1392344430    0.1388937220    0.1385103270    0.1381362125    0.1377436176
  0.1373666599    0.1370178118    0.1367281064    0.1361768052    0.1360447332
  0.1355649933    0.1342558339    0.1345546588    0.1337881371    0.1349897400
  0.1356410071    0.1387893572    0.1451803371    0.1608272448    0.1109368429
  0.1819844559    0.1947193697    0.2169103578    0.2405678704    0.2992387787
  0.3487160936    0.3487160936    0.3487160936    0.3487160936    0.3487160936
  0.3487160936    0.3487160936    0.3487160936    0.3487160936    0.3487160936
  -0.0000002608    0.0015316829    0.0030646458    0.0045999691    0.0061380550
  0.0076792523    0.0092238560    0.0107722417    0.0123246774    0.0138815388
  0.0154431209    0.0170097455    0.0185817882    0.0201596245    0.0217435226
  0.0233338848    0.0249310598    0.0265355036    0.0281475112    0.0297675386
  0.0313959613    0.0330332622    0.0346797630    0.0363360807    0.0380025908
  0.0396798834    0.0413683608    0.0430687472    0.0447813645    0.0465070173
  0.0482462689    0.0499997631    0.0517684117    0.0535526440    0.0553535596
  0.0571718559    0.0590085253    0.0608646944    0.0627410069    0.0646392062
  0.0665600970    0.0685052887    0.0704761222    0.0724742606    0.0745014474
  0.0765597746    0.0786514685    0.0807788089    0.0829446122    0.0851519898
  0.0874043480    0.0897053078    0.0920599654    0.0944728270    0.0969499543
  0.0994985357    0.1021261618    0.1048431858    0.1076601222    0.1105910793
  0.1136524454    0.1168652490    0.1202541396    0.1238529935    0.1277031973
  0.1318613455    0.1364075020    0.1414594159    0.1471820697    0.1536717817
  0.1579368427    0.1577521190    0.1575674757    0.1573828056    0.1571980014
  0.1570131972    0.1568282321    0.1566429988    0.1564577118    0.1562721565
  0.1560864136    0.1559003487    0.1557138011    0.1555272803    0.1553401425
  0.1551527366    0.1549647674    0.1547764495    0.1545877025    0.1543983385
  0.1542084917    0.1540178671    0.1538269475    0.1536352232    0.1534431502
  0.1532502189    0.1530565903    0.1528623715    0.1526673749    0.1524715468
  0.1522749946    0.1520775571    0.1518792078    0.1516799733    0.1514800683
  0.1512789562    0.1510772005    0.1508741036    0.1506697729    0.1504647717
  0.1502584293    0.1500514165    0.1498426870    0.1496326968    0.1494214997
  0.1492092565    0.1489955112    0.1487804517    0.1485643193    0.1483468190
  0.1481265023    0.1479053810    0.1476829454    0.1474583372    0.1472324952
  0.1470046148    0.1467747763    0.1465426311    0.1463091716    0.1460742906
  0.1458359495    0.1455977425    0.1453551099    0.1451119676    0.1448647752
  0.1446134791    0.1443630680    0.1441094652    0.1438519463    0.1435906991
  0.1433272257    0.1430602923    0.1427889869    0.1425232604    0.1422487631
  0.1419603989    0.1416734561    0.1413826779    0.1411001340    0.1408070490
  0.1405086532    0.1401899800    0.1398588613    0.1395285740    0.1392118588
  0.1389237091    0.1384855971    0.1382664606    0.1378698692    0.1375862256
  0.1372111991    0.1368055150    0.1365976974    0.1358729377    0.1353269204
  0.1355609164    0.1348548517    0.1342193559    0.1346902981    0.1337318644
  0.1368687078    0.1320018932    0.1474501565    0.1249999866    0.1621259972
  0.1695203647    0.1812481359    0.2072936729    0.1671862260    0.2657430306
  -0.0000002608    0.0014658079    0.0029326811    0.0044015393    0.0058727846
  0.0073467657    0.0088236973    0.0103038743    0.0117876187    0.0132751718
  0.0147668019    0.0162628308    0.0177635267    0.0192691848    0.0207800999
  0.0222965404    0.0238189086    0.0253474459    0.0268824473    0.0284243420
  0.0299733713    0.0315299109    0.0330943629    0.0346670762    0.0362483725
  0.0378387347    0.0394385651    0.0410482660    0.0426683471    0.0442991570
  0.0459413126    0.0475952432    0.0492615387    0.0509408161    0.0526335582
  0.0543406233    0.0560623869    0.0577998146    0.0595535770    0.0613244250
  0.0631134585    0.0649213210    0.0667493537    0.0685985491    0.0704699263
  0.0723649606    0.0742850736    0.0762320355    0.0782069728    0.0802121654
  0.0822495714    0.0843217120    0.0864307597    0.0885803089    0.0907726660
  0.0930126056    0.0953031585    0.0976502523    0.1000589564    0.1025354400
  0.1050875619    0.1077244416    0.1104558691    0.1132947728    0.1162563071
  0.1193588719    0.1226251587    0.1260843232    0.1297737554    0.1337423250
  0.1380573824    0.1428160772    0.1481499717    0.1541189060    0.1583239391
  0.1581451431    0.1579664007    0.1577876583    0.1576090768    0.1574302539
  0.1572513506    0.1570723400    0.1568933293    0.1567140773    0.1565346375
  0.1563550636    0.1561751142    0.1559950843    0.1558145717    0.1556339785
  0.1554529026    0.1552714780    0.1550896779    0.1549074218    0.1547248438
  0.1545417562    0.1543581322    0.1541736498    0.1539890334    0.1538039610
  0.1536182716    0.1534318849    0.1532450423    0.1530574217    0.1528692111
  0.1526802763    0.1524908319    0.1523003682    0.1521091536    0.1519174293
  0.1517245784    0.1515311375    0.1513364896    0.1511412516    0.1509449944
  0.1507479057    0.1505496904    0.1503503487    0.1501501486    0.1499487683
  0.1497464761    0.1495428964    0.1493379489    0.1491323575    0.1489251032
  0.1487163469    0.1485070005    0.1482955888    0.1480831042    0.1478697076
  0.1476539239    0.1474367186    0.1472181454    0.1469977751    0.1467756882
  0.1465519115    0.1463269010    0.1461006299    0.1458700404    0.1456392899
  0.1454060182    0.1451710835    0.1449322328    0.1446932212    0.1444531098
  0.1442070171    0.1439619705    0.1437075898    0.1434576347    0.1432029858
  0.1429416582    0.1426800355    0.1424167767    0.1421558514    0.1418784037
  0.1416018143    0.1413178220    0.1410419300    0.1407606468    0.1404527292
  0.1401636943    0.1398706093    0.1395426825    0.1392520383    0.1389114246
  0.1386145845    0.1382624909    0.1379311845    0.1377447173    0.1374145642
  0.1369055346    0.1364257678    0.1360944346    0.1359727696    0.1359865829
  0.1351827517    0.1348009393    0.1344072983    0.1329085872    0.1340238765
  -0.0000002608    0.0014063701    0.0028135374    0.0042224482    0.0056334510
  0.0070467874    0.0084627256    0.0098815337    0.0113034263    0.0127286449
  0.0141574040    0.0155900523    0.0170266971    0.0184677139    0.0199132368
  0.0213636413    0.0228190884    0.0242798999    0.0257463440    0.0272186622
  0.0286971495    0.0301821813    0.0316739187    0.0331727639    0.0346789584
  0.0361928776    0.0377148703    0.0392452583    0.0407844171    0.0423326954
  0.0438904420    0.0454581931    0.0470362708    0.0486251846    0.0502253368
  0.0518371567    0.0534613952    0.0550983205    0.0567486838    0.0584131017
  0.0600920573    0.0617864624    0.0634968534    0.0652241424    0.0669692144
  0.0687326595    0.0705159262    0.0723196849    0.0741452232    0.0759937212
  0.0778667614    0.0797655508    0.0816915914    0.0836472705    0.0856338218
  0.0876540348    0.0897103772    0.0918049142    0.0939412668    0.0961229220
  0.0983536080    0.1006383672    0.1029818401    0.1053901687    0.1078702733
  0.1104308441    0.1130807057    0.1158318475    0.1186979488    0.1216957465
  0.1248452231    0.1281722084    0.1317096934    0.1354992256    0.1395987138
  0.1440889195    0.1490711227    0.1545821235    0.1587014332    0.1585280821
  0.1583547041    0.1581814602    0.1580082431    0.1578349188    0.1576616481
  0.1574883506    0.1573148385    0.1571413800    0.1569675729    0.1567937925
  0.1566197976    0.1564455077    0.1562711373    0.1560963914    0.1559214577
  0.1557462826    0.1555706516    0.1553948596    0.1552185312    0.1550419345
  0.1548650697    0.1546876147    0.1545094624    0.1543311223    0.1541523799
  0.1539731547    0.1537933931    0.1536130682    0.1534323141    0.1532507285
  0.1530686870    0.1528860286    0.1527026460    0.1525188342    0.1523341373
  0.1521487698    0.1519628122    0.1517760500    0.1515883490    0.1514000311
  0.1512106940    0.1510206327    0.1508299008    0.1506378278    0.1504452720
  0.1502515897    0.1500567272    0.1498609260    0.1496646419    0.1494669095
  0.1492677018    0.1490676358    0.1488668457    0.1486641511    0.1484603032
  0.1482553825    0.1480496034    0.1478424028    0.1476326808    0.1474223956
  0.1472112790    0.1469978020    0.1467835203    0.1465665832    0.1463484928
  0.1461290345    0.1459079400    0.1456834659    0.1454588041    0.1452312991
  0.1450023994    0.1447710857    0.1445377067    0.1443024769    0.1440646455
  0.1438262239    0.1435832158    0.1433358088    0.1430888042    0.1428377762
  0.1425918981    0.1423285320    0.1420704767    0.1418092564    0.1415425912
  0.1412630245    0.1409984246    0.1407241955    0.1404413834    0.1401611730
  0.1398714676    0.1395672247    0.1393097058    0.1389513090    0.1386587873
  0.1383172616    0.1380179808    0.1377004609    0.1373046204    0.1370371774
  -0.0000002608    0.0013523772    0.0027054176    0.0040599063    0.0054162458
  0.0067746237    0.0081353083    0.0094984874    0.0108644024    0.0122331873
  0.0136051372    0.0149804398    0.0163593099    0.0177419618    0.0191286102
  0.0205194160    0.0219147280    0.0233147070    0.0247195944    0.0261295244
  0.0275449261    0.0289659068    0.0303927615    0.0318257585    0.0332651392
  0.0347111180    0.0361640438    0.0376242384    0.0390919700    0.0405674532
  0.0420510903    0.0435432568    0.0450441405    0.0465541705    0.0480737224
  0.0496031985    0.0511430547    0.0526936129    0.0542553023    0.0558286056
  0.0574141398    0.0590122268    0.0606235638    0.0622486874    0.0638881609
  0.0655427352    0.0672129199    0.0688997880    0.0706038758    0.0723261222
  0.0740675464    0.0758289531    0.0776116297    0.0794167027    0.0812452450
  0.0830990270    0.0849794164    0.0868880495    0.0888270989    0.0907983348
  0.0928040102    0.0948472634    0.0969304815    0.0990570709    0.1012305990
  0.1034558132    0.1057372734    0.1080807194    0.1104924276    0.1129797474
  0.1155517176    0.1182190940    0.1209938928    0.1238915637    0.1269300774
  0.1301313743    0.1335245028    0.1371469334    0.1410455242    0.1452870622
  0.1499515310    0.1550553724    0.1590703174    0.1589018747    0.1587334320
  0.1585651770    0.1583968416    0.1582286134    0.1580603585    0.1578922108
  0.1577237681    0.1575554326    0.1573869631    0.1572182789    0.1570496485
  0.1568807498    0.1567116633    0.1565424696    0.1563729271    0.1562033311
  0.1560334131    0.1558632270    0.1556927994    0.1555219963    0.1553509519
  0.1551794514    0.1550077096    0.1548351631    0.1546625361    0.1544895068
  0.1543161288    0.1541422412    0.1539679512    0.1537930980    0.1536178693
  0.1534421578    0.1532656416    0.1530887231    0.1529112414    0.1527331695
  0.1525544807    0.1523752287    0.1521950647    0.1520144448    0.1518330738
  0.1516507909    0.1514681593    0.1512848035    0.1511003748    0.1509150878
  0.1507291570    0.1505422339    0.1503547207    0.1501659468    0.1499766096
  0.1497860387    0.1495947972    0.1494020805    0.1492087200    0.1490141258
  0.1488186464    0.1486219332    0.1484242007    0.1482252076    0.1480249807
  0.1478235468    0.1476206914    0.1474166021    0.1472111449    0.1470041856
  0.1467963681    0.1465861902    0.1463753149    0.1461624816    0.1459480658
  0.1457318798    0.1455141917    0.1452944383    0.1450732365    0.1448496476
  0.1446242347    0.1443965152    0.1441681251    0.1439377770    0.1437023595
  0.1434661910    0.1432289496    0.1429871216    0.1427426651    0.1424987450
  0.1422480926    0.1419970647    0.1417410210    0.1414829120    0.1412241593
  0.1409600154    0.1406967834    0.1404198721    0.1401491299    0.1398613825
  -0.0000002608    0.0013031319    0.0026067659    0.0039116606    0.0052181378
  0.0065264657    0.0078367785    0.0091492906    0.0104642168    0.0117817178
  0.0131020084    0.0144251958    0.0157515481    0.0170812532    0.0184144452
  0.0197513923    0.0210922018    0.0224371687    0.0237863734    0.0251401111
  0.0264985695    0.0278618827    0.0292303726    0.0306042001    0.0319836065
  0.0333687797    0.0347600147    0.0361574993    0.0375615284    0.0389722630
  0.0403900787    0.0418152437    0.0432478383    0.0446883991    0.0461370334
  0.0475941703    0.0490601584    0.0505351588    0.0520197347    0.0535140470
  0.0550186589    0.0565338120    0.0580600694    0.0595978066    0.0611474529
  0.0627096251    0.0642846182    0.0658732906    0.0674760446    0.0690933898
  0.0707262650    0.0723752871    0.0740410998    0.0757245883    0.0774267718
  0.0791483477    0.0808906838    0.0826548800    0.0844419286    0.0862531707
  0.0880901352    0.0899547532    0.0918481514    0.0937729314    0.0957311586
  0.0977252200    0.0997575834    0.1018317893    0.1039513245    0.1061195955
  0.1083420739    0.1106227562    0.1129685089    0.1153861180    0.1178840593
  0.1204708621    0.1231588110    0.1259602979    0.1288925424    0.1319745079
  0.1352319971    0.1386950776    0.1424059674    0.1464186594    0.1507940128
  0.1555341467    0.1594313160    0.1592674062    0.1591034427    0.1589396670
  0.1587759987    0.1586123034    0.1584486887    0.1582850471    0.1581213787
  0.1579577908    0.1577938542    0.1576301590    0.1574662760    0.1573022589
  0.1571380541    0.1569737151    0.1568094030    0.1566447690    0.1564798400
  0.1563149378    0.1561494991    0.1559840068    0.1558183268    0.1556522980
  0.1554858670    0.1553192213    0.1551518783    0.1549844548    0.1548168436
  0.1546486691    0.1544801459    0.1543112740    0.1541420802    0.1539722964
  0.1538020566    0.1536314145    0.1534602627    0.1532886282    0.1531164572
  0.1529437497    0.1527704790    0.1525965914    0.1524222746    0.1522470996
  0.1520713076    0.1518951401    0.1517179802    0.1515404984    0.1513620242
  0.1511830673    0.1510031715    0.1508225784    0.1506413147    0.1504591659
  0.1502762392    0.1500923470    0.1499075964    0.1497220948    0.1495355472
  0.1493481681    0.1491599306    0.1489704326    0.1487801567    0.1485887274
  0.1483960643    0.1482024089    0.1480078414    0.1478120938    0.1476148173
  0.1474163607    0.1472168580    0.1470157459    0.1468140438    0.1466107056
  0.1464052483    0.1461992547    0.1459911421    0.1457813129    0.1455705985
  0.1453584895    0.1451438859    0.1449276194    0.1447095022    0.1444907948
  0.1442685202    0.1440451190    0.1438191161    0.1435922012    0.1433608875
  0.1431301907    0.1428935394    0.1426607773    0.1424190298    0.1421762899
  -0.0000002608    0.0012579903    0.0025163487    0.0037758067    0.0050366327
  0.0062990949    0.0075633273    0.0088294908    0.0100978270    0.0113683894
  0.0126414195    0.0139171049    0.0151955530    0.0164768979    0.0177614078
  0.0190491900    0.0203404590    0.0216353223    0.0229339674    0.0242366090
  0.0255434081    0.0268545523    0.0281702027    0.0294905201    0.0308157727
  0.0321460947    0.0334817275    0.0348227784    0.0361695960    0.0375223681
  0.0388811752    0.0402463660    0.0416181281    0.0429967299    0.0443823591
  0.0457753107    0.0471758530    0.0485842541    0.0500007823    0.0514256790
  0.0528594002    0.0543021068    0.0557542548    0.0572160318    0.0586878940
  0.0601703241    0.0616635904    0.0631681755    0.0646844819    0.0662129924
  0.0677541360    0.0693087175    0.0708769515    0.0724595353    0.0740571395
  0.0756705686    0.0773003861    0.0789475843    0.0806126729    0.0822970733
  0.0840010539    0.0857261971    0.0874737903    0.0892447993    0.0910407797
  0.0928630725    0.0947137430    0.0965943202    0.0985069230    0.1004537508
  0.1024383709    0.1044620439    0.1065295979    0.1086436078    0.1108090356
  0.1130302534    0.1153132156    0.1176636621    0.1200898007    0.1225994632
  0.1252033785    0.1279138580    0.1307443395    0.1337120429    0.1368402228
  0.1401544407    0.1436894313    0.1474894509    0.1516016796    0.1560182318
  0.1597848848    0.1596251324    0.1594654337    0.1593057618    0.1591462508
  0.1589868739    0.1588274434    0.1586680397    0.1585087433    0.1583493933
  0.1581899092    0.1580304787    0.1578709945    0.1577113762    0.1575517312
  0.1573918983    0.1572321191    0.1570720181    0.1569118366    0.1567514136
  0.1565909639    0.1564302459    0.1562692061    0.1561080590    0.1559465900
  0.1557849064    0.1556229278    0.1554602787    0.1552978709    0.1551349267
  0.1549715534    0.1548081532    0.1546442434    0.1544800922    0.1543153509
  0.1541502073    0.1539847687    0.1538188741    0.1536527649    0.1534857705
  0.1533185080    0.1531506553    0.1529823735    0.1528136626    0.1526443347
  0.1524744168    0.1523040429    0.1521330521    0.1519615784    0.1517893270
  0.1516162172    0.1514427587    0.1512685761    0.1510938302    0.1509182259
  0.1507418439    0.1505647913    0.1503869876    0.1502084062    0.1500291541
  0.1498489365    0.1496679410    0.1494861677    0.1493033484    0.1491197243
  0.1489349738    0.1487495258    0.1485630587    0.1483753309    0.1481869593
  0.1479972735    0.1478065416    0.1476144955    0.1474218592    0.1472278014
  0.1470324293    0.1468358234    0.1466380641    0.1464393392    0.1462385759
  0.1460371152    0.1458334282    0.1456288025    0.1454224333    0.1452149913
  0.1450057521    0.1447943136    0.1445816144    0.1443675473    0.1441510394
  -0.0000002608    0.0012164161    0.0024331197    0.0036507621    0.0048696384
  0.0060899094    0.0073117629    0.0085353866    0.0097608611    0.0109883741
  0.0122180596    0.0134500787    0.0146845654    0.0159217075    0.0171615854
  0.0184044138    0.0196502998    0.0208993778    0.0221518889    0.0234078869
  0.0246675327    0.0259310946    0.0271986529    0.0284703955    0.0297464296
  0.0310269430    0.0323121771    0.0336021587    0.0348972365    0.0361975446
  0.0375031099    0.0388143882    0.0401313260    0.0414543256    0.0427834675
  0.0441189930    0.0454610631    0.0468100533    0.0481659904    0.0495294109
  0.0509002075    0.0522788629    0.0536655650    0.0550606087    0.0564643428
  0.0578770086    0.0592989281    0.0607303157    0.0621717885    0.0636235341
  0.0650859550    0.0665593997    0.0680443242    0.0695412651    0.0710505977
  0.0725730732    0.0741088793    0.0756587133    0.0772230849    0.0788028255
  0.0803986326    0.0820112035    0.0836414501    0.0852900162    0.0869579211
  0.0886463985    0.0903561190    0.0920889869    0.0938454315    0.0956278130
  0.0974371508    0.0992754832    0.1011446610    0.1030468032    0.1049846992
  0.1069608435    0.1089779451    0.1110396788    0.1131507382    0.1153146371
  0.1175368473    0.1198232159    0.1221803680    0.1246159479    0.1271396652
  0.1297617391    0.1324953124    0.1353549764    0.1383603379    0.1415333107
  0.1449033186    0.1485063568    0.1523767576    0.1565015391    0.1601316944
  0.1599756971    0.1598198876    0.1596641585    0.1595084831    0.1593529955
  0.1591975078    0.1590420470    0.1588866398    0.1587312058    0.1585758522
  0.1584204718    0.1582649574    0.1581094429    0.1579539552    0.1577982798
  0.1576425239    0.1574866876    0.1573307976    0.1571746930    0.1570184544
  0.1568620011    0.1567054942    0.1565487191    0.1563918367    0.1562346324
  0.1560772941    0.1559196874    0.1557618931    0.1556031600    0.1554448023
  0.1552860960    0.1551270410    0.1549677715    0.1548080996    0.1546481058
  0.1544878706    0.1543271527    0.1541659787    0.1540045097    0.1538427457
  0.1536803380    0.1535174474    0.1533543691    0.1531907544    0.1530265763
  0.1528621033    0.1526968792    0.1525311992    0.1523651704    0.1521984980
  0.1520312086    0.1518634096    0.1516948327    0.1515260145    0.1513565794
  0.1511860713    0.1510152951    0.1508434996    0.1506715432    0.1504985407
  0.1503250018    0.1501503631    0.1499750808    0.1497991815    0.1496225312
  0.1494450226    0.1492664143    0.1490875378    0.1489070788    0.1487265125
  0.1485443905    0.1483613834    0.1481776789    0.1479927137    0.1478068903
  0.1476200208    0.1474322662    0.1472434655    0.1470526531    0.1468617335
  0.1466692314    0.1464752540    0.1462805793    0.1460848048    0.1458869919
  -0.0000002608    0.0011780336    0.0023562476    0.0035352930    0.0047153845
  0.0058967367    0.0070795104    0.0082638398    0.0094498053    0.0106376216
  0.0118273422    0.0130192086    0.0142132208    0.0154096201    0.0166084871
  0.0178099290    0.0190141603    0.0202212617    0.0214313403    0.0226445571
  0.0238610998    0.0250810489    0.0263046190    0.0275318369    0.0287629172
  0.0299980476    0.0312373087    0.0324808344    0.0337288126    0.0349814042
  0.0362387165    0.0375010714    0.0387684688    0.0400411502    0.0413192227
  0.0426029280    0.0438924268    0.0451879337    0.0464896902    0.0477977499
  0.0491123810    0.0504337981    0.0517623499    0.0530979827    0.0544411793
  0.0557921007    0.0571512029    0.0585182980    0.0598939493    0.0612784252
  0.0626721010    0.0640750840    0.0654878035    0.0669107959    0.0683440611
  0.0697882965    0.0712438241    0.0727108851    0.0741902038    0.0756821290
  0.0771872774    0.0787058905    0.0802390143    0.0817867562    0.0833502963
  0.0849301711    0.0865268365    0.0881415531    0.0897749916    0.0914282784
  0.0931019768    0.0947980717    0.0965173140    0.0982612327    0.1000311688
  0.1018288925    0.1036561474    0.1055154011    0.1074086919    0.1093384072
  0.1113077119    0.1133196637    0.1153779909    0.1174865827    0.1196502671
  0.1218743548    0.1241654441    0.1265297577    0.1289763346    0.1315140262
  0.1341545537    0.1369108990    0.1397993967    0.1428391978    0.1460548446
  0.1494740441    0.1531231627    0.1569818422    0.1604721203    0.1603197441
  0.1601675019    0.1600153670    0.1598632589    0.1597113118    0.1595594987
  0.1594076857    0.1592559531    0.1591041401    0.1589524612    0.1588008627
  0.1586491570    0.1584974244    0.1583456382    0.1581937179    0.1580419049
  0.1578899309    0.1577378228    0.1575858489    0.1574334189    0.1572810963
  0.1571286127    0.1569759145    0.1568230286    0.1566700354    0.1565168813
  0.1563633516    0.1562098488    0.1560559973    0.1559015021    0.1557471946
  0.1555926993    0.1554379091    0.1552827165    0.1551273629    0.1549716339
  0.1548155829    0.1546593443    0.1545026496    0.1543454990    0.1541882411
  0.1540305540    0.1538723841    0.1537138924    0.1535548374    0.1533955947
  0.1532357082    0.1530755535    0.1529148623    0.1527538225    0.1525920853
  0.1524298921    0.1522673771    0.1521040842    0.1519405767    0.1517763451
  0.1516114429    0.1514459774    0.1512801364    0.1511135980    0.1509463891
  0.1507786170    0.1506100401    0.1504410341    0.1502711430    0.1501007155
  0.1499294296    0.1497576073    0.1495846584    0.1494113341    0.1492369637
  0.1490617618    0.1488861308    0.1487096146    0.1485313281    0.1483528003
  0.1481739774    0.1479935452    0.1478123620    0.1476299450    0.1474472061
  -0.0000002608    0.0011424139    0.0022849813    0.0034282193    0.0045724228
  0.0057177261    0.0068642899    0.0080122218    0.0091616824    0.0103127524
  0.0114655659    0.0126202300    0.0137768790    0.0149356201    0.0160966143
  0.0172599152    0.0184256837    0.0195940539    0.0207650796    0.0219389215
  0.0231157675    0.0242955908    0.0254787132    0.0266650811    0.0278549358
  0.0290483579    0.0302454546    0.0314464673    0.0326513425    0.0338604823
  0.0350737259    0.0362914488    0.0375135973    0.0387405202    0.0399722710
  0.0412089035    0.0424507663    0.0436978862    0.0449505046    0.0462087288
  0.0474726662    0.0487427458    0.0500188604    0.0513013318    0.0525904283
  0.0538863108    0.0551890865    0.0564989701    0.0578163102    0.0591413483
  0.0604741380    0.0618150547    0.0631643936    0.0645223960    0.0658893302
  0.0672655180    0.0686511740    0.0700469419    0.0714527950    0.0728694305
  0.0742968485    0.0757358000    0.0771865532    0.0786495373    0.0801254228
  0.0816145852    0.0831176147    0.0846351281    0.0861676082    0.0877161548
  0.0892809823    0.0908633247    0.0924636111    0.0940831557    0.0957227364
  0.0973835602    0.0990667805    0.1007737115    0.1025056139    0.1042646334
  0.1060518697    0.1078696564    0.1097198710    0.1116053298    0.1135281786
  0.1154915288    0.1174990818    0.1195544317    0.1216618165    0.1238260105
  0.1260531560    0.1283491001    0.1307214871    0.1331779882    0.1357294664
  0.1383867845    0.1411642656    0.1440783247    0.1471478179    0.1503970459
  0.1538416460    0.1574607506    0.1608066186    0.1606575415    0.1605086252
  0.1603598431    0.1602111146    0.1600626007    0.1599140331    0.1597656533
  0.1596172735    0.1594690278    0.1593206748    0.1591724023    0.1590242103
  0.1588759914    0.1587277457    0.1585794464    0.1584310934    0.1582826599
  0.1581341997    0.1579857931    0.1578371987    0.1576884165    0.1575396344
  0.1573906645    0.1572416142    0.1570924297    0.1569430843    0.1567936853
  0.1566438571    0.1564940289    0.1563439861    0.1561932996    0.1560428813
  0.1558920875    0.1557411328    0.1555899635    0.1554385260    0.1552866861
  0.1551347926    0.1549824700    0.1548299327    0.1546769395    0.1545238391
  0.1543702021    0.1542163238    0.1540620700    0.1539075211    0.1537525430
  0.1535971895    0.1534414873    0.1532853290    0.1531288221    0.1529716983
  0.1528141454    0.1526564047    0.1524980202    0.1523392603    0.1521798298
  0.1520200506    0.1518596813    0.1516988292    0.1515374139    0.1513755158
  0.1512130812    0.1510498688    0.1508863077    0.1507219955    0.1505570397
  0.1503915742    0.1502253577    0.1500583634    0.1498910472    0.1497226045
  0.1495539472    0.1493842974    0.1492140844    0.1490429059    0.1488709226
  -0.0000002608    0.0011093155    0.0022186771    0.0033286825    0.0044395193
  0.0055513218    0.0066642508    0.0077784136    0.0088939175    0.0100108698
  0.0111294046    0.0122496024    0.0133715972    0.0144954428    0.0156213269
  0.0167492762    0.0178794518    0.0190119609    0.0201468840    0.0212843284
  0.0224244550    0.0235673442    0.0247130767    0.0258617863    0.0270136073
  0.0281686738    0.0293270394    0.0304888383    0.0316542313    0.0328232989
  0.0339961216    0.0351729140    0.0363537833    0.0375388369    0.0387281552
  0.0399219260    0.0411202297    0.0423233345    0.0435312405    0.0447441891
  0.0459622875    0.0471856698    0.0484145507    0.0496489301    0.0508891836
  0.0521353379    0.0533875808    0.0546461806    0.0559112176    0.0571829334
  0.0584614888    0.0597472057    0.0610401645    0.0623406604    0.0636489078
  0.0649651483    0.0662895694    0.0676224932    0.0689642951    0.0703150555
  0.0716751501    0.0730449542    0.0744248435    0.0758148983    0.0772157893
  0.0786278114    0.0800513133    0.0814870462    0.0829349026    0.0843957946
  0.0858702853    0.0873585895    0.0888617530    0.0903801247    0.0919143483
  0.0934656844    0.0950342938    0.0966214642    0.0982280806    0.0998551354
  0.1015037283    0.1031751469    0.1048705712    0.1065919057    0.1083404645
  0.1101182863    0.1119274095    0.1137692019    0.1156476602    0.1175644740
  0.1195228890    0.1215268746    0.1235797301    0.1256863102    0.1278518721
  0.1300812170    0.1323821768    0.1347613767    0.1372273996    0.1397900894
  0.1424619451    0.1452563509    0.1481887296    0.1512780443    0.1545348361
  0.1579346165    0.1611356184    0.1609896794    0.1608438477    0.1606980428
  0.1605525061    0.1604070768    0.1602617010    0.1601165131    0.1599713519
  0.1598261908    0.1596810833    0.1595360294    0.1593910560    0.1592460290
  0.1591010287    0.1589560285    0.1588109747    0.1586659208    0.1585208401
  0.1583756790    0.1582305178    0.1580851153    0.1579397663    0.1577943102
  0.1576487735    0.1575031027    0.1573572978    0.1572113588    0.1570652589
  0.1569190785    0.1567726836    0.1566260740    0.1564789012    0.1563319966
  0.1561847970    0.1560375974    0.1558899686    0.1557421520    0.1555940941
  0.1554459020    0.1552972808    0.1551484987    0.1549994752    0.1548500761
  0.1547003821    0.1545504466    0.1544001624    0.1542495295    0.1540986285
  0.1539474055    0.1537957534    0.1536436722    0.1534915105    0.1533386782
  0.1531854436    0.1530319944    0.1528779820    0.1527236745    0.1525687769
  0.1524135038    0.1522577748    0.1521016166    0.1519449487    0.1517878518
  0.1516300842    0.1514720753    0.1513133422    0.1511540458    0.1509944007
  0.1508338973    0.1506730452    0.1505115226    0.1503492221    0.1501866803
  -0.0000002608    0.0010784164    0.0021568790    0.0032358512    0.0043155745
  0.0053961560    0.0064777300    0.0075604036    0.0086443111    0.0097295329
  0.0108161226    0.0119042680    0.0129939958    0.0140854135    0.0151786283
  0.0162737742    0.0173708782    0.0184701011    0.0195715234    0.0206752256
  0.0217813149    0.0228898719    0.0240010306    0.0251149252    0.0262315556
  0.0273511097    0.0284736678    0.0295993105    0.0307281986    0.0318603858
  0.0329959795    0.0341351405    0.0352779225    0.0364244595    0.0375748858
  0.0387292817    0.0398877814    0.0410505459    0.0422176287    0.0433891103
  0.0445652857    0.0457462087    0.0469319060    0.0481225654    0.0493184552
  0.0505196288    0.0517261669    0.0529382572    0.0541561142    0.0553799257
  0.0566097721    0.0578458682    0.0590882137    0.0603373453    0.0615930483
  0.0628558859    0.0641258046    0.0654030994    0.0666880116    0.0679807022
  0.0692816272    0.0705906793    0.0719084755    0.0732351229    0.0745707288
  0.0759159371    0.0772709623    0.0786359116    0.0800115362    0.0813977286
  0.0827953473    0.0842045531    0.0856258020    0.0870597377    0.0885066554
  0.0899671450    0.0914419308    0.0929315493    0.0944362953    0.0959577516
  0.0974957570    0.0990517870    0.1006266460    0.1022211388    0.1038362309
  0.1054733172    0.1071336046    0.1088188633    0.1105300054    0.1122690961
  0.1140379056    0.1158387944    0.1176736936    0.1195453122    0.1214564130
  0.1234103486    0.1254106864    0.1274615034    0.1295674130    0.1317333773
  0.1339652434    0.1362696096    0.1386536106    0.1411263660    0.1436972633
  0.1463781580    0.1491813079    0.1521219477    0.1552046642    0.1584044591
  0.1614592537    0.1613162383    0.1611732498    0.1610305831    0.1608878896
  0.1607454374    0.1606030121    0.1604607478    0.1603184566    0.1601763263
  0.1600341961    0.1598921999    0.1597502306    0.1596082076    0.1594662383
  0.1593242422    0.1591824070    0.1590403572    0.1588983074    0.1587563381
  0.1586142614    0.1584721580    0.1583299473    0.1581876829    0.1580454186
  0.1579029396    0.1577604607    0.1576178208    0.1574751005    0.1573321924
  0.1571892843    0.1570460811    0.1569028243    0.1567590043    0.1566153184
  0.1564714715    0.1563275710    0.1561833754    0.1560389385    0.1558944747
  0.1557495549    0.1556044742    0.1554592326    0.1553136691    0.1551679716
  0.1550218180    0.1548755035    0.1547288403    0.1545821235    0.1544347897
  0.1542873755    0.1541395590    0.1539913937    0.1538430139    0.1536942318
  0.1535449401    0.1533953533    0.1532456592    0.1530953482    0.1529446080
  0.1527935460    0.1526421621    0.1524901614    0.1523378655    0.1521851137
  0.1520318791    0.1518782154    0.1517240956    0.1515693858    0.1514143541
  -0.0000002608    0.0010495290    0.0020990506    0.0031490281    0.0041996762
  0.0052510753    0.0063033864    0.0073566630    0.0084110394    0.0094665959
  0.0105234131    0.0115815982    0.0126412585    0.0137024209    0.0147652462
  0.0158297613    0.0168960467    0.0179642633    0.0190344647    0.0201067314
  0.0211811975    0.0222578898    0.0233369425    0.0244184092    0.0255023971
  0.0265890673    0.0276783392    0.0287705079    0.0298655465    0.0309636161
  0.0320647702    0.0331691161    0.0342767343    0.0353878394    0.0365022972
  0.0376204029    0.0387422100    0.0398678795    0.0409973845    0.0421309128
  0.0432685718    0.0444105491    0.0455568448    0.0467076197    0.0478629008
  0.0490229025    0.0501878396    0.0513577119    0.0525327876    0.0537129328
  0.0548985496    0.0560897186    0.0572864398    0.0584890887    0.0596976116
  0.0609123841    0.0621334329    0.0633609191    0.0645950571    0.0658361420
  0.0670842007    0.0683395013    0.0696022585    0.0708727136    0.0721509740
  0.0734374955    0.0747323051    0.0760359123    0.0773482367    0.0786698952
  0.0800009683    0.0813421264    0.0826931551    0.0840549126    0.0854275599
  0.0868113920    0.0882070258    0.0896149710    0.0910356030    0.0924691901
  0.0939166442    0.0953784212    0.0968551382    0.0983474925    0.0998561010
  0.1013821438    0.1029264793    0.1044891343    0.1060720667    0.1076764032
  0.1093024656    0.1109525606    0.1126277342    0.1143293545    0.1160595939
  0.1178200886    0.1196129307    0.1214407489    0.1233059838    0.1252119079
  0.1271613643    0.1291581884    0.1312063769    0.1333108649    0.1354760781
  0.1377084002    0.1400136247    0.1424005225    0.1448753163    0.1474486277
  0.1501305953    0.1529311970    0.1558518007    0.1588675424    0.1617779806
  0.1616377011    0.1614975557    0.1613575444    0.1612176135    0.1610779777
  0.1609383151    0.1607987598    0.1606592312    0.1605199173    0.1603806302
  0.1602414235    0.1601022169    0.1599630371    0.1598239109    0.1596848920
  0.1595457658    0.1594066933    0.1592675403    0.1591285214    0.1589893416
  0.1588501886    0.1587110087    0.1585716411    0.1584323809    0.1582929596
  0.1581534848    0.1580139562    0.1578743473    0.1577346042    0.1575947270
  0.1574548498    0.1573147580    0.1571745053    0.1570336625    0.1568931684
  0.1567524597    0.1566116706    0.1564706936    0.1563294217    0.1561880961
  0.1560464755    0.1559046134    0.1557626441    0.1556205675    0.1554780886
  0.1553353146    0.1551924333    0.1550492302    0.1549058124    0.1547620729
  0.1546180382    0.1544737622    0.1543292716    0.1541844323    0.1540392980
  0.1538937882    0.1537479833    0.1536019102    0.1534552202    0.1533083960
  0.1531613842    0.1530138090    0.1528658047    0.1527174518    0.1525686964
  -0.0000002608    0.0010224387    0.0020448431    0.0030676499    0.0040910199
  0.0051150873    0.0061399594    0.0071657166    0.0081924662    0.0092202619
  0.0102492109    0.0112793937    0.0123108640    0.0133437559    0.0143780962
  0.0154140189    0.0164515510    0.0174908265    0.0185318992    0.0195748493
  0.0206197307    0.0216666773    0.0227157965    0.0237671152    0.0248207137
  0.0258766994    0.0269350991    0.0279961273    0.0290597305    0.0301261231
  0.0311952516    0.0322673574    0.0333423868    0.0344205007    0.0355017796
  0.0365863040    0.0376742080    0.0387655452    0.0398603693    0.0409589484
  0.0420611486    0.0431672111    0.0442771897    0.0453912184    0.0465093777
  0.0476317212    0.0487584099    0.0498896316    0.0510253862    0.0521659151
  0.0533112183    0.0544613764    0.0556166574    0.0567771152    0.0579428837
  0.0591140434    0.0602908090    0.0614733681    0.0626618013    0.0638563231
  0.0650569871    0.0662640885    0.0674776807    0.0686979249    0.0699251160
  0.0711593881    0.0724009827    0.0736501142    0.0749070510    0.0761718199
  0.0774447963    0.0787261143    0.0800160423    0.0813153043    0.0826236054
  0.0839414015    0.0852693364    0.0866071418    0.0879557833    0.0893155023
  0.0906865939    0.0920693532    0.0934642628    0.0948721811    0.0962934032
  0.0977284655    0.0991778240    0.1006423637    0.1021227285    0.1036195353
  0.1051338032    0.1066663906    0.1082180485    0.1097900376    0.1113836989
  0.1129995689    0.1146394446    0.1163051501    0.1179976508    0.1197189316
  0.1214713797    0.1232566848    0.1250776365    0.1269367829    0.1288370743
  0.1307814881    0.1327741548    0.1348188296    0.1369201794    0.1390831128
  0.1413133964    0.1436167970    0.1460001811    0.1484717831    0.1510380670
  0.1537078306    0.1564797327    0.1593247786    0.1620921209    0.1619543359
  0.1618167654    0.1616794094    0.1615420535    0.1614049658    0.1612678513
  0.1611309245    0.1609940514    0.1608573392    0.1607206538    0.1605841294
  0.1604475513    0.1603110805    0.1601746097    0.1600381657    0.1599017218
  0.1597653851    0.1596290484    0.1594926849    0.1593563214    0.1592198774
  0.1590834603    0.1589469895    0.1588105455    0.1586739942    0.1585373625
  0.1584006771    0.1582638577    0.1581270114    0.1579901382    0.1578531846
  0.1577160165    0.1575787947    0.1574414656    0.1573040023    0.1571659222
  0.1570282176    0.1568903252    0.1567522720    0.1566140041    0.1564756557
  0.1563371465    0.1561984763    0.1560594305    0.1559203848    0.1557810709
  0.1556413814    0.1555017456    0.1553617343    0.1552214548    0.1550811484
  0.1549403325    0.1547993556    0.1546581373    0.1545166507    0.1543749496
  0.1542328194    0.1540904745    0.1539477542    0.1538048998    0.1536615089
  -0.0000002608    0.0009969845    0.0019939080    0.0029911801    0.0039889619
  0.0049873337    0.0059864566    0.0069863573    0.0079871699    0.0089889213
  0.0099916920    0.0109956160    0.0120007202    0.0130070582    0.0140147641
  0.0150238380    0.0160344675    0.0170465991    0.0180603936    0.0190759316
  0.0200931862    0.0211123452    0.0221334890    0.0231565908    0.0241817310
  0.0252091512    0.0262387440    0.0272706971    0.0283050373    0.0293418452
  0.0303812817    0.0314232394    0.0324680135    0.0335155234    0.0345659032
  0.0356192872    0.0366756484    0.0377352282    0.0387979731    0.0398639366
  0.0409333870    0.0420062974    0.0430827215    0.0441628471    0.0452466473
  0.0463343367    0.0474259958    0.0485215440    0.0496213034    0.0507252738
  0.0518335626    0.0529463306    0.0540636316    0.0551854923    0.0563122079
  0.0574437514    0.0585803643    0.0597220734    0.0608689323    0.0620212898
  0.0631790116    0.0643425003    0.0655117825    0.0666869655    0.0678681567
  0.0690556780    0.0702496096    0.0714501396    0.0726573750    0.0738716379
  0.0750929013    0.0763215676    0.0775577977    0.0788017794    0.0800536469
  0.0813137755    0.0825824067    0.0838599160    0.0851462498    0.0864417300
  0.0877471611    0.0890623823    0.0903876618    0.0917239651    0.0930712923
  0.0944297239    0.0958001450    0.0971832529    0.0985789403    0.0999880120
  0.1014108166    0.1028485611    0.1043013260    0.1057700768    0.1072555646
  0.1087587819    0.1102801040    0.1118211672    0.1133825079    0.1149654672
  0.1165720031    0.1182019547    0.1198580578    0.1215416268    0.1232544854
  0.1249988064    0.1267766550    0.1285902306    0.1304427251    0.1323364720
  0.1342753068    0.1362625822    0.1383024558    0.1403984144    0.1425559565
  0.1447800979    0.1470761493    0.1494500920    0.1519086316    0.1544550136
  0.1570867702    0.1597754970    0.1624016210    0.1622663841    0.1621312276
  0.1619963124    0.1618614510    0.1617267504    0.1615922377    0.1614576712
  0.1613233730    0.1611890212    0.1610548034    0.1609208003    0.1607866630
  0.1606526330    0.1605187103    0.1603848949    0.1602510527    0.1601171300
  0.1599832878    0.1598495528    0.1597157642    0.1595819756    0.1594481066
  0.1593142375    0.1591804221    0.1590465531    0.1589125231    0.1587784931
  0.1586445704    0.1585104600    0.1583762422    0.1582418904    0.1581076190
  0.1579731867    0.1578386471    0.1577039197    0.1575692728    0.1574339554
  0.1572989598    0.1571638837    0.1570285395    0.1568932757    0.1567576632
  0.1566218898    0.1564861432    0.1563499942    0.1562138185    0.1560773477
  0.1559408233    0.1558039770    0.1556670502    0.1555298552    0.1553923920
  0.1552546874    0.1551168486    0.1549786881    0.1548403129    0.1547018036
  -0.0000002608    0.0009730324    0.0019459233    0.0029191628    0.0038928315
  0.0048670635    0.0058419392    0.0068175390    0.0077939168    0.0087711796
  0.0097493812    0.0107285753    0.0117088690    0.0126902893    0.0136729434
  0.0146568850    0.0156421676    0.0166288450    0.0176170513    0.0186068669
  0.0195982113    0.0205913261    0.0215861842    0.0225828663    0.0235815063
  0.0245821044    0.0255847409    0.0265894964    0.0275964245    0.0286056325
  0.0296172544    0.0306312099    0.0316476598    0.0326666310    0.0336882576
  0.0347125396    0.0357395843    0.0367696330    0.0378024176    0.0388383135
  0.0398772672    0.0409193859    0.0419647768    0.0430134401    0.0440654024
  0.0451209590    0.0461801097    0.0472428545    0.0483093545    0.0493796363
  0.0504539952    0.0515321359    0.0526144877    0.0537010238    0.0547917977
  0.0558871046    0.0569867566    0.0580911294    0.0592001155    0.0603139833
  0.0614327326    0.0625565782    0.0636855200    0.0648198530    0.0659594163
  0.0671046928    0.0682556286    0.0694123849    0.0705751225    0.0717438415
  0.0729188636    0.0741004840    0.0752885953    0.0764834121    0.0776853099
  0.0788943693    0.0801105902    0.0813346699    0.0825662598    0.0838060036
  0.0850539550    0.0863105431    0.0875754192    0.0888497099    0.0901334956
  0.0914265350    0.0927298740    0.0940431103    0.0953673437    0.0967026010
  0.0980491772    0.0994079575    0.1007790491    0.1021629617    0.1035606071
  0.1049717978    0.1063981161    0.1078397229    0.1092971817    0.1107716724
  0.1122636244    0.1137744322    0.1153047934    0.1168560490    0.1184287623
  0.1200249448    0.1216456965    0.1232923850    0.1249671027    0.1266713515
  0.1284072772    0.1301772401    0.1319832250    0.1338280752    0.1357148752
  0.1376464948    0.1396263942    0.1416578725    0.1437460259    0.1458940461
  0.1481065735    0.1503881410    0.1527438983    0.1551737383    0.1576754883
  0.1602202877    0.1627071247    0.1625740871    0.1624413177    0.1623086289
  0.1621761009    0.1620437607    0.1619114742    0.1617792413    0.1616472766
  0.1615153119    0.1613835081    0.1612516239    0.1611199543    0.1609884188
  0.1608567491    0.1607252941    0.1605937585    0.1604624107    0.1603310093
  0.1601995543    0.1600680992    0.1599367514    0.1598054573    0.1596740022
  0.1595426276    0.1594111994    0.1592797980    0.1591483429    0.1590167269
  0.1588852450    0.1587536022    0.1586219326    0.1584902093    0.1583583251
  0.1582264140    0.1580944225    0.1579624310    0.1578302518    0.1576975092
  0.1575651154    0.1574326947    0.1573000595    0.1571673438    0.1570343599
  0.1569012687    0.1567681506    0.1566347912    0.1565012977    0.1563676700
  0.1562338278    0.1560998246    0.1559655532    0.1558311746    0.1556966081
  -0.0000002608    0.0009503946    0.0019006744    0.0028512225    0.0038021460
  0.0047535792    0.0057056025    0.0066582695    0.0076116607    0.0085658029
  0.0095208302    0.0104767695    0.0114337012    0.0123916522    0.0133507028
  0.0143109336    0.0152724251    0.0162352040    0.0171993241    0.0181648925
  0.0191319361    0.0201005623    0.0210707709    0.0220426694    0.0230163381
  0.0239918038    0.0249691203    0.0259483948    0.0269296810    0.0279130325
  0.0288985029    0.0298862264    0.0308762029    0.0318685129    0.0328632370
  0.0338604018    0.0348601416    0.0358624294    0.0368674800    0.0378752127
  0.0388857618    0.0398992077    0.0409155771    0.0419350579    0.0429575428
  0.0439832196    0.0450122222    0.0460444972    0.0470801786    0.0481193736
  0.0491620556    0.0502083853    0.0512584969    0.0523124442    0.0533702001
  0.0544318989    0.0554977551    0.0565676883    0.0576419398    0.0587205097
  0.0598034516    0.0608908996    0.0619831488    0.0630800918    0.0641818091
  0.0652886495    0.0664004251    0.0675173238    0.0686397210    0.0697674289
  0.0709007427    0.0720398232    0.0731846437    0.0743356064    0.0754923895
  0.0766556904    0.0778255627    0.0790017113    0.0801848337    0.0813750103
  0.0825721875    0.0837768748    0.0849890456    0.0862088874    0.0874369636
  0.0886731133    0.0899178192    0.0911714301    0.0924340263    0.0937057421
  0.0949873015    0.0962787583    0.0975808367    0.0988933221    0.1002168581
  0.1015522763    0.1028995231    0.1042588398    0.1056316480    0.1070176795
  0.1084180340    0.1098331675    0.1112632945    0.1127101585    0.1141735449
  0.1156550363    0.1171550348    0.1186752036    0.1202158645    0.1217789486
  0.1233651266    0.1249763027    0.1266135767    0.1282792017    0.1299743310
  0.1317015663    0.1334625170    0.1352599993    0.1370961860    0.1389739200
  0.1408961251    0.1428660199    0.1448866889    0.1469620749    0.1490948871
  0.1512887195    0.1535463080    0.1558686450    0.1582476571    0.1606581584
  0.1630084172    0.1628777131    0.1627470627    0.1626166001    0.1624862984
  0.1623560503    0.1622260436    0.1620960906    0.1619661912    0.1618365064
  0.1617068484    0.1615773246    0.1614478007    0.1613184914    0.1611890748
  0.1610597655    0.1609305367    0.1608013883    0.1606722131    0.1605431452
  0.1604140237    0.1602849558    0.1601558611    0.1600268200    0.1598977521
  0.1597686842    0.1596395895    0.1595105484    0.1593812928    0.1592521980
  0.1591229156    0.1589936867    0.1588644311    0.1587350950    0.1586056784
  0.1584760740    0.1583464697    0.1582168654    0.1580871269    0.1579569057
  0.1578269795    0.1576969191    0.1575667515    0.1574364766    0.1573061749
  0.1571756050    0.1570449546    0.1569141701    0.1567832246    0.1566522524
  -0.0000002608    0.0009289905    0.0018578663    0.0027869567    0.0037164226
  0.0046463177    0.0055767223    0.0065077439    0.0074393824    0.0083717450
  0.0093048856    0.0102388576    0.0111737415    0.0121095642    0.0130463794
  0.0139842674    0.0149232820    0.0158634767    0.0168049321    0.0177477017
  0.0186918125    0.0196373448    0.0205843791    0.0215329155    0.0224831149
  0.0234349236    0.0243884757    0.0253437981    0.0263009980    0.0272599950
  0.0282210842    0.0291841313    0.0301492438    0.0311165556    0.0320860133
  0.0330578044    0.0340319023    0.0350083336    0.0359872326    0.0369687065
  0.0379527286    0.0389393792    0.0399287924    0.0409209684    0.0419159070
  0.0429137960    0.0439146355    0.0449186131    0.0459256217    0.0469357952
  0.0479492947    0.0489660934    0.0499862179    0.0510098025    0.0520370349
  0.0530678347    0.0541023090    0.0551404849    0.0561826572    0.0572286114
  0.0582787767    0.0593329117    0.0603912041    0.0614538953    0.0625208512
  0.0635923132    0.0646684423    0.0657491848    0.0668345675    0.0679250196
  0.0690203533    0.0701208368    0.0712262824    0.0723374143    0.0734538570
  0.0745758250    0.0757035062    0.0768369809    0.0779764906    0.0791221425
  0.0802742317    0.0814326510    0.0825976953    0.0837695256    0.0849483028
  0.0861342952    0.0873275831    0.0885283008    0.0897370651    0.0909537151
  0.0921785995    0.0934119865    0.0946540371    0.0959051803    0.0971658990
  0.0984361127    0.0997162238    0.1010070369    0.1023083106    0.1036205277
  0.1049447611    0.1062805548    0.1076289281    0.1089903906    0.1103657201
  0.1117548361    0.1131591067    0.1145785585    0.1160143450    0.1174672708
  0.1189381137    0.1204276785    0.1219373330    0.1234677210    0.1250208005
  0.1265970543    0.1281981990    0.1298256829    0.1314817324    0.1331669375
  0.1348849460    0.1366359726    0.1384231016    0.1402488813    0.1421155378
  0.1440253779    0.1459818080    0.1479871079    0.1500436381    0.1521536246
  0.1543188646    0.1565376416    0.1588037863    0.1610893235    0.1633060083
  0.1631772891    0.1630488381    0.1629204407    0.1627921775    0.1626641020
  0.1625360534    0.1624082193    0.1622805461    0.1621527925    0.1620252535
  0.1618979290    0.1617704168    0.1616431996    0.1615159556    0.1613888457
  0.1612617090    0.1611347333    0.1610076502    0.1608807012    0.1607537523
  0.1606268570    0.1604999349    0.1603730664    0.1602462247    0.1601194099
  0.1599924609    0.1598656461    0.1597387508    0.1596118018    0.1594848529
  0.1593579307    0.1592308208    0.1591038451    0.1589766815    0.1588494912
  0.1587223276    0.1585950300    0.1584676519    0.1583402738    0.1582122520
  0.1580847129    0.1579570130    0.1578292593    0.1577012911    0.1575732961
  -0.0000002608    0.0009087399    0.0018173382    0.0027261242    0.0036352322
  0.0045447424    0.0054547086    0.0063652113    0.0072763041    0.0081880406
  0.0091004744    0.0100136861    0.0109277025    0.0118425772    0.0127583638
  0.0136751428    0.0145929411    0.0155118659    0.0164318636    0.0173530951
  0.0182755604    0.0191993669    0.0201245144    0.0210510299    0.0219790474
  0.0229086474    0.0238397762    0.0247725144    0.0257069692    0.0266431674
  0.0275811628    0.0285210356    0.0294628665    0.0304066017    0.0313524291
  0.0323002681    0.0332502529    0.0342025176    0.0351569548    0.0361137256
  0.0370729372    0.0380345628    0.0389986023    0.0399652436    0.0409344330
  0.0419063315    0.0428810462    0.0438583896    0.0448386565    0.0458218738
  0.0468080416    0.0477972135    0.0487895235    0.0497850254    0.0507836923
  0.0517857388    0.0527911112    0.0538000241    0.0548123166    0.0558282837
  0.0568479523    0.0578712150    0.0588983938    0.0599294081    0.0609644994
  0.0620034263    0.0630466983    0.0640940204    0.0651457414    0.0662017539
  0.0672624335    0.0683276728    0.0693973377    0.0704720452    0.0715515003
  0.0726360515    0.0737255648    0.0748203620    0.0759203896    0.0770260498
  0.0781372353    0.0792539731    0.0803767994    0.0815054193    0.0826401815
  0.0837814346    0.0849288568    0.0860829040    0.0872438982    0.0884117857
  0.0895869419    0.0907692865    0.0919591144    0.0931569353    0.0943625614
  0.0955762610    0.0967986241    0.0980300263    0.0992701456    0.1005196527
  0.1017788962    0.1030481175    0.1043278262    0.1056178078    0.1069192424
  0.1082322374    0.1095573559    0.1108947590    0.1122453317    0.1136094227
  0.1149878904    0.1163811371    0.1177899942    0.1192149177    0.1206571683
  0.1221174166    0.1235965475    0.1250957415    0.1266159371    0.1281583950
  0.1297244027    0.1313151672    0.1329326734    0.1345777258    0.1362527654
  0.1379591867    0.1396994308    0.1414743558    0.1432873681    0.1451401040
  0.1470341995    0.1489721224    0.1509557232    0.1529857263    0.1550636873
  0.1571851805    0.1593434736    0.1615139440    0.1635998443    0.1634731635
  0.1633466437    0.1632202849    0.1630939528    0.1629678890    0.1628418252
  0.1627160296    0.1625902340    0.1624646530    0.1623390988    0.1622136518
  0.1620881781    0.1619629458    0.1618377671    0.1617126688    0.1615874633
  0.1614625528    0.1613375887    0.1612126246    0.1610877678    0.1609628037
  0.1608381078    0.1607132241    0.1605885014    0.1604636177    0.1603388682
  0.1602141723    0.1600893691    0.1599645123    0.1598397896    0.1597149596
  0.1595900491    0.1594651654    0.1593402818    0.1592152908    0.1590903267
  0.1589652285    0.1588401571    0.1587149516    0.1585897461    0.1584639773
  -0.0000002608    0.0008895084    0.0017788753    0.0026684031    0.0035582259
  0.0044483975    0.0053389713    0.0062300548    0.0071216479    0.0080138311
  0.0089066580    0.0098001823    0.0106944576    0.0115894839    0.0124853954
  0.0133821651    0.0142799005    0.0151786283    0.0160783753    0.0169792756
  0.0178812757    0.0187844560    0.0196889237    0.0205946788    0.0215018019
  0.0224102929    0.0233202592    0.0242317274    0.0251447514    0.0260593846
  0.0269757077    0.0278937474    0.0288134769    0.0297351375    0.0306585684
  0.0315840110    0.0325113311    0.0334407702    0.0343722478    0.0353058174
  0.0362415865    0.0371796086    0.0381199375    0.0390626803    0.0400077567
  0.0409553006    0.0419053391    0.0428579524    0.0438131675    0.0447710648
  0.0457316980    0.0466952279    0.0476616010    0.0486307636    0.0496029571
  0.0505781546    0.0515564367    0.0525378838    0.0535226032    0.0545106217
  0.0555019394    0.0564966366    0.0574948743    0.0584966257    0.0595019981
  0.0605110452    0.0615238473    0.0625404850    0.0635609582    0.0645855889
  0.0656141356    0.0666469201    0.0676839158    0.0687251493    0.0697708622
  0.0708210811    0.0718757793    0.0729353592    0.0739994451    0.0750686005
  0.0761426911    0.0772219583    0.0783061609    0.0793959960    0.0804910347
  0.0815918401    0.0826981977    0.0838104829    0.0849287495    0.0860530242
  0.0871835485    0.0883206978    0.0894641504    0.0906144693    0.0917718157
  0.0929363236    0.0941080466    0.0952872261    0.0964741036    0.0976692423
  0.0988722935    0.1000839278    0.1013046011    0.1025338843    0.1037726626
  0.1050210699    0.1062794283    0.1075480059    0.1088275269    0.1101180986
  0.1114204183    0.1127342984    0.1140611604    0.1154008165    0.1167541787
  0.1181215689    0.1195040062    0.1209021613    0.1223164365    0.1237479851
  0.1251971826    0.1266658261    0.1281542107    0.1296637043    0.1311955407
  0.1327504441    0.1343303725    0.1359366134    0.1375704005    0.1392334238
  0.1409274533    0.1426542059    0.1444145933    0.1462115124    0.1480463043
  0.1499193177    0.1518334225    0.1537871167    0.1557812050    0.1578117982
  0.1598698035    0.1619313493    0.1638901666    0.1637654170    0.1636408016
  0.1635162398    0.1633919194    0.1632675990    0.1631435469    0.1630196825
  0.1628957644    0.1627720341    0.1626483038    0.1625247881    0.1624013796
  0.1622779444    0.1621546969    0.1620314226    0.1619083360    0.1617852226
  0.1616621628    0.1615391567    0.1614162311    0.1612933591    0.1611705139
  0.1610476419    0.1609248772    0.1608020052    0.1606792137    0.1605565563
  0.1604336575    0.1603109732    0.1601881817    0.1600653365    0.1599425718
  0.1598196462    0.1596968278    0.1595739827    0.1594509497    0.1593281582
  -0.0000002876    0.0008712426    0.0017423168    0.0026135519    0.0034850553
  0.0043568537    0.0052290276    0.0061016575    0.0069747433    0.0078483924
  0.0087226048    0.0095974609    0.0104729608    0.0113492116    0.0122262403
  0.0131040737    0.0139827654    0.0148623422    0.0157429114    0.0166244730
  0.0175071076    0.0183908150    0.0192757025    0.0201617435    0.0210490450
  0.0219376609    0.0228276446    0.0237189427    0.0246117428    0.0255059645
  0.0264017954    0.0272991285    0.0281981245    0.0290988371    0.0300012663
  0.0309054390    0.0318114355    0.0327193096    0.0336291149    0.0345409051
  0.0354546800    0.0363705471    0.0372885600    0.0382086918    0.0391310766
  0.0400557145    0.0409826592    0.0419119909    0.0428437904    0.0437779769
  0.0447147384    0.0456540212    0.0465960130    0.0475406334    0.0484880969
  0.0494382426    0.0503912047    0.0513471439    0.0523060337    0.0532678738
  0.0542328790    0.0552008346    0.0561722502    0.0571466699    0.0581244960
  0.0591057554    0.0600903943    0.0610784933    0.0620702401    0.0630656347
  0.0640646502    0.0650674745    0.0660740808    0.0670846567    0.0680992290
  0.0691178784    0.0701406315    0.0711677298    0.0721990392    0.0732347205
  0.0742750689    0.0753197089    0.0763692573    0.0774234727    0.0784826234
  0.0795466825    0.0806158379    0.0816903308    0.0827698931    0.0838549539
  0.0849455938    0.0860420004    0.0871440127    0.0882521138    0.0893661156
  0.0904864743    0.0916132972    0.0927466109    0.0938865229    0.0950336233
  0.0961876437    0.0973489597    0.0985178396    0.0996943638    0.1008787736
  0.1020715252    0.1032728061    0.1044824287    0.1057013050    0.1069294080
  0.1081673279    0.1094147697    0.1106729403    0.1119415984    0.1132212803
  0.1145128444    0.1158160225    0.1171319947    0.1184610024    0.1198033676
  0.1211601362    0.1225317106    0.1239188954    0.1253225490    0.1267429665
  0.1281815961    0.1296389744    0.1311162546    0.1326146975    0.1341348663
  0.1356782630    0.1372463360    0.1388401315    0.1404610708    0.1421104684
  0.1437896386    0.1455002978    0.1472435996    0.1490201607    0.1508316174
  0.1526778623    0.1545596465    0.1564744487    0.1584188089    0.1603825077
  0.1623426393    0.1641772434    0.1640541837    0.1639313385    0.1638087347
  0.1636861578    0.1635637149    0.1634414867    0.1633192584    0.1631971374
  0.1630752578    0.1629534319    0.1628317401    0.1627099946    0.1625885710
  0.1624669865    0.1623456165    0.1622243002    0.1621030375    0.1619818822
  0.1618607536    0.1617395714    0.1616185501    0.1614975557    0.1613766149
  0.1612557277    0.1611347601    0.1610138461    0.1608929589    0.1607720718
  0.1606512919    0.1605303779    0.1604095444    0.1602886304    0.1601677164
  -0.0000002876    0.0008538619    0.0017075554    0.0025613829    0.0034154251
  0.0042697623    0.0051244482    0.0059795097    0.0068350270    0.0076910272
  0.0085475370    0.0094046369    0.0102623269    0.0111207142    0.0119797990
  0.0128396079    0.0137002483    0.0145616934    0.0154240236    0.0162872657
  0.0171515003    0.0180167541    0.0188830271    0.0197504267    0.0206190065
  0.0214887396    0.0223597065    0.0232319608    0.0241055563    0.0249804929
  0.0258568779    0.0267347381    0.0276140466    0.0284949645    0.0293774113
  0.0302615747    0.0311474279    0.0320349708    0.0329243109    0.0338154748
  0.0347085431    0.0356034622    0.0365003929    0.0373992816    0.0383002624
  0.0392033622    0.0401086077    0.0410159990    0.0419255897    0.0428375944
  0.0437519059    0.0446685508    0.0455875829    0.0465091631    0.0474333182
  0.0483599409    0.0492892459    0.0502212062    0.0511559024    0.0520933613
  0.0530336902    0.0539769426    0.0549229845    0.0558721915    0.0568243220
  0.0577795640    0.0587380514    0.0596996233    0.0606644675    0.0616327450
  0.0626043752    0.0635794118    0.0645579621    0.0655401334    0.0665259257
  0.0675154194    0.0685087755    0.0695058063    0.0705068335    0.0715118036
  0.0725210384    0.0735342428    0.0745517120    0.0755733386    0.0765995517
  0.0776301637    0.0786654159    0.0797051206    0.0807499215    0.0817993090
  0.0828536317    0.0839131847    0.0849778339    0.0860475793    0.0871230379
  0.0882038072    0.0892902359    0.0903825119    0.0914804742    0.0925847128
  0.0936951742    0.0948119387    0.0959351406    0.0970651284    0.0982018754
  0.0993458107    0.1004968807    0.1016555414    0.1028218195    0.1039960369
  0.1051785693    0.1063692018    0.1075685248    0.1087766454    0.1099946097
  0.1112217203    0.1124589160    0.1137062505    0.1149642602    0.1162336424
  0.1175141826    0.1188066050    0.1201117948    0.1214298055    0.1227615759
  0.1241072938    0.1254679248    0.1268440589    0.1282365009    0.1296458945
  0.1310729638    0.1325191572    0.1339847699    0.1354712501    0.1369792417
  0.1385103002    0.1400649086    0.1416450247    0.1432511583    0.1448846504
  0.1465465471    0.1482377604    0.1499591216    0.1517104164    0.1534931466
  0.1553053543    0.1571449205    0.1590072587    0.1608816132    0.1627469018
  0.1644609675    0.1643396512    0.1642185494    0.1640975818    0.1639767483
  0.1638561025    0.1637355909    0.1636151597    0.1634948358    0.1633746460
  0.1632545099    0.1631344810    0.1630146131    0.1628947452    0.1627750650
  0.1626553044    0.1625357583    0.1624162391    0.1622968003    0.1621774152
  0.1620580837    0.1619388863    0.1618195280    0.1617004111    0.1615812406
  0.1614620969    0.1613429800    0.1612238899    0.1611049071    0.1609858707
  -0.0000002876    0.0008373126    0.0016744033    0.0025116548    0.0033490941
  0.0041868016    0.0050248042    0.0058631554    0.0067019090    0.0075410917
  0.0083807841    0.0092209861    0.0100617513    0.0109031066    0.0117451325
  0.0125878558    0.0134312764    0.0142754748    0.0151204780    0.0159663394
  0.0168130592    0.0176607445    0.0185093954    0.0193590656    0.0202097818
  0.0210615978    0.0219146207    0.0227687433    0.0236241534    0.0244807705
  0.0253387555    0.0261980549    0.0270588025    0.0279209450    0.0287845895
  0.0296497360    0.0305164650    0.0313847497    0.0322547242    0.0331264153
  0.0339998499    0.0348750010    0.0357519761    0.0366308287    0.0375116661
  0.0383943811    0.0392790809    0.0401658192    0.0410546228    0.0419455454
  0.0428386405    0.0437339351    0.0446315363    0.0455313638    0.0464335784
  0.0473381802    0.0482451960    0.0491546795    0.0500667647    0.0509813175
  0.0518985257    0.0528183892    0.0537409350    0.0546662435    0.0555944487
  0.0565253899    0.0574593350    0.0583962843    0.0593361035    0.0602790609
  0.0612251297    0.0621743634    0.0631268159    0.0640825674    0.0650415644
  0.0660040215    0.0669699922    0.0679393694    0.0689124212    0.0698890135
  0.0708693609    0.0718535438    0.0728413746    0.0738333359    0.0748291865
  0.0758290336    0.0768330917    0.0778413340    0.0788538411    0.0798706666
  0.0808920786    0.0819178358    0.0829483941    0.0839835390    0.0850236192
  0.0860686615    0.0871187195    0.0881739005    0.0892342314    0.0902999267
  0.0913711205    0.0924480006    0.0935304597    0.0946189806    0.0957135633
  0.0968140200    0.0979210749    0.0990342721    0.1001545504    0.1012813196
  0.1024150088    0.1035563156    0.1047047839    0.1058610842    0.1070248142
  0.1081971273    0.1093774602    0.1105666175    0.1117644653    0.1129716739
  0.1141884848    0.1154149517    0.1166519865    0.1178992674    0.1191579208
  0.1204277322    0.1217093989    0.1230038062    0.1243108734    0.1256314591
  0.1269662872    0.1283157066    0.1296804145    0.1310614035    0.1324590489
  0.1338746652    0.1353085473    0.1367617950    0.1382354274    0.1397301152
  0.1412473068    0.1427871898    0.1443515077    0.1459406093    0.1475556478
  0.1491965696    0.1508643672    0.1525589600    0.1542797849    0.1560250983
  0.1577931032    0.1595775500    0.1613681391    0.1631443247    0.1647414729
  0.1646218732    0.1645024881    0.1643832371    0.1642639592    0.1641450301
  0.1640261009    0.1639072523    0.1637886181    0.1636700645    0.1635516986
  0.1634333059    0.1633149937    0.1631968692    0.1630787984    0.1629608884
  0.1628429517    0.1627250686    0.1626073465    0.1624896511    0.1623719290
  0.1622544214    0.1621368602    0.1620193526    0.1619018719    0.1617844179
  -0.0000002876    0.0008215144    0.0016428068    0.0024642065    0.0032857940
  0.0041076228    0.0049297199    0.0057521388    0.0065749332    0.0073981032
  0.0082217291    0.0090458378    0.0098704562    0.0106956378    0.0115214095
  0.0123477980    0.0131748304    0.0140025869    0.0148311213    0.0156604066
  0.0164904967    0.0173214719    0.0181533322    0.0189861581    0.0198199227
  0.0206547335    0.0214905903    0.0223275468    0.0231656566    0.0240049198
  0.0248453632    0.0256871209    0.0265301660    0.0273744985    0.0282202259
  0.0290673748    0.0299159721    0.0307660982    0.0316176727    0.0324709103
  0.0333256766    0.0341821596    0.0350403324    0.0359001949    0.0367618546
  0.0376253381    0.0384906456    0.0393578038    0.0402269468    0.0410980210
  0.0419711605    0.0428463385    0.0437236354    0.0446029440    0.0454845592
  0.0463682935    0.0472543612    0.0481426552    0.0490333632    0.0499263778
  0.0508218601    0.0517198637    0.0526203617    0.0535234079    0.0544289216
  0.0553372785    0.0562481835    0.0571619317    0.0580783084    0.0589975819
  0.0599198326    0.0608448997    0.0617729977    0.0627039924    0.0636381254
  0.0645755038    0.0655158594    0.0664595142    0.0674064949    0.0683568016
  0.0693104610    0.0702675536    0.0712281331    0.0721924141    0.0731602892
  0.0741317049    0.0751070365    0.0760860428    0.0770691261    0.0780561253
  0.0790469870    0.0800420329    0.0810413167    0.0820449188    0.0830528125
  0.0840652123    0.0850819573    0.0861034229    0.0871295825    0.0881604895
  0.0891963050    0.0902369753    0.0912827685    0.0923338190    0.0933902070
  0.0944521204    0.0955195591    0.0965926304    0.0976713881    0.0987562343
  0.0998473570    0.1009444878    0.1020483240    0.1031584904    0.1042755231
  0.1053995565    0.1065307513    0.1076692149    0.1088155106    0.1099692628
  0.1111310616    0.1123012826    0.1134800598    0.1146677420    0.1158644900
  0.1170708671    0.1182869270    0.1195131794    0.1207498655    0.1219976559
  0.1232566044    0.1245275423    0.1258108452    0.1271068349    0.1284162089
  0.1297395304    0.1310778186    0.1324306443    0.1337998316    0.1351852998
  0.1365883097    0.1380093440    0.1394494489    0.1409088656    0.1423892304
  0.1438905701    0.1454140380    0.1469600633    0.1485293701    0.1501223609
  0.1517382577    0.1533779457    0.1550397351    0.1567218289    0.1584209278
  0.1601314530    0.1618435875    0.1635358468    0.1650191084    0.1649010912
  0.1647832081    0.1646655396    0.1645479515    0.1644305512    0.1643132851
  0.1641960993    0.1640789941    0.1639620766    0.1638451323    0.1637283757
  0.1636117801    0.1634951577    0.1633786961    0.1632623151    0.1631459609
  0.1630296871    0.1629135475    0.1627974346    0.1626814023    0.1625653699
  -0.0000002876    0.0008064136    0.0016125783    0.0024188772    0.0032253370
  0.0040320113    0.0048389271    0.0056461111    0.0064536437    0.0072615519
  0.0080698624    0.0088786021    0.0096877977    0.0104975298    0.0113077715
  0.0121186301    0.0129300788    0.0137421444    0.0145549342    0.0153684482
  0.0161826864    0.0169977024    0.0178136304    0.0186303630    0.0194479808
  0.0202665910    0.0210861400    0.0219067618    0.0227283761    0.0235510632
  0.0243749574    0.0251999512    0.0260261789    0.0268536136    0.0276823357
  0.0285123989    0.0293437764    0.0301765755    0.0310107693    0.0318463847
  0.0326835826    0.0335222557    0.0343625650    0.0352043763    0.0360479310
  0.0368932024    0.0377400830    0.0385887608    0.0394392893    0.0402915880
  0.0411457911    0.0420019522    0.0428600177    0.0437200412    0.0445821032
  0.0454462305    0.0463124767    0.0471808419    0.0480513260    0.0489241168
  0.0497991607    0.0506764308    0.0515561149    0.0524380788    0.0533224836
  0.0542094901    0.0550988302    0.0559906915    0.0568852082    0.0577822462
  0.0586821005    0.0595844761    0.0604896948    0.0613977835    0.0623085275
  0.0632223025    0.0641389742    0.0650586233    0.0659812763    0.0669069871
  0.0678358361    0.0687678233    0.0697030827    0.0706415340    0.0715834722
  0.0725286558    0.0734772190    0.0744292960    0.0753851280    0.0763443932
  0.0773073599    0.0782739475    0.0792445585    0.0802190050    0.0811973676
  0.0821795121    0.0831659481    0.0841565147    0.0851513728    0.0861504689
  0.0871538028    0.0881618306    0.0891743645    0.0901916191    0.0912133798
  0.0922403440    0.0932720289    0.0943087026    0.0953507677    0.0963978752
  0.0974504814    0.0985085860    0.0995722428    0.1006418541    0.1017173126
  0.1027986720    0.1038864419    0.1049803540    0.1060811058    0.1071883217
  0.1083026454    0.1094237551    0.1105524555    0.1116886392    0.1128324404
  0.1139842615    0.1151442900    0.1163126335    0.1174899891    0.1186762229
  0.1198721662    0.1210776314    0.1222929940    0.1235188708    0.1247559860
  0.1260040715    0.1272639051    0.1285360500    0.1298207209    0.1311185077
  0.1324302152    0.1337560043    0.1350971892    0.1364536360    0.1378264174
  0.1392162308    0.1406231835    0.1420490459    0.1434926644    0.1449568287
  0.1464407876    0.1479449704    0.1494703963    0.1510160729    0.1525826171
  0.1541690901    0.1557740435    0.1573960826    0.1590297088    0.1606707111
  0.1623072073    0.1639210120    0.1652938202    0.1651773050    0.1650610581
  0.1649448112    0.1648288056    0.1647128537    0.1645971164    0.1644814327
  0.1643658563    0.1642504677    0.1641350254    0.1640198782    0.1639047846
  0.1637896642    0.1636747852    0.1635598794    0.1634451076    0.1633303896
  -0.0000002876    0.0007919565    0.0015836909    0.0023755327    0.0031675085
  0.0039596722    0.0047520772    0.0055447504    0.0063376918    0.0071309820
  0.0079246476    0.0087186888    0.0095131859    0.0103081122    0.0111035749
  0.0118995473    0.0126961097    0.0134932354    0.0142909780    0.0150894180
  0.0158885553    0.0166883901    0.0174890026    0.0182904467    0.0190927222
  0.0198958561    0.0206998751    0.0215048864    0.0223108366    0.0231178060
  0.0239257947    0.0247348562    0.0255450711    0.0263564393    0.0271689877
  0.0279827163    0.0287977323    0.0296140358    0.0304317072    0.0312506661
  0.0320710734    0.0328928754    0.0337161794    0.0345410123    0.0353672937
  0.0361951575    0.0370247379    0.0378557935    0.0386886463    0.0395232156
  0.0403594479    0.0411975041    0.0420374110    0.0428790882    0.0437228039
  0.0445683166    0.0454158142    0.0462652966    0.0471167907    0.0479703501
  0.0488260821    0.0496838525    0.0505438492    0.0514060453    0.0522704408
  0.0531371698    0.0540063128    0.0548776016    0.0557515189    0.0566277161
  0.0575064346    0.0583876207    0.0592714354    0.0601577446    0.0610466555
  0.0619383827    0.0628327653    0.0637299106    0.0646298185    0.0655325696
  0.0664381370    0.0673467085    0.0682582304    0.0691727832    0.0700904205
  0.0710110083    0.0719349489    0.0728620544    0.0737922713    0.0747259483
  0.0756630048    0.0766035214    0.0775473639    0.0784946933    0.0794458583
  0.0804003760    0.0813589171    0.0823210791    0.0832869425    0.0842569098
  0.0852307931    0.0862086460    0.0871907368    0.0881767705    0.0891673371
  0.0901622757    0.0911615863    0.0921652958    0.0931738332    0.0941867962
  0.0952047482    0.0962272331    0.0972554579    0.0982882693    0.0993263647
  0.1003696904    0.1014188364    0.1024732128    0.1035335705    0.1045996144
  0.1056716397    0.1067496464    0.1078343853    0.1089251861    0.1100228801
  0.1111273065    0.1122386262    0.1133572951    0.1144835547    0.1156172976
  0.1167589530    0.1179088160    0.1190669671    0.1202339157    0.1214100644
  0.1225949839    0.1237899885    0.1249946222    0.1262096092    0.1274354056
  0.1286724404    0.1299209282    0.1311815396    0.1324544892    0.1337404206
  0.1350398168    0.1363533482    0.1376814976    0.1390249088    0.1403840110
  0.1417592332    0.1431515142    0.1445605591    0.1459878966    0.1474336609
  0.1488974497    0.1503799066    0.1518806025    0.1533992961    0.1549344853
  0.1564850703    0.1580482885    0.1596201971    0.1611941174    0.1627601787
  0.1642998472    0.1655656621    0.1654507026    0.1653357968    0.1652211860
  0.1651065752    0.1649920717    0.1648778364    0.1647635743    0.1646495000
  0.1645354792    0.1644216463    0.1643079743    0.1641942486    0.1640806034
  -0.0000002876    0.0007781431    0.0015560374    0.0023340389    0.0031121477
  0.0038904443    0.0046689287    0.0054476812    0.0062266752    0.0070059910
  0.0077856287    0.0085656419    0.0093460307    0.0101268753    0.0109081492
  0.0116899326    0.0124722257    0.0132550552    0.0140384749    0.0148225114
  0.0156071648    0.0163925156    0.0171785906    0.0179653898    0.0187529400
  0.0195413217    0.0203305349    0.0211206064    0.0219115898    0.0227035388
  0.0234964266    0.0242903337    0.0250852600    0.0258812591    0.0266784117
  0.0274766639    0.0282760695    0.0290766820    0.0298785284    0.0306816891
  0.0314861104    0.0322918728    0.0330989763    0.0339074746    0.0347174749
  0.0355289236    0.0363418743    0.0371563002    0.0379723623    0.0387899533
  0.0396092340    0.0404301777    0.0412528113    0.0420771614    0.0429032281
  0.0437311456    0.0445608601    0.0453925058    0.0462260291    0.0470614299
  0.0478988424    0.0487382129    0.0495795950    0.0504230425    0.0512686089
  0.0521162942    0.0529661253    0.0538182363    0.0546725199    0.0555290297
  0.0563878462    0.0572490498    0.0581126407    0.0589786455    0.0598470643
  0.0607179239    0.0615913585    0.0624673411    0.0633458987    0.0642271385
  0.0651110336    0.0659975573    0.0668868974    0.0677790806    0.0686739996
  0.0695718154    0.0704725280    0.0713761374    0.0722829387    0.0731925830
  0.0741054729    0.0750214741    0.0759406939    0.0768630251    0.0777887627
  0.0787177458    0.0796502158    0.0805860654    0.0815254286    0.0824683592
  0.0834150448    0.0843652710    0.0853191718    0.0862768814    0.0872386947
  0.0882042632    0.0891738549    0.0901474431    0.0911253497    0.0921072528
  0.0930936083    0.0940844432    0.0950796232    0.0960793898    0.0970836356
  0.0980929241    0.0991069868    0.1001258507    0.1011498645    0.1021788940
  0.1032134220    0.1042533144    0.1052985981    0.1063495412    0.1074063852
  0.1084690496    0.1095377222    0.1106127784    0.1116941646    0.1127820149
  0.1138767317    0.1149786100    0.1160871938    0.1172034755    0.1183270261
  0.1194585159    0.1205982670    0.1217460111    0.1229025528    0.1240678653
  0.1252422705    0.1264262512    0.1276199415    0.1288240656    0.1300386235
  0.1312640712    0.1325008646    0.1337496474    0.1350105539    0.1362841204
  0.1375707492    0.1388716474    0.1401857421    0.1415148303    0.1428590998
  0.1442187116    0.1455941483    0.1469859198    0.1483942404    0.1498188958
  0.1512598053    0.1527167276    0.1541889384    0.1556750700    0.1571732983
  0.1586810485    0.1601931170    0.1617042467    0.1632033870    0.1646731302
  0.1658348486    0.1657212839    0.1656079069    0.1654945299    0.1653814211
  0.1652683929    0.1651554450    0.1650426850    0.1649299785    0.1648174331
  -0.0000002876    0.0007648662    0.0015295103    0.0022942349    0.0030590668
  0.0038240865    0.0045892403    0.0053546354    0.0061202720    0.0068862036
  0.0076524302    0.0084189788    0.0091859028    0.0099532023    0.0107209578
  0.0114891157    0.0122577563    0.0130269334    0.0137965932    0.0145668700
  0.0153377101    0.0161091939    0.0168812945    0.0176541194    0.0184276149
  0.0192019150    0.0199769661    0.0207527950    0.0215294823    0.0223070547
  0.0230855390    0.0238649622    0.0246453241    0.0254266784    0.0262090519
  0.0269924983    0.0277770981    0.0285627171    0.0293495163    0.0301375225
  0.0309267357    0.0317172095    0.0325089172    0.0333019927    0.0340963826
  0.0348921135    0.0356892928    0.0364878938    0.0372879431    0.0380894944
  0.0388925210    0.0396972373    0.0405034289    0.0413112834    0.0421207473
  0.0429319546    0.0437448248    0.0445594385    0.0453758493    0.0461940035
  0.0470140621    0.0478359178    0.0486597583    0.0494854763    0.0503131524
  0.0511428669    0.0519745395    0.0528082773    0.0536441073    0.0544821098
  0.0553222045    0.0561644718    0.0570089921    0.0578556851    0.0587047651
  0.0595560446    0.0604097113    0.0612657920    0.0621242598    0.0629852489
  0.0638485983    0.0647145495    0.0655829951    0.0664541498    0.0673278525
  0.0682041571    0.0690832511    0.0699651346    0.0708496198    0.0717370823
  0.0726273879    0.0735205367    0.0744166359    0.0753156319    0.0762177661
  0.0771229312    0.0780312344    0.0789428368    0.0798574701    0.0807753220
  0.0816966340    0.0826212451    0.0835492358    0.0844807670    0.0854158387
  0.0863543972    0.0872967646    0.0882426992    0.0891923621    0.0901460215
  0.0911034092    0.0920647129    0.0930302814    0.0939996317    0.0949737027
  0.0959513679    0.0969335929    0.0979203776    0.0989117220    0.0999073312
  0.1009079024    0.1019130871    0.1029232875    0.1039385572    0.1049587086
  0.1059841707    0.1070149437    0.1080509469    0.1090930387    0.1101403341
  0.1111938521    0.1122530833    0.1133184567    0.1143904015    0.1154686496
  0.1165536568    0.1176454499    0.1187443778    0.1198504940    0.1209641203
  0.1220853105    0.1232144937    0.1243518844    0.1254978046    0.1266523615
  0.1278159574    0.1289891019    0.1301715001    0.1313643053    0.1325672492
  0.1337811366    0.1350057796    0.1362421438    0.1374906853    0.1387511358
  0.1400242999    0.1413107410    0.1426106200    0.1439244464    0.1452522472
  0.1465950415    0.1479520246    0.1493241355    0.1507107839    0.1521114334
  0.1535259768    0.1549539581    0.1563925341    0.1578407660    0.1592948988
  0.1607504800    0.1622007236    0.1636362687    0.1650401637    0.1661014065
  0.1659891561    0.1658770934    0.1657652721    0.1656533703    0.1655417100
  -0.0000002876    0.0007521525    0.0015040830    0.0022560671    0.0030081585
  0.0037603840    0.0045127973    0.0052653715    0.0060182139    0.0067712978
  0.0075246498    0.0082783237    0.0090323195    0.0097866371    0.0105413571
  0.0112965330    0.0120521113    0.0128081724    0.0135647163    0.0143217430
  0.0150793597    0.0158375129    0.0165963098    0.0173557237    0.0181158349
  0.0188765898    0.0196380958    0.0204003528    0.0211633608    0.0219272003
  0.0226918712    0.0234574273    0.0242238417    0.0249912485    0.0257595673
  0.0265288517    0.0272991821    0.0280706123    0.0288430080    0.0296166107
  0.0303912595    0.0311671153    0.0319442049    0.0327224746    0.0335020050
  0.0342827961    0.0350649551    0.0358484015    0.0366332427    0.0374194250
  0.0382071361    0.0389962420    0.0397868499    0.0405790135    0.0413726255
  0.0421679005    0.0429647848    0.0437632516    0.0445634082    0.0453652278
  0.0461687639    0.0469741240    0.0477811739    0.0485900477    0.0494007722
  0.0502133742    0.0510278270    0.0518442646    0.0526625797    0.0534829870
  0.0543053523    0.0551296756    0.0559562251    0.0567846790    0.0576153591
  0.0584482923    0.0592832908    0.0601206496    0.0609600738    0.0618018582
  0.0626460567    0.0634925887    0.0643413201    0.0651926264    0.0660463467
  0.0669025883    0.0677612439    0.0686224476    0.0694863334    0.0703528747
  0.0712219909    0.0720936552    0.0729681626    0.0738455132    0.0747255728
  0.0756086096    0.0764942214    0.0773829445    0.0782746986    0.0791693762
  0.0800670579    0.0809678778    0.0818718627    0.0827789858    0.0836893544
  0.0846030220    0.0855198547    0.0864401475    0.0873639807    0.0882912204
  0.0892222151    0.0901565090    0.0910946384    0.0920363620    0.0929819211
  0.0939312890    0.0948845461    0.0958418533    0.0968032107    0.0977687523
  0.0987383440    0.0997124419    0.1006905898    0.1016732976    0.1026605919
  0.1036524460    0.1046490476    0.1056505039    0.1066568688    0.1076684102
  0.1086846992    0.1097066745    0.1107335851    0.1117663428    0.1128044114
  0.1138485685    0.1148983315    0.1159543976    0.1170166329    0.1180853859
  0.1191605225    0.1202423915    0.1213312611    0.1224272385    0.1235307261
  0.1246416166    0.1257602856    0.1268870279    0.1280221924    0.1291659400
  0.1303185657    0.1314802036    0.1326514170    0.1338323399    0.1350234553
  0.1362250045    0.1374372557    0.1386607990    0.1398956075    0.1411425397
  0.1424015954    0.1436730966    0.1449573651    0.1462546155    0.1475645259
  0.1488884643    0.1502251700    0.1515746698    0.1529368833    0.1543107644
  0.1556947842    0.1570878699    0.1584876344    0.1598901346    0.1612920985
  0.1626852110    0.1640601650    0.1654013231    0.1663653627    0.1662544802
  -0.0000002876    0.0007399485    0.0014796481    0.0022194013    0.0029592618
  0.0036992297    0.0044393584    0.0051796749    0.0059202060    0.0066609517
  0.0074019656    0.0081432208    0.0088848248    0.0096267238    0.0103689983
  0.0111116484    0.0118547007    0.0125981554    0.0133420929    0.0140864864
  0.0148314163    0.0155768827    0.0163228586    0.0170694515    0.0178166613
  0.0185645148    0.0193130389    0.0200622335    0.0208122060    0.0215628758
  0.0223143503    0.0230666026    0.0238197401    0.0245737091    0.0253285900
  0.0260843828    0.0268410876    0.0275988385    0.0283575550    0.0291173175
  0.0298780993    0.0306400612    0.0314030424    0.0321672037    0.0329325452
  0.0336990938    0.0344668493    0.0352358654    0.0360061958    0.0367778942
  0.0375508264    0.0383251801    0.0391008750    0.0398780182    0.0406566367
  0.0414367303    0.0422182992    0.0430013701    0.0437861040    0.0445723400
  0.0453602389    0.0461497471    0.0469408914    0.0477338329    0.0485284641
  0.0493247852    0.0501228496    0.0509227917    0.0517246112    0.0525282010
  0.0533338293    0.0541412011    0.0549505576    0.0557618722    0.0565752789
  0.0573906168    0.0582080200    0.0590275154    0.0598491028    0.0606728896
  0.0614987418    0.0623268470    0.0631571248    0.0639897630    0.0648245469
  0.0656617984    0.0665013030    0.0673431948    0.0681875542    0.0690342471
  0.0698834881    0.0707351699    0.0715893731    0.0724462852    0.0733055845
  0.0741677538    0.0750323638    0.0758998170    0.0767700598    0.0776428774
  0.0785186455    0.0793972299    0.0802787110    0.0811632231    0.0820506051
  0.0829408839    0.0838345155    0.0847310707    0.0856307372    0.0865335956
  0.0874397263    0.0883490756    0.0892619923    0.0901780203    0.0910976693
  0.0920209125    0.0929474011    0.0938778326    0.0948116705    0.0957493708
  0.0966908261    0.0976361170    0.0985854045    0.0995385811    0.1004959956
  0.1014571920    0.1024230823    0.1033929154    0.1043671474    0.1053461269
  0.1063292637    0.1073171750    0.1083099410    0.1093076691    0.1103100911
  0.1113175824    0.1123303041    0.1133483365    0.1143717334    0.1154008970
  0.1164356127    0.1174760416    0.1185225591    0.1195750847    0.1206338063
  0.1216992602    0.1227713659    0.1238499895    0.1249357745    0.1260287210
  0.1271293655    0.1282374933    0.1293536946    0.1304775938    0.1316102907
  0.1327516779    0.1339017823    0.1350608990    0.1362299666    0.1374087170
  0.1385975525    0.1397964463    0.1410068735    0.1422277346    0.1434598073
  0.1447034135    0.1459587947    0.1472262189    0.1485052571    0.1497960433
  0.1510983899    0.1524122968    0.1537365571    0.1550705537    0.1564132139
  0.1577625528    0.1591152713    0.1604689017    0.1618187502    0.1631571189
