  0.0000000000    0.0036000000
  0.0000500000    0.0006000000    299    19
  0.0763875544    0.0761950314    0.0759648383    0.0757307112    0.0754933655
  0.0752530396    0.0750095546    0.0747630298    0.0745133460    0.0742603838
  0.0740040839    0.0737444460    0.0734812915    0.0732146204    0.0729442537
  0.0726700723    0.0723920763    0.0721100867    0.0718240440    0.0715337098
  0.0712390244    0.0709399283    0.0706361234    0.0703276098    0.0700140893
  0.0696955025    0.0693716705    0.0690422952    0.0687073171    0.0683664382
  0.0680194199    0.0676660836    0.0673060715    0.0669392049    0.0665651262
  0.0661835968    0.0657941997    0.0653966367    0.0649904907    0.0645754039
  0.0641506612    0.0637160838    0.0632709563    0.0628147423    0.0623467267
  0.0618663132    0.0613726079    0.0608648956    0.0603421032    0.0598032176
  0.0592471659    0.0586723387    0.0580774844    0.0574609339    0.0568206608
  0.0561542809    0.0554596484    0.0547336042    0.0539725125    0.0531727970
  0.0523289144    0.0514349639    0.0504840910    0.0494670570    0.0483720601
  0.0471845567    0.0458846390    0.0444446504    0.0428269207    0.0409742296
  0.0387950838    0.0361370146    0.0327152312    0.0279720128    0.0212288797
  0.0154885948    0.0154555142    0.0154222548    0.0153888166    0.0153551996
  0.0153214037    0.0152873695    0.0152532160    0.0152188241    0.0151841938
  0.0151493847    0.0151143968    0.0150792301    0.0150437653    0.0150081217
  0.0149722993    0.0149361789    0.0148998201    0.0148633420    0.0148265064
  0.0147894919    0.0147522390    0.0147147477    0.0146769583    0.0146389902
  0.0146005452    0.0145619810    0.0145231783    0.0144840777    0.0144446194
  0.0144049823    0.0143650472    0.0143246949    0.0142841041    0.0142432749
  0.0142020285    0.0141605437    0.0141186416    0.0140763819    0.0140337646
  0.0139909089    0.0139475763    0.0139039457    0.0138598979    0.0138154924
  0.0137706101    0.0137253702    0.0136797130    0.0136336386    0.0135870874
  0.0135400593    0.0134926736    0.0134447515    0.0133962333    0.0133473575
  0.0132979453    0.0132478774    0.0131973326    0.0131462514    0.0130945146
  0.0130423605    0.0129893720    0.0129358470    0.0128817260    0.0128267705
  0.0127711594    0.0127148926    0.0126577914    0.0126000345    0.0125413835
  0.0124818385    0.0124213994    0.0123601258    0.0122978985    0.0122347772
  0.0121704638    0.0121051967    0.0120387375    0.0119712055    0.0119024217
  0.0118322670    0.0117609203    0.0116880238    0.0116136968    0.0115378201
  0.0114601552    0.0113808811    0.0112997591    0.0112167299    0.0111313164
  0.0110439360    0.0109540522    0.0108615458    0.0107663572    0.0106681287
  0.0105666220    0.0104616582    0.0103527606    0.0102397501    0.0101219714
  0.0099991262    0.0098703802    0.0097349584    0.0095923245    0.0094411671
  0.0092799962    0.0091073215    0.0089202821    0.0087166727    0.0084913075
  0.0082382262    0.0079463422    0.0075998604    0.0071641505    0.0065583885
  0.0054779351    0.0027352870    0.0014813244    0.0014813244    0.0014813244
  0.0014813244    0.0014813244    0.0014813244    0.0014813244    0.0014813244
  0.0014813244    0.0014813244    0.0014813244    0.0014813244    0.0014813244
  0.0014813244    0.0014813244    0.0014813244    0.0014813244    0.0014813244
  0.0014813244    0.0014813244    0.0014813244    0.0014813244    0.0014813244
  0.0014813244    0.0014813244    0.0014813244    0.0014813244    0.0014813244
  0.0014813244    0.0014813244    0.0014813244    0.0014813244    0.0014813244
  0.0014813244    0.0014813244    0.0014813244    0.0014813244    0.0014813244
  0.0014813244    0.0014813244    0.0014813244    0.0014813244    0.0014813244
  0.0014813244    0.0014813244    0.0014813244    0.0014813840    0.0014813840
  0.0014813840    0.0014813840    0.0014814436    0.0014814436    0.0014814436
  0.0014815032    0.0014815032    0.0014815032    0.0014815032    0.0014815629
  0.0014815629    0.0014815629    0.0014816225    0.0014816225    0.0014816225
  0.0014816225    0.0014816821    0.0014816821    0.0014816821    0.0014816821
  0.0014817417    0.0014817417    0.0014817417    0.0014818013    0.0014818013
  0.0014818013    0.0014818013    0.0014818609    0.0014818609    0.0014818609
  0.0014818609    0.0014819205    0.0014819205    0.0014819205    0.0014819205
  0.0014819801    0.0014819801    0.0014819801    0.0014819801    0.0014820397
  0.0014820397    0.0014820397    0.0014820397    0.0014820993    0.0014820993
  0.0014820993    0.0014820993    0.0014821589    0.0014821589    0.0014821589
  0.0014821589    0.0014822185    0.0014822185    0.0014822185    0.0014822185
  0.0014822781    0.0014822781    0.0014822781    0.0014822781    0.0014823377
  0.0786304772    0.0784750283    0.0782736242    0.0780677497    0.0778590739
  0.0776478946    0.0774343312    0.0772183836    0.0769999921    0.0767791569
  0.0765558779    0.0763299763    0.0761015713    0.0758704841    0.0756367147
  0.0754002035    0.0751608908    0.0749186575    0.0746735036    0.0744252503
  0.0741740167    0.0739195049    0.0736618340    0.0734008253    0.0731362998
  0.0728683174    0.0725967586    0.0723214447    0.0720423162    0.0717591941
  0.0714721382    0.0711807907    0.0708852112    0.0705852211    0.0702806413
  0.0699712932    0.0696570575    0.0693377554    0.0690132678    0.0686833560
  0.0683477819    0.0680063665    0.0676589310    0.0673051775    0.0669448078
  0.0665776432    0.0662033856    0.0658216178    0.0654320419    0.0650344193
  0.0646282732    0.0642131269    0.0637885034    0.0633541644    0.0629092753
  0.0624533594    0.0619857609    0.0615059435    0.0610127747    0.0605057180
  0.0599838197    0.0594458878    0.0588909686    0.0583175123    0.0577240288
  0.0571091473    0.0564707816    0.0558070838    0.0551149547    0.0543920100
  0.0536348522    0.0528393686    0.0520007908    0.0511136949    0.0501705706
  0.0491632521    0.0480810106    0.0469093025    0.0456307828    0.0442199409
  0.0426426232    0.0408491790    0.0387631357    0.0362608731    0.0331300199
  0.0290004909    0.0234242976    0.0167579949    0.0160606802    0.0160305202
  0.0160001814    0.0159697235    0.0159391463    0.0159083903    0.0158774555
  0.0158464611    0.0158152878    0.0157839358    0.0157524049    0.0157207549
  0.0156889856    0.0156569779    0.0156248510    0.0155924857    0.0155600607
  0.0155274570    0.0154946148    0.0154615939    0.0154284537    0.0153950751
  0.0153615177    0.0153278410    0.0152939260    0.0152598321    0.0152255595
  0.0151910484    0.0151561797    0.0151213109    0.0150862038    0.0150509179
  0.0150153339    0.0149795711    0.0149436295    0.0149073899    0.0148709714
  0.0148343146    0.0147974193    0.0147602260    0.0147228539    0.0146852434
  0.0146473944    0.0146091878    0.0145707428    0.0145320594    0.0144931376
  0.0144539177    0.0144143999    0.0143745244    0.0143343508    0.0142939985
  0.0142532289    0.0142122209    0.0141707957    0.0141291320    0.0140871108
  0.0140446723    0.0140019953    0.0139589012    0.0139154494    0.0138715804
  0.0138272941    0.0137827694    0.0137377679    0.0136922300    0.0136464536
  0.0136001408    0.0135534108    0.0135061443    0.0134584606    0.0134103000
  0.0133616626    0.0133124888    0.0132627189    0.0132125318    0.0131617486
  0.0131103694    0.0130584538    0.0130059421    0.0129527152    0.0128988922
  0.0128444135    0.0127891600    0.0127333105    0.0126766264    0.0126192868
  0.0125609934    0.0125020444    0.0124420822    0.0123813450    0.0123197138
  0.0122570693    0.0121932924    0.0121287405    0.0120628774    0.0119960010
  0.0119278729    0.0118584931    0.0117878616    0.0117159188    0.0116424859
  0.0115674436    0.0114909708    0.0114125907    0.0113326013    0.0112505257
  0.0111666620    0.0110804141    0.0109919012    0.0109011233    0.0108074844
  0.0107109845    0.0106117427    0.0105088055    0.0104024112    0.0102919638
  0.0101772249    0.0100573599    0.0099324882    0.0098014772    0.0096634328
  0.0095176399    0.0093632638    0.0091978014    0.0090205371    0.0088278353
  0.0086170733    0.0083833039    0.0081185400    0.0078116953    0.0074415505
  0.0069672763    0.0062795579    0.0049311817    0.0024187863    0.0021061003
  0.0021061003    0.0021061003    0.0021061003    0.0021061003    0.0021061003
  0.0021061003    0.0021061003    0.0021061003    0.0021061003    0.0021061003
  0.0021061003    0.0021061003    0.0021061003    0.0021061003    0.0021061003
  0.0021061003    0.0021061003    0.0021061003    0.0021061003    0.0021061003
  0.0021061003    0.0021061003    0.0021061003    0.0021061003    0.0021061003
  0.0021061003    0.0021061003    0.0021061003    0.0021061003    0.0021061003
  0.0021061003    0.0021061003    0.0021061003    0.0021061003    0.0021061003
  0.0021061003    0.0021061003    0.0021061003    0.0021061003    0.0021061003
  0.0021061003    0.0021061003    0.0021061003    0.0021061003    0.0021061003
  0.0021061003    0.0021061003    0.0021061003    0.0021061003    0.0021061003
  0.0021061003    0.0021061003    0.0021061003    0.0021061003    0.0021061003
  0.0021061003    0.0021061003    0.0021061003    0.0021061003    0.0021061003
  0.0021061003    0.0021061003    0.0021061003    0.0021061003    0.0021061003
  0.0021061003    0.0014822185    0.0014822185    0.0014822185    0.0014822185
  0.0014822781    0.0014822781    0.0014822781    0.0014822781    0.0014823377
  0.0806118548    0.0804868042    0.0803091228    0.0801256001    0.0799392164
  0.0797505677    0.0795599520    0.0793673098    0.0791727602    0.0789763033
  0.0787778199    0.0785773695    0.0783749521    0.0781704485    0.0779638588
  0.0777551234    0.0775442421    0.0773311555    0.0771158636    0.0768982470
  0.0766783059    0.0764559805    0.0762312114    0.0760039389    0.0757741630
  0.0755418241    0.0753067434    0.0750689805    0.0748284757    0.0745850503
  0.0743387640    0.0740894973    0.0738371909    0.0735817254    0.0733230412
  0.0730610192    0.0727956593    0.0725268424    0.0722543299    0.0719782412
  0.0716983378    0.0714145601    0.0711267292    0.0708347261    0.0705384910
  0.0702379048    0.0699326694    0.0696228445    0.0693081319    0.0689883530
  0.0686634481    0.0683330595    0.0679971278    0.0676554143    0.0673076808
  0.0669536889    0.0665932000    0.0662257969    0.0658514202    0.0654696524
  0.0650801361    0.0646825135    0.0642764270    0.0638613403    0.0634370744
  0.0630029142    0.0625583827    0.0621029437    0.0616358817    0.0611566007
  0.0606642067    0.0601579249    0.0596369803    0.0591000617    0.0585462153
  0.0579742491    0.0573824346    0.0567696393    0.0561333597    0.0554718077
  0.0547829568    0.0540632904    0.0533100069    0.0525192916    0.0516863763
  0.0508061945    0.0498715341    0.0488747060    0.0478052795    0.0466504395
  0.0453931987    0.0440111458    0.0424738228    0.0407372415    0.0387364924
  0.0363710225    0.0334799588    0.0298059881    0.0250429213    0.0193106830
  0.0166133344    0.0165855587    0.0165576637    0.0165296495    0.0165015757
  0.0164733231    0.0164449513    0.0164165199    0.0163879097    0.0163592398
  0.0163303912    0.0163014233    0.0162723958    0.0162432492    0.0162138641
  0.0161844194    0.0161548555    0.0161251128    0.0160952508    0.0160653293
  0.0160352290    0.0160049498    0.0159745514    0.0159440339    0.0159133375
  0.0158825219    0.0158515871    0.0158204138    0.0157891810    0.0157577097
  0.0157261193    0.0156944096    0.0156624019    0.0156303346    0.0155981481
  0.0155656636    0.0155331194    0.0155003965    0.0154674947    0.0154344141
  0.0154011548    0.0153677166    0.0153340995    0.0153002441    0.0152662098
  0.0152320564    0.0151976645    0.0151630342    0.0151282847    0.0150932372
  0.0150580108    0.0150226057    0.0149869621    0.0149510801    0.0149150193
  0.0148787200    0.0148421228    0.0148054063    0.0147683322    0.0147310793
  0.0146935880    0.0146557987    0.0146177709    0.0145795047    0.0145409405
  0.0145020783    0.0144630373    0.0144236982    0.0143840015    0.0143440664
  0.0143037736    0.0142631829    0.0142223537    0.0141811073    0.0141396224
  0.0140977800    0.0140555203    0.0140129626    0.0139700472    0.0139267743
  0.0138831437    0.0138391554    0.0137947500    0.0137499273    0.0137046874
  0.0136590898    0.0136129558    0.0135665238    0.0135196149    0.0134721100
  0.0134242475    0.0133758485    0.0133269131    0.0132776201    0.0132276118
  0.0131771863    0.0131260455    0.0130744874    0.0130222738    0.0129693449
  0.0129159391    0.0128618181    0.0128070414    0.0127515495    0.0126952827
  0.0126383007    0.0125806034    0.0125219524    0.0124625862    0.0124023259
  0.0123410523    0.0122790635    0.0122158825    0.0121518672    0.0120867193
  0.0120203197    0.0119530261    0.0118844211    0.0118144453    0.0117433369
  0.0116706789    0.0115966499    0.0115209520    0.0114437044    0.0113647282
  0.0112838447    0.0112010539    0.0111162364    0.0110290945    0.0109396279
  0.0108477175    0.0107530653    0.0106556118    0.0105547607    0.0104505122
  0.0103426874    0.0102305710    0.0101139843    0.0099923909    0.0098649561
  0.0097314417    0.0095908940    0.0094420016    0.0092836916    0.0091145337
  0.0089322031    0.0087336600    0.0085158050    0.0082722008    0.0079953372
  0.0076707900    0.0072753727    0.0067549050    0.0059673488    0.0043263137
  0.0022712052    0.0022712052    0.0022712052    0.0022712052    0.0022712052
  0.0022712052    0.0022712052    0.0022712052    0.0022712052    0.0022712052
  0.0022712052    0.0022712052    0.0022712052    0.0022712052    0.0022712052
  0.0022712052    0.0022712052    0.0022712052    0.0022712052    0.0022712052
  0.0022712052    0.0022712052    0.0022712052    0.0022712052    0.0022712052
  0.0022712052    0.0022712052    0.0022712052    0.0022712052    0.0022712052
  0.0022712052    0.0022712052    0.0022712052    0.0022712052    0.0022712052
  0.0022712052    0.0022712052    0.0022712052    0.0022712052    0.0022712052
  0.0022712052    0.0022712052    0.0022712052    0.0022712052    0.0022712052
  0.0823880732    0.0822879970    0.0821309984    0.0819659531    0.0817976296
  0.0816271007    0.0814547837    0.0812807381    0.0811050236    0.0809276998
  0.0807487667    0.0805682242    0.0803860128    0.0802021921    0.0800166428
  0.0798294246    0.0796404779    0.0794498026    0.0792573392    0.0790630281
  0.0788669288    0.0786689222    0.0784690678    0.0782672465    0.0780633986
  0.0778576434    0.0776497424    0.0774398148    0.0772276819    0.0770134628
  0.0767969787    0.0765782893    0.0763572156    0.0761338770    0.0759080946
  0.0756798089    0.0754490793    0.0752157271    0.0749797523    0.0747410953
  0.0744996965    0.0742554367    0.0740083158    0.0737582743    0.0735051334
  0.0732488930    0.0729894936    0.0727268159    0.0724608004    0.0721912086
  0.0719181597    0.0716414750    0.0713609755    0.0710766017    0.0707882941
  0.0704957545    0.0701990426    0.0698980987    0.0695924461    0.0692822039
  0.0689670742    0.0686469972    0.0683217943    0.0679911673    0.0676549971
  0.0673130453    0.0669652522    0.0666110814    0.0662504137    0.0658830702
  0.0655086935    0.0651269257    0.0647374690    0.0643398464    0.0639340580
  0.0635193288    0.0630953014    0.0626613796    0.0622173250    0.0617623627
  0.0612958372    0.0608172715    0.0603258312    0.0598203838    0.0593004525
  0.0587647259    0.0582122505    0.0576418936    0.0570520461    0.0564409792
  0.0558070242    0.0551482737    0.0544623435    0.0537464917    0.0529977381
  0.0522120893    0.0513850152    0.0505118072    0.0495860279    0.0485998690
  0.0475435555    0.0464054644    0.0451703370    0.0438173115    0.0423181951
  0.0406356752    0.0387137234    0.0364709795    0.0337814987    0.0304571092
  0.0262933075    0.0213061869    0.0171243250    0.0170985162    0.0170725286
  0.0170464814    0.0170203745    0.0169942081    0.0169678628    0.0169414580
  0.0169149339    0.0168883502    0.0168616474    0.0168348849    0.0168080032
  0.0167810023    0.0167538822    0.0167267025    0.0166994035    0.0166719854
  0.0166445076    0.0166168511    0.0165890753    0.0165612400    0.0165333450
  0.0165052116    0.0164770782    0.0164487660    0.0164203942    0.0163918436
  0.0163631737    0.0163343847    0.0163055360    0.0162765682    0.0162473619
  0.0162180960    0.0161887109    0.0161592066    0.0161295235    0.0160996616
  0.0160697401    0.0160396993    0.0160094798    0.0159791410    0.0159486830
  0.0159180462    0.0158873498    0.0158564746    0.0158253610    0.0157941282
  0.0157628357    0.0157313645    0.0156996548    0.0156678259    0.0156358182
  0.0156036913    0.0155713856    0.0155389011    0.0155062377    0.0154733956
  0.0154404342    0.0154072940    0.0153739154    0.0153403580    0.0153066814
  0.0152727067    0.0152386725    0.0152043402    0.0151698887    0.0151351988
  0.0151002109    0.0150651038    0.0150298774    0.0149942935    0.0149585903
  0.0149225891    0.0148863494    0.0148499310    0.0148132741    0.0147764385
  0.0147393048    0.0147018731    0.0146642625    0.0146263540    0.0145882070
  0.0145498216    0.0145111382    0.0144721568    0.0144329965    0.0143934190
  0.0143536031    0.0143134892    0.0142730772    0.0142323673    0.0141913593
  0.0141499937    0.0141083300    0.0140663087    0.0140238702    0.0139811933
  0.0139381588    0.0138946474    0.0138507783    0.0138066113    0.0137620270
  0.0137171447    0.0136716664    0.0136258900    0.0135795772    0.0135329068
  0.0134856999    0.0134380162    0.0133899152    0.0133412778    0.0132921636
  0.0132425725    0.0131923854    0.0131416619    0.0130904019    0.0130384862
  0.0129859746    0.0129328072    0.0128789842    0.0128246844    0.0127694309
  0.0127137005    0.0126570761    0.0125997961    0.0125416815    0.0124827921
  0.0124229491    0.0123623312    0.0123007596    0.0122382343    0.0121747553
  0.0121101439    0.0120444596    0.0119778216    0.0119098127    0.0118406713
  0.0117702782    0.0116985738    0.0116252601    0.0115505159    0.0114743412
  0.0113964379    0.0113165081    0.0112350881    0.0111514032    0.0110655725
  0.0109775960    0.0108872354    0.0107941329    0.0106984079    0.0105995238
  0.0104974210    0.0103919208    0.0102823079    0.0101686418    0.0100500286
  0.0099265277    0.0097967088    0.0096606314    0.0095173419    0.0093651712
  0.0092032850    0.0090294778    0.0088418424    0.0086368024    0.0084113181
  0.0081577003    0.0078676045    0.0075237453    0.0070982873    0.0065227449
  0.0056098402    0.0037644207    0.0014835894    0.0014835894    0.0014835894
  0.0014835894    0.0014835894    0.0014835894    0.0014835894    0.0014835894
  0.0014835894    0.0014835894    0.0014835894    0.0014835894    0.0014835894
  0.0839988887    0.0839190185    0.0837806761    0.0836316049    0.0834784806
  0.0833230317    0.0831657350    0.0830068886    0.0828465521    0.0826847851
  0.0825216472    0.0823571980    0.0821913183    0.0820240676    0.0818554461
  0.0816853940    0.0815139115    0.0813410580    0.0811667144    0.0809908807
  0.0808135569    0.0806346834    0.0804543197    0.0802724063    0.0800888836
  0.0799037516    0.0797169507    0.0795285404    0.0793384016    0.0791465342
  0.0789529383    0.0787575543    0.0785603821    0.0783613026    0.0781603754
  0.0779575408    0.0777527392    0.0775459707    0.0773371160    0.0771262348
  0.0769132674    0.0766980946    0.0764807761    0.0762611926    0.0760392845
  0.0758151114    0.0755885541    0.0753594935    0.0751279294    0.0748938620
  0.0746571720    0.0744178593    0.0741757452    0.0739308298    0.0736830533
  0.0734323561    0.0731786191    0.0729217827    0.0726617873    0.0723985732
  0.0721320212    0.0718619525    0.0715884268    0.0713112056    0.0710302889
  0.0707454979    0.0704567730    0.0701639354    0.0698668063    0.0695654452
  0.0692595541    0.0689490139    0.0686336458    0.0683134496    0.0679879487
  0.0676572025    0.0673208535    0.0669788420    0.0666307509    0.0662766993
  0.0659159720    0.0655486882    0.0651743114    0.0647927225    0.0644034445
  0.0640061200    0.0636005700    0.0631861389    0.0627624094    0.0623291433
  0.0618855059    0.0614311993    0.0609652698    0.0604874194    0.0599968731
  0.0594924390    0.0589738190    0.0584393442    0.0578884184    0.0573197305
  0.0567314923    0.0561227500    0.0554915965    0.0548356473    0.0541532338
  0.0534412563    0.0526966751    0.0519164503    0.0510956943    0.0502301753
  0.0493131578    0.0483380258    0.0472958386    0.0461747348    0.0449610651
  0.0436353385    0.0421741307    0.0405428708    0.0386945307    0.0365610421
  0.0340428054    0.0310022533    0.0272919834    0.0228925049    0.0181296766
  0.0175771415    0.0175527632    0.0175283849    0.0175038874    0.0174793303
  0.0174547136    0.0174299777    0.0174051821    0.0173803270    0.0173553526
  0.0173303187    0.0173051655    0.0172800124    0.0172546804    0.0172292888
  0.0172038376    0.0171782672    0.0171526968    0.0171269476    0.0171011388
  0.0170752108    0.0170492232    0.0170231760    0.0169969499    0.0169707239
  0.0169443786    0.0169179142    0.0168913305    0.0168646872    0.0168379247
  0.0168111026    0.0167841017    0.0167570412    0.0167299807    0.0167026222
  0.0166753232    0.0166477859    0.0166202486    0.0165925920    0.0165648162
  0.0165367424    0.0165087283    0.0164805949    0.0164523423    0.0164239705
  0.0163955390    0.0163669288    0.0163382590    0.0163094103    0.0162803829
  0.0162513554    0.0162221491    0.0161928236    0.0161633790    0.0161338151
  0.0161040723    0.0160742104    0.0160442293    0.0160141289    0.0159838498
  0.0159534514    0.0159228742    0.0158922374    0.0158613622    0.0158303678
  0.0157992542    0.0157679617    0.0157365501    0.0157049596    0.0156732500
  0.0156413615    0.0156092346    0.0155770481    0.0155446231    0.0155120790
  0.0154793561    0.0154463947    0.0154133737    0.0153801143    0.0153466761
  0.0153129995    0.0152792037    0.0152451694    0.0152109563    0.0151765645
  0.0151419938    0.0151071846    0.0150721371    0.0150369704    0.0150015056
  0.0149659216    0.0149300992    0.0148939788    0.0148576796    0.0148212016
  0.0147843659    0.0147473514    0.0147100985    0.0146725476    0.0146348178
  0.0145968497    0.0145585835    0.0145200789    0.0144811571    0.0144421160
  0.0144027174    0.0143630803    0.0143230855    0.0142829120    0.0142422616
  0.0142014325    0.0141603053    0.0141188204    0.0140769780    0.0140347779
  0.0139921606    0.0139493048    0.0139060318    0.0138625205    0.0138184130
  0.0137741268    0.0137293637    0.0136841834    0.0136385262    0.0135925710
  0.0135460198    0.0134991705    0.0134517252    0.0134039223    0.0133555233
  0.0133067071    0.0132572949    0.0132074058    0.0131570995    0.0131060183
  0.0130544603    0.0130023062    0.0129495561    0.0128960907    0.0128420293
  0.0127873719    0.0127318799    0.0126757920    0.0126188695    0.0125611722
  0.0125027597    0.0124433935    0.0123833120    0.0123221576    0.0122602880
  0.0121973455    0.0121334493    0.0120683014    0.0120023191    0.0119349658
  0.0118664801    0.0117969811    0.0117259324    0.0116534531    0.0115797222
  0.0115042627    0.0114273727    0.0113485754    0.0112682283    0.0111857951
  0.0111012161    0.0110146701    0.0109257400    0.0108343065    0.0107402503
  0.0106431544    0.0105433166    0.0104395449    0.0103326738    0.0102215111
  0.0854731500    0.0854094923    0.0852883160    0.0851534307    0.0850135386
  0.0848709047    0.0847263634    0.0845802724    0.0844328105    0.0842840374
  0.0841340721    0.0839829147    0.0838305056    0.0836769044    0.0835221708
  0.0833662450    0.0832090676    0.0830506980    0.0828911364    0.0827303231
  0.0825682580    0.0824049413    0.0822403729    0.0820744932    0.0819072425
  0.0817387402    0.0815688670    0.0813976228    0.0812250078    0.0810509622
  0.0808754861    0.0806985795    0.0805201828    0.0803402960    0.0801589191
  0.0799759924    0.0797914565    0.0796053708    0.0794176161    0.0792282522
  0.0790372193    0.0788443983    0.0786499679    0.0784536898    0.0782556236
  0.0780557096    0.0778539479    0.0776502788    0.0774447024    0.0772370994
  0.0770275295    0.0768158734    0.0766021907    0.0763863027    0.0761682093
  0.0759479105    0.0757254064    0.0755005181    0.0752733052    0.0750435889
  0.0748114288    0.0745768249    0.0743394792    0.0740995705    0.0738569200
  0.0736114681    0.0733632147    0.0731119812    0.0728577673    0.0726005137
  0.0723401010    0.0720763505    0.0718093216    0.0715388954    0.0712649524
  0.0709874332    0.0707060993    0.0704210103    0.0701319873    0.0698387921
  0.0695414841    0.0692398846    0.0689337552    0.0686230361    0.0683074892
  0.0679869950    0.0676614940    0.0673305690    0.0669942796    0.0666521490
  0.0663041770    0.0659500659    0.0655893981    0.0652222335    0.0648479760
  0.0644665062    0.0640775263    0.0636804998    0.0632751882    0.0628611147
  0.0624380410    0.0620051920    0.0615622103    0.0611083806    0.0606433451
  0.0601665676    0.0596768558    0.0591737926    0.0586562455    0.0581232011
  0.0575741231    0.0570069253    0.0564211309    0.0558147132    0.0551861227
  0.0545333326    0.0538542569    0.0531465113    0.0524068773    0.0516320169
  0.0508178771    0.0499598086    0.0490525067    0.0480888188    0.0470600426
  0.0459558070    0.0447634161    0.0434657633    0.0420409143    0.0404586494
  0.0386779606    0.0366427004    0.0342741311    0.0314671695    0.0281120241
  0.0241820514    0.0198796690    0.0180271566    0.0180042088    0.0179811418
  0.0179580152    0.0179348886    0.0179116428    0.0178883374    0.0178649724
  0.0178415477    0.0178180039    0.0177944601    0.0177707970    0.0177470744
  0.0177232921    0.0176994503    0.0176754892    0.0176514685    0.0176274478
  0.0176032484    0.0175790489    0.0175547302    0.0175303519    0.0175059140
  0.0174813569    0.0174567401    0.0174320638    0.0174073279    0.0173824728
  0.0173575580    0.0173325837    0.0173074305    0.0172822773    0.0172570646
  0.0172317326    0.0172062814    0.0171807706    0.0171551406    0.0171295106
  0.0171037018    0.0170778930    0.0170519054    0.0170258582    0.0169996917
  0.0169734657    0.0169470608    0.0169205964    0.0168941319    0.0168674886
  0.0168408453    0.0168139637    0.0167870820    0.0167600214    0.0167330205
  0.0167057216    0.0166784823    0.0166510046    0.0166235268    0.0165958703
  0.0165680945    0.0165402591    0.0165123045    0.0164841712    0.0164560378
  0.0164277256    0.0163992941    0.0163707435    0.0163420737    0.0163134038
  0.0162844360    0.0162554681    0.0162263215    0.0161970556    0.0161676109
  0.0161381066    0.0161084235    0.0160786808    0.0160487592    0.0160186589
  0.0159884989    0.0159581006    0.0159276426    0.0158970654    0.0158663094
  0.0158354342    0.0158043802    0.0157730877    0.0157418549    0.0157102644
  0.0156786144    0.0156468451    0.0156147778    0.0155826509    0.0155502856
  0.0155178607    0.0154851973    0.0154523551    0.0154193342    0.0153862536
  0.0153528750    0.0153193772    0.0152855814    0.0152516663    0.0152175725
  0.0151833594    0.0151488483    0.0151140988    0.0150792301    0.0150441229
  0.0150088370    0.0149733126    0.0149374902    0.0149015486    0.0148653686
  0.0148288906    0.0147923529    0.0147553980    0.0147182643    0.0146809518
  0.0146432221    0.0146053731    0.0145673454    0.0145288408    0.0144902170
  0.0144512951    0.0144120753    0.0143725574    0.0143327415    0.0142926276
  0.0142522752    0.0142115653    0.0141705573    0.0141292512    0.0140875280
  0.0140455663    0.0140031874    0.0139604509    0.0139174759    0.0138741434
  0.0138302147    0.0137859881    0.0137415230    0.0136965215    0.0136512220
  0.0136053860    0.0135591328    0.0135124624    0.0134653151    0.0134177506
  0.0133696496    0.0133210719    0.0132720172    0.0132224262    0.0131721795
  0.0131216347    0.0130703747    0.0130184591    0.0129661262    0.0129130781
  0.0128593743    0.0128049552    0.0127498806    0.0126941502    0.0126377642
  0.0868329108    0.0867820084    0.0866765082    0.0865546167    0.0864265263
  0.0862951577    0.0861617029    0.0860265791    0.0858900845    0.0857523978
  0.0856135190    0.0854735672    0.0853325427    0.0851905048    0.0850473940
  0.0849032700    0.0847580731    0.0846118629    0.0844645798    0.0843162835
  0.0841668546    0.0840164125    0.0838648975    0.0837122500    0.0835584700
  0.0834036171    0.0832476318    0.0830904543    0.0829322040    0.0827727020
  0.0826120079    0.0824501216    0.0822870433    0.0821226537    0.0819570720
  0.0817901790    0.0816219747    0.0814525187    0.0812816918    0.0811095536
  0.0809359848    0.0807610452    0.0805846751    0.0804068744    0.0802276433
  0.0800469220    0.0798647106    0.0796809494    0.0794955790    0.0793087184
  0.0791201890    0.0789300501    0.0787382424    0.0785447061    0.0783495009
  0.0781524479    0.0779537261    0.0777531564    0.0775506794    0.0773462951
  0.0771400630    0.0769318640    0.0767215788    0.0765093267    0.0762949884
  0.0760785043    0.0758598745    0.0756389797    0.0754159391    0.0751904547
  0.0749627054    0.0747325718    0.0744998753    0.0742646754    0.0740269125
  0.0737865269    0.0735433996    0.0732974708    0.0730487406    0.0727970898
  0.0725425184    0.0722848475    0.0720240176    0.0717599690    0.0714926422
  0.0712217987    0.0709475577    0.0706697404    0.0703882277    0.0701027811
  0.0698135793    0.0695201457    0.0692226589    0.0689209402    0.0686146319
  0.0683037341    0.0679881275    0.0676675141    0.0673419535    0.0670110881
  0.0666746199    0.0663326085    0.0659846961    0.0656306446    0.0652703345
  0.0649032295    0.0645292699    0.0641478598    0.0637591183    0.0633626282
  0.0629575551    0.0625441968    0.0621214211    0.0616892278    0.0612470210
  0.0607940257    0.0603300035    0.0598540604    0.0593654811    0.0588634908
  0.0583473146    0.0578161180    0.0572685301    0.0567035973    0.0561195910
  0.0555159152    0.0548901856    0.0542405546    0.0535652936    0.0528618991
  0.0521270335    0.0513579547    0.0505509079    0.0497009456    0.0488030016
  0.0478506386    0.0468358099    0.0457488000    0.0445775688    0.0433066785
  0.0419165790    0.0403802693    0.0386633575    0.0367171466    0.0344788134
  0.0318672359    0.0288004577    0.0252527893    0.0213467777    0.0184529722
  0.0184310973    0.0184092820    0.0183873475    0.0183653533    0.0183432996
  0.0183212459    0.0182990730    0.0182768404    0.0182545483    0.0182321966
  0.0182098448    0.0181873739    0.0181649029    0.0181422532    0.0181196630
  0.0180970132    0.0180741847    0.0180514157    0.0180284679    0.0180055797
  0.0179825127    0.0179594457    0.0179363191    0.0179131329    0.0178898275
  0.0178664625    0.0178430974    0.0178195536    0.0177960098    0.0177724063
  0.0177486837    0.0177249610    0.0177011192    0.0176772177    0.0176533163
  0.0176291764    0.0176050961    0.0175808966    0.0175566375    0.0175322592
  0.0175078809    0.0174833834    0.0174587667    0.0174341500    0.0174094737
  0.0173846185    0.0173597634    0.0173346698    0.0173095167    0.0172844231
  0.0172592103    0.0172338784    0.0172085464    0.0171830356    0.0171574652
  0.0171318352    0.0171060860    0.0170802772    0.0170544088    0.0170283616
  0.0170022547    0.0169760883    0.0169498622    0.0169234574    0.0168969333
  0.0168704093    0.0168437064    0.0168170035    0.0167900622    0.0167631805
  0.0167361200    0.0167088807    0.0166816413    0.0166542828    0.0166268051
  0.0165992081    0.0165715516    0.0165437162    0.0165158808    0.0164878070
  0.0164596736    0.0164314210    0.0164031088    0.0163746178    0.0163460076
  0.0163172781    0.0162884295    0.0162594616    0.0162304342    0.0162011683
  0.0161719024    0.0161423981    0.0161127746    0.0160830915    0.0160531700
  0.0160232484    0.0159930885    0.0159628093    0.0159324110    0.0159018934
  0.0158711970    0.0158403814    0.0158093870    0.0157782733    0.0157469809
  0.0157156289    0.0156839192    0.0156522095    0.0156203210    0.0155882537
  0.0155560076    0.0155236423    0.0154910982    0.0154583156    0.0154253542
  0.0153923333    0.0153590739    0.0153256953    0.0152920187    0.0152582228
  0.0152242482    0.0151899755    0.0151555240    0.0151210129    0.0150861442
  0.0150512755    0.0150160491    0.0149806440    0.0149448812    0.0149091184
  0.0148729980    0.0148367584    0.0148001611    0.0147633851    0.0147264302
  0.0146891773    0.0146516263    0.0146139562    0.0145759881    0.0145376623
  0.0144992173    0.0144604146    0.0144212544    0.0143819749    0.0143423378
  0.0143024027    0.0142621100    0.0142215788    0.0141808093    0.0141395628
  0.0880949795    0.0880540311    0.0879627764    0.0878529847    0.0877356231
  0.0876143873    0.0874906480    0.0873651803    0.0872382224    0.0871101320
  0.0869809091    0.0868506134    0.0867193639    0.0865871608    0.0864540040
  0.0863199532    0.0861849487    0.0860490501    0.0859121978    0.0857744515
  0.0856358111    0.0854962170    0.0853556693    0.0852141678    0.0850717723
  0.0849283636    0.0847840011    0.0846386254    0.0844922960    0.0843449533
  0.0841965973    0.0840471685    0.0838967264    0.0837452710    0.0835927427
  0.0834391415    0.0832844079    0.0831286013    0.0829716623    0.0828135908
  0.0826544464    0.0824940503    0.0823325217    0.0821697414    0.0820057690
  0.0818406045    0.0816741884    0.0815065205    0.0813375413    0.0811671913
  0.0809955895    0.0808226764    0.0806483924    0.0804726779    0.0802955329
  0.0801170766    0.0799370706    0.0797556341    0.0795727074    0.0793882310
  0.0792022049    0.0790146887    0.0788255036    0.0786346495    0.0784422457
  0.0782480538    0.0780522525    0.0778546631    0.0776552856    0.0774540007
  0.0772510469    0.0770460665    0.0768392980    0.0766304433    0.0764197409
  0.0762068927    0.0759920180    0.0757750571    0.0755558908    0.0753345788
  0.0751109421    0.0748850405    0.0746568143    0.0744262040    0.0741930902
  0.0739574134    0.0737192929    0.0734784901    0.0732350051    0.0729887187
  0.0727395713    0.0724876225    0.0722326934    0.0719746649    0.0717135966
  0.0714491904    0.0711816847    0.0709105432    0.0706361234    0.0703580678
  0.0700761974    0.0697906911    0.0695011318    0.0692076981    0.0689100325
  0.0686080754    0.0683017075    0.0679908693    0.0676751435    0.0673546493
  0.0670290887    0.0666981637    0.0663617551    0.0660199225    0.0656720698
  0.0653181374    0.0649579465    0.0645912588    0.0642174184    0.0638366044
  0.0634482205    0.0630520880    0.0626474321    0.0622346699    0.0618124902
  0.0613810122    0.0609395206    0.0604873598    0.0600244105    0.0595494211
  0.0590619743    0.0585613549    0.0580469668    0.0575172007    0.0569714010
  0.0564085543    0.0558272302    0.0552261174    0.0546032488    0.0539573729
  0.0532858074    0.0525870025    0.0518574417    0.0510945022    0.0502941310
  0.0494523942    0.0485641062    0.0476232469    0.0466223061    0.0455520451
  0.0444016755    0.0431574285    0.0418008864    0.0403084457    0.0386507213
  0.0367858708    0.0346635878    0.0322199166    0.0293900669    0.0261542499
  0.0225858986    0.0188794434    0.0188370049    0.0188162029    0.0187952816
  0.0187743008    0.0187532604    0.0187322795    0.0187111199    0.0186899602
  0.0186687410    0.0186475217    0.0186261833    0.0186048448    0.0185833871
  0.0185619295    0.0185404122    0.0185188353    0.0184971988    0.0184755027
  0.0184537470    0.0184319913    0.0184101760    0.0183882415    0.0183662474
  0.0183442533    0.0183221400    0.0183000267    0.0182778537    0.0182556212
  0.0182332695    0.0182109177    0.0181885064    0.0181659758    0.0181433856
  0.0181208551    0.0180981457    0.0180754364    0.0180526674    0.0180297792
  0.0180068314    0.0179838240    0.0179608166    0.0179376900    0.0179145038
  0.0178911984    0.0178679526    0.0178445280    0.0178211033    0.0177975595
  0.0177739561    0.0177503526    0.0177265704    0.0177026093    0.0176788270
  0.0176548064    0.0176307857    0.0176067054    0.0175826252    0.0175583661
  0.0175340474    0.0175096691    0.0174851716    0.0174606740    0.0174359977
  0.0174113214    0.0173865259    0.0173616707    0.0173367560    0.0173117220
  0.0172866881    0.0172614157    0.0172361434    0.0172108710    0.0171854198
  0.0171599090    0.0171342790    0.0171085894    0.0170828402    0.0170569122
  0.0170309842    0.0170049369    0.0169787705    0.0169524848    0.0169261992
  0.0168997943    0.0168732703    0.0168466270    0.0168199241    0.0167931616
  0.0167662799    0.0167391598    0.0167120397    0.0166849196    0.0166575611
  0.0166301429    0.0166026652    0.0165749490    0.0165472329    0.0165193379
  0.0164913237    0.0164633095    0.0164351165    0.0164068639    0.0163783729
  0.0163498819    0.0163212121    0.0162924230    0.0162635148    0.0162344873
  0.0162053406    0.0161761343    0.0161466300    0.0161171257    0.0160875022
  0.0160576999    0.0160277188    0.0159977376    0.0159674585    0.0159371793
  0.0159067214    0.0158761442    0.0158453286    0.0158144534    0.0157833397
  0.0157521665    0.0157208145    0.0156893432    0.0156576931    0.0156258047
  0.0155938566    0.0155617297    0.0155293643    0.0154968798    0.0154642165
  0.0154313743    0.0153984129    0.0153652132    0.0153318942    0.0152982771
  0.0892728865    0.0892396867    0.0891610086    0.0890624821    0.0889550745
  0.0888430178    0.0887281001    0.0886112154    0.0884928405    0.0883731544
  0.0882523358    0.0881305635    0.0880078375    0.0878841579    0.0877597034
  0.0876343548    0.0875081718    0.0873811543    0.0872533023    0.0871246755
  0.0869952142    0.0868649185    0.0867337883    0.0866018236    0.0864690840
  0.0863354504    0.0862009823    0.0860656798    0.0859294832    0.0857924521
  0.0856545269    0.0855157077    0.0853759944    0.0852353871    0.0850938261
  0.0849513710    0.0848080218    0.0846636593    0.0845184028    0.0843721330
  0.0842249095    0.0840766728    0.0839274824    0.0837772787    0.0836260021
  0.0834737122    0.0833203495    0.0831659138    0.0830104053    0.0828538239
  0.0826961100    0.0825373232    0.0823773444    0.0822162330    0.0820539296
  0.0818904340    0.0817258060    0.0815598667    0.0813927352    0.0812243521
  0.0810547173    0.0808837116    0.0807114542    0.0805378258    0.0803628862
  0.0801865160    0.0800087750    0.0798296630    0.0796490610    0.0794670284
  0.0792834461    0.0790983737    0.0789117515    0.0787236392    0.0785338581
  0.0783425272    0.0781494677    0.0779547989    0.0777584612    0.0775602758
  0.0773603618    0.0771586597    0.0769551098    0.0767497122    0.0765424073
  0.0763331354    0.0761218965    0.0759085715    0.0756933391    0.0754759014
  0.0752563179    0.0750345290    0.0748105347    0.0745841563    0.0743556321
  0.0741245449    0.0738910735    0.0736551583    0.0734165609    0.0731755197
  0.0729316771    0.0726850331    0.0724356472    0.0721834004    0.0719281733
  0.0716699064    0.0714085400    0.0711440146    0.0708760917    0.0706050098
  0.0703302324    0.0700519979    0.0697701275    0.0694843233    0.0691948831
  0.0689011514    0.0686034262    0.0683014095    0.0679950416    0.0676840842
  0.0673685372    0.0670479834    0.0667223036    0.0663916767    0.0660554469
  0.0657136738    0.0653659999    0.0650124252    0.0646524727    0.0642859042
  0.0639124215    0.0635319650    0.0631440580    0.0627484024    0.0623443425
  0.0619321167    0.0615108311    0.0610800683    0.0606394708    0.0601883233
  0.0597262084    0.0592523515    0.0587663949    0.0582674444    0.0577541888
  0.0572262704    0.0566826761    0.0561218560    0.0555431545    0.0549447238
  0.0543251932    0.0536829531    0.0530156791    0.0523212850    0.0515970290
  0.0508401096    0.0500468314    0.0492135584    0.0483349860    0.0474054515
  0.0464181602    0.0453651249    0.0442352593    0.0430168211    0.0416919291
  0.0402419865    0.0386392772    0.0368497670    0.0348299444    0.0325318873
  0.0299034417    0.0269248188    0.0236487687    0.0202122033    0.0192245543
  0.0192045867    0.0191845596    0.0191645324    0.0191444457    0.0191242397
  0.0191040933    0.0190838277    0.0190635622    0.0190432370    0.0190229118
  0.0190024078    0.0189819634    0.0189615190    0.0189408958    0.0189203322
  0.0188997090    0.0188789666    0.0188582242    0.0188374817    0.0188166201
  0.0187957585    0.0187747777    0.0187537968    0.0187327564    0.0187116563
  0.0186905563    0.0186693370    0.0186481178    0.0186267793    0.0186054409
  0.0185840428    0.0185625851    0.0185411274    0.0185195506    0.0184979141
  0.0184762776    0.0184545219    0.0184327662    0.0184109509    0.0183890760
  0.0183670819    0.0183451474    0.0183230937    0.0183009803    0.0182788074
  0.0182565749    0.0182342231    0.0182119310    0.0181895196    0.0181671083
  0.0181445777    0.0181219280    0.0180992782    0.0180765688    0.0180536807
  0.0180307925    0.0180079043    0.0179850161    0.0179619491    0.0179388821
  0.0179156959    0.0178924501    0.0178692043    0.0178458393    0.0178223550
  0.0177988708    0.0177753866    0.0177517235    0.0177280009    0.0177042782
  0.0176803768    0.0176564753    0.0176325142    0.0176084936    0.0175843537
  0.0175600946    0.0175358951    0.0175115168    0.0174870789    0.0174625814
  0.0174379647    0.0174132884    0.0173886120    0.0173637569    0.0173389018
  0.0173138678    0.0172888339    0.0172636807    0.0172385275    0.0172131360
  0.0171878040    0.0171622932    0.0171367228    0.0171110332    0.0170853436
  0.0170595348    0.0170336068    0.0170075595    0.0169815123    0.0169552863
  0.0169290602    0.0169025958    0.0168761313    0.0168495476    0.0168229043
  0.0167961419    0.0167692602    0.0167423189    0.0167152584    0.0166880786
  0.0166607797    0.0166334212    0.0166059434    0.0165783465    0.0165506899
  0.0165228546    0.0164949596    0.0164668858    0.0164387524    0.0164105594
  0.0163821876    0.0163536370    0.0163251460    0.0162963569    0.0162675679
  0.0903773010    0.0903501213    0.0902825296    0.0901944339    0.0900963247
  0.0899927914    0.0898859799    0.0897769034    0.0896660984    0.0895539820
  0.0894407332    0.0893264115    0.0892111957    0.0890951455    0.0889782608
  0.0888605416    0.0887421072    0.0886228383    0.0885029137    0.0883821547
  0.0882607400    0.0881385505    0.0880155861    0.0878919065    0.0877675116
  0.0876423419    0.0875163972    0.0873897374    0.0872623622    0.0871341527
  0.0870051682    0.0868754685    0.0867449343    0.0866136253    0.0864815414
  0.0863486230    0.0862149298    0.0860804021    0.0859450400    0.0858088434
  0.0856717527    0.0855338871    0.0853950679    0.0852554142    0.0851149261
  0.0849734843    0.0848311484    0.0846879184    0.0845437944    0.0843987167
  0.0842526257    0.0841056406    0.0839576423    0.0838086903    0.0836587250
  0.0835078061    0.0833558142    0.0832028687    0.0830487907    0.0828936994
  0.0827374756    0.0825802386    0.0824218690    0.0822623670    0.0821017325
  0.0819399655    0.0817770660    0.0816129148    0.0814476311    0.0812811553
  0.0811133683    0.0809443891    0.0807740986    0.0806024969    0.0804296434
  0.0802554786    0.0800799429    0.0799030364    0.0797246993    0.0795450509
  0.0793639123    0.0791812837    0.0789972246    0.0788116753    0.0786245167
  0.0784358680    0.0782456100    0.0780536830    0.0778602064    0.0776651204
  0.0774681866    0.0772695839    0.0770692527    0.0768670738    0.0766631067
  0.0764572322    0.0762495100    0.0760398209    0.0758281648    0.0756145418
  0.0753988326    0.0751810372    0.0749610364    0.0747389495    0.0745144784
  0.0742879212    0.0740589201    0.0738275945    0.0735938847    0.0733574927
  0.0731187165    0.0728771985    0.0726331770    0.0723864138    0.0721366704
  0.0718842447    0.0716287792    0.0713702738    0.0711087286    0.0708440244
  0.0705759823    0.0703046620    0.0700297058    0.0697514117    0.0694694817
  0.0691835582    0.0688939393    0.0686003268    0.0683024824    0.0680005848
  0.0676940978    0.0673832595    0.0670675933    0.0667472780    0.0664217770
  0.0660911500    0.0657551587    0.0654135644    0.0650661290    0.0647128522
  0.0643531382    0.0639869273    0.0636141002    0.0632338822    0.0628465116
  0.0624512732    0.0620480478    0.0616364777    0.0612159073    0.0607859790
  0.0603462160    0.0598961413    0.0594352186    0.0589627326    0.0584780276
  0.0579805672    0.0574691594    0.0569433868    0.0564016998    0.0558433831
  0.0552670658    0.0546716154    0.0540558398    0.0534169972    0.0527538955
  0.0520642102    0.0513457358    0.0505948961    0.0498090088    0.0489839613
  0.0481154621    0.0471974909    0.0462242067    0.0451873243    0.0440780222
  0.0428839028    0.0415901244    0.0401800573    0.0386292040    0.0369072258
  0.0349816382    0.0328089297    0.0303531587    0.0275934041    0.0245666802
  0.0213734210    0.0195958912    0.0195766985    0.0195574462    0.0195382535
  0.0195189416    0.0194996297    0.0194801986    0.0194608271    0.0194413364
  0.0194218457    0.0194022954    0.0193827450    0.0193630755    0.0193434060
  0.0193237364    0.0193040073    0.0192842185    0.0192643702    0.0192445219
  0.0192246139    0.0192046463    0.0191846788    0.0191645920    0.0191445053
  0.0191244185    0.0191042125    0.0190840065    0.0190637410    0.0190434158
  0.0190230906    0.0190027058    0.0189822614    0.0189617574    0.0189411938
  0.0189206302    0.0189000070    0.0188792646    0.0188585818    0.0188378394
  0.0188170373    0.0187961161    0.0187751949    0.0187542140    0.0187332332
  0.0187121332    0.0186909735    0.0186698139    0.0186486542    0.0186273158
  0.0186059773    0.0185846388    0.0185631812    0.0185417235    0.0185202062
  0.0184985697    0.0184769928    0.0184552372    0.0184335411    0.0184116662
  0.0183896720    0.0183677971    0.0183458030    0.0183237493    0.0183016360
  0.0182795227    0.0182573497    0.0182350576    0.0182127655    0.0181903541
  0.0181678832    0.0181454122    0.0181228817    0.0181002319    0.0180775225
  0.0180548131    0.0180320442    0.0180091560    0.0179862082    0.0179632008
  0.0179401934    0.0179170072    0.0178937614    0.0178705752    0.0178472102
  0.0178238451    0.0178003609    0.0177768171    0.0177532732    0.0177296102
  0.0177058280    0.0176820457    0.0176581442    0.0176341832    0.0176101625
  0.0175860822    0.0175618827    0.0175376832    0.0175133646    0.0174889863
  0.0174644887    0.0174399316    0.0174153149    0.0173906386    0.0173658431
  0.0173409283    0.0173160136    0.0172910392    0.0172658861    0.0172407329
  0.0172154605    0.0171900690    0.0171646178    0.0171391666    0.0171135366
  0.0914171636    0.0913946927    0.0913365781    0.0912580788    0.0911686718
  0.0910731256    0.0909737647    0.0908719003    0.0907680690    0.0906628072
  0.0905563533    0.0904488266    0.0903403461    0.0902310312    0.0901208818
  0.0900099576    0.0898983777    0.0897860229    0.0896729529    0.0895592868
  0.0894448459    0.0893297493    0.0892140567    0.0890975893    0.0889805257
  0.0888627470    0.0887443125    0.0886252224    0.0885054767    0.0883850157
  0.0882638395    0.0881420076    0.0880194604    0.0878962576    0.0877722800
  0.0876476467    0.0875222981    0.0873962343    0.0872694552    0.0871419013
  0.0870135725    0.0868845880    0.0867547691    0.0866242349    0.0864929259
  0.0863608420    0.0862279236    0.0860942304    0.0859597623    0.0858244598
  0.0856883228    0.0855514109    0.0854136646    0.0852750242    0.0851354897
  0.0849951804    0.0848539174    0.0847118199    0.0845688283    0.0844248831
  0.0842800438    0.0841343105    0.0839876235    0.0838399827    0.0836913288
  0.0835417211    0.0833911598    0.0832395852    0.0830869973    0.0829333365
  0.0827786624    0.0826229155    0.0824661553    0.0823083222    0.0821493566
  0.0819892585    0.0818280876    0.0816657841    0.0815022886    0.0813375413
  0.0811717212    0.0810046494    0.0808363259    0.0806668103    0.0804959834
  0.0803239644    0.0801505744    0.0799758732    0.0797998011    0.0796223581
  0.0794436038    0.0792633593    0.0790818036    0.0788986981    0.0787141621
  0.0785280764    0.0783405006    0.0781514347    0.0779607594    0.0777684748
  0.0775745213    0.0773788989    0.0771816075    0.0769825876    0.0767818391
  0.0765792429    0.0763749182    0.0761686265    0.0759605467    0.0757505000
  0.0755385458    0.0753245056    0.0751084387    0.0748902261    0.0746701062
  0.0744476020    0.0742229521    0.0739960372    0.0737666786    0.0735351145
  0.0733010471    0.0730645359    0.0728254020    0.0725838244    0.0723395646
  0.0720923841    0.0718425810    0.0715898573    0.0713342130    0.0710756481
  0.0708139837    0.0705490410    0.0702809393    0.0700093806    0.0697344840
  0.0694561899    0.0691740215    0.0688882172    0.0685985982    0.0683049262
  0.0680072606    0.0677051246    0.0673989356    0.0670879781    0.0667724907
  0.0664521754    0.0661269724    0.0657966435    0.0654608309    0.0651193559
  0.0647722781    0.0644192994    0.0640600026    0.0636942089    0.0633217394
  0.0629422367    0.0625552237    0.0621607602    0.0617583692    0.0613472760
  0.0609277189    0.0604986846    0.0600598156    0.0596109927    0.0591512620
  0.0586800873    0.0581969321    0.0577009618    0.0571914017    0.0566675961
  0.0561282933    0.0555724204    0.0549992025    0.0544066131    0.0537939966
  0.0531590879    0.0525004566    0.0518156588    0.0511026680    0.0503585041
  0.0495797098    0.0487630665    0.0479044616    0.0469979346    0.0460383594
  0.0450181067    0.0439281762    0.0427584350    0.0414949954    0.0401225388
  0.0386193693    0.0369618237    0.0351190269    0.0330597460    0.0307500064
  0.0281790197    0.0253667533    0.0223896205    0.0199528635    0.0199343860
  0.0199158490    0.0198973119    0.0198787153    0.0198601186    0.0198414624
  0.0198227465    0.0198040307    0.0197853148    0.0197664797    0.0197476447
  0.0197288096    0.0197098553    0.0196909606    0.0196719468    0.0196529329
  0.0196338594    0.0196147859    0.0195955932    0.0195764601    0.0195572078
  0.0195380151    0.0195187032    0.0194993913    0.0194800198    0.0194606483
  0.0194411576    0.0194216669    0.0194021761    0.0193825662    0.0193630159
  0.0193433464    0.0193236768    0.0193039477    0.0192841589    0.0192643702
  0.0192445219    0.0192246139    0.0192046463    0.0191846788    0.0191646516
  0.0191445649    0.0191244781    0.0191043317    0.0190841258    0.0190638602
  0.0190435350    0.0190232098    0.0190028250    0.0189823806    0.0189619362
  0.0189414322    0.0189208686    0.0189002454    0.0188795626    0.0188588798
  0.0188381374    0.0188172758    0.0187964737    0.0187755525    0.0187546313
  0.0187334716    0.0187124312    0.0186913311    0.0186701119    0.0186488926
  0.0186276734    0.0186063945    0.0185850561    0.0185636580    0.0185422003
  0.0185206831    0.0184990466    0.0184774697    0.0184558332    0.0184340179
  0.0184122622    0.0183903873    0.0183685720    0.0183465779    0.0183245838
  0.0183024704    0.0182803571    0.0182581842    0.0182359517    0.0182137191
  0.0181913078    0.0181689560    0.0181464255    0.0181238949    0.0181013048
  0.0180785954    0.0180559456    0.0180331767    0.0180102885    0.0179874003
  0.0179644525    0.0179414451    0.0179183185    0.0178951323    0.0178718865
  0.0923996270    0.0923809111    0.0923309028    0.0922611058    0.0921798646
  0.0920918286    0.0919995010    0.0919042528    0.0918069184    0.0917079151
  0.0916076601    0.0915062726    0.0914038718    0.0913006365    0.0911966264
  0.0910918415    0.0909863412    0.0908801258    0.0907733142    0.0906657875
  0.0905576646    0.0904489458    0.0903395712    0.0902296007    0.0901189744
  0.0900077522    0.0898959339    0.0897835195    0.0896704495    0.0895567834
  0.0894425213    0.0893276036    0.0892121494    0.0890959799    0.0889792144
  0.0888617933    0.0887437761    0.0886251032    0.0885057151    0.0883857906
  0.0882651508    0.0881438553    0.0880218446    0.0878991783    0.0877758563
  0.0876518190    0.0875271261    0.0874017179    0.0872756541    0.0871488154
  0.0870212615    0.0868929923    0.0867640078    0.0866343081    0.0865037739
  0.0863725245    0.0862405002    0.0861077607    0.0859741867    0.0858398378
  0.0857047141    0.0855687559    0.0854319632    0.0852943957    0.0851559341
  0.0850166976    0.0848765671    0.0847356617    0.0845938027    0.0844510496
  0.0843074620    0.0841629207    0.0840174854    0.0838710964    0.0837238133
  0.0835755765    0.0834263861    0.0832762420    0.0831250846    0.0829729736
  0.0828197896    0.0826655924    0.0825103819    0.0823541582    0.0821968019
  0.0820384324    0.0818789303    0.0817183554    0.0815565884    0.0813937485
  0.0812297761    0.0810646117    0.0808982551    0.0807306468    0.0805619061
  0.0803919137    0.0802206099    0.0800480545    0.0798742473    0.0796990693
  0.0795225799    0.0793447793    0.0791654289    0.0789848268    0.0788027942
  0.0786192715    0.0784343779    0.0782478750    0.0780598819    0.0778703392
  0.0776792467    0.0774865448    0.0772922933    0.0770962536    0.0768986642
  0.0766992271    0.0764981210    0.0762952864    0.0760904849    0.0758840144
  0.0756755173    0.0754651725    0.0752528608    0.0750385821    0.0748222172
  0.0746038258    0.0743832886    0.0741604865    0.0739355385    0.0737084448
  0.0734788477    0.0732469857    0.0730127990    0.0727759898    0.0725367367
  0.0722949207    0.0720503628    0.0718031824    0.0715532005    0.0713004172
  0.0710445940    0.0707857907    0.0705239475    0.0702590644    0.0699907243
  0.0697192848    0.0694443882    0.0691657960    0.0688837469    0.0685979426
  0.0683083236    0.0680146515    0.0677169263    0.0674151480    0.0671088994
  0.0667982996    0.0664828122    0.0661626756    0.0658377111    0.0655076206
  0.0651719272    0.0648311079    0.0644843876    0.0641315281    0.0637727082
  0.0634075105    0.0630355775    0.0626565516    0.0622703135    0.0618766248
  0.0614747703    0.0610645115    0.0606456101    0.0602178872    0.0597801507
  0.0593323410    0.0588739812    0.0584042966    0.0579228103    0.0574284494
  0.0569208562    0.0563990176    0.0558622777    0.0553088486    0.0547381938
  0.0541490018    0.0535397232    0.0529089868    0.0522548258    0.0515750349
  0.0508675873    0.0501298010    0.0493585169    0.0485506952    0.0477018058
  0.0468070209    0.0458612144    0.0448565781    0.0437862575    0.0426397622
  0.0414053500    0.0400681794    0.0386105478    0.0370128453    0.0352466404
  0.0332869589    0.0311076343    0.0286971033    0.0260724127    0.0232867301
  0.0204280317    0.0202790797    0.0202611983    0.0202433169    0.0202253759
  0.0202073753    0.0201893747    0.0201713145    0.0201532543    0.0201351345
  0.0201170146    0.0200988352    0.0200806558    0.0200624168    0.0200441182
  0.0200258791    0.0200075209    0.0199891627    0.0199707448    0.0199523270
  0.0199338496    0.0199153721    0.0198967755    0.0198782384    0.0198595822
  0.0198409855    0.0198222697    0.0198035538    0.0197847784    0.0197660625
  0.0197472274    0.0197283924    0.0197094977    0.0196905434    0.0196715891
  0.0196525753    0.0196335018    0.0196144283    0.0195952952    0.0195761621
  0.0195569694    0.0195377171    0.0195184052    0.0194990933    0.0194797814
  0.0194603503    0.0194409192    0.0194214880    0.0194019973    0.0193824470
  0.0193628371    0.0193432271    0.0193234980    0.0193037689    0.0192840397
  0.0192642510    0.0192444026    0.0192245543    0.0192045867    0.0191846192
  0.0191646516    0.0191446245    0.0191244781    0.0191043317    0.0190841258
  0.0190639794    0.0190434754    0.0190232098    0.0190028250    0.0189824402
  0.0189619362    0.0189414322    0.0189208686    0.0189002454    0.0188796222
  0.0188589394    0.0188381970    0.0188174546    0.0187965930    0.0187757313
  0.0187548101    0.0187338293    0.0187127888    0.0186917484    0.0186705887
  0.0186494291    0.0186281502    0.0186069310    0.0185855329    0.0185641944
  0.0933309495    0.0933151543    0.0932720006    0.0932100713    0.0931364000
  0.0930554569    0.0929696858    0.0928807557    0.0927893817    0.0926962793
  0.0926016867    0.0925059021    0.0924091637    0.0923114717    0.0922129452
  0.0921137035    0.0920137465    0.0919131339    0.0918118656    0.0917100012
  0.0916074812    0.0915044248    0.0914007723    0.0912965238    0.0911917388
  0.0910863578    0.0909804404    0.0908739269    0.0907668769    0.0906592906
  0.0905511081    0.0904423892    0.0903330743    0.0902232230    0.0901127756
  0.0900017917    0.0898902118    0.0897780359    0.0896652639    0.0895519555
  0.0894380510    0.0893235505    0.0892084539    0.0890927613    0.0889764130
  0.0888595283    0.0887419879    0.0886237919    0.0885050595    0.0883856118
  0.0882655680    0.0881448686    0.0880235136    0.0879015028    0.0877788365
  0.0876555145    0.0875315368    0.0874068439    0.0872814953    0.0871554315
  0.0870286524    0.0869011581    0.0867730081    0.0866440833    0.0865145028
  0.0863841474    0.0862530172    0.0861211717    0.0859885514    0.0858551562
  0.0857210457    0.0855861008    0.0854503214    0.0853138268    0.0851764381
  0.0850382745    0.0848992765    0.0847595036    0.0846188366    0.0844772756
  0.0843348801    0.0841915905    0.0840474069    0.0839023888    0.0837564170
  0.0836094916    0.0834616721    0.0833128989    0.0831632316    0.0830125511
  0.0828608572    0.0827082694    0.0825545490    0.0823998749    0.0822441876
  0.0820874274    0.0819296539    0.0817708075    0.0816108286    0.0814497769
  0.0812875926    0.0811242163    0.0809597671    0.0807941854    0.0806274116
  0.0804593861    0.0802901685    0.0801196992    0.0799479783    0.0797750652
  0.0796007812    0.0794252455    0.0792482793    0.0790700614    0.0788904130
  0.0787094533    0.0785269439    0.0783430636    0.0781577528    0.0779708922
  0.0777825415    0.0775926411    0.0774011910    0.0772081912    0.0770135224
  0.0768173039    0.0766191781    0.0764195621    0.0762181580    0.0760149062
  0.0758099258    0.0756030381    0.0753943622    0.0751836598    0.0749711096
  0.0747565329    0.0745399296    0.0743211806    0.0741005242    0.0738776028
  0.0736522973    0.0734249055    0.0731952488    0.0729632080    0.0727287233
  0.0724917352    0.0722524226    0.0720104277    0.0717658103    0.0715183318
  0.0712683499    0.0710153282    0.0707595646    0.0705007613    0.0702388585
  0.0699737966    0.0697055757    0.0694340169    0.0691589415    0.0688804090
  0.0685983598    0.0683127344    0.0680229962    0.0677295625    0.0674320161
  0.0671301782    0.0668242872    0.0665136278    0.0661986172    0.0658786595
  0.0655538142    0.0652239621    0.0648887455    0.0645481646    0.0642018616
  0.0638494790    0.0634910762    0.0631264746    0.0627550185    0.0623767674
  0.0619911253    0.0615980923    0.0611971915    0.0607879460    0.0603700578
  0.0599431694    0.0595068038    0.0590601861    0.0586032569    0.0581348240
  0.0576550066    0.0571626127    0.0566569865    0.0561374724    0.0556025803
  0.0550523102    0.0544845164    0.0538986623    0.0532930791    0.0526664555
  0.0520167649    0.0513420999    0.0506403744    0.0499092638    0.0491455495
  0.0483461320    0.0475071967    0.0466237366    0.0456911027    0.0447023213
  0.0436506569    0.0425268114    0.0413202941    0.0400181115    0.0386035740
  0.0370599329    0.0353642404    0.0334933698    0.0314292014    0.0291596949
  0.0266995728    0.0240853131    0.0213883817    0.0206120908    0.0205947459
  0.0205774009    0.0205600560    0.0205426514    0.0205253065    0.0205078423
  0.0204903781    0.0204728544    0.0204553306    0.0204377472    0.0204201639
  0.0204025209    0.0203848779    0.0203671753    0.0203494728    0.0203317106
  0.0203139484    0.0202961266    0.0202783048    0.0202604234    0.0202425420
  0.0202246010    0.0202066004    0.0201886594    0.0201705992    0.0201525390
  0.0201344192    0.0201162994    0.0200981796    0.0200799406    0.0200617015
  0.0200434625    0.0200252235    0.0200068653    0.0199885070    0.0199700892
  0.0199516714    0.0199332535    0.0199147165    0.0198962390    0.0198776424
  0.0198590457    0.0198404491    0.0198217928    0.0198030770    0.0197843015
  0.0197655261    0.0197467506    0.0197278559    0.0197089612    0.0196900666
  0.0196711123    0.0196520984    0.0196330845    0.0196140110    0.0195948780
  0.0195757449    0.0195566118    0.0195373595    0.0195181072    0.0194987953
  0.0194794834    0.0194601119    0.0194406807    0.0194212496    0.0194017589
  0.0193822086    0.0193625987    0.0193428695    0.0193232000    0.0193035305
  0.0192837417    0.0192639530    0.0192441642    0.0192242563    0.0192043483
  0.0942161977    0.0942027867    0.0941654146    0.0941105187    0.0940438807
  0.0939694941    0.0938899815    0.0938069522    0.0937212408    0.0936335623
  0.0935443342    0.0934537947    0.0933621228    0.0932695568    0.0931761563
  0.0930819809    0.0929870903    0.0928914845    0.0927953422    0.0926985443
  0.0926011503    0.0925032198    0.0924046934    0.0923056304    0.0922060907
  0.0921059549    0.0920053422    0.0919041932    0.0918025076    0.0917003453
  0.0915976465    0.0914944112    0.0913906395    0.0912863910    0.0911816657
  0.0910763443    0.0909705460    0.0908641517    0.0907572806    0.0906499326
  0.0905419886    0.0904335082    0.0903244913    0.0902149379    0.0901048481
  0.0899942219    0.0898829997    0.0897712409    0.0896589458    0.0895460546
  0.0894325674    0.0893186033    0.0892039835    0.0890887678    0.0889729559
  0.0888566077    0.0887396634    0.0886220634    0.0885038674    0.0883850753
  0.0882656872    0.0881455839    0.0880248845    0.0879035890    0.0877816379
  0.0876590312    0.0875357687    0.0874118507    0.0872872174    0.0871619284
  0.0870359838    0.0869093239    0.0867820084    0.0866539776    0.0865252316
  0.0863957703    0.0862655342    0.0861347020    0.0860029757    0.0858705342
  0.0857374370    0.0856035054    0.0854687989    0.0853333175    0.0851970017
  0.0850599706    0.0849221647    0.0847834647    0.0846439302    0.0845036209
  0.0843624771    0.0842203796    0.0840774477    0.0839336812    0.0837890804
  0.0836434662    0.0834970772    0.0833496749    0.0832013786    0.0830521882
  0.0829019845    0.0827508271    0.0825987756    0.0824455917    0.0822915137
  0.0821364224    0.0819801986    0.0818230212    0.0816648304    0.0815054476
  0.0813451111    0.0811835825    0.0810210407    0.0808573067    0.0806924403
  0.0805263817    0.0803591907    0.0801908076    0.0800211728    0.0798503458
  0.0796782672    0.0795048773    0.0793302357    0.0791542828    0.0789770186
  0.0787984431    0.0786183774    0.0784370005    0.0782543123    0.0780700147
  0.0778843462    0.0776972473    0.0775085390    0.0773182809    0.0771266520
  0.0769332349    0.0767382681    0.0765416324    0.0763434470    0.0761434138
  0.0759417117    0.0757382214    0.0755330622    0.0753258169    0.0751169622
  0.0749060810    0.0746931732    0.0744784772    0.0742615759    0.0740426481
  0.0738216341    0.0735985935    0.0733731687    0.0731456578    0.0729157627
  0.0726836026    0.0724488199    0.0722118318    0.0719722807    0.0717301071
  0.0714854896    0.0712380111    0.0709877908    0.0707348883    0.0704789460
  0.0702199638    0.0699580610    0.0696929991    0.0694247186    0.0691532791
  0.0688783228    0.0685999691    0.0683179796    0.0680321753    0.0677426159
  0.0674492419    0.0671519339    0.0668503344    0.0665445030    0.0662342012
  0.0659193695    0.0655996501    0.0652751029    0.0649456084    0.0646108687
  0.0642706454    0.0639245212    0.0635729134    0.0632150471    0.0628508031
  0.0624800622    0.0621025860    0.0617177188    0.0613254607    0.0609252751
  0.0605170429    0.0601002276    0.0596744120    0.0592393577    0.0587941706
  0.0583385527    0.0578718483    0.0573938191    0.0569033325    0.0563996732
  0.0558824837    0.0553503335    0.0548025668    0.0542378128    0.0536554158
  0.0530535281    0.0524309576    0.0517859757    0.0511166155    0.0504207313
  0.0496959388    0.0489399135    0.0481491387    0.0473195612    0.0464477241
  0.0455284417    0.0445546210    0.0435219705    0.0424201787    0.0412409604
  0.0399704278    0.0385973752    0.0371038020    0.0354723632    0.0336832106
  0.0317219198    0.0295766294    0.0272586644    0.0247986615    0.0222515166
  0.0209344327    0.0209176242    0.0209008157    0.0208840072    0.0208671987
  0.0208502710    0.0208333433    0.0208164752    0.0207994878    0.0207825005
  0.0207654536    0.0207484066    0.0207313597    0.0207142532    0.0206970870
  0.0206799209    0.0206628144    0.0206455886    0.0206283033    0.0206110775
  0.0205937326    0.0205764472    0.0205590427    0.0205416977    0.0205242932
  0.0205068886    0.0204894245    0.0204719007    0.0204543769    0.0204367936
  0.0204192102    0.0204016268    0.0203839839    0.0203662813    0.0203485787
  0.0203308165    0.0203130543    0.0202952921    0.0202774107    0.0202595890
  0.0202416480    0.0202237666    0.0202058256    0.0201878250    0.0201697648
  0.0201517642    0.0201337039    0.0201155245    0.0200974047    0.0200792253
  0.0200609863    0.0200427473    0.0200245082    0.0200061500    0.0199878514
  0.0199694335    0.0199510753    0.0199325979    0.0199140608    0.0198955834
  0.0198770463    0.0198584497    0.0198397934    0.0198211968    0.0198024809
  0.0950598419    0.0950483382    0.0950159132    0.0949671566    0.0949069560
  0.0948387682    0.0947651565    0.0946876705    0.0946073234    0.0945247710
  0.0944404900    0.0943548381    0.0942680538    0.0941801965    0.0940915048
  0.0940019786    0.0939117372    0.0938207805    0.0937292874    0.0936371386
  0.0935443938    0.0934511721    0.0933573544    0.0932630002    0.0931681693
  0.0930728614    0.0929770172    0.0928806961    0.0927838981    0.0926865637
  0.0925888121    0.0924905837    0.0923918188    0.0922926366    0.0921929777
  0.0920927823    0.0919921696    0.0918910205    0.0917893946    0.0916872919
  0.0915847123    0.0914816558    0.0913781226    0.0912741125    0.0911695063
  0.0910644829    0.0909589231    0.0908528864    0.0907463133    0.0906392634
  0.0905316770    0.0904236138    0.0903149545    0.0902058184    0.0900961459
  0.0899858773    0.0898751318    0.0897638500    0.0896520317    0.0895396769
  0.0894267261    0.0893131793    0.0891990960    0.0890844762    0.0889692605
  0.0888534486    0.0887371004    0.0886200964    0.0885025561    0.0883844197
  0.0882656276    0.0881462395    0.0880262554    0.0879056752    0.0877844393
  0.0876625478    0.0875400007    0.0874168575    0.0872930586    0.0871685445
  0.0870434344    0.0869176686    0.0867911279    0.0866639912    0.0865361392
  0.0864075720    0.0862782896    0.0861483514    0.0860176384    0.0858862102
  0.0857540071    0.0856211483    0.0854874551    0.0853530467    0.0852178633
  0.0850819051    0.0849451721    0.0848076046    0.0846692622    0.0845301449
  0.0843901336    0.0842493474    0.0841077268    0.0839652121    0.0838218629
  0.0836776197    0.0835325420    0.0833865106    0.0832396448    0.0830918252
  0.0829430521    0.0827934444    0.0826427639    0.0824912488    0.0823386610
  0.0821851790    0.0820306838    0.0818751156    0.0817185342    0.0815609992
  0.0814023316    0.0812426507    0.0810818374    0.0809199512    0.0807569921
  0.0805929005    0.0804276764    0.0802612007    0.0800937116    0.0799248517
  0.0797548592    0.0795837343    0.0794112384    0.0792376101    0.0790625513
  0.0788863003    0.0787086785    0.0785298645    0.0783494413    0.0781677663
  0.0779846609    0.0778001845    0.0776142180    0.0774267614    0.0772377551
  0.0770472586    0.0768552125    0.0766615570    0.0764663517    0.0762695372
  0.0760709941    0.0758707821    0.0756688416    0.0754652321    0.0752596557
  0.0750522316    0.0748430789    0.0746320784    0.0744190514    0.0742039979
  0.0739869773    0.0737679899    0.0735467374    0.0733233988    0.0730979741
  0.0728702843    0.0726402104    0.0724078715    0.0721730888    0.0719361007
  0.0716963708    0.0714541376    0.0712093413    0.0709617436    0.0707116425
  0.0704585016    0.0702026188    0.0699436367    0.0696818531    0.0694168508
  0.0691485703    0.0688770115    0.0686022937    0.0683238804    0.0680419505
  0.0677564442    0.0674671233    0.0671737492    0.0668765008    0.0665753186
  0.0662695467    0.0659595430    0.0656448901    0.0653256476    0.0650013983
  0.0646724999    0.0643379390    0.0639980733    0.0636527240    0.0633014739
  0.0629443228    0.0625808537    0.0622105896    0.0618337095    0.0614497364
  0.0610585511    0.0606591403    0.0602519214    0.0598362982    0.0594118536
  0.0589775741    0.0585340559    0.0580801070    0.0576151311    0.0571385920
  0.0566501915    0.0561487973    0.0556338131    0.0551043451    0.0545592606
  0.0539979637    0.0534184277    0.0528204143    0.0522023141    0.0515618026
  0.0508979857    0.0502078831    0.0494899452    0.0487411320    0.0479588807
  0.0471391380    0.0462787449    0.0453720987    0.0444143713    0.0433989465
  0.0423190296    0.0411650240    0.0399257243    0.0385912955    0.0371451080
  0.0355724990    0.0338578522    0.0319872797    0.0299542844    0.0277626812
  0.0254390538    0.0230284035    0.0212471187    0.0212307870    0.0212144554
  0.0211981237    0.0211817324    0.0211654007    0.0211489499    0.0211324990
  0.0211160481    0.0210995376    0.0210830271    0.0210664570    0.0210498869
  0.0210333169    0.0210167468    0.0210000575    0.0209833682    0.0209667385
  0.0209499896    0.0209332407    0.0209164321    0.0208996832    0.0208828747
  0.0208660066    0.0208491385    0.0208322108    0.0208152831    0.0207982957
  0.0207813084    0.0207643211    0.0207472742    0.0207302272    0.0207131207
  0.0206960142    0.0206788480    0.0206616819    0.0206444561    0.0206272304
  0.0206099451    0.0205927193    0.0205753744    0.0205580294    0.0205406845
  0.0205232799    0.0205058157    0.0204883516    0.0204708874    0.0204533637
  0.0204357803    0.0204182565    0.0204006135    0.0203829706    0.0203653276
  0.0958657563    0.0958558023    0.0958274305    0.0957841575    0.0957297981
  0.0956673920    0.0955993235    0.0955271423    0.0954518020    0.0953741372
  0.0952945650    0.0952135026    0.0951311886    0.0950478017    0.0949634612
  0.0948782861    0.0947923362    0.0947057307    0.0946184695    0.0945306122
  0.0944422185    0.0943532288    0.0942637026    0.0941736996    0.0940832198
  0.0939922631    0.0939007699    0.0938088596    0.0937164724    0.0936236680
  0.0935303867    0.0934366286    0.0933424532    0.0932478011    0.0931527317
  0.0930572450    0.0929612815    0.0928648412    0.0927679837    0.0926707089
  0.0925729573    0.0924747288    0.0923760831    0.0922770202    0.0921774805
  0.0920774639    0.0919769704    0.0918760598    0.0917746723    0.0916728079
  0.0915704668    0.0914677083    0.0913644135    0.0912607014    0.0911564529
  0.0910517871    0.0909465849    0.0908408463    0.0907346904    0.0906279981
  0.0905208290    0.0904131234    0.0903049409    0.0901962817    0.0900870264
  0.0899772942    0.0898670256    0.0897562206    0.0896448791    0.0895330608
  0.0894206464    0.0893076956    0.0891942084    0.0890801251    0.0889655054
  0.0888502896    0.0887345374    0.0886182487    0.0885013044    0.0883838236
  0.0882657468    0.0881470740    0.0880277455    0.0879078805    0.0877873600
  0.0876662433    0.0875445306    0.0874221027    0.0872990787    0.0871753991
  0.0870511234    0.0869261920    0.0868005455    0.0866742432    0.0865472853
  0.0864196122    0.0862912238    0.0861622393    0.0860325396    0.0859020650
  0.0857708752    0.0856389701    0.0855064094    0.0853730142    0.0852389038
  0.0851040184    0.0849684179    0.0848319829    0.0846948326    0.0845567882
  0.0844180286    0.0842784941    0.0841380060    0.0839968026    0.0838547051
  0.0837118328    0.0835680664    0.0834234655    0.0832778513    0.0831315219
  0.0829842389    0.0828360021    0.0826868713    0.0825368464    0.0823858082
  0.0822338760    0.0820809305    0.0819270313    0.0817720592    0.0816161931
  0.0814592540    0.0813013613    0.0811423361    0.0809822977    0.0808211267
  0.0806589425    0.0804955661    0.0803311169    0.0801655352    0.0799988210
  0.0798308551    0.0796617568    0.0794914663    0.0793199241    0.0791471899
  0.0789731443    0.0787979066    0.0786213577    0.0784433782    0.0782642066
  0.0780836046    0.0779015720    0.0777182281    0.0775333941    0.0773471892
  0.0771594942    0.0769702494    0.0767795146    0.0765872896    0.0763933957
  0.0761978924    0.0760007203    0.0758019984    0.0756016672    0.0753993690
  0.0751955211    0.0749898255    0.0747822821    0.0745729506    0.0743617117
  0.0741485059    0.0739332736    0.0737161338    0.0734969676    0.0732755959
  0.0730522573    0.0728264749    0.0725986660    0.0723685920    0.0721362531
  0.0719014704    0.0716641843    0.0714245141    0.0711821616    0.0709373653
  0.0706897080    0.0704395473    0.0701864660    0.0699305236    0.0696716011
  0.0694097579    0.0691448748    0.0688766539    0.0686052740    0.0683304965
  0.0680522025    0.0677706897    0.0674851239    0.0671961010    0.0669030249
  0.0666060150    0.0663047731    0.0659994185    0.0656897128    0.0653755367
  0.0650564730    0.0647328198    0.0644040406    0.0640700161    0.0637306273
  0.0633857548    0.0630353987    0.0626787245    0.0623158514    0.0619463027
  0.0615704358    0.0611870587    0.0607967079    0.0603986681    0.0599924028
  0.0595778525    0.0591545403    0.0587219894    0.0582797229    0.0578272641
  0.0573640764    0.0568895042    0.0564028919    0.0559038818    0.0553914011
  0.0548644364    0.0543220937    0.0537638366    0.0531883538    0.0525940955
  0.0519803464    0.0513444245    0.0506858528    0.0500015318    0.0492905080
  0.0485493243    0.0477755368    0.0469653904    0.0461161435    0.0452221334
  0.0442797244    0.0432821214    0.0422225893    0.0410927236    0.0398836434
  0.0385854542    0.0371835530    0.0356665552    0.0340190232    0.0322313607
  0.0302969515    0.0282199681    0.0260189474    0.0237323940    0.0215508640
  0.0215350091    0.0215191543    0.0215032399    0.0214873254    0.0214713514
  0.0214554369    0.0214394629    0.0214233696    0.0214073956    0.0213913023
  0.0213752091    0.0213591158    0.0213430226    0.0213268697    0.0213106573
  0.0212944448    0.0212782323    0.0212620199    0.0212457478    0.0212294161
  0.0212131441    0.0211967528    0.0211804211    0.0211640298    0.0211475790
  0.0211311877    0.0211147368    0.0210982263    0.0210817158    0.0210651457
  0.0210486352    0.0210320055    0.0210153759    0.0209987462    0.0209821165
  0.0209654272    0.0209486783    0.0209319293    0.0209151804    0.0208984315
  0.0966371000    0.0966284573    0.0966036022    0.0965650976    0.0965159833
  0.0964589417    0.0963961184    0.0963288844    0.0962583721    0.0961852968
  0.0961101949    0.0960334837    0.0959554017    0.0958761871    0.0957958996
  0.0957148373    0.0956328809    0.0955502689    0.0954670012    0.0953831375
  0.0952986777    0.0952136815    0.0951281488    0.0950421393    0.0949556530
  0.0948686898    0.0947812498    0.0946933329    0.0946050584    0.0945162475
  0.0944270790    0.0943374932    0.0942474306    0.0941569507    0.0940661132
  0.0939747989    0.0938831270    0.0937909782    0.0936984718    0.0936054885
  0.0935121477    0.0934183896    0.0933241546    0.0932295620    0.0931345522
  0.0930390656    0.0929432213    0.0928469002    0.0927501619    0.0926530659
  0.0925554931    0.0924574435    0.0923590362    0.0922601521    0.0921608508
  0.0920610726    0.0919608772    0.0918602049    0.0917591155    0.0916575491
  0.0915555656    0.0914531052    0.0913501680    0.0912467539    0.0911429226
  0.0910386145    0.0909338295    0.0908285081    0.0907227695    0.0906164944
  0.0905097425    0.0904025137    0.0902948081    0.0901865661    0.0900778472
  0.0899686515    0.0898588598    0.0897485912    0.0896377861    0.0895265043
  0.0894146264    0.0893022120    0.0891893208    0.0890758932    0.0889618695
  0.0888473094    0.0887322128    0.0886164606    0.0885002315    0.0883834064
  0.0882660449    0.0881480277    0.0880294740    0.0879103243    0.0877905190
  0.0876701772    0.0875492394    0.0874275863    0.0873053968    0.0871825516
  0.0870591104    0.0869349539    0.0868101418    0.0866847336    0.0865587294
  0.0864319503    0.0863045156    0.0861764252    0.0860476196    0.0859181583
  0.0857880414    0.0856571496    0.0855255425    0.0853932202    0.0852601826
  0.0851264298    0.0849919021    0.0848565400    0.0847205818    0.0845837295
  0.0844461620    0.0843077600    0.0841685832    0.0840285718    0.0838877857
  0.0837461054    0.0836037099    0.0834603608    0.0833162367    0.0831712186
  0.0830253065    0.0828785598    0.0827308595    0.0825823247    0.0824328363
  0.0822823346    0.0821310580    0.0819787085    0.0818254054    0.0816711485
  0.0815158784    0.0813595951    0.0812024176    0.0810440481    0.0808847249
  0.0807243884    0.0805628598    0.0804003179    0.0802366436    0.0800719559
  0.0799060166    0.0797389448    0.0795708001    0.0794014037    0.0792306960
  0.0790589750    0.0788858831    0.0787116587    0.0785360634    0.0783591568
  0.0781809390    0.0780014694    0.0778207481    0.0776384771    0.0774547756
  0.0772698224    0.0770833194    0.0768953860    0.0767057836    0.0765148699
  0.0763224065    0.0761283934    0.0759325922    0.0757353604    0.0755364597
  0.0753358305    0.0751334131    0.0749293268    0.0747235119    0.0745157301
  0.0743062198    0.0740948617    0.0738814771    0.0736661851    0.0734489262
  0.0732295215    0.0730080903    0.0727846324    0.0725589693    0.0723311007
  0.0721007288    0.0718682706    0.0716335475    0.0713962615    0.0711564124
  0.0709142387    0.0706693232    0.0704216659    0.0701715052    0.0699184835
  0.0696624815    0.0694037974    0.0691420734    0.0688772500    0.0686090887
  0.0683377683    0.0680631101    0.0677850544    0.0675035417    0.0672183931
  0.0669293106    0.0666364133    0.0663397014    0.0660389364    0.0657339990
  0.0654244721    0.0651105940    0.0647921860    0.0644687712    0.0641402900
  0.0638068616    0.0634681284    0.0631239712    0.0627739727    0.0624178350
  0.0620557964    0.0616872013    0.0613120496    0.0609297454    0.0605402887
  0.0601433218    0.0597382486    0.0593248308    0.0589029491    0.0584714711
  0.0580311120    0.0575801432    0.0571186841    0.0566461384    0.0561617315
  0.0556649268    0.0551547706    0.0546308458    0.0540916622    0.0535365641
  0.0529643595    0.0523742735    0.0517645776    0.0511334240    0.0504800379
  0.0498021543    0.0490975082    0.0483637750    0.0475982726    0.0467980802
  0.0459593832    0.0450788438    0.0441499650    0.0431697667    0.0421308577
  0.0410248935    0.0398441255    0.0385797322    0.0372208059    0.0357538164
  0.0341687500    0.0324566066    0.0306099355    0.0286345780    0.0265450776
  0.0243724287    0.0221494734    0.0218310058    0.0218155086    0.0218000710
  0.0217845142    0.0217690170    0.0217534602    0.0217378438    0.0217222869
  0.0217066705    0.0216910541    0.0216753781    0.0216597021    0.0216439664
  0.0216282904    0.0216125548    0.0215967596    0.0215809643    0.0215651691
  0.0215493739    0.0215335190    0.0215176046    0.0215017498    0.0214858353
  0.0214698613    0.0214538872    0.0214379132    0.0214218795    0.0214058459
  0.0973769128    0.0973693430    0.0973474085    0.0973130763    0.0972687304
  0.0972166359    0.0971585810    0.0970961154    0.0970301330    0.0969614685
  0.0968905985    0.0968180001    0.0967439711    0.0966686308    0.0965922773
  0.0965149701    0.0964368284    0.0963579714    0.0962784588    0.0961982906
  0.0961175263    0.0960361660    0.0959543884    0.0958720148    0.0957892239
  0.0957059562    0.0956222713    0.0955381095    0.0954535306    0.0953684747
  0.0952830613    0.0951972902    0.0951110423    0.0950243771    0.0949374139
  0.0948499739    0.0947621763    0.0946739614    0.0945853889    0.0944963992
  0.0944070518    0.0943172872    0.0942271650    0.0941366255    0.0940457284
  0.0939544141    0.0938627422    0.0937706530    0.0936781466    0.0935852826
  0.0934920013    0.0933983624    0.0933042467    0.0932098329    0.0931149423
  0.0930196941    0.0929239690    0.0928278863    0.0927313864    0.0926344693
  0.0925371349    0.0924393833    0.0923412144    0.0922426283    0.0921435654
  0.0920441449    0.0919442475    0.0918439329    0.0917432010    0.0916419923
  0.0915403068    0.0914382637    0.0913356841    0.0912326872    0.0911292136
  0.0910253227    0.0909209549    0.0908160508    0.0907107890    0.0906049907
  0.0904986560    0.0903919041    0.0902846754    0.0901769698    0.0900687277
  0.0899600089    0.0898508132    0.0897410810    0.0896308720    0.0895200670
  0.0894087851    0.0892969668    0.0891846716    0.0890718400    0.0889584720
  0.0888445675    0.0887300670    0.0886150301    0.0884994566    0.0883832872
  0.0882666409    0.0881493390    0.0880315006    0.0879130065    0.0877940357
  0.0876744092    0.0875542462    0.0874333680    0.0873120129    0.0871900022
  0.0870673358    0.0869440734    0.0868201554    0.0866956413    0.0865704119
  0.0864446461    0.0863181055    0.0861909688    0.0860631168    0.0859346092
  0.0858054459    0.0856755674    0.0855450332    0.0854137242    0.0852816999
  0.0851490200    0.0850155652    0.0848813951    0.0847465098    0.0846107900
  0.0844744146    0.0843371451    0.0841992199    0.0840604603    0.0839209259
  0.0837805569    0.0836393535    0.0834973752    0.0833545625    0.0832109749
  0.0830664337    0.0829210579    0.0827747285    0.0826276243    0.0824796259
  0.0823307335    0.0821808875    0.0820301473    0.0818784535    0.0817257464
  0.0815722048    0.0814175308    0.0812620223    0.0811054409    0.0809478462
  0.0807892382    0.0806296170    0.0804689825    0.0803071558    0.0801442564
  0.0799804032    0.0798153579    0.0796491206    0.0794818103    0.0793133676
  0.0791436732    0.0789728463    0.0788007677    0.0786274374    0.0784527957
  0.0782770813    0.0780999362    0.0779215395    0.0777417123    0.0775606334
  0.0773782432    0.0771943629    0.0770091116    0.0768224895    0.0766341984
  0.0764446557    0.0762534440    0.0760606825    0.0758664906    0.0756706297
  0.0754731596    0.0752740800    0.0750732124    0.0748706758    0.0746664703
  0.0744604766    0.0742525756    0.0740430653    0.0738314688    0.0736179650
  0.0734025538    0.0731852353    0.0729657710    0.0727443397    0.0725206435
  0.0722949207    0.0720669925    0.0718367398    0.0716042221    0.0713693798
  0.0711320341    0.0708923638    0.0706498921    0.0704050958    0.0701576769
  0.0699073970    0.0696544945    0.0693986714    0.0691399276    0.0688782036
  0.0686135590    0.0683455169    0.0680744946    0.0677998364    0.0675221980
  0.0672406852    0.0669557750    0.0666669905    0.0663743913    0.0660780370
  0.0657775700    0.0654726923    0.0651638210    0.0648501813    0.0645321906
  0.0642092526    0.0638815463    0.0635485947    0.0632103980    0.0628668368
  0.0625175536    0.0621624291    0.0618008673    0.0614330471    0.0610589087
  0.0606774390    0.0602889359    0.0598929226    0.0594889820    0.0590768754
  0.0586564839    0.0582266748    0.0577875674    0.0573384464    0.0568788946
  0.0564083755    0.0559261143    0.0554315150    0.0549241602    0.0544027388
  0.0538664162    0.0533150136    0.0527462065    0.0521601737    0.0515548289
  0.0509288609    0.0502807796    0.0496087968    0.0489106476    0.0481846631
  0.0474274457    0.0466364324    0.0458090007    0.0449401438    0.0440260470
  0.0430625975    0.0420431793    0.0409598649    0.0398066938    0.0385750830
  0.0372546017    0.0358351171    0.0343075097    0.0326632559    0.0308998525
  0.0290162265    0.0270254910    0.0249541700    0.0228334963    0.0221194327
  0.0221042931    0.0220892131    0.0220740139    0.0220588744    0.0220437348
  0.0220285356    0.0220133364    0.0219981372    0.0219828784    0.0219676197
  0.0219523013    0.0219370425    0.0219217241    0.0219063461    0.0218909681
  0.0980876386    0.0980809629    0.0980615318    0.0980308354    0.0979907215
  0.0979431570    0.0978896916    0.0978315771    0.0977699459    0.0977054536
  0.0976386368    0.0975699723    0.0974996984    0.0974281132    0.0973554552
  0.0972817242    0.0972072184    0.0971318781    0.0970558226    0.0969791114
  0.0969018042    0.0968239605    0.0967455804    0.0966666639    0.0965873301
  0.0965074599    0.0964272320    0.0963465273    0.0962654054    0.0961838663
  0.0961019099    0.0960195959    0.0959369242    0.0958538353    0.0957703292
  0.0956865251    0.0956023037    0.0955176651    0.0954327285    0.0953474343
  0.0952617228    0.0951756537    0.0950892270    0.0950025022    0.0949153602
  0.0948278010    0.0947399437    0.0946517289    0.0945630968    0.0944741666
  0.0943848193    0.0942951143    0.0942049921    0.0941145718    0.0940237343
  0.0939325392    0.0938409865    0.0937490165    0.0936566889    0.0935640037
  0.0934709013    0.0933774412    0.0932835639    0.0931893289    0.0930946767
  0.0929996669    0.0929041803    0.0928083360    0.0927120745    0.0926154554
  0.0925184190    0.0924209654    0.0923230946    0.0922248065    0.0921261013
  0.0920269787    0.0919274390    0.0918274820    0.0917271078    0.0916262567
  0.0915249884    0.0914233029    0.0913211405    0.0912185609    0.0911155045
  0.0910120308    0.0909081399    0.0908037126    0.0906988680    0.0905934870
  0.0904876888    0.0903814733    0.0902747214    0.0901674926    0.0900598466
  0.0899516046    0.0898429453    0.0897337496    0.0896240771    0.0895139277
  0.0894032419    0.0892920196    0.0891803205    0.0890680850    0.0889553130
  0.0888420641    0.0887282193    0.0886138380    0.0884989798    0.0883835256
  0.0882675350    0.0881509483    0.0880338252    0.0879161060    0.0877978504
  0.0876790583    0.0875596106    0.0874395669    0.0873189270    0.0871978104
  0.0870759189    0.0869534910    0.0868304670    0.0867067873    0.0865825117
  0.0864575207    0.0863319933    0.0862057507    0.0860789120    0.0859512985
  0.0858231485    0.0856942832    0.0855647027    0.0854344666    0.0853035152
  0.0851718485    0.0850395262    0.0849064291    0.0847726166    0.0846380889
  0.0845028460    0.0843668282    0.0842300355    0.0840924084    0.0839541256
  0.0838150680    0.0836751163    0.0835344493    0.0833929479    0.0832506120
  0.0831074417    0.0829633772    0.0828186572    0.0826729238    0.0825263560
  0.0823788941    0.0822305977    0.0820813477    0.0819312036    0.0817801058
  0.0816281736    0.0814751089    0.0813212693    0.0811663568    0.0810104907
  0.0808537304    0.0806957781    0.0805369318    0.0803770125    0.0802160203
  0.0800540149    0.0798908174    0.0797266066    0.0795612633    0.0793949068
  0.0792272389    0.0790584981    0.0788886845    0.0787175596    0.0785452425
  0.0783716738    0.0781969726    0.0780209005    0.0778434575    0.0776649415
  0.0774848759    0.0773036778    0.0771209896    0.0769369900    0.0767515004
  0.0765646398    0.0763761699    0.0761863291    0.0759951174    0.0758021176
  0.0756077468    0.0754118264    0.0752141178    0.0750147998    0.0748138726
  0.0746113956    0.0744069517    0.0742008388    0.0739928782    0.0737830698
  0.0735714138    0.0733578503    0.0731424987    0.0729250610    0.0727054775
  0.0724839866    0.0722603500    0.0720344484    0.0718064606    0.0715762079
  0.0713436306    0.0711088479    0.0708715618    0.0706317723    0.0703896582
  0.0701447427    0.0698973238    0.0696472824    0.0693943202    0.0691386759
  0.0688799918    0.0686184466    0.0683538020    0.0680860579    0.0678150952
  0.0675407946    0.0672631562    0.0669820011    0.0666974485    0.0664088428
  0.0661167800    0.0658206642    0.0655203760    0.0652160347    0.0649074614
  0.0645943582    0.0642767847    0.0639544427    0.0636270940    0.0632947981
  0.0629573166    0.0626142919    0.0622657239    0.0619111955    0.0615505874
  0.0611837208    0.0608104169    0.0604300797    0.0600427091    0.0596477687
  0.0592451990    0.0588343441    0.0584150851    0.0579870641    0.0575494468
  0.0571019948    0.0566443503    0.0561760366    0.0556958020    0.0552037656
  0.0546987951    0.0541802943    0.0536471903    0.0530987084    0.0525339544
  0.0519518554    0.0513510406    0.0507298410    0.0500869453    0.0494208038
  0.0487295687    0.0480107963    0.0472625196    0.0464806855    0.0456642210
  0.0448076427    0.0439079106    0.0429601371    0.0419586599    0.0408987105
  0.0397717059    0.0385703743    0.0372864306    0.0359125435    0.0344370902
  0.0328564346    0.0311646163    0.0293649137    0.0274669230    0.0254892409
  0.0234618485    0.0224007070    0.0223859251    0.0223712027    0.0223564208
  0.0987715423    0.0987656415    0.0987483561    0.0987208188    0.0986845195
  0.0986410081    0.0985917747    0.0985378325    0.0984802544    0.0984196961
  0.0983567536    0.0982917845    0.0982252061    0.0981571972    0.0980879962
  0.0980177224    0.0979465544    0.0978745520    0.0978017747    0.0977284014
  0.0976543128    0.0975797474    0.0975045860    0.0974288881    0.0973527730
  0.0972761214    0.0971991122    0.0971216261    0.0970437229    0.0969654024
  0.0968867242    0.0968076885    0.0967282355    0.0966484249    0.0965681970
  0.0964876711    0.0964067876    0.0963255465    0.0962439477    0.0961619914
  0.0960796773    0.0959970057    0.0959140360    0.0958307087    0.0957470238
  0.0956630409    0.0955786407    0.0954939425    0.0954089463    0.0953235328
  0.0952378213    0.0951517522    0.0950653255    0.0949785411    0.0948913991
  0.0948039591    0.0947161615    0.0946280062    0.0945394933    0.0944506228
  0.0943613946    0.0942718089    0.0941819251    0.0940916240    0.0940009058
  0.0939099491    0.0938185155    0.0937267840    0.0936346352    0.0935421288
  0.0934492648    0.0933560431    0.0932624042    0.0931684077    0.0930740535
  0.0929792821    0.0928840935    0.0927885473    0.0926926434    0.0925962627
  0.0924995840    0.0924024284    0.0923049152    0.0922069252    0.0921085775
  0.0920098126    0.0919106305    0.0918110311    0.0917110741    0.0916106403
  0.0915097296    0.0914084613    0.0913067162    0.0912046134    0.0911019742
  0.0909989774    0.0908954442    0.0907915533    0.0906871855    0.0905823410
  0.0904770195    0.0903712809    0.0902650654    0.0901583135    0.0900511444
  0.0899434984    0.0898353755    0.0897267759    0.0896176994    0.0895080864
  0.0893979967    0.0892873704    0.0891762674    0.0890646875    0.0889525712
  0.0888399184    0.0887267292    0.0886130631    0.0884988606    0.0883840621
  0.0882687867    0.0881529152    0.0880365074    0.0879195631    0.0878020823
  0.0876839459    0.0875653327    0.0874460638    0.0873262584    0.0872059166
  0.0870848596    0.0869632661    0.0868410766    0.0867183506    0.0865949094
  0.0864708126    0.0863461792    0.0862208903    0.0860949457    0.0859684050
  0.0858411491    0.0857132375    0.0855846703    0.0854554474    0.0853255689
  0.0851949155    0.0850636065    0.0849316418    0.0847989619    0.0846655071
  0.0845313370    0.0843965113    0.0842609704    0.0841245353    0.0839873850
  0.0838495195    0.0837108791    0.0835715234    0.0834312141    0.0832902491
  0.0831484497    0.0830058157    0.0828622878    0.0827179849    0.0825729072
  0.0824268758    0.0822800696    0.0821323097    0.0819835961    0.0818341076
  0.0816836655    0.0815323889    0.0813800395    0.0812267959    0.0810725987
  0.0809175074    0.0807614028    0.0806042850    0.0804461539    0.0802869499
  0.0801267922    0.0799656212    0.0798032582    0.0796398818    0.0794754326
  0.0793099105    0.0791431963    0.0789754093    0.0788064301    0.0786363184
  0.0784650147    0.0782923996    0.0781187713    0.0779436529    0.0777674615
  0.0775898993    0.0774110854    0.0772309005    0.0770494640    0.0768665969
  0.0766823590    0.0764968097    0.0763096511    0.0761211812    0.0759312212
  0.0757397115    0.0755467117    0.0753521621    0.0751560628    0.0749582946
  0.0747588575    0.0745579302    0.0743550956    0.0741505921    0.0739444196
  0.0737363994    0.0735264719    0.0733148158    0.0731011927    0.0728857815
  0.0726681650    0.0724487603    0.0722270906    0.0720033944    0.0717774928
  0.0715496242    0.0713194311    0.0710868537    0.0708519518    0.0706147850
  0.0703749955    0.0701328218    0.0698880851    0.0696407259    0.0693907440
  0.0691379011    0.0688823164    0.0686238706    0.0683624446    0.0680981576
  0.0678305924    0.0675597489    0.0672858059    0.0670084059    0.0667274892
  0.0664430559    0.0661547482    0.0658629239    0.0655672848    0.0652675331
  0.0649634302    0.0646554530    0.0643427670    0.0640256703    0.0637036860
  0.0633772910    0.0630454719    0.0627085268    0.0623662174    0.0620184243
  0.0616646111    0.0613050759    0.0609391034    0.0605664551    0.0601873696
  0.0598011315    0.0594072044    0.0590058267    0.0585966408    0.0581788123
  0.0577522814    0.0573163927    0.0568709075    0.0564151704    0.0559487045
  0.0554706752    0.0549811423    0.0544790924    0.0539630949    0.0534330308
  0.0528883636    0.0523273647    0.0517490208    0.0511524379    0.0505366027
  0.0498990715    0.0492388904    0.0485542715    0.0478425324    0.0471027195
  0.0463301837    0.0455242693    0.0446799099    0.0437931716    0.0428617299
  0.0418792069    0.0408395231    0.0397377312    0.0385657251    0.0373179018
