  0.0000000000    0.0036000000
  0.0000500000    0.0006000000    299    19
  0.0008316912    0.0008238071    0.0008144814    0.0008051079    0.0007957174
  0.0007863243    0.0007769218    0.0007675199    0.0007581161    0.0007487080
  0.0007392970    0.0007298872    0.0007204741    0.0007110623    0.0007016477
  0.0006922295    0.0006828129    0.0006733946    0.0006639772    0.0006545556
  0.0006451327    0.0006357121    0.0006262868    0.0006168633    0.0006074359
  0.0005980088    0.0005885821    0.0005791512    0.0005697214    0.0005602896
  0.0005508550    0.0005414197    0.0005319799    0.0005225389    0.0005130942
  0.0005036481    0.0004941975    0.0004847442    0.0004752870    0.0004658271
  0.0004563566    0.0004468841    0.0004374036    0.0004279160    0.0004184184
  0.0004089126    0.0003993944    0.0003898660    0.0003803227    0.0003707640
  0.0003611897    0.0003515913    0.0003419714    0.0003323271    0.0003226522
  0.0003129392    0.0003031906    0.0002933964    0.0002835465    0.0002736399
  0.0002636587    0.0002535879    0.0002434184    0.0002331271    0.0002226836
  0.0002120571    0.0002011984    0.0001900359    0.0001784811    0.0001663878
  0.0001535128    0.0001394566    0.0001234433    0.0001038896    0.0000787217
  0.0000578822    0.0000577623    0.0000576417    0.0000575204    0.0000573986
  0.0000572762    0.0000571524    0.0000570289    0.0000569041    0.0000567781
  0.0000566517    0.0000565248    0.0000563975    0.0000562684    0.0000561390
  0.0000560092    0.0000558778    0.0000557453    0.0000556133    0.0000554791
  0.0000553446    0.0000552093    0.0000550732    0.0000549356    0.0000547980
  0.0000546580    0.0000545177    0.0000543767    0.0000542345    0.0000540904
  0.0000539465    0.0000538014    0.0000536539    0.0000535061    0.0000533578
  0.0000532074    0.0000530567    0.0000529038    0.0000527495    0.0000525938
  0.0000524380    0.0000522798    0.0000521208    0.0000519601    0.0000517983
  0.0000516342    0.0000514691    0.0000513025    0.0000511344    0.0000509643
  0.0000507923    0.0000506196    0.0000504446    0.0000502667    0.0000500884
  0.0000499079    0.0000497243    0.0000495394    0.0000493525    0.0000491629
  0.0000489726    0.0000487782    0.0000485823    0.0000483844    0.0000481827
  0.0000479787    0.0000477727    0.0000475632    0.0000473517    0.0000471366
  0.0000469179    0.0000466958    0.0000464709    0.0000462424    0.0000460108
  0.0000457742    0.0000455345    0.0000452900    0.0000450418    0.0000447889
  0.0000445305    0.0000442682    0.0000439996    0.0000437258    0.0000434464
  0.0000431598    0.0000428677    0.0000425686    0.0000422626    0.0000419469
  0.0000416246    0.0000412926    0.0000409507    0.0000405990    0.0000402357
  0.0000398602    0.0000394718    0.0000390685    0.0000386500    0.0000382135
  0.0000377581    0.0000372805    0.0000367776    0.0000362479    0.0000356863
  0.0000350869    0.0000344444    0.0000337477    0.0000329892    0.0000321486
  0.0000312039    0.0000301127    0.0000288163    0.0000271833    0.0000249086
  0.0000208387    0.0000104488    0.0000070351    0.0000070351    0.0000070351
  0.0000070351    0.0000070351    0.0000070351    0.0000070351    0.0000070351
  0.0000070351    0.0000070351    0.0000070351    0.0000070351    0.0000070351
  0.0000070351    0.0000070351    0.0000070351    0.0000070351    0.0000070351
  0.0000070351    0.0000070351    0.0000070351    0.0000070351    0.0000070351
  0.0000070351    0.0000070351    0.0000070351    0.0000070351    0.0000070351
  0.0000070351    0.0000070351    0.0000070351    0.0000070351    0.0000070351
  0.0000070351    0.0000070351    0.0000070351    0.0000070351    0.0000070351
  0.0000070351    0.0000070351    0.0000070351    0.0000070351    0.0000070351
  0.0000070351    0.0000070351    0.0000070351    0.0000070514    0.0000070810
  0.0000071106    0.0000071403    0.0000071702    0.0000071998    0.0000072294
  0.0000072594    0.0000072890    0.0000073186    0.0000073483    0.0000073782
  0.0000074078    0.0000074374    0.0000074674    0.0000074970    0.0000075266
  0.0000075563    0.0000075862    0.0000076158    0.0000076455    0.0000076751
  0.0000077051    0.0000077347    0.0000077643    0.0000077943    0.0000078239
  0.0000078535    0.0000078832    0.0000079131    0.0000079428    0.0000079724
  0.0000080021    0.0000080320    0.0000080616    0.0000080913    0.0000081209
  0.0000081509    0.0000081805    0.0000082102    0.0000082398    0.0000082698
  0.0000082994    0.0000083290    0.0000083587    0.0000083887    0.0000084183
  0.0000084480    0.0000084776    0.0000085076    0.0000085372    0.0000085669
  0.0000085965    0.0000086265    0.0000086561    0.0000086858    0.0000087154
  0.0000087454    0.0000087751    0.0000088047    0.0000088344    0.0000088644
  0.0009703449    0.0009632040    0.0009540319    0.0009447509    0.0009354395
  0.0009261131    0.0009167798    0.0009074416    0.0008980976    0.0008887504
  0.0008794029    0.0008700478    0.0008606950    0.0008513375    0.0008419787
  0.0008326186    0.0008232575    0.0008138924    0.0008045271    0.0007951559
  0.0007857890    0.0007764149    0.0007670440    0.0007576714    0.0007482925
  0.0007389150    0.0007295376    0.0007201567    0.0007107743    0.0007013874
  0.0006920039    0.0006826132    0.0006732237    0.0006638332    0.0006544402
  0.0006450433    0.0006356443    0.0006262423    0.0006168397    0.0006074342
  0.0005980240    0.0005886104    0.0005791948    0.0005697747    0.0005603483
  0.0005509186    0.0005414850    0.0005320433    0.0005225946    0.0005131423
  0.0005036827    0.0004942135    0.0004847332    0.0004752486    0.0004657496
  0.0004562387    0.0004467138    0.0004371779    0.0004276198    0.0004180461
  0.0004084541    0.0003988376    0.0003891991    0.0003795298    0.0003698259
  0.0003600897    0.0003503121    0.0003404938    0.0003306167    0.0003206831
  0.0003106832    0.0003006041    0.0002904329    0.0002801581    0.0002697528
  0.0002591994    0.0002484685    0.0002375128    0.0002262897    0.0002147174
  0.0002026958    0.0001900762    0.0001766208    0.0001619396    0.0001453484
  0.0001256141    0.0001011457    0.0000729143    0.0000699576    0.0000698304
  0.0000697021    0.0000695734    0.0000694445    0.0000693144    0.0000691833
  0.0000690528    0.0000689212    0.0000687887    0.0000686551    0.0000685213
  0.0000683874    0.0000682518    0.0000681161    0.0000679786    0.0000678419
  0.0000677044    0.0000675652    0.0000674252    0.0000672852    0.0000671437
  0.0000670015    0.0000668593    0.0000667156    0.0000665713    0.0000664264
  0.0000662801    0.0000661320    0.0000659846    0.0000658358    0.0000656866
  0.0000655354    0.0000653837    0.0000652316    0.0000650776    0.0000649233
  0.0000647678    0.0000646114    0.0000644532    0.0000642947    0.0000641353
  0.0000639751    0.0000638125    0.0000636490    0.0000634848    0.0000633198
  0.0000631534    0.0000629856    0.0000628157    0.0000626446    0.0000624736
  0.0000623000    0.0000621260    0.0000619494    0.0000617725    0.0000615938
  0.0000614129    0.0000612316    0.0000610482    0.0000608633    0.0000606763
  0.0000604874    0.0000602983    0.0000601067    0.0000599121    0.0000597175
  0.0000595200    0.0000593209    0.0000591190    0.0000589156    0.0000587101
  0.0000585027    0.0000582928    0.0000580799    0.0000578659    0.0000576490
  0.0000574295    0.0000572078    0.0000569837    0.0000567560    0.0000565259
  0.0000562930    0.0000560564    0.0000558177    0.0000555750    0.0000553299
  0.0000550800    0.0000548278    0.0000545707    0.0000543106    0.0000540466
  0.0000537781    0.0000535042    0.0000532278    0.0000529449    0.0000526581
  0.0000523655    0.0000520675    0.0000517642    0.0000514553    0.0000511398
  0.0000508170    0.0000504885    0.0000501510    0.0000498070    0.0000494534
  0.0000490926    0.0000487208    0.0000483392    0.0000479482    0.0000475442
  0.0000471277    0.0000466999    0.0000462552    0.0000457958    0.0000453185
  0.0000448226    0.0000443038    0.0000437637    0.0000431966    0.0000425984
  0.0000419663    0.0000412970    0.0000405785    0.0000398088    0.0000389710
  0.0000380542    0.0000370367    0.0000358829    0.0000345443    0.0000329272
  0.0000308521    0.0000278363    0.0000219021    0.0000107878    0.0000094024
  0.0000094024    0.0000094024    0.0000094024    0.0000094024    0.0000094024
  0.0000094024    0.0000094024    0.0000094024    0.0000094024    0.0000094024
  0.0000094024    0.0000094024    0.0000094024    0.0000094024    0.0000094024
  0.0000094024    0.0000094024    0.0000094024    0.0000094024    0.0000094024
  0.0000094024    0.0000094024    0.0000094024    0.0000094024    0.0000094024
  0.0000094024    0.0000094024    0.0000094024    0.0000094024    0.0000094024
  0.0000094024    0.0000094024    0.0000094024    0.0000094024    0.0000094024
  0.0000094024    0.0000094024    0.0000094024    0.0000094024    0.0000094024
  0.0000094024    0.0000094024    0.0000094024    0.0000094024    0.0000094024
  0.0000094024    0.0000094024    0.0000094024    0.0000094024    0.0000094024
  0.0000094024    0.0000094024    0.0000094024    0.0000094024    0.0000094024
  0.0000094024    0.0000094024    0.0000094024    0.0000094024    0.0000094024
  0.0000094024    0.0000094024    0.0000094024    0.0000094024    0.0000094024
  0.0000094024    0.0000086265    0.0000086561    0.0000086858    0.0000087154
  0.0000087454    0.0000087751    0.0000088047    0.0000088344    0.0000088644
  0.0011079806    0.0011016386    0.0010926915    0.0010835323    0.0010743130
  0.0010650648    0.0010558065    0.0010465345    0.0010372582    0.0010279794
  0.0010186921    0.0010094027    0.0010001132    0.0009908183    0.0009815205
  0.0009722185    0.0009629150    0.0009536089    0.0009443028    0.0009349924
  0.0009256804    0.0009163663    0.0009070494    0.0008977295    0.0008884098
  0.0008790898    0.0008697631    0.0008604362    0.0008511093    0.0008417764
  0.0008324443    0.0008231104    0.0008137756    0.0008044375    0.0007950973
  0.0007857532    0.0007764095    0.0007670647    0.0007577122    0.0007483622
  0.0007390084    0.0007296531    0.0007202933    0.0007109292    0.0007015636
  0.0006921970    0.0006828226    0.0006734492    0.0006640706    0.0006546861
  0.0006453004    0.0006359062    0.0006265089    0.0006171070    0.0006076996
  0.0005982861    0.0005888669    0.0005794362    0.0005700015    0.0005605587
  0.0005511061    0.0005416430    0.0005321696    0.0005226815    0.0005131857
  0.0005036742    0.0004941476    0.0004846055    0.0004750438    0.0004654637
  0.0004558597    0.0004462309    0.0004365790    0.0004268940    0.0004171772
  0.0004074272    0.0003976331    0.0003878009    0.0003779111    0.0003679645
  0.0003579609    0.0003478782    0.0003377147    0.0003274588    0.0003170921
  0.0003066032    0.0002959618    0.0002851479    0.0002741241    0.0002628493
  0.0002512640    0.0002392918    0.0002268282    0.0002137160    0.0001997217
  0.0001844775    0.0001673870    0.0001474612    0.0001234516    0.0000956588
  0.0000826280    0.0000824942    0.0000823597    0.0000822245    0.0000820896
  0.0000819531    0.0000818160    0.0000816793    0.0000815409    0.0000814030
  0.0000812635    0.0000811235    0.0000809839    0.0000808438    0.0000807013
  0.0000805592    0.0000804167    0.0000802728    0.0000801285    0.0000799846
  0.0000798394    0.0000796930    0.0000795461    0.0000793989    0.0000792505
  0.0000791017    0.0000789526    0.0000788015    0.0000786509    0.0000784984
  0.0000783456    0.0000781926    0.0000780381    0.0000778830    0.0000777278
  0.0000775698    0.0000774126    0.0000772544    0.0000770953    0.0000769353
  0.0000767744    0.0000766126    0.0000764500    0.0000762858    0.0000761208
  0.0000759558    0.0000757893    0.0000756213    0.0000754534    0.0000752832
  0.0000751124    0.0000749410    0.0000747683    0.0000745942    0.0000744195
  0.0000742436    0.0000740657    0.0000738882    0.0000737079    0.0000735272
  0.0000733455    0.0000731619    0.0000729772    0.0000727916    0.0000726042
  0.0000724152    0.0000722260    0.0000720353    0.0000718422    0.0000716483
  0.0000714523    0.0000712549    0.0000710568    0.0000708559    0.0000706545
  0.0000704510    0.0000702451    0.0000700380    0.0000698290    0.0000696184
  0.0000694061    0.0000691921    0.0000689758    0.0000687574    0.0000685369
  0.0000683150    0.0000680897    0.0000678638    0.0000676354    0.0000674033
  0.0000671701    0.0000669339    0.0000666949    0.0000664549    0.0000662105
  0.0000659646    0.0000657143    0.0000654629    0.0000652079    0.0000649488
  0.0000646881    0.0000644236    0.0000641559    0.0000638846    0.0000636092
  0.0000633304    0.0000630482    0.0000627608    0.0000624702    0.0000621751
  0.0000618745    0.0000615712    0.0000612611    0.0000609476    0.0000606281
  0.0000603019    0.0000599722    0.0000596355    0.0000592917    0.0000589429
  0.0000585859    0.0000582223    0.0000578501    0.0000574703    0.0000570820
  0.0000566839    0.0000562764    0.0000558590    0.0000554296    0.0000549887
  0.0000545358    0.0000540692    0.0000535889    0.0000530911    0.0000525764
  0.0000520442    0.0000514903    0.0000509141    0.0000503128    0.0000496821
  0.0000490212    0.0000483253    0.0000475873    0.0000468022    0.0000459629
  0.0000450577    0.0000440708    0.0000429876    0.0000417747    0.0000403952
  0.0000387760    0.0000368009    0.0000341962    0.0000302456    0.0000219794
  0.0000115816    0.0000115816    0.0000115816    0.0000115816    0.0000115816
  0.0000115816    0.0000115816    0.0000115816    0.0000115816    0.0000115816
  0.0000115816    0.0000115816    0.0000115816    0.0000115816    0.0000115816
  0.0000115816    0.0000115816    0.0000115816    0.0000115816    0.0000115816
  0.0000115816    0.0000115816    0.0000115816    0.0000115816    0.0000115816
  0.0000115816    0.0000115816    0.0000115816    0.0000115816    0.0000115816
  0.0000115816    0.0000115816    0.0000115816    0.0000115816    0.0000115816
  0.0000115816    0.0000115816    0.0000115816    0.0000115816    0.0000115816
  0.0000115816    0.0000115816    0.0000115816    0.0000115816    0.0000115816
  0.0012446063    0.0012390712    0.0012304397    0.0012214355    0.0012123244
  0.0012031678    0.0011939913    0.0011847980    0.0011755924    0.0011663799
  0.0011571618    0.0011479396    0.0011387107    0.0011294811    0.0011202441
  0.0011110059    0.0011017642    0.0010925211    0.0010832745    0.0010740225
  0.0010647713    0.0010555151    0.0010462602    0.0010370008    0.0010277357
  0.0010184749    0.0010092056    0.0009999379    0.0009906633    0.0009813917
  0.0009721148    0.0009628391    0.0009535566    0.0009442773    0.0009349937
  0.0009257053    0.0009164187    0.0009071270    0.0008978333    0.0008885378
  0.0008792405    0.0008699387    0.0008606360    0.0008513328    0.0008420235
  0.0008327123    0.0008234002    0.0008140850    0.0008047683    0.0007954429
  0.0007861190    0.0007767927    0.0007674604    0.0007581244    0.0007487871
  0.0007394404    0.0007300925    0.0007207462    0.0007113871    0.0007020261
  0.0006926574    0.0006832847    0.0006739079    0.0006645220    0.0006551298
  0.0006457296    0.0006363271    0.0006269106    0.0006174849    0.0006080519
  0.0005986088    0.0005891532    0.0005796854    0.0005702007    0.0005607100
  0.0005512009    0.0005416749    0.0005321275    0.0005225655    0.0005129814
  0.0005033723    0.0004937419    0.0004840852    0.0004743922    0.0004646707
  0.0004549102    0.0004451110    0.0004352715    0.0004253824    0.0004154355
  0.0004054275    0.0003953539    0.0003852058    0.0003749727    0.0003646460
  0.0003542074    0.0003436381    0.0003329268    0.0003220477    0.0003109700
  0.0002996544    0.0002880603    0.0002761293    0.0002637757    0.0002508832
  0.0002373078    0.0002228154    0.0002070719    0.0001895409    0.0001693980
  0.0001457154    0.0001184302    0.0000957362    0.0000955970    0.0000954556
  0.0000953142    0.0000951730    0.0000950319    0.0000948887    0.0000947456
  0.0000946015    0.0000944576    0.0000943128    0.0000941682    0.0000940226
  0.0000938762    0.0000937288    0.0000935817    0.0000934338    0.0000932850
  0.0000931365    0.0000929860    0.0000928349    0.0000926840    0.0000925333
  0.0000923799    0.0000922278    0.0000920740    0.0000919204    0.0000917652
  0.0000916093    0.0000914528    0.0000912967    0.0000911399    0.0000909805
  0.0000908215    0.0000906620    0.0000905019    0.0000903403    0.0000901787
  0.0000900161    0.0000898530    0.0000896884    0.0000895235    0.0000893580
  0.0000891912    0.0000890250    0.0000888574    0.0000886875    0.0000885174
  0.0000883478    0.0000881770    0.0000880040    0.0000878308    0.0000876564
  0.0000874817    0.0000873060    0.0000871291    0.0000869511    0.0000867721
  0.0000865930    0.0000864128    0.0000862308    0.0000860478    0.0000858647
  0.0000856791    0.0000854942    0.0000853068    0.0000851194    0.0000849303
  0.0000847388    0.0000845474    0.0000843560    0.0000841615    0.0000839671
  0.0000837704    0.0000835723    0.0000833736    0.0000831735    0.0000829729
  0.0000827702    0.0000825654    0.0000823601    0.0000821529    0.0000819445
  0.0000817349    0.0000815235    0.0000813102    0.0000810967    0.0000808799
  0.0000806621    0.0000804427    0.0000802216    0.0000799989    0.0000797747
  0.0000795483    0.0000793203    0.0000790903    0.0000788574    0.0000786240
  0.0000783885    0.0000781497    0.0000779090    0.0000776672    0.0000774229
  0.0000771775    0.0000769278    0.0000766770    0.0000764227    0.0000761670
  0.0000759077    0.0000756457    0.0000753818    0.0000751146    0.0000748450
  0.0000745729    0.0000742972    0.0000740185    0.0000737370    0.0000734515
  0.0000731627    0.0000728701    0.0000725738    0.0000722757    0.0000719710
  0.0000716647    0.0000713527    0.0000710374    0.0000707173    0.0000703930
  0.0000700629    0.0000697290    0.0000693895    0.0000690447    0.0000686947
  0.0000683379    0.0000679752    0.0000676077    0.0000672319    0.0000668500
  0.0000664613    0.0000660653    0.0000656598    0.0000652464    0.0000648255
  0.0000643946    0.0000639517    0.0000635015    0.0000630377    0.0000625620
  0.0000620744    0.0000615735    0.0000610569    0.0000605260    0.0000599770
  0.0000594100    0.0000588242    0.0000582149    0.0000575831    0.0000569231
  0.0000562361    0.0000555128    0.0000547548    0.0000539565    0.0000531076
  0.0000522043    0.0000512336    0.0000501850    0.0000490379    0.0000477761
  0.0000463551    0.0000447282    0.0000427971    0.0000404047    0.0000371616
  0.0000320045    0.0000215328    0.0000119827    0.0000119827    0.0000119827
  0.0000119827    0.0000119827    0.0000119827    0.0000119827    0.0000119827
  0.0000119827    0.0000119827    0.0000119827    0.0000119827    0.0000119827
  0.0013802552    0.0013754818    0.0013672582    0.0013584571    0.0013494790
  0.0013404316    0.0013313424    0.0013222319    0.0013131035    0.0013039619
  0.0012948127    0.0012856614    0.0012764995    0.0012673332    0.0012581639
  0.0012489882    0.0012398079    0.0012306289    0.0012214439    0.0012122543
  0.0012030622    0.0011938646    0.0011846678    0.0011754693    0.0011662664
  0.0011570611    0.0011478511    0.0011386426    0.0011294292    0.0011202129
  0.0011109959    0.0011017760    0.0010925556    0.0010833289    0.0010741020
  0.0010648734    0.0010556416    0.0010464088    0.0010371700    0.0010279316
  0.0010186921    0.0010094471    0.0010002027    0.0009909544    0.0009817016
  0.0009724506    0.0009631972    0.0009539376    0.0009446751    0.0009354126
  0.0009261467    0.0009168806    0.0009076081    0.0008983325    0.0008890544
  0.0008797742    0.0008704894    0.0008612010    0.0008519097    0.0008426169
  0.0008333205    0.0008240162    0.0008147116    0.0008053999    0.0007960856
  0.0007867654    0.0007774419    0.0007681118    0.0007587730    0.0007494336
  0.0007400862    0.0007307321    0.0007213699    0.0007120059    0.0007026275
  0.0006932441    0.0006838491    0.0006744472    0.0006650309    0.0006556123
  0.0006461739    0.0006367291    0.0006272678    0.0006177958    0.0006083068
  0.0005988000    0.0005892803    0.0005797387    0.0005701746    0.0005605936
  0.0005509847    0.0005413536    0.0005316886    0.0005219980    0.0005122775
  0.0005025147    0.0004927209    0.0004828763    0.0004729887    0.0004630510
  0.0004530492    0.0004429901    0.0004328632    0.0004226527    0.0004123613
  0.0004019690    0.0003914640    0.0003808399    0.0003700676    0.0003591380
  0.0003480138    0.0003366737    0.0003250786    0.0003131710    0.0003008962
  0.0002881609    0.0002748684    0.0002608558    0.0002459079    0.0002297064
  0.0002117750    0.0001914442    0.0001679640    0.0001411339    0.0001124416
  0.0001091079    0.0001089607    0.0001088145    0.0001086670    0.0001085194
  0.0001083716    0.0001082226    0.0001080735    0.0001079243    0.0001077738
  0.0001076233    0.0001074716    0.0001073210    0.0001071680    0.0001070150
  0.0001068620    0.0001067078    0.0001065548    0.0001063995    0.0001062442
  0.0001060878    0.0001059314    0.0001057751    0.0001056165    0.0001054592
  0.0001053008    0.0001051414    0.0001049809    0.0001048205    0.0001046592
  0.0001044980    0.0001043347    0.0001041716    0.0001040097    0.0001038436
  0.0001036798    0.0001035130    0.0001033475    0.0001031811    0.0001030138
  0.0001028442    0.0001026753    0.0001025056    0.0001023351    0.0001021638
  0.0001019928    0.0001018200    0.0001016475    0.0001014733    0.0001012973
  0.0001011227    0.0001009464    0.0001007695    0.0001005918    0.0001004136
  0.0001002338    0.0001000533    0.0000998724    0.0000996908    0.0000995077
  0.0000993241    0.0000991390    0.0000989544    0.0000987673    0.0000985799
  0.0000983919    0.0000982026    0.0000980129    0.0000978219    0.0000976305
  0.0000974377    0.0000972428    0.0000970485    0.0000968521    0.0000966553
  0.0000964574    0.0000962574    0.0000960582    0.0000958569    0.0000956545
  0.0000954501    0.0000952457    0.0000950393    0.0000948319    0.0000946236
  0.0000944143    0.0000942033    0.0000939904    0.0000937776    0.0000935623
  0.0000933470    0.0000931301    0.0000929107    0.0000926905    0.0000924697
  0.0000922457    0.0000920211    0.0000917950    0.0000915667    0.0000913378
  0.0000911076    0.0000908753    0.0000906416    0.0000904044    0.0000901675
  0.0000899279    0.0000896872    0.0000894437    0.0000892000    0.0000889522
  0.0000887042    0.0000884544    0.0000882022    0.0000879476    0.0000876907
  0.0000874307    0.0000871701    0.0000869064    0.0000866421    0.0000863727
  0.0000861036    0.0000858310    0.0000855557    0.0000852772    0.0000849974
  0.0000847132    0.0000844279    0.0000841382    0.0000838469    0.0000835513
  0.0000832535    0.0000829516    0.0000826470    0.0000823405    0.0000820281
  0.0000817131    0.0000813945    0.0000810723    0.0000807452    0.0000804146
  0.0000800808    0.0000797410    0.0000793982    0.0000790497    0.0000786965
  0.0000783391    0.0000779752    0.0000776075    0.0000772325    0.0000768538
  0.0000764679    0.0000760764    0.0000756764    0.0000752720    0.0000748584
  0.0000744379    0.0000740119    0.0000735754    0.0000731300    0.0000726773
  0.0000722132    0.0000717409    0.0000712559    0.0000707621    0.0000702548
  0.0000697338    0.0000692011    0.0000686533    0.0000680899    0.0000675101
  0.0000669111    0.0000662956    0.0000656545    0.0000649951    0.0000643084
  0.0015149460    0.0015108687    0.0015031427    0.0014945918    0.0014857801
  0.0014768541    0.0014678688    0.0014588479    0.0014498040    0.0014407408
  0.0014316686    0.0014225876    0.0014134931    0.0014043913    0.0013952883
  0.0013861800    0.0013770624    0.0013679420    0.0013588200    0.0013496927
  0.0013405614    0.0013314276    0.0013222926    0.0013131531    0.0013040059
  0.0012948619    0.0012857133    0.0012765615    0.0012674082    0.0012582506
  0.0012490900    0.0012399284    0.0012307629    0.0012215953    0.0012124273
  0.0012032565    0.0011940802    0.0011849046    0.0011757234    0.0011665424
  0.0011573597    0.0011481689    0.0011389843    0.0011297918    0.0011205977
  0.0011114002    0.0011022014    0.0010929997    0.0010837976    0.0010745896
  0.0010653820    0.0010561697    0.0010469590    0.0010377414    0.0010285197
  0.0010192966    0.0010100746    0.0010008462    0.0009916177    0.0009823817
  0.0009731446    0.0009639095    0.0009546631    0.0009454184    0.0009361690
  0.0009269149    0.0009176599    0.0009083982    0.0008991333    0.0008898662
  0.0008805944    0.0008713134    0.0008620301    0.0008527429    0.0008434506
  0.0008341547    0.0008248487    0.0008155403    0.0008062262    0.0007969009
  0.0007875722    0.0007782380    0.0007688934    0.0007595417    0.0007501794
  0.0007408077    0.0007314307    0.0007220388    0.0007126409    0.0007032264
  0.0006938026    0.0006843665    0.0006749113    0.0006654477    0.0006559634
  0.0006464641    0.0006369494    0.0006274116    0.0006178544    0.0006082734
  0.0005986732    0.0005890428    0.0005793851    0.0005696930    0.0005599717
  0.0005502211    0.0005404263    0.0005305934    0.0005207127    0.0005107790
  0.0005008006    0.0004907517    0.0004806461    0.0004704658    0.0004602061
  0.0004498570    0.0004394105    0.0004288579    0.0004181799    0.0004073622
  0.0003963853    0.0003852285    0.0003738698    0.0003622715    0.0003503889
  0.0003381720    0.0003255626    0.0003124738    0.0002987966    0.0002843751
  0.0002689979    0.0002523761    0.0002340940    0.0002135812    0.0001902180
  0.0001637822    0.0001352756    0.0001230027    0.0001228516    0.0001226988
  0.0001225456    0.0001223934    0.0001222396    0.0001220856    0.0001219312
  0.0001217766    0.0001216204    0.0001214653    0.0001213086    0.0001211517
  0.0001209945    0.0001208372    0.0001206783    0.0001205192    0.0001203612
  0.0001202004    0.0001200407    0.0001198796    0.0001197184    0.0001195569
  0.0001193941    0.0001192311    0.0001190680    0.0001189047    0.0001187401
  0.0001185754    0.0001184106    0.0001182432    0.0001180770    0.0001179107
  0.0001177431    0.0001175743    0.0001174054    0.0001172352    0.0001170662
  0.0001168949    0.0001167247    0.0001165521    0.0001163795    0.0001162058
  0.0001160321    0.0001158579    0.0001156820    0.0001155073    0.0001153303
  0.0001151545    0.0001149754    0.0001147975    0.0001146175    0.0001144398
  0.0001142578    0.0001140781    0.0001138952    0.0001137135    0.0001135298
  0.0001133452    0.0001131607    0.0001129754    0.0001127880    0.0001126020
  0.0001124140    0.0001122252    0.0001120355    0.0001118450    0.0001116559
  0.0001114627    0.0001112710    0.0001110774    0.0001108830    0.0001106869
  0.0001104911    0.0001102936    0.0001100965    0.0001098977    0.0001096972
  0.0001094971    0.0001092943    0.0001090920    0.0001088891    0.0001086846
  0.0001084796    0.0001082731    0.0001080640    0.0001078575    0.0001076465
  0.0001074361    0.0001072252    0.0001070110    0.0001067974    0.0001065814
  0.0001063661    0.0001061484    0.0001059295    0.0001057094    0.0001054899
  0.0001052673    0.0001050445    0.0001048186    0.0001045926    0.0001043654
  0.0001041381    0.0001039078    0.0001036756    0.0001034433    0.0001032092
  0.0001029740    0.0001027370    0.0001024974    0.0001022577    0.0001020164
  0.0001017724    0.0001015294    0.0001012821    0.0001010341    0.0001007854
  0.0001005325    0.0001002799    0.0001000267    0.0000997686    0.0000995107
  0.0000992507    0.0000989885    0.0000987242    0.0000984577    0.0000981893
  0.0000979196    0.0000976472    0.0000973728    0.0000970965    0.0000968169
  0.0000965362    0.0000962522    0.0000959657    0.0000956783    0.0000953885
  0.0000950933    0.0000947966    0.0000944992    0.0000941973    0.0000938940
  0.0000935864    0.0000932760    0.0000929630    0.0000926465    0.0000923275
  0.0000920045    0.0000916783    0.0000913490    0.0000910160    0.0000906778
  0.0000903389    0.0000899944    0.0000896450    0.0000892936    0.0000889369
  0.0000885757    0.0000882093    0.0000878385    0.0000874635    0.0000870844
  0.0016487290    0.0016452567    0.0016380870    0.0016298451    0.0016212351
  0.0016124564    0.0016035935    0.0015946732    0.0015857177    0.0015767413
  0.0015677423    0.0015587317    0.0015497094    0.0015406814    0.0015316426
  0.0015225995    0.0015135472    0.0015044923    0.0014954302    0.0014863674
  0.0014772943    0.0014682227    0.0014591483    0.0014500671    0.0014409804
  0.0014318945    0.0014228056    0.0014137098    0.0014046186    0.0013955181
  0.0013864148    0.0013773099    0.0013682050    0.0013590916    0.0013499809
  0.0013408648    0.0013317447    0.0013226269    0.0013135034    0.0013043806
  0.0012952509    0.0012861202    0.0012769859    0.0012678496    0.0012587131
  0.0012495734    0.0012404325    0.0012312878    0.0012221368    0.0012129898
  0.0012038361    0.0011946820    0.0011855251    0.0011763632    0.0011672026
  0.0011580332    0.0011488691    0.0011397006    0.0011305258    0.0011213474
  0.0011121710    0.0011029917    0.0010938042    0.0010846184    0.0010754294
  0.0010662361    0.0010570410    0.0010478396    0.0010386419    0.0010294330
  0.0010202262    0.0010110174    0.0010017996    0.0009925792    0.0009833559
  0.0009741295    0.0009648972    0.0009556588    0.0009464178    0.0009371720
  0.0009279243    0.0009186696    0.0009094088    0.0009001429    0.0008908728
  0.0008815913    0.0008723084    0.0008630200    0.0008537251    0.0008444174
  0.0008351101    0.0008257865    0.0008164599    0.0008071277    0.0007977802
  0.0007884233    0.0007790578    0.0007696776    0.0007602918    0.0007508923
  0.0007414747    0.0007320485    0.0007226075    0.0007131501    0.0007036806
  0.0006941882    0.0006846792    0.0006751426    0.0006655919    0.0006560233
  0.0006464201    0.0006368025    0.0006271474    0.0006174667    0.0006077552
  0.0005980044    0.0005882214    0.0005783963    0.0005685265    0.0005586079
  0.0005486392    0.0005386184    0.0005285329    0.0005183818    0.0005081499
  0.0004978493    0.0004874555    0.0004769598    0.0004663601    0.0004556420
  0.0004447817    0.0004337721    0.0004225937    0.0004112161    0.0003996152
  0.0003877576    0.0003755976    0.0003630833    0.0003501499    0.0003367125
  0.0003226651    0.0003078526    0.0002920843    0.0002750763    0.0002564694
  0.0002357769    0.0002124911    0.0001864028    0.0001581503    0.0001372626
  0.0001371041    0.0001369479    0.0001367898    0.0001366312    0.0001364721
  0.0001363140    0.0001361540    0.0001359935    0.0001358326    0.0001356713
  0.0001355109    0.0001353487    0.0001351874    0.0001350230    0.0001348610
  0.0001346985    0.0001345329    0.0001343697    0.0001342033    0.0001340393
  0.0001338723    0.0001337062    0.0001335398    0.0001333730    0.0001332046
  0.0001330358    0.0001328680    0.0001326973    0.0001325276    0.0001323576
  0.0001321860    0.0001320155    0.0001318433    0.0001316709    0.0001314996
  0.0001313241    0.0001311509    0.0001309762    0.0001308013    0.0001306249
  0.0001304496    0.0001302727    0.0001300945    0.0001299173    0.0001297399
  0.0001295598    0.0001293808    0.0001291999    0.0001290169    0.0001288363
  0.0001286543    0.0001284710    0.0001282888    0.0001281040    0.0001279191
  0.0001277342    0.0001275479    0.0001273616    0.0001271753    0.0001269865
  0.0001267976    0.0001266088    0.0001264199    0.0001262286    0.0001260361
  0.0001258449    0.0001256513    0.0001254589    0.0001252630    0.0001250696
  0.0001248738    0.0001246758    0.0001244791    0.0001242813    0.0001240824
  0.0001238825    0.0001236828    0.0001234809    0.0001232802    0.0001230764
  0.0001228727    0.0001226680    0.0001224636    0.0001222571    0.0001220497
  0.0001218415    0.0001216323    0.0001214224    0.0001212127    0.0001209999
  0.0001207886    0.0001205742    0.0001203591    0.0001201444    0.0001199267
  0.0001197104    0.0001194914    0.0001192716    0.0001190512    0.0001188300
  0.0001186072    0.0001183838    0.0001181587    0.0001179331    0.0001177058
  0.0001174790    0.0001172476    0.0001170177    0.0001167862    0.0001165533
  0.0001163189    0.0001160841    0.0001158478    0.0001156092    0.0001153692
  0.0001151297    0.0001148880    0.0001146460    0.0001144006    0.0001141551
  0.0001139082    0.0001136582    0.0001134071    0.0001131567    0.0001129023
  0.0001126497    0.0001123931    0.0001121355    0.0001118741    0.0001116144
  0.0001113510    0.0001110876    0.0001108204    0.0001105524    0.0001102836
  0.0001100120    0.0001097379    0.0001094639    0.0001091873    0.0001089074
  0.0001086276    0.0001083446    0.0001080583    0.0001077723    0.0001074831
  0.0001071917    0.0001068971    0.0001066013    0.0001063042    0.0001060024
  0.0017816273    0.0017786683    0.0017720959    0.0017642229    0.0017558503
  0.0017472492    0.0017385172    0.0017297143    0.0017208550    0.0017119709
  0.0017030590    0.0016941240    0.0016851773    0.0016762186    0.0016672483
  0.0016582725    0.0016492859    0.0016402952    0.0016312950    0.0016222921
  0.0016132873    0.0016042757    0.0015952582    0.0015862360    0.0015772154
  0.0015681863    0.0015591554    0.0015501182    0.0015410812    0.0015320401
  0.0015229960    0.0015139447    0.0015048927    0.0014958410    0.0014867856
  0.0014777279    0.0014686636    0.0014595993    0.0014505312    0.0014414605
  0.0014323935    0.0014233165    0.0014142407    0.0014051579    0.0013960742
  0.0013869910    0.0013779049    0.0013688172    0.0013597248    0.0013506247
  0.0013415275    0.0013324302    0.0013233296    0.0013142230    0.0013051119
  0.0012960069    0.0012868920    0.0012777777    0.0012686613    0.0012595403
  0.0012504165    0.0012412959    0.0012321678    0.0012230342    0.0012139051
  0.0012047662    0.0011956316    0.0011864914    0.0011773477    0.0011681946
  0.0011590501    0.0011498930    0.0011407410    0.0011315775    0.0011224196
  0.0011132513    0.0011040824    0.0010949118    0.0010857348    0.0010765575
  0.0010673720    0.0010581848    0.0010489949    0.0010398017    0.0010306017
  0.0010213945    0.0010121895    0.0010029771    0.0009937603    0.0009845359
  0.0009753048    0.0009660728    0.0009568348    0.0009475882    0.0009383396
  0.0009290783    0.0009198197    0.0009105421    0.0009012669    0.0008919814
  0.0008826821    0.0008733813    0.0008640653    0.0008547469    0.0008454150
  0.0008360727    0.0008267202    0.0008173607    0.0008079823    0.0007985962
  0.0007891964    0.0007797775    0.0007703423    0.0007608994    0.0007514335
  0.0007419502    0.0007324508    0.0007229345    0.0007133875    0.0007038242
  0.0006942343    0.0006846212    0.0006749704    0.0006653034    0.0006555967
  0.0006458598    0.0006360856    0.0006262681    0.0006164177    0.0006065141
  0.0005965616    0.0005865575    0.0005765037    0.0005663779    0.0005561845
  0.0005459204    0.0005355749    0.0005251429    0.0005146075    0.0005039709
  0.0004932091    0.0004823243    0.0004712860    0.0004600856    0.0004486952
  0.0004370960    0.0004252573    0.0004131438    0.0004007106    0.0003879004
  0.0003746531    0.0003608868    0.0003464870    0.0003313070    0.0003151709
  0.0002978092    0.0002789097    0.0002580545    0.0002348017    0.0002089841
  0.0001809932    0.0001520362    0.0001517043    0.0001515432    0.0001513798
  0.0001512158    0.0001510511    0.0001508888    0.0001507229    0.0001505578
  0.0001503922    0.0001502274    0.0001500605    0.0001498946    0.0001497265
  0.0001495594    0.0001493917    0.0001492234    0.0001490545    0.0001488851
  0.0001487151    0.0001485460    0.0001483765    0.0001482049    0.0001480328
  0.0001478616    0.0001476885    0.0001475163    0.0001473436    0.0001471704
  0.0001469953    0.0001468211    0.0001466465    0.0001464700    0.0001462931
  0.0001461185    0.0001459406    0.0001457638    0.0001455864    0.0001454073
  0.0001452278    0.0001450478    0.0001448689    0.0001446882    0.0001445070
  0.0001443242    0.0001441437    0.0001439601    0.0001437775    0.0001435932
  0.0001434086    0.0001432250    0.0001430383    0.0001428508    0.0001426663
  0.0001424774    0.0001422896    0.0001421015    0.0001419144    0.0001417245
  0.0001415342    0.0001413437    0.0001411517    0.0001409607    0.0001407669
  0.0001405742    0.0001403800    0.0001401855    0.0001399909    0.0001397948
  0.0001395998    0.0001394008    0.0001392029    0.0001390062    0.0001388068
  0.0001386072    0.0001384063    0.0001382052    0.0001380040    0.0001378003
  0.0001375977    0.0001373938    0.0001371885    0.0001369820    0.0001367767
  0.0001365701    0.0001363623    0.0001361532    0.0001359441    0.0001357350
  0.0001355246    0.0001353108    0.0001350981    0.0001348867    0.0001346717
  0.0001344568    0.0001342420    0.0001340237    0.0001338067    0.0001335874
  0.0001333671    0.0001331481    0.0001329269    0.0001327058    0.0001324814
  0.0001322584    0.0001320332    0.0001318071    0.0001315801    0.0001313521
  0.0001311232    0.0001308946    0.0001306617    0.0001304302    0.0001301979
  0.0001299636    0.0001297274    0.0001294926    0.0001292538    0.0001290163
  0.0001287771    0.0001285371    0.0001282942    0.0001280518    0.0001278065
  0.0001275616    0.0001273151    0.0001270679    0.0001268190    0.0001265674
  0.0001263164    0.0001260637    0.0001258084    0.0001255526    0.0001252953
  0.0001250365    0.0001247772    0.0001245155    0.0001242533    0.0001239877
  0.0019136904    0.0019111609    0.0019051799    0.0018977224    0.0018896293
  0.0018812271    0.0018726538    0.0018639795    0.0018552422    0.0018464532
  0.0018376275    0.0018287820    0.0018199151    0.0018110260    0.0018021336
  0.0017932251    0.0017843071    0.0017753799    0.0017664441    0.0017575064
  0.0017485612    0.0017396093    0.0017306514    0.0017216883    0.0017127268
  0.0017037557    0.0016947819    0.0016858061    0.0016768235    0.0016678407
  0.0016588529    0.0016498610    0.0016408660    0.0016318689    0.0016228650
  0.0016138610    0.0016048577    0.0015958452    0.0015868356    0.0015778190
  0.0015688018    0.0015597798    0.0015507596    0.0015417365    0.0015327069
  0.0015236770    0.0015146427    0.0015056053    0.0014965661    0.0014875262
  0.0014784817    0.0014694391    0.0014603894    0.0014513391    0.0014422846
  0.0014332272    0.0014241730    0.0014151091    0.0014060464    0.0013969817
  0.0013879161    0.0013788421    0.0013697704    0.0013606932    0.0013516168
  0.0013425336    0.0013334497    0.0013243667    0.0013152774    0.0013061880
  0.0012970914    0.0012879938    0.0012788926    0.0012697940    0.0012606870
  0.0012515818    0.0012424682    0.0012333562    0.0012242434    0.0012151203
  0.0012059967    0.0011968709    0.0011877408    0.0011786089    0.0011694734
  0.0011603328    0.0011511897    0.0011420388    0.0011328935    0.0011237382
  0.0011145789    0.0011054147    0.0010962483    0.0010870720    0.0010779020
  0.0010687176    0.0010595317    0.0010503437    0.0010411437    0.0010319477
  0.0010227397    0.0010135226    0.0010043035    0.0009950790    0.0009858466
  0.0009766071    0.0009673611    0.0009581094    0.0009488441    0.0009395808
  0.0009302983    0.0009210118    0.0009117175    0.0009024064    0.0008930962
  0.0008837629    0.0008744246    0.0008650733    0.0008557116    0.0008463351
  0.0008369494    0.0008275432    0.0008181184    0.0008086877    0.0007992324
  0.0007897614    0.0007802685    0.0007707609    0.0007612288    0.0007516699
  0.0007420879    0.0007324835    0.0007228514    0.0007131913    0.0007034915
  0.0006937702    0.0006840102    0.0006742101    0.0006643713    0.0006544855
  0.0006445542    0.0006345697    0.0006245371    0.0006144481    0.0006042857
  0.0005940587    0.0005837606    0.0005733751    0.0005629082    0.0005523409
  0.0005416681    0.0005308824    0.0005199647    0.0005089048    0.0004976839
  0.0004862876    0.0004746897    0.0004628724    0.0004507969    0.0004384283
  0.0004257234    0.0004126342    0.0003990823    0.0003849984    0.0003702536
  0.0003547366    0.0003382535    0.0003205737    0.0003013952    0.0002803883
  0.0002571620    0.0002315415    0.0002038372    0.0001749461    0.0001666351
  0.0001664677    0.0001662994    0.0001661319    0.0001659636    0.0001657928
  0.0001656246    0.0001654539    0.0001652841    0.0001651135    0.0001649438
  0.0001647700    0.0001645988    0.0001644283    0.0001642540    0.0001640821
  0.0001639095    0.0001637346    0.0001635605    0.0001633873    0.0001632118
  0.0001630372    0.0001628603    0.0001626844    0.0001625077    0.0001623303
  0.0001621539    0.0001619752    0.0001617974    0.0001616175    0.0001614384
  0.0001612587    0.0001610784    0.0001608990    0.0001607174    0.0001605352
  0.0001603540    0.0001601706    0.0001599882    0.0001598051    0.0001596215
  0.0001594359    0.0001592526    0.0001590673    0.0001588815    0.0001586951
  0.0001585082    0.0001583193    0.0001581328    0.0001579443    0.0001577568
  0.0001575673    0.0001573759    0.0001571854    0.0001569945    0.0001568025
  0.0001566092    0.0001564169    0.0001562255    0.0001560309    0.0001558373
  0.0001556418    0.0001554459    0.0001552510    0.0001550543    0.0001548558
  0.0001546583    0.0001544618    0.0001542622    0.0001540622    0.0001538632
  0.0001536611    0.0001534601    0.0001532587    0.0001530570    0.0001528535
  0.0001526485    0.0001524458    0.0001522401    0.0001520342    0.0001518280
  0.0001516201    0.0001514120    0.0001512050    0.0001509951    0.0001507862
  0.0001505745    0.0001503639    0.0001501518    0.0001499408    0.0001497256
  0.0001495129    0.0001492974    0.0001490817    0.0001488646    0.0001486487
  0.0001484313    0.0001482125    0.0001479923    0.0001477732    0.0001475515
  0.0001473310    0.0001471066    0.0001468834    0.0001466589    0.0001464344
  0.0001462085    0.0001459813    0.0001457542    0.0001455257    0.0001452961
  0.0001450652    0.0001448344    0.0001446023    0.0001443691    0.0001441359
  0.0001439003    0.0001436648    0.0001434270    0.0001431893    0.0001429517
  0.0001427118    0.0001424696    0.0001422300    0.0001419858    0.0001417429
  0.0020449405    0.0020427651    0.0020373668    0.0020303560    0.0020225797
  0.0020144095    0.0020060212    0.0019974956    0.0019888754    0.0019801977
  0.0019714765    0.0019627145    0.0019539297    0.0019451276    0.0019363070
  0.0019274677    0.0019186229    0.0019097592    0.0019008969    0.0018920165
  0.0018831381    0.0018742492    0.0018653502    0.0018564484    0.0018475442
  0.0018386321    0.0018297126    0.0018207929    0.0018118737    0.0018029431
  0.0017940083    0.0017850762    0.0017761354    0.0017671926    0.0017582488
  0.0017492987    0.0017403494    0.0017313955    0.0017224381    0.0017134780
  0.0017045103    0.0016955477    0.0016865736    0.0016776006    0.0016686295
  0.0016596500    0.0016506687    0.0016416867    0.0016327049    0.0016237188
  0.0016147240    0.0016057326    0.0015967347    0.0015877369    0.0015787347
  0.0015697347    0.0015607275    0.0015517247    0.0015427117    0.0015337002
  0.0015246813    0.0015156660    0.0015066458    0.0014976217    0.0014885951
  0.0014795674    0.0014705397    0.0014615035    0.0014524702    0.0014434360
  0.0014343928    0.0014253518    0.0014163048    0.0014072532    0.0013982034
  0.0013891520    0.0013800961    0.0013710373    0.0013619728    0.0013529128
  0.0013438458    0.0013347739    0.0013257025    0.0013166293    0.0013075477
  0.0012984676    0.0012893826    0.0012802907    0.0012712018    0.0012621134
  0.0012530117    0.0012439105    0.0012348080    0.0012256983    0.0012165875
  0.0012074702    0.0011983520    0.0011892281    0.0011801003    0.0011709712
  0.0011618357    0.0011526961    0.0011435482    0.0011344014    0.0011252408
  0.0011160860    0.0011069196    0.0010977509    0.0010885792    0.0010793912
  0.0010702062    0.0010610075    0.0010518116    0.0010426082    0.0010333885
  0.0010241714    0.0010149417    0.0010057034    0.0009964596    0.0009872084
  0.0009779449    0.0009686755    0.0009593880    0.0009501002    0.0009408020
  0.0009314848    0.0009221591    0.0009128231    0.0009034694    0.0008941104
  0.0008847284    0.0008753390    0.0008659276    0.0008565074    0.0008470630
  0.0008376025    0.0008281235    0.0008186228    0.0008090989    0.0007995587
  0.0007899880    0.0007803924    0.0007707755    0.0007611192    0.0007514406
  0.0007417248    0.0007319776    0.0007221974    0.0007123743    0.0007025081
  0.0006925966    0.0006826378    0.0006726291    0.0006625639    0.0006524387
  0.0006422541    0.0006319947    0.0006216676    0.0006112518    0.0006007497
  0.0005901499    0.0005794482    0.0005686422    0.0005576970    0.0005466169
  0.0005353835    0.0005239859    0.0005123916    0.0005005901    0.0004885503
  0.0004762457    0.0004636283    0.0004506635    0.0004372891    0.0004234485
  0.0004090489    0.0003939829    0.0003781409    0.0003613366    0.0003433426
  0.0003239296    0.0003027568    0.0002795448    0.0002540976    0.0002266458
  0.0001978906    0.0001818818    0.0001817093    0.0001815357    0.0001813646
  0.0001811908    0.0001810178    0.0001808422    0.0001806690    0.0001804933
  0.0001803183    0.0001801424    0.0001799673    0.0001797896    0.0001796126
  0.0001794365    0.0001792595    0.0001790817    0.0001789029    0.0001787250
  0.0001785462    0.0001783665    0.0001781876    0.0001780063    0.0001778257
  0.0001776460    0.0001774638    0.0001772824    0.0001771002    0.0001769172
  0.0001767350    0.0001765521    0.0001763683    0.0001761837    0.0001759984
  0.0001758139    0.0001756286    0.0001754410    0.0001752558    0.0001750699
  0.0001748832    0.0001746942    0.0001745060    0.0001743171    0.0001741291
  0.0001739388    0.0001737478    0.0001735576    0.0001733684    0.0001731753
  0.0001729831    0.0001727918    0.0001725982    0.0001724055    0.0001722122
  0.0001720167    0.0001718236    0.0001716268    0.0001714325    0.0001712345
  0.0001710367    0.0001708405    0.0001706422    0.0001704433    0.0001702438
  0.0001700452    0.0001698461    0.0001696449    0.0001694446    0.0001692422
  0.0001690394    0.0001688375    0.0001686350    0.0001684305    0.0001682255
  0.0001680215    0.0001678170    0.0001676104    0.0001674034    0.0001671959
  0.0001669895    0.0001667796    0.0001665692    0.0001663614    0.0001661501
  0.0001659399    0.0001657278    0.0001655153    0.0001653038    0.0001650904
  0.0001648753    0.0001646612    0.0001644452    0.0001642289    0.0001640122
  0.0001637952    0.0001635764    0.0001633587    0.0001631392    0.0001629194
  0.0001626979    0.0001624761    0.0001622540    0.0001620316    0.0001618075
  0.0001615818    0.0001613572    0.0001611323    0.0001609045    0.0001606777
  0.0001604494    0.0001602195    0.0001599895    0.0001597605    0.0001595286
  0.0021754258    0.0021735427    0.0021686801    0.0021621348    0.0021547062
  0.0021467999    0.0021386125    0.0021302589    0.0021217788    0.0021132232
  0.0021046118    0.0020959533    0.0020872586    0.0020785396    0.0020697947
  0.0020610303    0.0020522599    0.0020434691    0.0020346649    0.0020258615
  0.0020170380    0.0020082088    0.0019993810    0.0019905345    0.0019816904
  0.0019728355    0.0019639773    0.0019551161    0.0019462527    0.0019373810
  0.0019285017    0.0019196221    0.0019107362    0.0019018513    0.0018929552
  0.0018840614    0.0018751644    0.0018662646    0.0018573630    0.0018484541
  0.0018395387    0.0018306299    0.0018217100    0.0018127922    0.0018038711
  0.0017949474    0.0017860161    0.0017770843    0.0017681524    0.0017592155
  0.0017502747    0.0017413364    0.0017323959    0.0017234483    0.0017144946
  0.0017055471    0.0016965898    0.0016876348    0.0016786776    0.0016697137
  0.0016607494    0.0016517860    0.0016428188    0.0016338489    0.0016248722
  0.0016158950    0.0016069182    0.0015979380    0.0015889552    0.0015799660
  0.0015709764    0.0015619830    0.0015529914    0.0015439981    0.0015349993
  0.0015259962    0.0015169949    0.0015079917    0.0014989832    0.0014899660
  0.0014809557    0.0014719391    0.0014629181    0.0014538982    0.0014448719
  0.0014358497    0.0014268193    0.0014177867    0.0014087492    0.0013997079
  0.0013906692    0.0013816212    0.0013725788    0.0013635262    0.0013544735
  0.0013454141    0.0013363541    0.0013272948    0.0013182296    0.0013091609
  0.0013000860    0.0012910071    0.0012819261    0.0012728409    0.0012637535
  0.0012546579    0.0012455641    0.0012364591    0.0012273564    0.0012182466
  0.0012091357    0.0012000150    0.0011908908    0.0011817581    0.0011726332
  0.0011634908    0.0011543471    0.0011451982    0.0011360361    0.0011268775
  0.0011177079    0.0011085338    0.0010993483    0.0010901641    0.0010809709
  0.0010717599    0.0010625499    0.0010533283    0.0010440990    0.0010348646
  0.0010256206    0.0010163615    0.0010070966    0.0009978159    0.0009885290
  0.0009792366    0.0009699211    0.0009605982    0.0009512635    0.0009419115
  0.0009325497    0.0009231621    0.0009137716    0.0009043534    0.0008949230
  0.0008854733    0.0008760083    0.0008665240    0.0008570127    0.0008474745
  0.0008379183    0.0008283397    0.0008187306    0.0008090924    0.0007994266
  0.0007897288    0.0007799918    0.0007702263    0.0007604253    0.0007505746
  0.0007406915    0.0007307551    0.0007207666    0.0007107341    0.0007006418
  0.0006904883    0.0006802726    0.0006699863    0.0006596246    0.0006491870
  0.0006386595    0.0006280345    0.0006173131    0.0006064694    0.0005955121
  0.0005844151    0.0005731744    0.0005617680    0.0005501857    0.0005384028
  0.0005263913    0.0005141331    0.0005015985    0.0004887354    0.0004755137
  0.0004618724    0.0004477413    0.0004330481    0.0004176808    0.0004015269
  0.0003844085    0.0003661468    0.0003464891    0.0003251864    0.0003019419
  0.0002766497    0.0002494194    0.0002208215    0.0001974339    0.0001972571
  0.0001970790    0.0001969017    0.0001967234    0.0001965457    0.0001963670
  0.0001961872    0.0001960082    0.0001958299    0.0001956487    0.0001954683
  0.0001952887    0.0001951062    0.0001949262    0.0001947434    0.0001945614
  0.0001943784    0.0001941961    0.0001940111    0.0001938286    0.0001936433
  0.0001934606    0.0001932751    0.0001930904    0.0001929047    0.0001927197
  0.0001925321    0.0001923453    0.0001921592    0.0001919704    0.0001917842
  0.0001915953    0.0001914072    0.0001912182    0.0001910282    0.0001908391
  0.0001906490    0.0001904580    0.0001902661    0.0001900750    0.0001898830
  0.0001896902    0.0001894982    0.0001893053    0.0001891115    0.0001889169
  0.0001887214    0.0001885268    0.0001883313    0.0001881350    0.0001879395
  0.0001877432    0.0001875460    0.0001873480    0.0001871493    0.0001869514
  0.0001867527    0.0001865516    0.0001863530    0.0001861519    0.0001859517
  0.0001857485    0.0001855468    0.0001853444    0.0001851396    0.0001849357
  0.0001847326    0.0001845289    0.0001843244    0.0001841192    0.0001839133
  0.0001837067    0.0001834978    0.0001832914    0.0001830844    0.0001828735
  0.0001826650    0.0001824544    0.0001822463    0.0001820343    0.0001818233
  0.0001816101    0.0001813979    0.0001811850    0.0001809715    0.0001807589
  0.0001805427    0.0001803289    0.0001801116    0.0001798951    0.0001796781
  0.0001794590    0.0001792424    0.0001790237    0.0001788030    0.0001785832
  0.0001783630    0.0001781422    0.0001779194    0.0001776961    0.0001774723
  0.0023051592    0.0023035239    0.0022991546    0.0022930743    0.0022860214
  0.0022784066    0.0022704518    0.0022622786    0.0022539625    0.0022455380
  0.0022370468    0.0022284962    0.0022198965    0.0022112669    0.0022026128
  0.0021939325    0.0021852326    0.0021765122    0.0021677861    0.0021590392
  0.0021502863    0.0021415274    0.0021327553    0.0021239779    0.0021151880
  0.0021063933    0.0020975943    0.0020887915    0.0020799780    0.0020711617
  0.0020623429    0.0020535154    0.0020446935    0.0020358570    0.0020270204
  0.0020181774    0.0020093355    0.0020004885    0.0019916303    0.0019827819
  0.0019739236    0.0019650629    0.0019561939    0.0019473239    0.0019384536
  0.0019295773    0.0019207020    0.0019118220    0.0019029445    0.0018940577
  0.0018851684    0.0018762778    0.0018673863    0.0018584947    0.0018495916
  0.0018406901    0.0018317849    0.0018228829    0.0018139727    0.0018050615
  0.0017961499    0.0017872328    0.0017783115    0.0017693922    0.0017604647
  0.0017515409    0.0017426107    0.0017336863    0.0017247516    0.0017158133
  0.0017068779    0.0016979352    0.0016889918    0.0016800436    0.0016710964
  0.0016621462    0.0016531939    0.0016442409    0.0016352826    0.0016263253
  0.0016173600    0.0016083930    0.0015994253    0.0015904579    0.0015814821
  0.0015725090    0.0015635301    0.0015545511    0.0015455638    0.0015365788
  0.0015275930    0.0015186026    0.0015096088    0.0015006087    0.0014916124
  0.0014826124    0.0014736052    0.0014645972    0.0014555892    0.0014465741
  0.0014375578    0.0014285417    0.0014195098    0.0014104856    0.0014014574
  0.0013924226    0.0013833913    0.0013743484    0.0013653039    0.0013562555
  0.0013472049    0.0013381498    0.0013290959    0.0013200291    0.0013109669
  0.0013018920    0.0012928181    0.0012837428    0.0012746532    0.0012655702
  0.0012564733    0.0012473760    0.0012382731    0.0012291664    0.0012200515
  0.0012109342    0.0012018095    0.0011926732    0.0011835349    0.0011743965
  0.0011652405    0.0011560830    0.0011469236    0.0011377485    0.0011285702
  0.0011193850    0.0011101868    0.0011009848    0.0010917725    0.0010825535
  0.0010733188    0.0010640750    0.0010548226    0.0010455644    0.0010362849
  0.0010270041    0.0010177094    0.0010083938    0.0009990720    0.0009897348
  0.0009803839    0.0009710134    0.0009616279    0.0009522317    0.0009428126
  0.0009333800    0.0009239177    0.0009144406    0.0009049471    0.0008954311
  0.0008858801    0.0008763191    0.0008667248    0.0008570957    0.0008474451
  0.0008377651    0.0008280484    0.0008182979    0.0008085108    0.0007986895
  0.0007888200    0.0007789045    0.0007689449    0.0007589454    0.0007488816
  0.0007387627    0.0007285866    0.0007183446    0.0007080357    0.0006976456
  0.0006871795    0.0006766264    0.0006659865    0.0006552335    0.0006443737
  0.0006333965    0.0006222875    0.0006110402    0.0005996362    0.0005880563
  0.0005762884    0.0005643110    0.0005520980    0.0005396294    0.0005268653
  0.0005137662    0.0005002960    0.0004863832    0.0004719811    0.0004569995
  0.0004413424    0.0004248852    0.0004074814    0.0003889722    0.0003691004
  0.0003476568    0.0003243991    0.0002992049    0.0002721850    0.0002437470
  0.0002146163    0.0002130978    0.0002129160    0.0002127348    0.0002125523
  0.0002123687    0.0002121857    0.0002120015    0.0002118180    0.0002116333
  0.0002114494    0.0002112643    0.0002110798    0.0002108942    0.0002107074
  0.0002105232    0.0002103360    0.0002101495    0.0002099618    0.0002097749
  0.0002095868    0.0002093994    0.0002092091    0.0002090213    0.0002088306
  0.0002086424    0.0002084513    0.0002082609    0.0002080694    0.0002078805
  0.0002076887    0.0002074976    0.0002073054    0.0002071121    0.0002069196
  0.0002067261    0.0002065314    0.0002063375    0.0002061426    0.0002059485
  0.0002057532    0.0002055570    0.0002053597    0.0002051632    0.0002049675
  0.0002047689    0.0002045711    0.0002043742    0.0002041762    0.0002039772
  0.0002037772    0.0002035781    0.0002033761    0.0002031750    0.0002029747
  0.0002027734    0.0002025711    0.0002023697    0.0002021655    0.0002019622
  0.0002017597    0.0002015563    0.0002013502    0.0002011449    0.0002009387
  0.0002007350    0.0002005246    0.0002003192    0.0002001112    0.0001999040
  0.0001996943    0.0001994853    0.0001992755    0.0001990649    0.0001988551
  0.0001986445    0.0001984330    0.0001982224    0.0001980093    0.0001977970
  0.0001975839    0.0001973701    0.0001971554    0.0001969416    0.0001967253
  0.0001965099    0.0001962922    0.0001960769    0.0001958576    0.0001956408
  0.0024341893    0.0024327511    0.0024288240    0.0024232041    0.0024165385
  0.0024092416    0.0024015333    0.0023935760    0.0023854278    0.0023771619
  0.0023687951    0.0023603577    0.0023518749    0.0023433419    0.0023347715
  0.0023261774    0.0023175579    0.0023089197    0.0023002622    0.0022915927
  0.0022829032    0.0022742090    0.0022655024    0.0022567836    0.0022480604
  0.0022393254    0.0022305866    0.0022218367    0.0022130836    0.0022043276
  0.0021955619    0.0021867942    0.0021780178    0.0021692403    0.0021604550
  0.0021516698    0.0021428778    0.0021340797    0.0021252761    0.0021164746
  0.0021076688    0.0020988590    0.0020900461    0.0020812306    0.0020724062
  0.0020635873    0.0020547608    0.0020459274    0.0020371013    0.0020282628
  0.0020194262    0.0020105853    0.0020017408    0.0019928936    0.0019840442
  0.0019751932    0.0019663416    0.0019574835    0.0019486259    0.0019397635
  0.0019308968    0.0019220267    0.0019131601    0.0019042853    0.0018954156
  0.0018865393    0.0018776572    0.0018687763    0.0018598914    0.0018510033
  0.0018421187    0.0018332266    0.0018243279    0.0018154353    0.0018065318
  0.0017976304    0.0017887258    0.0017798250    0.0017709169    0.0017620033
  0.0017530900    0.0017441728    0.0017352526    0.0017263358    0.0017174125
  0.0017084835    0.0016995556    0.0016906240    0.0016816955    0.0016727601
  0.0016638192    0.0016548844    0.0016459357    0.0016369899    0.0016280431
  0.0016190911    0.0016101403    0.0016011865    0.0015922264    0.0015832658
  0.0015743014    0.0015653292    0.0015563603    0.0015473912    0.0015384181
  0.0015294378    0.0015204565    0.0015114710    0.0015024820    0.0014934964
  0.0014845010    0.0014755069    0.0014665023    0.0014575013    0.0014484930
  0.0014394868    0.0014304678    0.0014214501    0.0014124310    0.0014034037
  0.0013943740    0.0013853399    0.0013763023    0.0013672638    0.0013582176
  0.0013491735    0.0013401098    0.0013310560    0.0013219943    0.0013129227
  0.0013038510    0.0012947701    0.0012856893    0.0012765958    0.0012675033
  0.0012584024    0.0012492955    0.0012401783    0.0012310664    0.0012219417
  0.0012127998    0.0012036604    0.0011945161    0.0011853616    0.0011761976
  0.0011670231    0.0011578500    0.0011486627    0.0011394672    0.0011302535
  0.0011210438    0.0011118132    0.0011025804    0.0010933338    0.0010840735
  0.0010748003    0.0010655177    0.0010562210    0.0010469055    0.0010375779
  0.0010282395    0.0010188912    0.0010095139    0.0010001301    0.0009907258
  0.0009812985    0.0009718627    0.0009623937    0.0009529139    0.0009434041
  0.0009338723    0.0009243195    0.0009147378    0.0009051328    0.0008954978
  0.0008858258    0.0008761265    0.0008663996    0.0008566300    0.0008468268
  0.0008369785    0.0008270926    0.0008171628    0.0008071826    0.0007971523
  0.0007870706    0.0007769330    0.0007667278    0.0007564648    0.0007461222
  0.0007357159    0.0007252266    0.0007146512    0.0007039871    0.0006932130
  0.0006823456    0.0006713503    0.0006602340    0.0006489785    0.0006375764
  0.0006260065    0.0006142536    0.0006023026    0.0005901360    0.0005777225
  0.0005650388    0.0005520526    0.0005387167    0.0005249970    0.0005108275
  0.0004961557    0.0004809000    0.0004649638    0.0004482383    0.0004305670
  0.0004118076    0.0003917411    0.0003701564    0.0003468787    0.0003217712
  0.0002949443    0.0002666778    0.0002375998    0.0002292234    0.0002290358
  0.0002288488    0.0002286625    0.0002284748    0.0002282899    0.0002281015
  0.0002279138    0.0002277248    0.0002275365    0.0002273468    0.0002271579
  0.0002269676    0.0002267780    0.0002265871    0.0002263968    0.0002262053
  0.0002260145    0.0002258224    0.0002256310    0.0002254383    0.0002252463
  0.0002250530    0.0002248585    0.0002246666    0.0002244715    0.0002242772
  0.0002240815    0.0002238866    0.0002236924    0.0002234950    0.0002232984
  0.0002231025    0.0002229072    0.0002227089    0.0002225112    0.0002223124
  0.0002221143    0.0002219169    0.0002217163    0.0002215185    0.0002213176
  0.0002211173    0.0002209179    0.0002207173    0.0002205155    0.0002203125
  0.0002201103    0.0002199089    0.0002197044    0.0002195007    0.0002192978
  0.0002190937    0.0002188885    0.0002186840    0.0002184785    0.0002182719
  0.0002180660    0.0002178609    0.0002176529    0.0002174456    0.0002172373
  0.0002170297    0.0002168211    0.0002166114    0.0002164025    0.0002161925
  0.0002159816    0.0002157696    0.0002155576    0.0002153454    0.0002151340
  0.0002149197    0.0002147063    0.0002144937    0.0002142783    0.0002140636
  0.0025625289    0.0025612612    0.0025577273    0.0025525515    0.0025462850
  0.0025393078    0.0025318757    0.0025241458    0.0025161913    0.0025080857
  0.0024998692    0.0024915629    0.0024831836    0.0024747587    0.0024662922
  0.0024577893    0.0024492562    0.0024406913    0.0024321182    0.0024235195
  0.0024149030    0.0024062764    0.0023976316    0.0023889763    0.0023803189
  0.0023716432    0.0023629654    0.0023542778    0.0023455808    0.0023368823
  0.0023281750    0.0023194592    0.0023107353    0.0023020115    0.0022932882
  0.0022845504    0.0022758138    0.0022670639    0.0022583162    0.0022495710
  0.0022408141    0.0022320534    0.0022232893    0.0022145224    0.0022057532
  0.0021969823    0.0021882030    0.0021794230    0.0021706431    0.0021618563
  0.0021530636    0.0021442794    0.0021354835    0.0021266831    0.0021178793
  0.0021090794    0.0021002770    0.0020914660    0.0020826538    0.0020738412
  0.0020650287    0.0020562036    0.0020473800    0.0020385582    0.0020297327
  0.0020209041    0.0020120728    0.0020032398    0.0019943993    0.0019855584
  0.0019767178    0.0019678719    0.0019590278    0.0019501800    0.0019413290
  0.0019324758    0.0019236148    0.0019147655    0.0019058980    0.0018970312
  0.0018881721    0.0018793035    0.0018704322    0.0018615590    0.0018526788
  0.0018438041    0.0018349303    0.0018260461    0.0018171588    0.0018082745
  0.0017993887    0.0017904910    0.0017815938    0.0017726974    0.0017638033
  0.0017548958    0.0017459975    0.0017370878    0.0017281789    0.0017192711
  0.0017103554    0.0017014380    0.0016925246    0.0016835964    0.0016746745
  0.0016657497    0.0016568134    0.0016478816    0.0016389504    0.0016300064
  0.0016210698    0.0016121227    0.0016031807    0.0015942306    0.0015852784
  0.0015763206    0.0015673632    0.0015584029    0.0015494362    0.0015404692
  0.0015314983    0.0015225208    0.0015135424    0.0015045604    0.0014955754
  0.0014865897    0.0014775911    0.0014685945    0.0014596012    0.0014505915
  0.0014415839    0.0014325758    0.0014235563    0.0014145313    0.0014055149
  0.0013964800    0.0013874449    0.0013784034    0.0013693647    0.0013603116
  0.0013512577    0.0013421968    0.0013331385    0.0013240587    0.0013149896
  0.0013059063    0.0012968119    0.0012877228    0.0012786159    0.0012695047
  0.0012603874    0.0012512698    0.0012421341    0.0012329990    0.0012238508
  0.0012146986    0.0012055254    0.0011963562    0.0011871749    0.0011779808
  0.0011687858    0.0011595720    0.0011503477    0.0011411193    0.0011318718
  0.0011226088    0.0011133396    0.0011040552    0.0010947567    0.0010854506
  0.0010761232    0.0010667846    0.0010574272    0.0010480475    0.0010386521
  0.0010292423    0.0010198176    0.0010103669    0.0010008978    0.0009914046
  0.0009818902    0.0009723455    0.0009627776    0.0009531880    0.0009435702
  0.0009339213    0.0009242319    0.0009145234    0.0009047742    0.0008949876
  0.0008851655    0.0008753077    0.0008653989    0.0008554479    0.0008454453
  0.0008353961    0.0008252918    0.0008151301    0.0008049126    0.0007946234
  0.0007842653    0.0007738312    0.0007633261    0.0007527317    0.0007420428
  0.0007312638    0.0007203736    0.0007093716    0.0006982416    0.0006869858
  0.0006755811    0.0006640203    0.0006522879    0.0006403649    0.0006282322
  0.0006158693    0.0006032598    0.0005903679    0.0005771532    0.0005635917
  0.0005496339    0.0005352049    0.0005202852    0.0005047631    0.0004885711
  0.0004715655    0.0004536540    0.0004346534    0.0004144039    0.0003927002
  0.0003694008    0.0003443618    0.0003176719    0.0002895888    0.0002606109
  0.0002456224    0.0002454310    0.0002452400    0.0002450497    0.0002448601
  0.0002446668    0.0002444741    0.0002442843    0.0002440908    0.0002438981
  0.0002437038    0.0002435102    0.0002433173    0.0002431229    0.0002429271
  0.0002427319    0.0002425395    0.0002423436    0.0002421463    0.0002419517
  0.0002417536    0.0002415583    0.0002413594    0.0002411634    0.0002409659
  0.0002407691    0.0002405709    0.0002403714    0.0002401725    0.0002399722
  0.0002397726    0.0002395738    0.0002393735    0.0002391719    0.0002389710
  0.0002387687    0.0002385672    0.0002383663    0.0002381621    0.0002379606
  0.0002377557    0.0002375536    0.0002373501    0.0002371454    0.0002369393
  0.0002367360    0.0002365314    0.0002363235    0.0002361182    0.0002359118
  0.0002357040    0.0002354970    0.0002352906    0.0002350811    0.0002348742
  0.0002346642    0.0002344568    0.0002342462    0.0002340344    0.0002338253
  0.0002336149    0.0002334033    0.0002331906    0.0002329805    0.0002327673
  0.0026902110    0.0026890831    0.0026859081    0.0026811379    0.0026752663
  0.0026686293    0.0026614889    0.0026539978    0.0026462561    0.0026383283
  0.0026302627    0.0026220973    0.0026138563    0.0026055412    0.0025971813
  0.0025887728    0.0025803300    0.0025718509    0.0025633596    0.0025548378
  0.0025462933    0.0025377423    0.0025291676    0.0025205773    0.0025119798
  0.0025033749    0.0024947543    0.0024861266    0.0024774917    0.0024688417
  0.0024601932    0.0024515383    0.0024428692    0.0024342024    0.0024255302
  0.0024168449    0.0024081628    0.0023994685    0.0023907703    0.0023820687
  0.0023733640    0.0023646566    0.0023559471    0.0023472358    0.0023385078
  0.0023297866    0.0023210576    0.0023123286    0.0023035927    0.0022948578
  0.0022861171    0.0022773784    0.0022686273    0.0022598795    0.0022511278
  0.0022423656    0.0022336081    0.0022248483    0.0022160869    0.0022073246
  0.0021985545    0.0021897776    0.0021810015    0.0021722263    0.0021634463
  0.0021546615    0.0021458797    0.0021370877    0.0021282999    0.0021195101
  0.0021107120    0.0021019131    0.0020931141    0.0020843154    0.0020755112
  0.0020667022    0.0020578891    0.0020490790    0.0020402661    0.0020314448
  0.0020226283    0.0020138112    0.0020049816    0.0019961589    0.0019873311
  0.0019784996    0.0019696647    0.0019608332    0.0019519940    0.0019431537
  0.0019343071    0.0019254669    0.0019166161    0.0019077673    0.0018989157
  0.0018900616    0.0018812063    0.0018723446    0.0018634829    0.0018546227
  0.0018457528    0.0018368858    0.0018280169    0.0018191415    0.0018102656
  0.0018013854    0.0017925065    0.0017836196    0.0017747362    0.0017658464
  0.0017569515    0.0017480627    0.0017391602    0.0017302661    0.0017213603
  0.0017124595    0.0017035545    0.0016946410    0.0016857258    0.0016768145
  0.0016678933    0.0016589735    0.0016500463    0.0016411177    0.0016321889
  0.0016232563    0.0016143210    0.0016053749    0.0015964383    0.0015874838
  0.0015785321    0.0015695836    0.0015606222    0.0015516665    0.0015426962
  0.0015337303    0.0015247567    0.0015157901    0.0015068014    0.0014978183
  0.0014888293    0.0014798402    0.0014708443    0.0014618424    0.0014528332
  0.0014438213    0.0014348051    0.0014257822    0.0014167578    0.0014077303
  0.0013986930    0.0013896518    0.0013806050    0.0013715579    0.0013624940
  0.0013534224    0.0013443528    0.0013352794    0.0013261936    0.0013170978
  0.0013079976    0.0012988947    0.0012897746    0.0012806497    0.0012715222
  0.0012623842    0.0012532315    0.0012440737    0.0012349033    0.0012257354
  0.0012165444    0.0012073454    0.0011981380    0.0011889126    0.0011796882
  0.0011704395    0.0011611854    0.0011519103    0.0011426330    0.0011333361
  0.0011240200    0.0011146888    0.0011053515    0.0010959862    0.0010866059
  0.0010772113    0.0010677955    0.0010583531    0.0010488958    0.0010394247
  0.0010299175    0.0010203934    0.0010108401    0.0010012653    0.0009916575
  0.0009820355    0.0009723658    0.0009626683    0.0009529418    0.0009431773
  0.0009333807    0.0009235435    0.0009136566    0.0009037332    0.0008937640
  0.0008837528    0.0008736747    0.0008635514    0.0008533730    0.0008431355
  0.0008328176    0.0008224477    0.0008120003    0.0008014703    0.0007908539
  0.0007801556    0.0007693569    0.0007584566    0.0007474455    0.0007363102
  0.0007250525    0.0007136407    0.0007020881    0.0006903767    0.0006784749
  0.0006663865    0.0006540714    0.0006415239    0.0006287106    0.0006156116
  0.0006021817    0.0005883984    0.0005741991    0.0005595418    0.0005443620
  0.0005285923    0.0005121379    0.0004948803    0.0004767347    0.0004575189
  0.0004370867    0.0004152741    0.0003919292    0.0003669697    0.0003404029
  0.0003124734    0.0002836130    0.0002622900    0.0002620941    0.0002618988
  0.0002617041    0.0002615077    0.0002613142    0.0002611169    0.0002609202
  0.0002607241    0.0002605265    0.0002603295    0.0002601309    0.0002599329
  0.0002597355    0.0002595388    0.0002593383    0.0002591385    0.0002589415
  0.0002587408    0.0002585406    0.0002583389    0.0002581401    0.0002579398
  0.0002577378    0.0002575366    0.0002573338    0.0002571317    0.0002569281
  0.0002567251    0.0002565228    0.0002563189    0.0002561157    0.0002559111
  0.0002557071    0.0002555015    0.0002552967    0.0002550904    0.0002548848
  0.0002546777    0.0002544734    0.0002542655    0.0002540582    0.0002538517
  0.0002536437    0.0002534343    0.0002532255    0.0002530175    0.0002528080
  0.0002525970    0.0002523889    0.0002521773    0.0002519663    0.0002517560
  0.0028172710    0.0028162600    0.0028133821    0.0028090020    0.0028035128
  0.0027972226    0.0027903833    0.0027831544    0.0027756288    0.0027678989
  0.0027600036    0.0027519894    0.0027438803    0.0027356946    0.0027274439
  0.0027191414    0.0027107924    0.0027024123    0.0026939990    0.0026855596
  0.0026771020    0.0026686165    0.0026601111    0.0026515943    0.0026430657
  0.0026345251    0.0026259637    0.0026173988    0.0026088217    0.0026002413
  0.0025916489    0.0025830450    0.0025744381    0.0025658200    0.0025571995
  0.0025485767    0.0025399436    0.0025313007    0.0025226565    0.0025140113
  0.0025053573    0.0024966949    0.0024880327    0.0024793709    0.0024707020
  0.0024620262    0.0024533442    0.0024446643    0.0024359788    0.0024272885
  0.0024185935    0.0024099024    0.0024011998    0.0023925017    0.0023837934
  0.0023750903    0.0023663780    0.0023576569    0.0023489426    0.0023402204
  0.0023314984    0.0023227698    0.0023140423    0.0023053164    0.0022965782
  0.0022878425    0.0022791028    0.0022703597    0.0022616136    0.0022528720
  0.0022441217    0.0022353699    0.0022266173    0.0022178576    0.0022090984
  0.0022003331    0.0021915692    0.0021828074    0.0021740348    0.0021652651
  0.0021564926    0.0021477178    0.0021389347    0.0021301570    0.0021213722
  0.0021125875    0.0021038038    0.0020950086    0.0020862152    0.0020774182
  0.0020686247    0.0020598287    0.0020510247    0.0020422197    0.0020334145
  0.0020246034    0.0020157875    0.0020069792    0.0019981674    0.0019893467
  0.0019805242    0.0019716999    0.0019628814    0.0019540508    0.0019452212
  0.0019363876    0.0019275567    0.0019187171    0.0019098815    0.0019010337
  0.0018921917    0.0018833499    0.0018744932    0.0018656447    0.0018567881
  0.0018479356    0.0018390771    0.0018302190    0.0018213460    0.0018124858
  0.0018036180    0.0017947434    0.0017858686    0.0017769946    0.0017681114
  0.0017592311    0.0017503438    0.0017414557    0.0017325584    0.0017236672
  0.0017147687    0.0017058734    0.0016969683    0.0016880635    0.0016791511
  0.0016702415    0.0016613218    0.0016524024    0.0016434800    0.0016345556
  0.0016256210    0.0016166872    0.0016077504    0.0015988076    0.0015898647
  0.0015809137    0.0015719650    0.0015630108    0.0015540443    0.0015450843
  0.0015361146    0.0015271366    0.0015181606    0.0015091756    0.0015001909
  0.0014912000    0.0014822006    0.0014731985    0.0014641946    0.0014551790
  0.0014461574    0.0014371277    0.0014280994    0.0014190703    0.0014100189
  0.0014009744    0.0013919192    0.0013828556    0.0013737889    0.0013647142
  0.0013556294    0.0013465334    0.0013374356    0.0013283305    0.0013192102
  0.0013100909    0.0013009474    0.0012918058    0.0012826549    0.0012734971
  0.0012643221    0.0012551387    0.0012459467    0.0012367352    0.0012275206
  0.0012182833    0.0012090450    0.0011997870    0.0011905156    0.0011812279
  0.0011719301    0.0011626193    0.0011532843    0.0011439380    0.0011345721
  0.0011251848    0.0011157930    0.0011063633    0.0010969267    0.0010874600
  0.0010779732    0.0010684572    0.0010589227    0.0010493635    0.0010397793
  0.0010301580    0.0010205172    0.0010108400    0.0010011280    0.0009913822
  0.0009816034    0.0009717977    0.0009619406    0.0009520431    0.0009420952
  0.0009321161    0.0009220720    0.0009119887    0.0009018502    0.0008916474
  0.0008813866    0.0008710620    0.0008606686    0.0008502010    0.0008396557
  0.0008290281    0.0008183100    0.0008074957    0.0007965878    0.0007855699
  0.0007744303    0.0007631603    0.0007517648    0.0007402210    0.0007285159
  0.0007166497    0.0007045806    0.0006923199    0.0006798224    0.0006670935
  0.0006540869    0.0006407829    0.0006271381    0.0006131354    0.0005987030
  0.0005838177    0.0005683999    0.0005523799    0.0005356724    0.0005181846
  0.0004998108    0.0004803898    0.0004598038    0.0004378741    0.0004144954
  0.0003895780    0.0003631411    0.0003353589    0.0003066196    0.0002792152
  0.0002790167    0.0002788185    0.0002786186    0.0002784194    0.0002782183
  0.0002780202    0.0002778204    0.0002776165    0.0002774179    0.0002772153
  0.0002770133    0.0002768118    0.0002766110    0.0002764085    0.0002762043
  0.0002760007    0.0002757977    0.0002755954    0.0002753913    0.0002751856
  0.0002749828    0.0002747761    0.0002745722    0.0002743667    0.0002741596
  0.0002739553    0.0002737494    0.0002735419    0.0002733350    0.0002731264
  0.0002729208    0.0002727113    0.0002725023    0.0002722941    0.0002720865
  0.0002718773    0.0002716664    0.0002714562    0.0002712467    0.0002710378
  0.0029437093    0.0029428035    0.0029402015    0.0029361744    0.0029310466
  0.0029251040    0.0029185798    0.0029116131    0.0029043291    0.0028968025
  0.0028890912    0.0028812417    0.0028732775    0.0028652258    0.0028570882
  0.0028489061    0.0028406558    0.0028323718    0.0028240511    0.0028157012
  0.0028073203    0.0027989165    0.0027904891    0.0027820462    0.0027735875
  0.0027651127    0.0027566212    0.0027481132    0.0027396064    0.0027310740
  0.0027225428    0.0027140039    0.0027054487    0.0026968861    0.0026883250
  0.0026797483    0.0026711735    0.0026625835    0.0026539961    0.0026453941
  0.0026367951    0.0026281907    0.0026195729    0.0026109590    0.0026023407
  0.0025937102    0.0025850844    0.0025764472    0.0025678073    0.0025591731
  0.0025505286    0.0025418743    0.0025332269    0.0025245705    0.0025159136
  0.0025072487    0.0024985842    0.0024899126    0.0024812421    0.0024725654
  0.0024638908    0.0024552107    0.0024465258    0.0024378366    0.0024291510
  0.0024204620    0.0024117700    0.0024030679    0.0023943714    0.0023856658
  0.0023769591    0.0023682519    0.0023595446    0.0023508303    0.0023421169
  0.0023334051    0.0023246803    0.0023159582    0.0023072317    0.0022985087
  0.0022897752    0.0022810393    0.0022723082    0.0022635754    0.0022548349
  0.0022460937    0.0022373527    0.0022285987    0.0022198529    0.0022111020
  0.0022023532    0.0021935942    0.0021848385    0.0021760805    0.0021673138
  0.0021585522    0.0021497902    0.0021410146    0.0021322465    0.0021234728
  0.0021147011    0.0021059189    0.0020971335    0.0020883519    0.0020795743
  0.0020707833    0.0020619915    0.0020532000    0.0020444033    0.0020356079
  0.0020268150    0.0020180128    0.0020092080    0.0020004018    0.0019915946
  0.0019827872    0.0019739746    0.0019651518    0.0019563427    0.0019475192
  0.0019386993    0.0019298727    0.0019210454    0.0019122130    0.0019033819
  0.0018945417    0.0018857099    0.0018768655    0.0018680254    0.0018591799
  0.0018503299    0.0018414817    0.0018326256    0.0018237730    0.0018149145
  0.0018060457    0.0017971884    0.0017883175    0.0017794450    0.0017705710
  0.0017616923    0.0017528095    0.0017439334    0.0017350408    0.0017261523
  0.0017172641    0.0017083626    0.0016994635    0.0016905582    0.0016816579
  0.0016727441    0.0016638283    0.0016549157    0.0016459934    0.0016370592
  0.0016281363    0.0016191987    0.0016102663    0.0016013220    0.0015923722
  0.0015834178    0.0015744648    0.0015655143    0.0015565464    0.0015475710
  0.0015386027    0.0015296217    0.0015206380    0.0015116368    0.0015026437
  0.0014936447    0.0014846409    0.0014756184    0.0014666024    0.0014575796
  0.0014485467    0.0014395028    0.0014304566    0.0014214063    0.0014123393
  0.0014032721    0.0013941993    0.0013851116    0.0013760190    0.0013669198
  0.0013578052    0.0013486844    0.0013395604    0.0013304240    0.0013212779
  0.0013121082    0.0013029404    0.0012937668    0.0012845738    0.0012753637
  0.0012661523    0.0012569200    0.0012476699    0.0012384171    0.0012291459
  0.0012198535    0.0012105578    0.0012012442    0.0011919122    0.0011825548
  0.0011731836    0.0011637933    0.0011543852    0.0011449597    0.0011355124
  0.0011260341    0.0011165345    0.0011070169    0.0010974753    0.0010879094
  0.0010783058    0.0010686792    0.0010590269    0.0010493349    0.0010396056
  0.0010298499    0.0010200583    0.0010102320    0.0010003614    0.0009904423
  0.0009804888    0.0009704839    0.0009604350    0.0009503281    0.0009401707
  0.0009299585    0.0009196797    0.0009093349    0.0008989290    0.0008884360
  0.0008778868    0.0008672400    0.0008565093    0.0008456879    0.0008347662
  0.0008237408    0.0008125982    0.0008013412    0.0007899446    0.0007784073
  0.0007667152    0.0007548661    0.0007428371    0.0007306036    0.0007181695
  0.0007055051    0.0006925847    0.0006793847    0.0006658760    0.0006520301
  0.0006378025    0.0006231640    0.0006080306    0.0005923834    0.0005761368
  0.0005591971    0.0005414762    0.0005228814    0.0005032860    0.0004825311
  0.0004605043    0.0004370934    0.0004121938    0.0003858589    0.0003582258
  0.0003296198    0.0003003829    0.0002961919    0.0002959878    0.0002957866
  0.0002955811    0.0002953786    0.0002951742    0.0002949680    0.0002947648
  0.0002945598    0.0002943554    0.0002941491    0.0002939434    0.0002937358
  0.0002935314    0.0002933251    0.0002931169    0.0002929093    0.0002927024
  0.0002924960    0.0002922879    0.0002920779    0.0002918709    0.0002916622
  0.0002914517    0.0002912417    0.0002910324    0.0002908213    0.0002906109
  0.0030695735    0.0030687549    0.0030663851    0.0030626813    0.0030579047
  0.0030523050    0.0030460755    0.0030393956    0.0030323555    0.0030250519
  0.0030175334    0.0030098569    0.0030020551    0.0029941354    0.0029861378
  0.0029780651    0.0029699314    0.0029617521    0.0029535335    0.0029452731
  0.0029369786    0.0029286485    0.0029203102    0.0029119342    0.0029035482
  0.0028951422    0.0028867252    0.0028782874    0.0028698379    0.0028613675
  0.0028528946    0.0028444191    0.0028359226    0.0028274144    0.0028189131
  0.0028103911    0.0028018670    0.0027933318    0.0027847950    0.0027762476
  0.0027676988    0.0027591399    0.0027505804    0.0027420112    0.0027334419
  0.0027248638    0.0027162859    0.0027076999    0.0026991062    0.0026905137
  0.0026819141    0.0026733165    0.0026647040    0.0026561024    0.0026474869
  0.0026388746    0.0026302491    0.0026216275    0.0026130020    0.0026043728
  0.0025957403    0.0025871051    0.0025784674    0.0025698278    0.0025611784
  0.0025525358    0.0025438845    0.0025352328    0.0025265811    0.0025179220
  0.0025092561    0.0025005993    0.0024919286    0.0024832601    0.0024745865
  0.0024659159    0.0024572413    0.0024485553    0.0024398812    0.0024311968
  0.0024225029    0.0024138145    0.0024051249    0.0023964344    0.0023877363
  0.0023790384    0.0023703411    0.0023616377    0.0023529360    0.0023442222
  0.0023355111    0.0023267960    0.0023180844    0.0023093703    0.0023006535
  0.0022919351    0.0022832085    0.0022744812    0.0022657537    0.0022570201
  0.0022482943    0.0022395562    0.0022308206    0.0022220739    0.0022133375
  0.0022045916    0.0021958500    0.0021870939    0.0021783498    0.0021695988
  0.0021608416    0.0021520855    0.0021433244    0.0021345656    0.0021257969
  0.0021170378    0.0021082641    0.0020994952    0.0020907193    0.0020819429
  0.0020731676    0.0020643869    0.0020556084    0.0020468205    0.0020380300
  0.0020292432    0.0020204496    0.0020116556    0.0020028617    0.0019940574
  0.0019852606    0.0019764494    0.0019676468    0.0019588375    0.0019500270
  0.0019412111    0.0019323907    0.0019235716    0.0019147500    0.0019059312
  0.0018971007    0.0018882696    0.0018794282    0.0018705937    0.0018617562
  0.0018529165    0.0018440702    0.0018352239    0.0018263732    0.0018175138
  0.0018086620    0.0017997937    0.0017909350    0.0017820666    0.0017731946
  0.0017643208    0.0017554454    0.0017465696    0.0017376801    0.0017287879
  0.0017199033    0.0017110088    0.0017021052    0.0016932032    0.0016842997
  0.0016753861    0.0016664730    0.0016575524    0.0016486262    0.0016396909
  0.0016307653    0.0016218244    0.0016128831    0.0016039290    0.0015949770
  0.0015860243    0.0015770589    0.0015680914    0.0015591229    0.0015501344
  0.0015411561    0.0015321610    0.0015231589    0.0015141593    0.0015051481
  0.0014961308    0.0014871094    0.0014780736    0.0014690328    0.0014599894
  0.0014509368    0.0014418703    0.0014328099    0.0014237282    0.0014146378
  0.0014055413    0.0013964402    0.0013873231    0.0013782016    0.0013690620
  0.0013599192    0.0013507655    0.0013415966    0.0013324177    0.0013232290
  0.0013140223    0.0013048101    0.0012955697    0.0012863291    0.0012770748
  0.0012677974    0.0012585122    0.0012492071    0.0012398849    0.0012305456
  0.0012211953    0.0012118143    0.0012024259    0.0011930022    0.0011835773
  0.0011741142    0.0011646373    0.0011551300    0.0011455981    0.0011360490
  0.0011264699    0.0011168536    0.0011072216    0.0010975468    0.0010878498
  0.0010781126    0.0010683460    0.0010585373    0.0010486915    0.0010388098
  0.0010288840    0.0010189157    0.0010088893    0.0009988179    0.0009887058
  0.0009785244    0.0009682912    0.0009579974    0.0009476367    0.0009372103
  0.0009267214    0.0009161439    0.0009054904    0.0008947492    0.0008839176
  0.0008729902    0.0008619562    0.0008508103    0.0008395506    0.0008281630
  0.0008166302    0.0008049654    0.0007931241    0.0007811275    0.0007689428
  0.0007565518    0.0007439492    0.0007311053    0.0007180002    0.0007046132
  0.0006909070    0.0006768492    0.0006624190    0.0006475486    0.0006321997
  0.0006163316    0.0005998593    0.0005826898    0.0005647571    0.0005459620
  0.0005261754    0.0005052744    0.0004831501    0.0004596909    0.0004348588
  0.0004086114    0.0003810851    0.0003525749    0.0003234317    0.0003136154
  0.0003134065    0.0003132004    0.0003129898    0.0003127824    0.0003125755
  0.0003123666    0.0003121583    0.0003119505    0.0003117408    0.0003115317
  0.0003113206    0.0003111126    0.0003109026    0.0003106907    0.0003104794
  0.0031948692    0.0031941251    0.0031919625    0.0031885514    0.0031840978
  0.0031788305    0.0031729208    0.0031665081    0.0031597301    0.0031526557
  0.0031453446    0.0031378546    0.0031302083    0.0031224430    0.0031145889
  0.0031066378    0.0030986342    0.0030905629    0.0030824402    0.0030742732
  0.0030660695    0.0030578370    0.0030495741    0.0030412797    0.0030329726
  0.0030246322    0.0030162873    0.0030079179    0.0029995334    0.0029911336
  0.0029827183    0.0029742971    0.0029658695    0.0029574264    0.0029489676
  0.0029405122    0.0029320414    0.0029235553    0.0029150729    0.0029065850
  0.0028980823    0.0028895746    0.0028810618    0.0028725535    0.0028640315
  0.0028554962    0.0028469661    0.0028384323    0.0028298860    0.0028213457
  0.0028127935    0.0028042387    0.0027956730    0.0027871142    0.0027785448
  0.0027699744    0.0027614029    0.0027528221    0.0027442412    0.0027356602
  0.0027270710    0.0027184826    0.0027098867    0.0027012922    0.0026926911
  0.0026840922    0.0026754788    0.0026668685    0.0026582531    0.0026496413
  0.0026410251    0.0026324049    0.0026237815    0.0026151548    0.0026065256
  0.0025978940    0.0025892605    0.0025806257    0.0025719899    0.0025633455
  0.0025547010    0.0025460567    0.0025374053    0.0025287552    0.0025200986
  0.0025114441    0.0025027919    0.0024941273    0.0024854660    0.0024767931
  0.0024681246    0.0024594605    0.0024507865    0.0024421106    0.0024334408
  0.0024247549    0.0024160762    0.0024073899    0.0023987042    0.0023900196
  0.0023813289    0.0023726333    0.0023639402    0.0023552428    0.0023465417
  0.0023378449    0.0023291384    0.0023204299    0.0023117270    0.0023030162
  0.0022943051    0.0022855875    0.0022768709    0.0022681485    0.0022594282
  0.0022507105    0.0022419822    0.0022332511    0.0022245177    0.0022157954
  0.0022070526    0.0021983156    0.0021895788    0.0021808358    0.0021720945
  0.0021633423    0.0021545990    0.0021458465    0.0021370975    0.0021283345
  0.0021195826    0.0021108242    0.0021020602    0.0020932970    0.0020845292
  0.0020757580    0.0020669898    0.0020582132    0.0020494353    0.0020406568
  0.0020318781    0.0020230941    0.0020143063    0.0020055090    0.0019967208
  0.0019879304    0.0019791278    0.0019703302    0.0019615279    0.0019527214
  0.0019439115    0.0019350935    0.0019262903    0.0019174699    0.0019086499
  0.0018998255    0.0018910032    0.0018821729    0.0018733410    0.0018645031
  0.0018556708    0.0018468193    0.0018379799    0.0018291285    0.0018202765
  0.0018114291    0.0018025629    0.0017937041    0.0017848384    0.0017759670
  0.0017670959    0.0017582116    0.0017493302    0.0017404428    0.0017315597
  0.0017226593    0.0017137612    0.0017048662    0.0016959576    0.0016870455
  0.0016781273    0.0016692118    0.0016602842    0.0016513447    0.0016424170
  0.0016334676    0.0016245276    0.0016155735    0.0016066188    0.0015976532
  0.0015886852    0.0015797010    0.0015707179    0.0015617373    0.0015527331
  0.0015437345    0.0015347309    0.0015257091    0.0015166815    0.0015076508
  0.0014986214    0.0014895697    0.0014805151    0.0014714493    0.0014623738
  0.0014532906    0.0014441979    0.0014351044    0.0014259951    0.0014168681
  0.0014077393    0.0013985977    0.0013894381    0.0013802728    0.0013710948
  0.0013619023    0.0013527044    0.0013434873    0.0013342537    0.0013250116
  0.0013157496    0.0013064752    0.0012971885    0.0012878768    0.0012785552
  0.0012692085    0.0012598492    0.0012504677    0.0012410683    0.0012316474
  0.0012222037    0.0012127398    0.0012032511    0.0011937469    0.0011842015
  0.0011746445    0.0011650543    0.0011554295    0.0011457793    0.0011361005
  0.0011263856    0.0011166405    0.0011068585    0.0010970351    0.0010871769
  0.0010772805    0.0010673374    0.0010573527    0.0010473168    0.0010372311
  0.0010270962    0.0010169110    0.0010066616    0.0009963549    0.0009859803
  0.0009755426    0.0009650287    0.0009544423    0.0009437809    0.0009330271
  0.0009221832    0.0009112478    0.0009002171    0.0008890648    0.0008778066
  0.0008664213    0.0008549064    0.0008432449    0.0008314314    0.0008194566
  0.0008073093    0.0007949713    0.0007824198    0.0007696422    0.0007566232
  0.0007433411    0.0007297643    0.0007158744    0.0007016107    0.0006869794
  0.0006718988    0.0006563405    0.0006402444    0.0006235391    0.0006061749
  0.0005880365    0.0005690358    0.0005490700    0.0005280524    0.0005058199
  0.0004823325    0.0004574956    0.0004313370    0.0004039533    0.0003755510
  0.0003464898    0.0003312757    0.0003310630    0.0003308533    0.0003306414
  0.0033196206    0.0033189449    0.0033169661    0.0033138170    0.0033096710
  0.0033047084    0.0032991092    0.0032929814    0.0032864597    0.0032796165
  0.0032725242    0.0032652203    0.0032577593    0.0032501574    0.0032424452
  0.0032346344    0.0032267493    0.0032187947    0.0032107765    0.0032027224
  0.0031946084    0.0031864739    0.0031782962    0.0031700839    0.0031618565
  0.0031535924    0.0031453215    0.0031370226    0.0031287055    0.0031203696
  0.0031120250    0.0031036710    0.0030952978    0.0030869150    0.0030785128
  0.0030701109    0.0030616995    0.0030532786    0.0030448483    0.0030364087
  0.0030279600    0.0030195023    0.0030110455    0.0030025800    0.0029941061
  0.0029856335    0.0029771435    0.0029686553    0.0029601689    0.0029516659
  0.0029431654    0.0029346582    0.0029261447    0.0029176250    0.0029090996
  0.0029005778    0.0028920509    0.0028835191    0.0028749826    0.0028664419
  0.0028578972    0.0028493491    0.0028408064    0.0028322519    0.0028236860
  0.0028151354    0.0028065652    0.0027980022    0.0027894293    0.0027808554
  0.0027722809    0.0027637062    0.0027551229    0.0027465402    0.0027379583
  0.0027293690    0.0027207730    0.0027121788    0.0027035869    0.0026949810
  0.0026863863    0.0026777785    0.0026691743    0.0026605578    0.0026519459
  0.0026433307    0.0026347127    0.0026260924    0.0026174780    0.0026088538
  0.0026002207    0.0025915945    0.0025829603    0.0025743338    0.0025656924
  0.0025570596    0.0025484128    0.0025397753    0.0025311323    0.0025224844
  0.0025138321    0.0025051831    0.0024965308    0.0024878677    0.0024792098
  0.0024705495    0.0024618875    0.0024532243    0.0024445605    0.0024358893
  0.0024272184    0.0024185410    0.0024098648    0.0024011903    0.0023925111
  0.0023838276    0.0023751404    0.0023664569    0.0023577707    0.0023490751
  0.0023403852    0.0023316873    0.0023229888    0.0023142902    0.0023055922
  0.0022968822    0.0022881803    0.0022794675    0.0022707573    0.0022620506
  0.0022533282    0.0022446103    0.0022358908    0.0022271770    0.0022184501
  0.0022097175    0.0022009922    0.0021922624    0.0021835283    0.0021747973
  0.0021660571    0.0021573150    0.0021485718    0.0021398277    0.0021310834
  0.0021223278    0.0021135740    0.0021048218    0.0020960663    0.0020873029
  0.0020785370    0.0020697765    0.0020610152    0.0020522376    0.0020434607
  0.0020346859    0.0020259081    0.0020171335    0.0020083411    0.0019995588
  0.0019907711    0.0019819789    0.0019731778    0.0019643791    0.0019555837
  0.0019467765    0.0019379745    0.0019291623    0.0019203410    0.0019115271
  0.0019027062    0.0018938892    0.0018850569    0.0018762251    0.0018673904
  0.0018585576    0.0018497190    0.0018408744    0.0018320258    0.0018231688
  0.0018143144    0.0018054587    0.0017965883    0.0017877189    0.0017788463
  0.0017699722    0.0017610880    0.0017522042    0.0017433130    0.0017344201
  0.0017255215    0.0017166100    0.0017077094    0.0016987852    0.0016898693
  0.0016809412    0.0016720108    0.0016630711    0.0016541320    0.0016451819
  0.0016362264    0.0016272710    0.0016182971    0.0016093257    0.0016003471
  0.0015913575    0.0015823639    0.0015733628    0.0015643559    0.0015553375
  0.0015463091    0.0015372835    0.0015282360    0.0015191837    0.0015101279
  0.0015010595    0.0014919767    0.0014828919    0.0014737934    0.0014646930
  0.0014555682    0.0014464457    0.0014372995    0.0014281454    0.0014189759
  0.0014098063    0.0014006186    0.0013914118    0.0013821920    0.0013729639
  0.0013637116    0.0013544501    0.0013451719    0.0013358775    0.0013265686
  0.0013172357    0.0013078887    0.0012985235    0.0012891375    0.0012797393
  0.0012703117    0.0012608581    0.0012513902    0.0012418948    0.0012323725
  0.0012228230    0.0012132444    0.0012036462    0.0011940218    0.0011843631
  0.0011746631    0.0011649465    0.0011551832    0.0011453892    0.0011355499
  0.0011256892    0.0011157716    0.0011058139    0.0010958122    0.0010857677
  0.0010756651    0.0010655219    0.0010553172    0.0010450494    0.0010347334
  0.0010243505    0.0010138895    0.0010033661    0.0009927755    0.0009820980
  0.0009713410    0.0009604912    0.0009495509    0.0009385093    0.0009273617
  0.0009160941    0.0009047195    0.0008932197    0.0008815673    0.0008697713
  0.0008578311    0.0008457144    0.0008334107    0.0008209133    0.0008082131
  0.0007952688    0.0007820769    0.0007686160    0.0007548458    0.0007407700
  0.0007263090    0.0007114767    0.0006961948    0.0006804154    0.0006641166
  0.0006472137    0.0006296240    0.0006112911    0.0005921033    0.0005719971
