  0.0000000000    0.0150000000
  0.0002500000    0.0010000000    179    30
  0.0000000209    0.0714986950    0.1252137929    0.1648115784    0.1958135813
  0.2213836759    0.2432866722    0.2625708252    0.2799017042    0.2957254142
  0.3103555888    0.3240180343    0.3368853182    0.3490876585    0.3607285291
  0.3718904585    0.3826415807    0.3930368453    0.4031241506    0.4129418820
  0.4225257963    0.4319035977    0.4411027402    0.4501453370    0.4590522498
  0.4678420037    0.4765310794    0.4851360828    0.4936701983    0.5021471113
  0.5105811328    0.5189821094    0.5273635596    0.5357364565    0.5441131920
  0.5525046557    0.5609213620    0.5693767875    0.5778829902    0.5864535302
  0.5951005489    0.6038404018    0.6126882344    0.6216629475    0.6307838589
  0.6400731653    0.6495566934    0.6592648178    0.6692307502    0.6794970900
  0.6901151150    0.6999999791    0.7000000000    0.7000000000    0.7000000000
  0.7000000000    0.7000000000    0.7000000000    0.7000000000    0.7000000000
  0.7000000000    0.7000000000    0.7000000000    0.7000000000    0.7000000000
  0.7000000000    0.7000000000    0.7000000000    0.7000000000    0.7000000000
  0.7000000000    0.7000000000    0.7000000000    0.7000000000    0.7000000000
  0.7000000000    0.7000000000    0.7000000000    0.7000000000    0.7000000000
  0.7000000000    0.7000000000    0.7000000000    0.7000000000    0.7000000000
  0.7000000000    0.7000000000    0.7000000000    0.7000000000    0.7000000000
  0.7000000000    0.7000000000    0.7000000000    0.7000000000    0.7000000000
  0.7000000000    0.7000000000    0.7000000000    0.7000000000    0.7000000000
  0.7000000000    0.7000000000    0.7000000000    0.7000000000    0.7000000000
  0.7000000000    0.7000000000    0.7000000000    0.7000000000    0.7000000000
  0.7000000000    0.7000000000    0.7000000000    0.7000000000    0.7000000000
  0.7000000000    0.7000000000    0.7000000000    0.7000000000    0.7000000000
  0.7000000000    0.7000000000    0.7000000000    0.7000000000    0.7000000000
  0.7000000000    0.7000000000    0.7000000000    0.7000000000    0.7000000000
  0.7000000000    0.7000000000    0.7000000000    0.7000000000    0.7000000000
  0.7000000000    0.7000000000    0.7000000000    0.7000000000    0.7000000000
  0.7000000000    0.7000000000    0.7000000000    0.7000000000    0.7000000000
  0.7000000000    0.7000000000    0.7000000000    0.7000000000    0.7000000000
  0.7000000000    0.7000000000    0.7000000000    0.7000000000    0.7000000000
  0.7000000000    0.7000000000    0.7000000000    0.7000000000    0.7000000000
  0.7000000000    0.7000000000    0.7000000000    0.7000000000    0.7000000000
  0.7000000000    0.7000000000    0.7000000000    0.7000000000    0.7000000000
  0.7000000000    0.7000000000    0.7000000000    0.7000000000    0.7000000000
  0.7000000000    0.7000000000    0.7000000000    0.7000000000    0.7000000000
  0.0000000209    0.0641067535    0.1146881431    0.1531488448    0.1836638540
  0.2089748889    0.2307061940    0.2498532444    0.2670589954    0.2827593297
  0.2972625405    0.3107934743    0.3235213608    0.3355770439    0.3470631629
  0.3580616206    0.3686404258    0.3788551539    0.3887515336    0.3983701617
  0.4077435821    0.4169027954    0.4258717507    0.4346736461    0.4433285087
  0.4518540293    0.4602668554    0.4685820490    0.4768125027    0.4849708587
  0.4930695087    0.5011198014    0.5091310829    0.5171151608    0.5250806719
  0.5330376297    0.5409950048    0.5489645213    0.5569526464    0.5649713963
  0.5730306596    0.5811394483    0.5893103629    0.5975546271    0.6058848828
  0.6143145233    0.6228585690    0.6315337509    0.6403601795    0.6493567556
  0.6585491806    0.6679646999    0.6776374847    0.6876064628    0.6979213268
  0.6999999791    0.7000000000    0.7000000000    0.7000000000    0.7000000000
  0.7000000000    0.7000000000    0.7000000000    0.7000000000    0.7000000000
  0.7000000000    0.7000000000    0.7000000000    0.7000000000    0.7000000000
  0.7000000000    0.7000000000    0.7000000000    0.7000000000    0.7000000000
  0.7000000000    0.7000000000    0.7000000000    0.7000000000    0.7000000000
  0.7000000000    0.7000000000    0.7000000000    0.7000000000    0.7000000000
  0.7000000000    0.7000000000    0.7000000000    0.7000000000    0.7000000000
  0.7000000000    0.7000000000    0.7000000000    0.7000000000    0.7000000000
  0.7000000000    0.7000000000    0.7000000000    0.7000000000    0.7000000000
  0.7000000000    0.7000000000    0.7000000000    0.7000000000    0.7000000000
  0.7000000000    0.7000000000    0.7000000000    0.7000000000    0.7000000000
  0.7000000000    0.7000000000    0.7000000000    0.7000000000    0.7000000000
  0.7000000000    0.7000000000    0.7000000000    0.7000000000    0.7000000000
  0.7000000000    0.7000000000    0.7000000000    0.7000000000    0.7000000000
  0.7000000000    0.7000000000    0.7000000000    0.7000000000    0.7000000000
  0.7000000000    0.7000000000    0.7000000000    0.7000000000    0.7000000000
  0.7000000000    0.7000000000    0.7000000000    0.7000000000    0.7000000000
  0.7000000000    0.7000000000    0.7000000000    0.7000000000    0.7000000000
  0.7000000000    0.7000000000    0.7000000000    0.7000000000    0.7000000000
  0.7000000000    0.7000000000    0.7000000000    0.7000000000    0.7000000000
  0.7000000000    0.7000000000    0.7000000000    0.7000000000    0.7000000000
  0.7000000000    0.7000000000    0.7000000000    0.7000000000    0.7000000000
  0.7000000000    0.7000000000    0.7000000000    0.7000000000    0.7000000000
  0.7000000000    0.7000000000    0.7000000000    0.7000000000    0.7000000000
  0.7000000000    0.7000000000    0.7000000000    0.7000000000    0.7000000000
  0.0000000209    0.0577813834    0.1052542657    0.1424457461    0.1723856002
  0.1973885924    0.2189235479    0.2379229814    0.2550019771    0.2705839425
  0.2849700361    0.2983813077    0.3109858185    0.3229117006    0.3342626780
  0.3451191515    0.3555493802    0.3656076461    0.3753417224    0.3847893268
  0.3939846307    0.4029568404    0.4117309481    0.4203301102    0.4287722677
  0.4370766133    0.4452583760    0.4533321172    0.4613108128    0.4692058116
  0.4770296723    0.4847919911    0.4925024480    0.5001708061    0.5078060776
  0.5154156059    0.5230097800    0.5305941910    0.5381793112    0.5457709402
  0.5533782572    0.5610094815    0.5686730415    0.5763762802    0.5841302544
  0.5919427246    0.5998248726    0.6077862531    0.6158405930    0.6239983231
  0.6322742134    0.6406843692    0.6492469817    0.6579814941    0.6669109374
  0.6760633498    0.6854687303    0.6951665908    0.6999999791    0.7000000000
  0.7000000000    0.7000000000    0.7000000000    0.7000000000    0.7000000000
  0.7000000000    0.7000000000    0.7000000000    0.7000000000    0.7000000000
  0.7000000000    0.7000000000    0.7000000000    0.7000000000    0.7000000000
  0.7000000000    0.7000000000    0.7000000000    0.7000000000    0.7000000000
  0.7000000000    0.7000000000    0.7000000000    0.7000000000    0.7000000000
  0.7000000000    0.7000000000    0.7000000000    0.7000000000    0.7000000000
  0.7000000000    0.7000000000    0.7000000000    0.7000000000    0.7000000000
  0.7000000000    0.7000000000    0.7000000000    0.7000000000    0.7000000000
  0.7000000000    0.7000000000    0.7000000000    0.7000000000    0.7000000000
  0.7000000000    0.7000000000    0.7000000000    0.7000000000    0.7000000000
  0.7000000000    0.7000000000    0.7000000000    0.7000000000    0.7000000000
  0.7000000000    0.7000000000    0.7000000000    0.7000000000    0.7000000000
  0.7000000000    0.7000000000    0.7000000000    0.7000000000    0.7000000000
  0.7000000000    0.7000000000    0.7000000000    0.7000000000    0.7000000000
  0.7000000000    0.7000000000    0.7000000000    0.7000000000    0.7000000000
  0.7000000000    0.7000000000    0.7000000000    0.7000000000    0.7000000000
  0.7000000000    0.7000000000    0.7000000000    0.7000000000    0.7000000000
  0.7000000000    0.7000000000    0.7000000000    0.7000000000    0.7000000000
  0.7000000000    0.7000000000    0.7000000000    0.7000000000    0.7000000000
  0.7000000000    0.7000000000    0.7000000000    0.7000000000    0.7000000000
  0.7000000000    0.7000000000    0.7000000000    0.7000000000    0.7000000000
  0.7000000000    0.7000000000    0.7000000000    0.7000000000    0.7000000000
  0.7000000000    0.7000000000    0.7000000000    0.7000000000    0.7000000000
  0.7000000000    0.7000000000    0.7000000000    0.7000000000    0.7000000000
  0.0000000209    0.0523490995    0.0968103558    0.1326323122    0.1619143993
  0.1865596980    0.2078693897    0.2267059356    0.2436528355    0.2591168910
  0.2733908325    0.2866909951    0.2991817266    0.3109925359    0.3222221822
  0.3329543203    0.3432539135    0.3531765372    0.3627680033    0.3720674902
  0.3811088353    0.3899205357    0.3985274166    0.4069519252    0.4152128786
  0.4233289272    0.4313140482    0.4391837209    0.4469489604    0.4546234936
  0.4622164160    0.4697383255    0.4771984845    0.4846058220    0.4919680148
  0.4992931157    0.5065889686    0.5138627917    0.5211214274    0.5283714265
  0.5356204242    0.5428740531    0.5501393646    0.5574241608    0.5647353679
  0.5720784932    0.5794633001    0.5868960053    0.5943843275    0.6019379050
  0.6095668763    0.6172798783    0.6250882596    0.6330040365    0.6410413951
  0.6492135197    0.6575384349    0.6660350829    0.6747255355    0.6836356610
  0.6927966684    0.6999999791    0.7000000000    0.7000000000    0.7000000000
  0.7000000000    0.7000000000    0.7000000000    0.7000000000    0.7000000000
  0.7000000000    0.7000000000    0.7000000000    0.7000000000    0.7000000000
  0.7000000000    0.7000000000    0.7000000000    0.7000000000    0.7000000000
  0.7000000000    0.7000000000    0.7000000000    0.7000000000    0.7000000000
  0.7000000000    0.7000000000    0.7000000000    0.7000000000    0.7000000000
  0.7000000000    0.7000000000    0.7000000000    0.7000000000    0.7000000000
  0.7000000000    0.7000000000    0.7000000000    0.7000000000    0.7000000000
  0.7000000000    0.7000000000    0.7000000000    0.7000000000    0.7000000000
  0.7000000000    0.7000000000    0.7000000000    0.7000000000    0.7000000000
  0.7000000000    0.7000000000    0.7000000000    0.7000000000    0.7000000000
  0.7000000000    0.7000000000    0.7000000000    0.7000000000    0.7000000000
  0.7000000000    0.7000000000    0.7000000000    0.7000000000    0.7000000000
  0.7000000000    0.7000000000    0.7000000000    0.7000000000    0.7000000000
  0.7000000000    0.7000000000    0.7000000000    0.7000000000    0.7000000000
  0.7000000000    0.7000000000    0.7000000000    0.7000000000    0.7000000000
  0.7000000000    0.7000000000    0.7000000000    0.7000000000    0.7000000000
  0.7000000000    0.7000000000    0.7000000000    0.7000000000    0.7000000000
  0.7000000000    0.7000000000    0.7000000000    0.7000000000    0.7000000000
  0.7000000000    0.7000000000    0.7000000000    0.7000000000    0.7000000000
  0.7000000000    0.7000000000    0.7000000000    0.7000000000    0.7000000000
  0.7000000000    0.7000000000    0.7000000000    0.7000000000    0.7000000000
  0.7000000000    0.7000000000    0.7000000000    0.7000000000    0.7000000000
  0.7000000000    0.7000000000    0.7000000000    0.7000000000    0.7000000000
  0.0000000209    0.0476627022    0.0892576545    0.1236443311    0.1521958441
  0.1764318794    0.1974852234    0.2161416918    0.2329482347    0.2482915014
  0.2624542505    0.2756479770    0.2880337745    0.2997374386    0.3108586043
  0.3214777142    0.3316613585    0.3414634019    0.3509297401    0.3600997180
  0.3690057129    0.3776771396    0.3861383647    0.3944116682    0.4025161594
  0.4104686111    0.4182849616    0.4259789377    0.4335623056    0.4410467058
  0.4484435707    0.4557614535    0.4630099505    0.4701964885    0.4773301631
  0.4844171077    0.4914647490    0.4984794706    0.5054681569    0.5124376506
  0.5193924576    0.5263390869    0.5332843810    0.5402322203    0.5471899897
  0.5541629881    0.5611564726    0.5681771606    0.5752316445    0.5823257238
  0.5894667417    0.5966612905    0.6039169639    0.6112424821    0.6186458141
  0.6261372238    0.6337247640    0.6414236635    0.6492432684    0.6571991414
  0.6653083473    0.6735864490    0.6820575625    0.6907452613    0.6996783346
  0.6999999791    0.7000000000    0.7000000000    0.7000000000    0.7000000000
  0.7000000000    0.7000000000    0.7000000000    0.7000000000    0.7000000000
  0.7000000000    0.7000000000    0.7000000000    0.7000000000    0.7000000000
  0.7000000000    0.7000000000    0.7000000000    0.7000000000    0.7000000000
  0.7000000000    0.7000000000    0.7000000000    0.7000000000    0.7000000000
  0.7000000000    0.7000000000    0.7000000000    0.7000000000    0.7000000000
  0.7000000000    0.7000000000    0.7000000000    0.7000000000    0.7000000000
  0.7000000000    0.7000000000    0.7000000000    0.7000000000    0.7000000000
  0.7000000000    0.7000000000    0.7000000000    0.7000000000    0.7000000000
  0.7000000000    0.7000000000    0.7000000000    0.7000000000    0.7000000000
  0.7000000000    0.7000000000    0.7000000000    0.7000000000    0.7000000000
  0.7000000000    0.7000000000    0.7000000000    0.7000000000    0.7000000000
  0.7000000000    0.7000000000    0.7000000000    0.7000000000    0.7000000000
  0.7000000000    0.7000000000    0.7000000000    0.7000000000    0.7000000000
  0.7000000000    0.7000000000    0.7000000000    0.7000000000    0.7000000000
  0.7000000000    0.7000000000    0.7000000000    0.7000000000    0.7000000000
  0.7000000000    0.7000000000    0.7000000000    0.7000000000    0.7000000000
  0.7000000000    0.7000000000    0.7000000000    0.7000000000    0.7000000000
  0.7000000000    0.7000000000    0.7000000000    0.7000000000    0.7000000000
  0.7000000000    0.7000000000    0.7000000000    0.7000000000    0.7000000000
  0.7000000000    0.7000000000    0.7000000000    0.7000000000    0.7000000000
  0.7000000000    0.7000000000    0.7000000000    0.7000000000    0.7000000000
  0.7000000000    0.7000000000    0.7000000000    0.7000000000    0.7000000000
  0.0000000209    0.0435998172    0.0825030774    0.1154205948    0.1431791574
  0.1669580728    0.1877235681    0.2061798900    0.2228335172    0.2380509049
  0.2521018356    0.2651918381    0.2774769157    0.2890803188    0.3001010567
  0.3106178612    0.3206963211    0.3303896338    0.3397447795    0.3487983495
  0.3575851411    0.3661329418    0.3744658262    0.3826062828    0.3905730456
  0.3983836800    0.4060522050    0.4135931820    0.4210186690    0.4283394307
  0.4355667740    0.4427089602    0.4497749597    0.4567734927    0.4637105674
  0.4705946535    0.4774320513    0.4842286021    0.4909906894    0.4977237374
  0.5044327527    0.5111252040    0.5178035110    0.5244743496    0.5311422676
  0.5378132313    0.5444906622    0.5511807352    0.5578884155    0.5646184176
  0.5713762492    0.5781662911    0.5849960119    0.5918711275    0.5987960190
  0.6057793647    0.6128270894    0.6199479133    0.6271483451    0.6344385237
  0.6418282539    0.6493272573    0.6569492191    0.6647073656    0.6726161748
  0.6806955904    0.6889620095    0.6974418014    0.6999999791    0.7000000000
  0.7000000000    0.7000000000    0.7000000000    0.7000000000    0.7000000000
  0.7000000000    0.7000000000    0.7000000000    0.7000000000    0.7000000000
  0.7000000000    0.7000000000    0.7000000000    0.7000000000    0.7000000000
  0.7000000000    0.7000000000    0.7000000000    0.7000000000    0.7000000000
  0.7000000000    0.7000000000    0.7000000000    0.7000000000    0.7000000000
  0.7000000000    0.7000000000    0.7000000000    0.7000000000    0.7000000000
  0.7000000000    0.7000000000    0.7000000000    0.7000000000    0.7000000000
  0.7000000000    0.7000000000    0.7000000000    0.7000000000    0.7000000000
  0.7000000000    0.7000000000    0.7000000000    0.7000000000    0.7000000000
  0.7000000000    0.7000000000    0.7000000000    0.7000000000    0.7000000000
  0.7000000000    0.7000000000    0.7000000000    0.7000000000    0.7000000000
  0.7000000000    0.7000000000    0.7000000000    0.7000000000    0.7000000000
  0.7000000000    0.7000000000    0.7000000000    0.7000000000    0.7000000000
  0.7000000000    0.7000000000    0.7000000000    0.7000000000    0.7000000000
  0.7000000000    0.7000000000    0.7000000000    0.7000000000    0.7000000000
  0.7000000000    0.7000000000    0.7000000000    0.7000000000    0.7000000000
  0.7000000000    0.7000000000    0.7000000000    0.7000000000    0.7000000000
  0.7000000000    0.7000000000    0.7000000000    0.7000000000    0.7000000000
  0.7000000000    0.7000000000    0.7000000000    0.7000000000    0.7000000000
  0.7000000000    0.7000000000    0.7000000000    0.7000000000    0.7000000000
  0.7000000000    0.7000000000    0.7000000000    0.7000000000    0.7000000000
  0.7000000000    0.7000000000    0.7000000000    0.7000000000    0.7000000000
  0.0000000209    0.0400595576    0.0764584631    0.1079015225    0.1348184437
  0.1580971390    0.1785423666    0.1967775136    0.2132656246    0.2283489138
  0.2422849804    0.2552706748    0.2674572021    0.2789653093    0.2898913771
  0.3003131777    0.3102945894    0.3198896855    0.3291430265    0.3380933732
  0.3467726856    0.3552095443    0.3634290665    0.3714512378    0.3792965442
  0.3869805902    0.3945196897    0.4019264847    0.4092132002    0.4163908511
  0.4234699100    0.4304588884    0.4373670071    0.4442011923    0.4509697050
  0.4576788455    0.4643351644    0.4709439188    0.4775117427    0.4840434760
  0.4905445009    0.4970198661    0.5034742028    0.5099123508    0.5163384408
  0.5227571040    0.5291723043    0.5355895072    0.5420116335    0.5484445244
  0.5548910171    0.5613558680    0.5678449184    0.5743614227    0.5809110135
  0.5874981135    0.5941279382    0.6008068293    0.6075388342    0.6143317968
  0.6211926430    0.6281273395    0.6351444393    0.6422514945    0.6494595200
  0.6567768186    0.6642160326    0.6717915148    0.6795156568    0.6874076515
  0.6954846472    0.6999999791    0.7000000000    0.7000000000    0.7000000000
  0.7000000000    0.7000000000    0.7000000000    0.7000000000    0.7000000000
  0.7000000000    0.7000000000    0.7000000000    0.7000000000    0.7000000000
  0.7000000000    0.7000000000    0.7000000000    0.7000000000    0.7000000000
  0.7000000000    0.7000000000    0.7000000000    0.7000000000    0.7000000000
  0.7000000000    0.7000000000    0.7000000000    0.7000000000    0.7000000000
  0.7000000000    0.7000000000    0.7000000000    0.7000000000    0.7000000000
  0.7000000000    0.7000000000    0.7000000000    0.7000000000    0.7000000000
  0.7000000000    0.7000000000    0.7000000000    0.7000000000    0.7000000000
  0.7000000000    0.7000000000    0.7000000000    0.7000000000    0.7000000000
  0.7000000000    0.7000000000    0.7000000000    0.7000000000    0.7000000000
  0.7000000000    0.7000000000    0.7000000000    0.7000000000    0.7000000000
  0.7000000000    0.7000000000    0.7000000000    0.7000000000    0.7000000000
  0.7000000000    0.7000000000    0.7000000000    0.7000000000    0.7000000000
  0.7000000000    0.7000000000    0.7000000000    0.7000000000    0.7000000000
  0.7000000000    0.7000000000    0.7000000000    0.7000000000    0.7000000000
  0.7000000000    0.7000000000    0.7000000000    0.7000000000    0.7000000000
  0.7000000000    0.7000000000    0.7000000000    0.7000000000    0.7000000000
  0.7000000000    0.7000000000    0.7000000000    0.7000000000    0.7000000000
  0.7000000000    0.7000000000    0.7000000000    0.7000000000    0.7000000000
  0.7000000000    0.7000000000    0.7000000000    0.7000000000    0.7000000000
  0.7000000000    0.7000000000    0.7000000000    0.7000000000    0.7000000000
  0.0000000209    0.0369589776    0.0710431188    0.1010293275    0.1270709366
  0.1498098999    0.1699045271    0.1878967613    0.2042050034    0.2191458493
  0.2329622537    0.2458411783    0.2579301983    0.2693458050    0.2801808745
  0.2905130118    0.3004043013    0.3099082738    0.3190691978    0.3279239982
  0.3365063459    0.3448435694    0.3529598266    0.3608767301    0.3686133057
  0.3761851996    0.3836089343    0.3908961505    0.3980597824    0.4051110536
  0.4120595604    0.4189133972    0.4256825358    0.4323736101    0.4389940888
  0.4455504388    0.4520489603    0.4584951192    0.4648943394    0.4712522537
  0.4775739938    0.4838634819    0.4901251823    0.4963643521    0.5025843710
  0.5087885350    0.5149829775    0.5211699516    0.5273533374    0.5335376829
  0.5397258252    0.5459218949    0.5521300644    0.5583543807    0.5645990580
  0.5708662242    0.5771609277    0.5834886760    0.5898518056    0.5962564498
  0.6027072817    0.6092089742    0.6157670349    0.6223881811    0.6290782541
  0.6358422190    0.6426907986    0.6496304601    0.6566693395    0.6638185352
  0.6710895628    0.6784936875    0.6860458881    0.6937614769    0.6999999791
  0.7000000000    0.7000000000    0.7000000000    0.7000000000    0.7000000000
  0.7000000000    0.7000000000    0.7000000000    0.7000000000    0.7000000000
  0.7000000000    0.7000000000    0.7000000000    0.7000000000    0.7000000000
  0.7000000000    0.7000000000    0.7000000000    0.7000000000    0.7000000000
  0.7000000000    0.7000000000    0.7000000000    0.7000000000    0.7000000000
  0.7000000000    0.7000000000    0.7000000000    0.7000000000    0.7000000000
  0.7000000000    0.7000000000    0.7000000000    0.7000000000    0.7000000000
  0.7000000000    0.7000000000    0.7000000000    0.7000000000    0.7000000000
  0.7000000000    0.7000000000    0.7000000000    0.7000000000    0.7000000000
  0.7000000000    0.7000000000    0.7000000000    0.7000000000    0.7000000000
  0.7000000000    0.7000000000    0.7000000000    0.7000000000    0.7000000000
  0.7000000000    0.7000000000    0.7000000000    0.7000000000    0.7000000000
  0.7000000000    0.7000000000    0.7000000000    0.7000000000    0.7000000000
  0.7000000000    0.7000000000    0.7000000000    0.7000000000    0.7000000000
  0.7000000000    0.7000000000    0.7000000000    0.7000000000    0.7000000000
  0.7000000000    0.7000000000    0.7000000000    0.7000000000    0.7000000000
  0.7000000000    0.7000000000    0.7000000000    0.7000000000    0.7000000000
  0.7000000000    0.7000000000    0.7000000000    0.7000000000    0.7000000000
  0.7000000000    0.7000000000    0.7000000000    0.7000000000    0.7000000000
  0.7000000000    0.7000000000    0.7000000000    0.7000000000    0.7000000000
  0.7000000000    0.7000000000    0.7000000000    0.7000000000    0.7000000000
  0.0000000209    0.0342294842    0.0661845297    0.0947501451    0.1198946625
  0.1420621008    0.1617784649    0.1795064658    0.1956188589    0.2104071230
  0.2240969807    0.2368671328    0.2488578111    0.2601808757    0.2709280342
  0.2811737627    0.2909803122    0.3003987938    0.3094737679    0.3182412416
  0.3267347187    0.3349804014    0.3430034906    0.3508251399    0.3584627062
  0.3659340888    0.3732537657    0.3804340452    0.3874884456    0.3944261879
  0.4012580782    0.4079928786    0.4146386415    0.4212026685    0.4276925534
  0.4341139287    0.4404733032    0.4467773110    0.4530291229    0.4592354983
  0.4653999001    0.4715273768    0.4776226848    0.4836893708    0.4897306889
  0.4957515210    0.5017551214    0.5077459544    0.5137253553    0.5196987480
  0.5256689698    0.5316381902    0.5376111656    0.5435906082    0.5495798975
  0.5555827469    0.5616016179    0.5676419765    0.5737046987    0.5797955006
  0.5859178036    0.5920748204    0.5982706398    0.6045103937    0.6107988805
  0.6171397716    0.6235387415    0.6300015062    0.6365341157    0.6431436628
  0.6498360306    0.6566189796    0.6635023981    0.6704948813    0.6776081115
  0.6848523945    0.6922435850    0.6997955769    0.6999999791    0.7000000000
  0.7000000000    0.7000000000    0.7000000000    0.7000000000    0.7000000000
  0.7000000000    0.7000000000    0.7000000000    0.7000000000    0.7000000000
  0.7000000000    0.7000000000    0.7000000000    0.7000000000    0.7000000000
  0.7000000000    0.7000000000    0.7000000000    0.7000000000    0.7000000000
  0.7000000000    0.7000000000    0.7000000000    0.7000000000    0.7000000000
  0.7000000000    0.7000000000    0.7000000000    0.7000000000    0.7000000000
  0.7000000000    0.7000000000    0.7000000000    0.7000000000    0.7000000000
  0.7000000000    0.7000000000    0.7000000000    0.7000000000    0.7000000000
  0.7000000000    0.7000000000    0.7000000000    0.7000000000    0.7000000000
  0.7000000000    0.7000000000    0.7000000000    0.7000000000    0.7000000000
  0.7000000000    0.7000000000    0.7000000000    0.7000000000    0.7000000000
  0.7000000000    0.7000000000    0.7000000000    0.7000000000    0.7000000000
  0.7000000000    0.7000000000    0.7000000000    0.7000000000    0.7000000000
  0.7000000000    0.7000000000    0.7000000000    0.7000000000    0.7000000000
  0.7000000000    0.7000000000    0.7000000000    0.7000000000    0.7000000000
  0.7000000000    0.7000000000    0.7000000000    0.7000000000    0.7000000000
  0.7000000000    0.7000000000    0.7000000000    0.7000000000    0.7000000000
  0.7000000000    0.7000000000    0.7000000000    0.7000000000    0.7000000000
  0.7000000000    0.7000000000    0.7000000000    0.7000000000    0.7000000000
  0.7000000000    0.7000000000    0.7000000000    0.7000000000    0.7000000000
  0.0000000209    0.0318148345    0.0618160635    0.0890114039    0.1132505268
  0.1348216146    0.1541341394    0.1715772957    0.1874788612    0.2021031111
  0.2156600803    0.2283162862    0.2402064532    0.2514373094    0.2620973080
  0.2722598404    0.2819841534    0.2913218588    0.3003156811    0.3090020031
  0.3174122840    0.3255743116    0.3335115343    0.3412456065    0.3487938851
  0.3561738521    0.3633988172    0.3704838425    0.3774383575    0.3842747957
  0.3910025030    0.3976298243    0.4041653961    0.4106161028    0.4169892877
  0.4232915848    0.4295277089    0.4357044190    0.4418260127    0.4478979558
  0.4539248377    0.4599104553    0.4658592314    0.4717744201    0.4776609451
  0.4835215181    0.4893596441    0.4951794952    0.5009831995    0.5067745537
  0.5125562280    0.5183317274    0.5241041809    0.5298753411    0.5356490463
  0.5414284259    0.5472156078    0.5530147642    0.5588271886    0.5646579713
  0.5705086142    0.5763828725    0.5822847933    0.5882152945    0.5941808850
  0.6001837343    0.6062273473    0.6123166472    0.6184558481    0.6246495813
  0.6309018105    0.6372196287    0.6436069995    0.6500705153    0.6566183954
  0.6632572740    0.6699944943    0.6768410295    0.6838048905    0.6909007221
  0.6981388718    0.6999999791    0.7000000000    0.7000000000    0.7000000000
  0.7000000000    0.7000000000    0.7000000000    0.7000000000    0.7000000000
  0.7000000000    0.7000000000    0.7000000000    0.7000000000    0.7000000000
  0.7000000000    0.7000000000    0.7000000000    0.7000000000    0.7000000000
  0.7000000000    0.7000000000    0.7000000000    0.7000000000    0.7000000000
  0.7000000000    0.7000000000    0.7000000000    0.7000000000    0.7000000000
  0.7000000000    0.7000000000    0.7000000000    0.7000000000    0.7000000000
  0.7000000000    0.7000000000    0.7000000000    0.7000000000    0.7000000000
  0.7000000000    0.7000000000    0.7000000000    0.7000000000    0.7000000000
  0.7000000000    0.7000000000    0.7000000000    0.7000000000    0.7000000000
  0.7000000000    0.7000000000    0.7000000000    0.7000000000    0.7000000000
  0.7000000000    0.7000000000    0.7000000000    0.7000000000    0.7000000000
  0.7000000000    0.7000000000    0.7000000000    0.7000000000    0.7000000000
  0.7000000000    0.7000000000    0.7000000000    0.7000000000    0.7000000000
  0.7000000000    0.7000000000    0.7000000000    0.7000000000    0.7000000000
  0.7000000000    0.7000000000    0.7000000000    0.7000000000    0.7000000000
  0.7000000000    0.7000000000    0.7000000000    0.7000000000    0.7000000000
  0.7000000000    0.7000000000    0.7000000000    0.7000000000    0.7000000000
  0.7000000000    0.7000000000    0.7000000000    0.7000000000    0.7000000000
  0.7000000000    0.7000000000    0.7000000000    0.7000000000    0.7000000000
  0.0000000209    0.0296685070    0.0578803092    0.0837643296    0.1071002692
  0.1280571073    0.1469439298    0.1640837580    0.1797595173    0.1942084879
  0.2076242238    0.2201611012    0.2319472104    0.2430841893    0.2536581963
  0.2637376577    0.2733834475    0.2826425880    0.2915596813    0.3001687318
  0.3085021585    0.3165857464    0.3244440705    0.3320968658    0.3395632416
  0.3468589276    0.3539989442    0.3609951824    0.3678607851    0.3746045560
  0.3812379688    0.3877684504    0.3942047626    0.4005533725    0.4068220824
  0.4130167753    0.4191432089    0.4252067655    0.4312123269    0.4371645242
  0.4430681139    0.4489279360    0.4547466606    0.4605291277    0.4662785083
  0.4719981819    0.4776912779    0.4833613008    0.4890109628    0.4946434349
  0.5002624720    0.5058689922    0.5114665002    0.5170592517    0.5226467878
  0.5282343656    0.5338240296    0.5394171149    0.5450180024    0.5506282777
  0.5562510699    0.5618885070    0.5675425917    0.5732186228    0.5789169341
  0.5846419901    0.5903959602    0.5961829752    0.6020051211    0.6078664869
  0.6137708277    0.6197216898    0.6257235378    0.6317812532    0.6378979236
  0.6440800577    0.6503322452    0.6566619962    0.6630741507    0.6695765525
  0.6761772126    0.6828844339    0.6897102326    0.6966642052    0.6999999791
  0.7000000000    0.7000000000    0.7000000000    0.7000000000    0.7000000000
  0.7000000000    0.7000000000    0.7000000000    0.7000000000    0.7000000000
  0.7000000000    0.7000000000    0.7000000000    0.7000000000    0.7000000000
  0.7000000000    0.7000000000    0.7000000000    0.7000000000    0.7000000000
  0.7000000000    0.7000000000    0.7000000000    0.7000000000    0.7000000000
  0.7000000000    0.7000000000    0.7000000000    0.7000000000    0.7000000000
  0.7000000000    0.7000000000    0.7000000000    0.7000000000    0.7000000000
  0.7000000000    0.7000000000    0.7000000000    0.7000000000    0.7000000000
  0.7000000000    0.7000000000    0.7000000000    0.7000000000    0.7000000000
  0.7000000000    0.7000000000    0.7000000000    0.7000000000    0.7000000000
  0.7000000000    0.7000000000    0.7000000000    0.7000000000    0.7000000000
  0.7000000000    0.7000000000    0.7000000000    0.7000000000    0.7000000000
  0.7000000000    0.7000000000    0.7000000000    0.7000000000    0.7000000000
  0.7000000000    0.7000000000    0.7000000000    0.7000000000    0.7000000000
  0.7000000000    0.7000000000    0.7000000000    0.7000000000    0.7000000000
  0.7000000000    0.7000000000    0.7000000000    0.7000000000    0.7000000000
  0.7000000000    0.7000000000    0.7000000000    0.7000000000    0.7000000000
  0.7000000000    0.7000000000    0.7000000000    0.7000000000    0.7000000000
  0.7000000000    0.7000000000    0.7000000000    0.7000000000    0.7000000000
  0.0000000209    0.0277522415    0.0543256551    0.0789627761    0.1014074236
  0.1217383295    0.1401829273    0.1570013195    0.1724370867    0.1867002636
  0.1999657959    0.2123777956    0.2240559667    0.2350977331    0.2455831200
  0.2555812210    0.2651484042    0.2743329436    0.2831751853    0.2917108864
  0.2999709219    0.3079814106    0.3157655090    0.3233434945    0.3307332665
  0.3379515558    0.3450123399    0.3519285113    0.3587111682    0.3653717428
  0.3719186634    0.3783609837    0.3847074240    0.3909639925    0.3971376985
  0.4032353848    0.4092624754    0.4152243942    0.4211251050    0.4269703656
  0.4327649742    0.4385115176    0.4442151695    0.4498779327    0.4555056065
  0.4610996932    0.4666640311    0.4722022086    0.4777157277    0.4832088023
  0.4886835188    0.4941419214    0.4995876402    0.5050229281    0.5104492456
  0.5158704311    0.5212876946    0.5267041236    0.5321211785    0.5375425309
  0.5429698497    0.5484051794    0.5538504392    0.5593091756    0.5647834331
  0.5702751726    0.5757870644    0.5813216120    0.5868824035    0.5924703985
  0.5980905205    0.6037446052    0.6094346970    0.6151667625    0.6209419698
  0.6267645746    0.6326392919    0.6385705024    0.6445607096    0.6506170899
  0.6567434400    0.6629455596    0.6692307919    0.6756057709    0.6820772558
  0.6886548012    0.6953478783    0.6999999791    0.7000000000    0.7000000000
  0.7000000000    0.7000000000    0.7000000000    0.7000000000    0.7000000000
  0.7000000000    0.7000000000    0.7000000000    0.7000000000    0.7000000000
  0.7000000000    0.7000000000    0.7000000000    0.7000000000    0.7000000000
  0.7000000000    0.7000000000    0.7000000000    0.7000000000    0.7000000000
  0.7000000000    0.7000000000    0.7000000000    0.7000000000    0.7000000000
  0.7000000000    0.7000000000    0.7000000000    0.7000000000    0.7000000000
  0.7000000000    0.7000000000    0.7000000000    0.7000000000    0.7000000000
  0.7000000000    0.7000000000    0.7000000000    0.7000000000    0.7000000000
  0.7000000000    0.7000000000    0.7000000000    0.7000000000    0.7000000000
  0.7000000000    0.7000000000    0.7000000000    0.7000000000    0.7000000000
  0.7000000000    0.7000000000    0.7000000000    0.7000000000    0.7000000000
  0.7000000000    0.7000000000    0.7000000000    0.7000000000    0.7000000000
  0.7000000000    0.7000000000    0.7000000000    0.7000000000    0.7000000000
  0.7000000000    0.7000000000    0.7000000000    0.7000000000    0.7000000000
  0.7000000000    0.7000000000    0.7000000000    0.7000000000    0.7000000000
  0.7000000000    0.7000000000    0.7000000000    0.7000000000    0.7000000000
  0.7000000000    0.7000000000    0.7000000000    0.7000000000    0.7000000000
  0.7000000000    0.7000000000    0.7000000000    0.7000000000    0.7000000000
  0.0000000209    0.0260339528    0.0511072069    0.0745646447    0.0961368591
  0.1158373266    0.1338260978    0.1503086179    0.1654907078    0.1795567840
  0.1926637679    0.2049451321    0.2165106505    0.2274533242    0.2378500909
  0.2477658719    0.2572553247    0.2663654715    0.2751356989    0.2836006373
  0.2917906612    0.2997315139    0.3074455589    0.3149529487    0.3222719163
  0.3294181079    0.3364053756    0.3432471961    0.3499546260    0.3565375537
  0.3630054086    0.3693673283    0.3756310314    0.3818030685    0.3878915757
  0.3939008504    0.3998379439    0.4057067782    0.4115139872    0.4172623247
  0.4229577571    0.4286028296    0.4342019230    0.4397591263    0.4452768177
  0.4507586271    0.4562079757    0.4616281182    0.4670206398    0.4723894626
  0.4777358383    0.4830638558    0.4883749336    0.4936709911    0.4989560753
  0.5042303950    0.5094967872    0.5147580892    0.5200163871    0.5252728909
  0.5305308551    0.5357908219    0.5410558790    0.5463280708    0.5516093165
  0.5569023699    0.5622076899    0.5675298244    0.5728689820    0.5782282919
  0.5836093813    0.5890159220    0.5944496244    0.5999130338    0.6054092377
  0.6109404057    0.6165092915    0.6221209019    0.6277771145    0.6334808916
  0.6392364055    0.6450494975    0.6509214610    0.6568586379    0.6628664941
  0.6689497024    0.6751150638    0.6813694209    0.6877184063    0.6941722006
  0.6999999791    0.7000000000    0.7000000000    0.7000000000    0.7000000000
  0.7000000000    0.7000000000    0.7000000000    0.7000000000    0.7000000000
  0.7000000000    0.7000000000    0.7000000000    0.7000000000    0.7000000000
  0.7000000000    0.7000000000    0.7000000000    0.7000000000    0.7000000000
  0.7000000000    0.7000000000    0.7000000000    0.7000000000    0.7000000000
  0.7000000000    0.7000000000    0.7000000000    0.7000000000    0.7000000000
  0.7000000000    0.7000000000    0.7000000000    0.7000000000    0.7000000000
  0.7000000000    0.7000000000    0.7000000000    0.7000000000    0.7000000000
  0.7000000000    0.7000000000    0.7000000000    0.7000000000    0.7000000000
  0.7000000000    0.7000000000    0.7000000000    0.7000000000    0.7000000000
  0.7000000000    0.7000000000    0.7000000000    0.7000000000    0.7000000000
  0.7000000000    0.7000000000    0.7000000000    0.7000000000    0.7000000000
  0.7000000000    0.7000000000    0.7000000000    0.7000000000    0.7000000000
  0.7000000000    0.7000000000    0.7000000000    0.7000000000    0.7000000000
  0.7000000000    0.7000000000    0.7000000000    0.7000000000    0.7000000000
  0.7000000000    0.7000000000    0.7000000000    0.7000000000    0.7000000000
  0.7000000000    0.7000000000    0.7000000000    0.7000000000    0.7000000000
  0.7000000000    0.7000000000    0.7000000000    0.7000000000    0.7000000000
  0.0000000209    0.0244869381    0.0481859535    0.0705311745    0.0912556142
  0.1103272289    0.1278499097    0.1439844161    0.1589013964    0.1727596492
  0.1856998235    0.1978429168    0.2092920691    0.2201324791    0.2304379970
  0.2402702063    0.2496818870    0.2587181419    0.2674178571    0.2758143693
  0.2839363426    0.2918103129    0.2994577259    0.3068985671    0.3141508192
  0.3212290019    0.3281485528    0.3349206120    0.3415573627    0.3480686516
  0.3544639915    0.3607518524    0.3669395775    0.3730348021    0.3790440351
  0.3849727422    0.3908274323    0.3966126531    0.4023336202    0.4079940468
  0.4135990232    0.4191521376    0.4246573955    0.4301179677    0.4355372339
  0.4409179479    0.4462641984    0.4515782386    0.4568623632    0.4621194929
  0.4673520893    0.4725623220    0.4777532786    0.4829264611    0.4880846232
  0.4932295591    0.4983633548    0.5034874707    0.5086043686    0.5137162179
  0.5188251466    0.5239318639    0.5290396661    0.5341498882    0.5392639488
  0.5443838090    0.5495119721    0.5546494812    0.5597993821    0.5649628848
  0.5701416999    0.5753380388    0.5805533201    0.5857913405    0.5910540193
  0.5963419408    0.6016584426    0.6070063621    0.6123878688    0.6178050071
  0.6232620746    0.6287603229    0.6343043834    0.6398966759    0.6455413312
  0.6512421459    0.6570037931    0.6628294438    0.6687256068    0.6746961206
  0.6807473689    0.6868860692    0.6931192309    0.6994557828    0.6999999791
  0.7000000000    0.7000000000    0.7000000000    0.7000000000    0.7000000000
  0.7000000000    0.7000000000    0.7000000000    0.7000000000    0.7000000000
  0.7000000000    0.7000000000    0.7000000000    0.7000000000    0.7000000000
  0.7000000000    0.7000000000    0.7000000000    0.7000000000    0.7000000000
  0.7000000000    0.7000000000    0.7000000000    0.7000000000    0.7000000000
  0.7000000000    0.7000000000    0.7000000000    0.7000000000    0.7000000000
  0.7000000000    0.7000000000    0.7000000000    0.7000000000    0.7000000000
  0.7000000000    0.7000000000    0.7000000000    0.7000000000    0.7000000000
  0.7000000000    0.7000000000    0.7000000000    0.7000000000    0.7000000000
  0.7000000000    0.7000000000    0.7000000000    0.7000000000    0.7000000000
  0.7000000000    0.7000000000    0.7000000000    0.7000000000    0.7000000000
  0.7000000000    0.7000000000    0.7000000000    0.7000000000    0.7000000000
  0.7000000000    0.7000000000    0.7000000000    0.7000000000    0.7000000000
  0.7000000000    0.7000000000    0.7000000000    0.7000000000    0.7000000000
  0.7000000000    0.7000000000    0.7000000000    0.7000000000    0.7000000000
  0.7000000000    0.7000000000    0.7000000000    0.7000000000    0.7000000000
  0.7000000000    0.7000000000    0.7000000000    0.7000000000    0.7000000000
  0.0000000209    0.0230890006    0.0455269724    0.0668271929    0.0867324382
  0.1051804572    0.1222329587    0.1380097300    0.1526504606    0.1662912518
  0.1790566057    0.1910554618    0.2023824483    0.2131166726    0.2233285218
  0.2330756158    0.2424091905    0.2513722628    0.2600014240    0.2683304280
  0.2763866872    0.2841961950    0.2917796463    0.2991566509    0.3063450247
  0.3133597046    0.3202143341    0.3269216806    0.3334922165    0.3399373740
  0.3462649971    0.3524836391    0.3586016864    0.3646251470    0.3705622405
  0.3764173061    0.3821958929    0.3879041344    0.3935457438    0.3991261035
  0.4046492189    0.4101183027    0.4155378610    0.4209106892    0.4262402087
  0.4315297574    0.4367824644    0.4420002073    0.4471858233    0.4523429006
  0.4574723989    0.4625781149    0.4676607996    0.4727239579    0.4777685910
  0.4827975363    0.4878115445    0.4928142041    0.4978065580    0.5027900666
  0.5077665657    0.5127386838    0.5177067548    0.5226740748    0.5276408523
  0.5326102167    0.5375830859    0.5425606281    0.5475453049    0.5525382429
  0.5575416535    0.5625564963    0.5675865263    0.5726307839    0.5776932329
  0.5827748328    0.5878777117    0.5930042475    0.5981546909    0.6033335894
  0.6085417777    0.6137819260    0.6190558285    0.6243681580    0.6297191232
  0.6351116031    0.6405512303    0.6460395902    0.6515791863    0.6571756512
  0.6628316969    0.6685515374    0.6743415564    0.6802049249    0.6861477345
  0.6921775371    0.6983010501    0.6999999791    0.7000000000    0.7000000000
  0.7000000000    0.7000000000    0.7000000000    0.7000000000    0.7000000000
  0.7000000000    0.7000000000    0.7000000000    0.7000000000    0.7000000000
  0.7000000000    0.7000000000    0.7000000000    0.7000000000    0.7000000000
  0.7000000000    0.7000000000    0.7000000000    0.7000000000    0.7000000000
  0.7000000000    0.7000000000    0.7000000000    0.7000000000    0.7000000000
  0.7000000000    0.7000000000    0.7000000000    0.7000000000    0.7000000000
  0.7000000000    0.7000000000    0.7000000000    0.7000000000    0.7000000000
  0.7000000000    0.7000000000    0.7000000000    0.7000000000    0.7000000000
  0.7000000000    0.7000000000    0.7000000000    0.7000000000    0.7000000000
  0.7000000000    0.7000000000    0.7000000000    0.7000000000    0.7000000000
  0.7000000000    0.7000000000    0.7000000000    0.7000000000    0.7000000000
  0.7000000000    0.7000000000    0.7000000000    0.7000000000    0.7000000000
  0.7000000000    0.7000000000    0.7000000000    0.7000000000    0.7000000000
  0.7000000000    0.7000000000    0.7000000000    0.7000000000    0.7000000000
  0.7000000000    0.7000000000    0.7000000000    0.7000000000    0.7000000000
  0.7000000000    0.7000000000    0.7000000000    0.7000000000    0.7000000000
  0.0000000209    0.0218209475    0.0431008488    0.0634209067    0.0825388342
  0.1003736049    0.1169532150    0.1323652834    0.1467210025    0.1601360708
  0.1727188021    0.1845669121    0.1957659334    0.2063908845    0.2165057689
  0.2261657864    0.2354199201    0.2443083912    0.2528678745    0.2611299127
  0.2691223770    0.2768685490    0.2843903750    0.2917059630    0.2988336295
  0.3057873935    0.3125813991    0.3192267448    0.3257358640    0.3321180612
  0.3383822232    0.3445369035    0.3505893201    0.3565471917    0.3624165267
  0.3682033747    0.3739121586    0.3795491368    0.3851184815    0.3906251580
  0.3960726291    0.4014647752    0.4068056017    0.4120983630    0.4173461467
  0.4225523323    0.4277190477    0.4328498393    0.4379465014    0.4430122465
  0.4480490774    0.4530589551    0.4580446333    0.4630072385    0.4679508597
  0.4728749543    0.4777828187    0.4826752454    0.4875553638    0.4924246341
  0.4972832233    0.5021343023    0.5069788307    0.5118193537    0.5166561216
  0.5214911789    0.5263264030    0.5311632127    0.5360024422    0.5408466786
  0.5456962138    0.5505539268    0.5554199010    0.5602977663    0.5651878566
  0.5700905889    0.5750096351    0.5799456209    0.5848998815    0.5898754209
  0.5948729903    0.5998948842    0.6049444824    0.6100210756    0.6151277930
  0.6202676386    0.6254414886    0.6306540161    0.6359050125    0.6411998600
  0.6465403527    0.6519298702    0.6573697895    0.6628667861    0.6684227377
  0.6740435690    0.6797313660    0.6854937226    0.6913343519    0.6972591370
  0.6999999791    0.7000000000    0.7000000000    0.7000000000    0.7000000000
  0.7000000000    0.7000000000    0.7000000000    0.7000000000    0.7000000000
  0.7000000000    0.7000000000    0.7000000000    0.7000000000    0.7000000000
  0.7000000000    0.7000000000    0.7000000000    0.7000000000    0.7000000000
  0.7000000000    0.7000000000    0.7000000000    0.7000000000    0.7000000000
  0.7000000000    0.7000000000    0.7000000000    0.7000000000    0.7000000000
  0.7000000000    0.7000000000    0.7000000000    0.7000000000    0.7000000000
  0.7000000000    0.7000000000    0.7000000000    0.7000000000    0.7000000000
  0.7000000000    0.7000000000    0.7000000000    0.7000000000    0.7000000000
  0.7000000000    0.7000000000    0.7000000000    0.7000000000    0.7000000000
  0.7000000000    0.7000000000    0.7000000000    0.7000000000    0.7000000000
  0.7000000000    0.7000000000    0.7000000000    0.7000000000    0.7000000000
  0.7000000000    0.7000000000    0.7000000000    0.7000000000    0.7000000000
  0.7000000000    0.7000000000    0.7000000000    0.7000000000    0.7000000000
  0.7000000000    0.7000000000    0.7000000000    0.7000000000    0.7000000000
  0.7000000000    0.7000000000    0.7000000000    0.7000000000    0.7000000000
  0.0000000209    0.0206670076    0.0408816308    0.0602829009    0.0786470562
  0.0958820969    0.1119900256    0.1270326346    0.1410966247    0.1542779595
  0.1666711837    0.1783621222    0.1894288391    0.1999395102    0.2099543840
  0.2195255309    0.2286979705    0.2375119239    0.2460014790    0.2541972607
  0.2621253043    0.2698099762    0.2772710115    0.2845279783    0.2915965647
  0.2984923333    0.3052281767    0.3118154854    0.3182656497    0.3245890170
  0.3307931811    0.3368878633    0.3428796977    0.3487753183    0.3545818180
  0.3603046626    0.3659489006    0.3715197057    0.3770223767    0.3824607104
  0.3878384203    0.3931597620    0.3984283239    0.4036474437    0.4088202089
  0.4139495403    0.4190381497    0.4240890831    0.4291047603    0.4340873510
  0.4390395254    0.4439622432    0.4488593012    0.4537319928    0.4585824460
  0.4634121627    0.4682231039    0.4730175227    0.4777967125    0.4825617999
  0.4873149127    0.4920570523    0.4967910558    0.5015167981    0.5062379509
  0.5109533876    0.5156665295    0.5203775436    0.5250883073    0.5297998220
  0.5345142990    0.5392324895    0.5439556032    0.5486865610    0.5534246534
  0.5581721336    0.5629308373    0.5677011400    0.5724864215    0.5772860557
  0.5821028382    0.5869381040    0.5917931467    0.5966691762    0.6015698224
  0.6064955860    0.6114474684    0.6164294332    0.6214409381    0.6264861971
  0.6315667540    0.6366851956    0.6418433160    0.6470440775    0.6522911102
  0.6575866252    0.6629337937    0.6683358699    0.6737972766    0.6793217689
  0.6849137276    0.6905783266    0.6963201970    0.6999999791    0.7000000000
  0.7000000000    0.7000000000    0.7000000000    0.7000000000    0.7000000000
  0.7000000000    0.7000000000    0.7000000000    0.7000000000    0.7000000000
  0.7000000000    0.7000000000    0.7000000000    0.7000000000    0.7000000000
  0.7000000000    0.7000000000    0.7000000000    0.7000000000    0.7000000000
  0.7000000000    0.7000000000    0.7000000000    0.7000000000    0.7000000000
  0.7000000000    0.7000000000    0.7000000000    0.7000000000    0.7000000000
  0.7000000000    0.7000000000    0.7000000000    0.7000000000    0.7000000000
  0.7000000000    0.7000000000    0.7000000000    0.7000000000    0.7000000000
  0.7000000000    0.7000000000    0.7000000000    0.7000000000    0.7000000000
  0.7000000000    0.7000000000    0.7000000000    0.7000000000    0.7000000000
  0.7000000000    0.7000000000    0.7000000000    0.7000000000    0.7000000000
  0.7000000000    0.7000000000    0.7000000000    0.7000000000    0.7000000000
  0.7000000000    0.7000000000    0.7000000000    0.7000000000    0.7000000000
  0.7000000000    0.7000000000    0.7000000000    0.7000000000    0.7000000000
  0.7000000000    0.7000000000    0.7000000000    0.7000000000    0.7000000000
  0.0000000209    0.0196134955    0.0388464957    0.0573876411    0.0750325292
  0.0916833192    0.1073244065    0.1219949275    0.1357618481    0.1487033576
  0.1609001905    0.1724287003    0.1833576471    0.1937504500    0.2036619753
  0.2131410807    0.2222309083    0.2309687167    0.2393878013    0.2475165755
  0.2553814083    0.2630048722    0.2704073280    0.2776062995    0.2846183091
  0.2914575428    0.2981366426    0.3046686679    0.3110631734    0.3173302978
  0.3234783441    0.3295162410    0.3354501635    0.3412883312    0.3470356256
  0.3526985973    0.3582823366    0.3637919754    0.3692323118    0.3746072263
  0.3799203485    0.3851765603    0.3903779060    0.3955292672    0.4006327718
  0.4056913823    0.4107083112    0.4156857282    0.4206264704    0.4255324155
  0.4304071516    0.4352507621    0.4400670856    0.4448574573    0.4496230870
  0.4543670207    0.4590892583    0.4637942225    0.4684812456    0.4731524974
  0.4778097302    0.4824544460    0.4870886475    0.4917123348    0.4963278025
  0.5009359688    0.5055389196    0.5101378649    0.5147334725    0.5193267435
  0.5239205569    0.5285148710    0.5331111044    0.5377104253    0.5423150450
  0.5469255477    0.5515422255    0.5561682492    0.5608037442    0.5654500037
  0.5701087385    0.5747819930    0.5794687659    0.5841731042    0.5888950914
  0.5936368555    0.5983984798    0.6031834692    0.6079921156    0.6128265887
  0.6176889330    0.6225803167    0.6275037020    0.6324604243    0.6374516517
  0.6424811393    0.6475512654    0.6526638657    0.6578209847    0.6630270869
  0.6682848841    0.6735979229    0.6789680392    0.6844011158    0.6899017841
  0.6954727143    0.6999999791    0.7000000000    0.7000000000    0.7000000000
  0.7000000000    0.7000000000    0.7000000000    0.7000000000    0.7000000000
  0.7000000000    0.7000000000    0.7000000000    0.7000000000    0.7000000000
  0.7000000000    0.7000000000    0.7000000000    0.7000000000    0.7000000000
  0.7000000000    0.7000000000    0.7000000000    0.7000000000    0.7000000000
  0.7000000000    0.7000000000    0.7000000000    0.7000000000    0.7000000000
  0.7000000000    0.7000000000    0.7000000000    0.7000000000    0.7000000000
  0.7000000000    0.7000000000    0.7000000000    0.7000000000    0.7000000000
  0.7000000000    0.7000000000    0.7000000000    0.7000000000    0.7000000000
  0.7000000000    0.7000000000    0.7000000000    0.7000000000    0.7000000000
  0.7000000000    0.7000000000    0.7000000000    0.7000000000    0.7000000000
  0.7000000000    0.7000000000    0.7000000000    0.7000000000    0.7000000000
  0.7000000000    0.7000000000    0.7000000000    0.7000000000    0.7000000000
  0.7000000000    0.7000000000    0.7000000000    0.7000000000    0.7000000000
  0.7000000000    0.7000000000    0.7000000000    0.7000000000    0.7000000000
  0.0000000209    0.0186488122    0.0369756669    0.0547118038    0.0716715962
  0.0877560347    0.1029371649    0.1172358900    0.1307017773    0.1433982462
  0.1553937644    0.1667537957    0.1775405079    0.1878111869    0.1976157755
  0.2070009619    0.2160057157    0.2246660024    0.2330131143    0.2410753816
  0.2488766700    0.2564393848    0.2637834281    0.2709257811    0.2778821737
  0.2846664995    0.2912923187    0.2977702707    0.3041114122    0.3103247970
  0.3164190620    0.3224026352    0.3282826513    0.3340657026    0.3397577554
  0.3453648180    0.3508918971    0.3563441664    0.3617259234    0.3670415491
  0.3722952157    0.3774897605    0.3826298147    0.3877177566    0.3927566737
  0.3977501541    0.4027009517    0.4076106519    0.4124822587    0.4173180670
  0.4221208304    0.4268915087    0.4316336900    0.4363476247    0.4410365671
  0.4457016438    0.4503439814    0.4549664587    0.4595699936    0.4641554207
  0.4687258691    0.4732811302    0.4778241247    0.4823550195    0.4868756503
  0.4913865596    0.4958903760    0.5003874749    0.5048795253    0.5093667775
  0.5138521105    0.5183347732    0.5228175610    0.5273005158    0.5317858905
  0.5362731010    0.5407652348    0.5452620417    0.5497656077    0.5542765170
  0.5587957710    0.5633251637    0.5678656131    0.5724187464    0.5769849807
  0.5815662771    0.5861636370    0.5907781035    0.5954110116    0.6000644475
  0.6047399551    0.6094386190    0.6141622752    0.6189102978    0.6236885697
  0.6284954637    0.6333335668    0.6382060498    0.6431136638    0.6480593711
  0.6530450493    0.6580729932    0.6631458730    0.6682677358    0.6734401256
  0.6786662132    0.6839510471    0.6892975062    0.6947088867    0.6999999791
  0.7000000000    0.7000000000    0.7000000000    0.7000000000    0.7000000000
  0.7000000000    0.7000000000    0.7000000000    0.7000000000    0.7000000000
  0.7000000000    0.7000000000    0.7000000000    0.7000000000    0.7000000000
  0.7000000000    0.7000000000    0.7000000000    0.7000000000    0.7000000000
  0.7000000000    0.7000000000    0.7000000000    0.7000000000    0.7000000000
  0.7000000000    0.7000000000    0.7000000000    0.7000000000    0.7000000000
  0.7000000000    0.7000000000    0.7000000000    0.7000000000    0.7000000000
  0.7000000000    0.7000000000    0.7000000000    0.7000000000    0.7000000000
  0.7000000000    0.7000000000    0.7000000000    0.7000000000    0.7000000000
  0.7000000000    0.7000000000    0.7000000000    0.7000000000    0.7000000000
  0.7000000000    0.7000000000    0.7000000000    0.7000000000    0.7000000000
  0.7000000000    0.7000000000    0.7000000000    0.7000000000    0.7000000000
  0.7000000000    0.7000000000    0.7000000000    0.7000000000    0.7000000000
  0.7000000000    0.7000000000    0.7000000000    0.7000000000    0.7000000000
  0.0000000209    0.0177627772    0.0352520376    0.0522349030    0.0685434788
  0.0840810508    0.0988101512    0.1127388746    0.1259021014    0.1383496910
  0.1501384705    0.1613257259    0.1719658643    0.1821105391    0.1918054372
  0.2010928243    0.2100108773    0.2185918480    0.2268666953    0.2348608702
  0.2425989479    0.2501009971    0.2573868364    0.2644730717    0.2713749737
  0.2781061858    0.2846794754    0.2911053151    0.2973946363    0.3035568267
  0.3095999807    0.3155318171    0.3213605970    0.3270911604    0.3327311009
  0.3382847577    0.3437588066    0.3491567522    0.3544838935    0.3597442359
  0.3649412841    0.3700790435    0.3751610607    0.3801902562    0.3851697594
  0.3901026160    0.3949911624    0.3998379439    0.4046460897    0.4094173521
  0.4141529828    0.4188571543    0.4235302418    0.4281747490    0.4327923447
  0.4373847812    0.4419536442    0.4465004355    0.4510271162    0.4555349797
  0.4600248605    0.4644989699    0.4689584762    0.4734048814    0.4778387696
  0.4822621018    0.4866752535    0.4910806030    0.4954779416    0.4998698980
  0.5042567641    0.5086392075    0.5130192310    0.5173968762    0.5217750221
  0.5261527508    0.5305314392    0.5349136740    0.5392989129    0.5436888248
  0.5480845362    0.5524871320    0.5568971962    0.5613161474    0.5657453626
  0.5701852590    0.5746380061    0.5791034788    0.5835836798    0.5880788177
  0.5925924391    0.5971233755    0.6016732961    0.6062447041    0.6108382672
  0.6154551119    0.6200969070    0.6247661144    0.6294628173    0.6341895610
  0.6389481395    0.6437405139    0.6485689372    0.6534339935    0.6583398968
  0.6632876486    0.6682795852    0.6733197123    0.6784102827    0.6835554272
  0.6887559384    0.6940174490    0.6993443400    0.6999999791    0.7000000000
  0.7000000000    0.7000000000    0.7000000000    0.7000000000    0.7000000000
  0.7000000000    0.7000000000    0.7000000000    0.7000000000    0.7000000000
  0.7000000000    0.7000000000    0.7000000000    0.7000000000    0.7000000000
  0.7000000000    0.7000000000    0.7000000000    0.7000000000    0.7000000000
  0.7000000000    0.7000000000    0.7000000000    0.7000000000    0.7000000000
  0.7000000000    0.7000000000    0.7000000000    0.7000000000    0.7000000000
  0.7000000000    0.7000000000    0.7000000000    0.7000000000    0.7000000000
  0.7000000000    0.7000000000    0.7000000000    0.7000000000    0.7000000000
  0.7000000000    0.7000000000    0.7000000000    0.7000000000    0.7000000000
  0.7000000000    0.7000000000    0.7000000000    0.7000000000    0.7000000000
  0.7000000000    0.7000000000    0.7000000000    0.7000000000    0.7000000000
  0.7000000000    0.7000000000    0.7000000000    0.7000000000    0.7000000000
  0.7000000000    0.7000000000    0.7000000000    0.7000000000    0.7000000000
  0.0000000209    0.0169469208    0.0336601287    0.0499375790    0.0656284422
  0.0806389242    0.0949270099    0.1084895283    0.1213491350    0.1335454255
  0.1451236695    0.1561336011    0.1666233271    0.1766379923    0.1862196952
  0.1954074055    0.2042361289    0.2127367824    0.2209369451    0.2288626939
  0.2365363926    0.2439779431    0.2512059540    0.2582366139    0.2650847346
  0.2717631251    0.2782854289    0.2846607000    0.2908997864    0.2970124930
  0.3030062050    0.3088891834    0.3146678954    0.3203493506    0.3259394735
  0.3314431041    0.3368662924    0.3422131687    0.3474884897    0.3526966780
  0.3578408211    0.3629248410    0.3679528683    0.3729267806    0.3778507918
  0.3827263623    0.3875578731    0.3923459500    0.3970946819    0.4018054038
  0.4064803272    0.4111216635    0.4157313734    0.4203114182    0.4248630911
  0.4293886036    0.4338890821    0.4383666128    0.4428226560    0.4472585887
  0.4516752869    0.4560744613    0.4604578644    0.4648266226    0.4691812783
  0.4735233754    0.4778548747    0.4821756929    0.4864877075    0.4907921284
  0.4950893730    0.4993805677    0.5036678404    0.5079503983    0.5122312039
  0.5165098399    0.5207873076    0.5250654846    0.5293447465    0.5336264282
  0.5379108638    0.5421992630    0.5464932531    0.5507930428    0.5550992996
  0.5594146937    0.5637377232    0.5680717677    0.5724165350    0.5767736107
  0.5811429948    0.5855278581    0.5899272412    0.5943434387    0.5987765342
  0.6032286555    0.6077006787    0.6121941477    0.6167105645    0.6212509304
  0.6258153707    0.6304086834    0.6350292832    0.6396797150    0.6443632334
  0.6490787536    0.6538307816    0.6586194426    0.6634489089    0.6683198482
  0.6732345551    0.6781972438    0.6832091659    0.6882740349    0.6933964401
  0.6985775083    0.6999999791    0.7000000000    0.7000000000    0.7000000000
  0.7000000000    0.7000000000    0.7000000000    0.7000000000    0.7000000000
  0.7000000000    0.7000000000    0.7000000000    0.7000000000    0.7000000000
  0.7000000000    0.7000000000    0.7000000000    0.7000000000    0.7000000000
  0.7000000000    0.7000000000    0.7000000000    0.7000000000    0.7000000000
  0.7000000000    0.7000000000    0.7000000000    0.7000000000    0.7000000000
  0.7000000000    0.7000000000    0.7000000000    0.7000000000    0.7000000000
  0.7000000000    0.7000000000    0.7000000000    0.7000000000    0.7000000000
  0.7000000000    0.7000000000    0.7000000000    0.7000000000    0.7000000000
  0.7000000000    0.7000000000    0.7000000000    0.7000000000    0.7000000000
  0.7000000000    0.7000000000    0.7000000000    0.7000000000    0.7000000000
  0.7000000000    0.7000000000    0.7000000000    0.7000000000    0.7000000000
  0.7000000000    0.7000000000    0.7000000000    0.7000000000    0.7000000000
  0.0000000209    0.0161937326    0.0321869224    0.0478036851    0.0629086286
  0.0774129242    0.0912712187    0.1044724971    0.1170300275    0.1289723068
  0.1403377205    0.1511671156    0.1615026742    0.1713839084    0.1808497876
  0.1899350256    0.1986720830    0.2070898324    0.2152148515    0.2230707973
  0.2306796581    0.2380604178    0.2452306002    0.2522057682    0.2590004414
  0.2656275123    0.2720987052    0.2784246176    0.2846152216    0.2906797379
  0.2966253430    0.3024607569    0.3081918627    0.3138255864    0.3193677694
  0.3248238355    0.3301992089    0.3354979783    0.3407243580    0.3458827704
  0.3509773880    0.3560115486    0.3609877974    0.3659101814    0.3707812876
  0.3756047457    0.3803818077    0.3851156443    0.3898083419    0.3944628209
  0.3990807921    0.4036634237    0.4082143039    0.4127343506    0.4172248989
  0.4216881603    0.4261258870    0.4305390805    0.4349293262    0.4392990023
  0.4436480254    0.4479781479    0.4522921234    0.4565887004    0.4608709246
  0.4651389211    0.4693946511    0.4736386150    0.4778722316    0.4820963770
  0.4863123029    0.4905204266    0.4947223336    0.4989183575    0.5031105012
  0.5072984725    0.5114842325    0.5156679481    0.5198518306    0.5240346283
  0.5282190531    0.5324045628    0.5365937859    0.5407865554    0.5449832469
  0.5491862386    0.5533944875    0.5576107472    0.5618347675    0.5660679251
  0.5703107208    0.5745656997    0.5788311511    0.5831108302    0.5874034017
  0.5917107016    0.5960342735    0.6003750771    0.6047339886    0.6091119260
  0.6135104746    0.6179299265    0.6223734111    0.6268402606    0.6313333541
  0.6358531088    0.6404010266    0.6449800700    0.6495903224    0.6542333692
  0.6589121312    0.6636279017    0.6683836848    0.6731807739    0.6780225486
  0.6829096764    0.6878458291    0.6928360552    0.6978796870    0.6999999791
  0.7000000000    0.7000000000    0.7000000000    0.7000000000    0.7000000000
  0.7000000000    0.7000000000    0.7000000000    0.7000000000    0.7000000000
  0.7000000000    0.7000000000    0.7000000000    0.7000000000    0.7000000000
  0.7000000000    0.7000000000    0.7000000000    0.7000000000    0.7000000000
  0.7000000000    0.7000000000    0.7000000000    0.7000000000    0.7000000000
  0.7000000000    0.7000000000    0.7000000000    0.7000000000    0.7000000000
  0.7000000000    0.7000000000    0.7000000000    0.7000000000    0.7000000000
  0.7000000000    0.7000000000    0.7000000000    0.7000000000    0.7000000000
  0.7000000000    0.7000000000    0.7000000000    0.7000000000    0.7000000000
  0.7000000000    0.7000000000    0.7000000000    0.7000000000    0.7000000000
  0.7000000000    0.7000000000    0.7000000000    0.7000000000    0.7000000000
  0.7000000000    0.7000000000    0.7000000000    0.7000000000    0.7000000000
  0.0000000209    0.0154967874    0.0308206528    0.0458181590    0.0603679746
  0.0743870288    0.0878278404    0.1006738871    0.1129312605    0.1246200711
  0.1357703596    0.1464162558    0.1565945596    0.1663393170    0.1756860763
  0.1846663803    0.1933091015    0.2016426951    0.2096905261    0.2174760431
  0.2250190645    0.2323383659    0.2394502193    0.2463701457    0.2531116635
  0.2596873730    0.2661087066    0.2723858863    0.2785293847    0.2845465451
  0.2904460043    0.2962348551    0.3019204408    0.3075090617    0.3130054325
  0.3184154361    0.3237445384    0.3289967030    0.3341772705    0.3392884523
  0.3443355054    0.3493217677    0.3542503268    0.3591235608    0.3639463097
  0.3687188655    0.3734452754    0.3781281263    0.3827690035    0.3873708278
  0.3919348925    0.3964638263    0.4009592146    0.4054230601    0.4098566562
  0.4142623395    0.4186412781    0.4229950577    0.4273247629    0.4316323131
  0.4359187096    0.4401856631    0.4444335073    0.4486644953    0.4528797120
  0.4570793658    0.4612654597    0.4654384941    0.4695994705    0.4737497658
  0.4778912574    0.4820228606    0.4861467868    0.4902642876    0.4943751127
  0.4984808892    0.5025827438    0.5066803843    0.5107761890    0.5148702413
  0.5189630836    0.5230565101    0.5271500617    0.5312451154    0.5353432983
  0.5394450277    0.5435496360    0.5476601273    0.5517758340    0.5558978409
  0.5600280255    0.5641656786    0.5683134705    0.5724701911    0.5766375512
  0.5808172613    0.5850096136    0.5892150253    0.5934349567    0.5976704925
  0.6019234270    0.6061922997    0.6104808241    0.6147882074    0.6191167861
  0.6234669358    0.6278408676    0.6322382897    0.6366616637    0.6411125749
  0.6455913156    0.6501003891    0.6546407133    0.6592145413    0.6638243765
  0.6684703857    0.6731551558    0.6778818578    0.6826516181    0.6874671906
  0.6923311621    0.6972468704    0.6999999791    0.7000000000    0.7000000000
  0.7000000000    0.7000000000    0.7000000000    0.7000000000    0.7000000000
  0.7000000000    0.7000000000    0.7000000000    0.7000000000    0.7000000000
  0.7000000000    0.7000000000    0.7000000000    0.7000000000    0.7000000000
  0.7000000000    0.7000000000    0.7000000000    0.7000000000    0.7000000000
  0.7000000000    0.7000000000    0.7000000000    0.7000000000    0.7000000000
  0.7000000000    0.7000000000    0.7000000000    0.7000000000    0.7000000000
  0.7000000000    0.7000000000    0.7000000000    0.7000000000    0.7000000000
  0.7000000000    0.7000000000    0.7000000000    0.7000000000    0.7000000000
  0.7000000000    0.7000000000    0.7000000000    0.7000000000    0.7000000000
  0.7000000000    0.7000000000    0.7000000000    0.7000000000    0.7000000000
  0.7000000000    0.7000000000    0.7000000000    0.7000000000    0.7000000000
  0.0000000209    0.0148503274    0.0295509726    0.0439676076    0.0579917520
  0.0715458423    0.0845823556    0.0970811814    0.1090416521    0.1204771191
  0.1314109892    0.1418718010    0.1518893033    0.1614955813    0.1707202584
  0.1795929581    0.1881399661    0.1963867337    0.2043566257    0.2120700866
  0.2195464760    0.2268031925    0.2338562578    0.2407207340    0.2474090546
  0.2539340287    0.2603061289    0.2665354937    0.2726316363    0.2786029011
  0.2844573408    0.2902017146    0.2958428651    0.3013863832    0.3068391532
  0.3122053474    0.3174898475    0.3226982027    0.3278340846    0.3329007894
  0.3379030317    0.3428435236    0.3477265209    0.3525537759    0.3573290437
  0.3620549113    0.3667341322    0.3713684589    0.3759604365    0.3805119425
  0.3850263566    0.3895043045    0.3939479142    0.3983596474    0.4027403384
  0.4070918232    0.4114158124    0.4157139331    0.4199867696    0.4242372841
  0.4284649760    0.4326725990    0.4368605286    0.4410300583    0.4451827735
  0.4493193835    0.4534410149    0.4575486690    0.4616428465    0.4657255501
  0.4697976559    0.4738585800    0.4779116184    0.4819556028    0.4859923273
  0.4900224179    0.4940466672    0.4980666190    0.5020829409    0.5060943395
  0.5101046115    0.5141124636    0.5181198150    0.5221270829    0.5261347264
  0.5301436216    0.5341549784    0.5381692559    0.5421871215    0.5462093681
  0.5502367049    0.5542701334    0.5583104044    0.5623580605    0.5664136440
  0.5704785734    0.5745533496    0.5786392242    0.5827357799    0.5868451029
  0.5909679025    0.5951044708    0.5992559344    0.6034232527    0.6076078445
  0.6118102103    0.6160312265    0.6202716857    0.6245335072    0.6288181514
  0.6331239492    0.6374564081    0.6418144435    0.6461981386    0.6506108314
  0.6550541490    0.6595279247    0.6640350789    0.6685777813    0.6731557816
  0.6777728349    0.6824311107    0.6871329874    0.6918797165    0.6966741771
  0.6999999791    0.7000000000    0.7000000000    0.7000000000    0.7000000000
  0.7000000000    0.7000000000    0.7000000000    0.7000000000    0.7000000000
  0.7000000000    0.7000000000    0.7000000000    0.7000000000    0.7000000000
  0.7000000000    0.7000000000    0.7000000000    0.7000000000    0.7000000000
  0.7000000000    0.7000000000    0.7000000000    0.7000000000    0.7000000000
  0.7000000000    0.7000000000    0.7000000000    0.7000000000    0.7000000000
  0.7000000000    0.7000000000    0.7000000000    0.7000000000    0.7000000000
  0.7000000000    0.7000000000    0.7000000000    0.7000000000    0.7000000000
  0.7000000000    0.7000000000    0.7000000000    0.7000000000    0.7000000000
  0.7000000000    0.7000000000    0.7000000000    0.7000000000    0.7000000000
  0.7000000000    0.7000000000    0.7000000000    0.7000000000    0.7000000000
  0.0000000209    0.0142494708    0.0283688277    0.0422401398    0.0557665676
  0.0688758880    0.0815219134    0.0936811537    0.1053489774    0.1165324360
  0.1272498459    0.1375231951    0.1473791033    0.1568437725    0.1659449905
  0.1747076243    0.1831562489    0.1913153559    0.1992044717    0.2068444163
  0.2142535061    0.2214470953    0.2284411222    0.2352500230    0.2418851465
  0.2483589262    0.2546821266    0.2608639270    0.2669137567    0.2728402525
  0.2786495894    0.2843501538    0.2899480373    0.2954493731    0.3008587092
  0.3061823457    0.3114251643    0.3165904611    0.3216834933    0.3267080575
  0.3316672415    0.3365648419    0.3414039880    0.3461875170    0.3509186834
  0.3555994481    0.3602331907    0.3648221225    0.3693677455    0.3738730639
  0.3783398300    0.3827697545    0.3871649653    0.3915268809    0.3958579630
  0.4001589626    0.4044316739    0.4086777240    0.4128981560    0.4170945555
  0.4212683409    0.4254203469    0.4295519918    0.4336650282    0.4377596647
  0.4418370694    0.4458988696    0.4499456495    0.4539784938    0.4579978615
  0.4620056719    0.4660019249    0.4699888736    0.4739654750    0.4779339820
  0.4818941861    0.4858478397    0.4897950679    0.4937371224    0.4976741284
  0.5016080886    0.5055382520    0.5094669551    0.5133924454    0.5173175603
  0.5212435931    0.5251687914    0.5290953666    0.5330241531    0.5369554847
  0.5408901125    0.5448288709    0.5487723857    0.5527209491    0.5566761047
  0.5606375605    0.5646068186    0.5685839623    0.5725712448    0.5765670389
  0.5805739313    0.5845914632    0.5886220962    0.5926649958    0.5967212468
  0.6007923514    0.6048789769    0.6089820832    0.6131026298    0.6172402829
  0.6213979214    0.6255754620    0.6297732800    0.6339940041    0.6382378012
  0.6425059646    0.6467997462    0.6511217326    0.6554707557    0.6598499864
  0.6642602593    0.6687030762    0.6731802315    0.6776946455    0.6822470695
  0.6868398815    0.6914739579    0.6961536378    0.6999999791    0.7000000000
  0.7000000000    0.7000000000    0.7000000000    0.7000000000    0.7000000000
  0.7000000000    0.7000000000    0.7000000000    0.7000000000    0.7000000000
  0.7000000000    0.7000000000    0.7000000000    0.7000000000    0.7000000000
  0.7000000000    0.7000000000    0.7000000000    0.7000000000    0.7000000000
  0.7000000000    0.7000000000    0.7000000000    0.7000000000    0.7000000000
  0.7000000000    0.7000000000    0.7000000000    0.7000000000    0.7000000000
  0.7000000000    0.7000000000    0.7000000000    0.7000000000    0.7000000000
  0.7000000000    0.7000000000    0.7000000000    0.7000000000    0.7000000000
  0.7000000000    0.7000000000    0.7000000000    0.7000000000    0.7000000000
  0.7000000000    0.7000000000    0.7000000000    0.7000000000    0.7000000000
  0.0000000209    0.0136898369    0.0272660822    0.0406251997    0.0536799878
  0.0663643152    0.0786335796    0.0904625803    0.1018421799    0.1127765924
  0.1232770830    0.1333632618    0.1430553228    0.1523769230    0.1613514274
  0.1700020343    0.1783514410    0.1864200085    0.1942279309    0.2017931074
  0.2091331869    0.2162633151    0.2231975108    0.2299496680    0.2365317196
  0.2429545969    0.2492286474    0.2553633839    0.2613673598    0.2672490865
  0.2730151147    0.2786725372    0.2842279464    0.2896873087    0.2950556725
  0.3003381699    0.3055390149    0.3106637150    0.3157158583    0.3206991583
  0.3256172448    0.3304733306    0.3352705032    0.3400127679    0.3447016686
  0.3493397087    0.3539308101    0.3584760994    0.3629782051    0.3674395472
  0.3718613774    0.3762464494    0.3805958480    0.3849115342    0.3891954690
  0.3934489876    0.3976732582    0.4018705338    0.4060413569    0.4101877719
  0.4143102795    0.4184107155    0.4224900395    0.4265494198    0.4305897325
  0.4346126050    0.4386181623    0.4426085740    0.4465839237    0.4505451292
  0.4544937760    0.4584297806    0.4623550624    0.4662689954    0.4701738745
  0.4740700752    0.4779573888    0.4818379849    0.4857125729    0.4895804018
  0.4934440583    0.4973022908    0.5011575609    0.5050094515    0.5088595480
  0.5127078086    0.5165552348    0.5204018265    0.5242489606    0.5280974716
  0.5319473177    0.5357997924    0.5396547288    0.5435142130    0.5473768681
  0.5512450725    0.5551186174    0.5589986295    0.5628852755    0.5667800158
  0.5706820995    0.5745937794    0.5785150975    0.5824465126    0.5863893181
  0.5903434724    0.5943101853    0.5982905835    0.6022849590    0.6062943548
  0.6103186041    0.6143602520    0.6184186727    0.6224962860    0.6265922993
  0.6307094663    0.6348461598    0.6390065104    0.6431895167    0.6473968476
  0.6516308397    0.6558907419    0.6601793915    0.6644970387    0.6688456029
  0.6732269198    0.6776437014    0.6820947379    0.6865836173    0.6911118835
  0.6956838757    0.6999999791    0.7000000000    0.7000000000    0.7000000000
  0.7000000000    0.7000000000    0.7000000000    0.7000000000    0.7000000000
  0.7000000000    0.7000000000    0.7000000000    0.7000000000    0.7000000000
  0.7000000000    0.7000000000    0.7000000000    0.7000000000    0.7000000000
  0.7000000000    0.7000000000    0.7000000000    0.7000000000    0.7000000000
  0.7000000000    0.7000000000    0.7000000000    0.7000000000    0.7000000000
  0.7000000000    0.7000000000    0.7000000000    0.7000000000    0.7000000000
  0.7000000000    0.7000000000    0.7000000000    0.7000000000    0.7000000000
  0.7000000000    0.7000000000    0.7000000000    0.7000000000    0.7000000000
  0.7000000000    0.7000000000    0.7000000000    0.7000000000    0.7000000000
  0.0000000209    0.0131674618    0.0262355596    0.0391126901    0.0517210394
  0.0639996916    0.0759058803    0.0874136537    0.0985113710    0.1091989070
  0.1194841057    0.1293822378    0.1389097422    0.1480862290    0.1569328934
  0.1654697210    0.1737176985    0.1816942662    0.1894191176    0.1969088584
  0.2041784674    0.2112437159    0.2181180388    0.2248129100    0.2313415140
  0.2377131969    0.2439379722    0.2500261456    0.2559843928    0.2618220180
  0.2675449044    0.2731599778    0.2786737472    0.2840920120    0.2894197375
  0.2946625978    0.2998240978    0.3049086183    0.3099213332    0.3148649126
  0.3197433621    0.3245594770    0.3293173045    0.3340191811    0.3386672765
  0.3432656378    0.3478155166    0.3523196667    0.3567806333    0.3611998767
  0.3655791074    0.3699210793    0.3742269605    0.3784991711    0.3827387124
  0.3869473368    0.3911262959    0.3952773422    0.3994015187    0.4035009116
  0.4075754791    0.4116276830    0.4156578571    0.4196672946    0.4236573309
  0.4276286334    0.4315819114    0.4355192512    0.4394407779    0.4433475345
  0.4472405225    0.4511202425    0.4549881130    0.4588450104    0.4626908928
  0.4665265113    0.4703537434    0.4741722971    0.4779834658    0.4817880005
  0.4855860263    0.4893782943    0.4931663483    0.4969498545    0.5007298976
  0.5045074791    0.5082826823    0.5120565087    0.5158284992    0.5196004897
  0.5233729810    0.5271463066    0.5309205085    0.5346976727    0.5384768814
  0.5422592610    0.5460460633    0.5498371214    0.5536335617    0.5574351758
  0.5612438828    0.5650590569    0.5688816577    0.5727122277    0.5765526444
  0.5804016560    0.5842605978    0.5881311387    0.5920128614    0.5959069759
  0.5998141915    0.6037348419    0.6076695532    0.6116190761    0.6155850798
  0.6195677727    0.6235684484    0.6275867313    0.6316250414    0.6356832951
  0.6397633702    0.6438647240    0.6479894429    0.6521395296    0.6563142747
  0.6605159312    0.6647450835    0.6690041512    0.6732939690    0.6776152462
  0.6819710702    0.6863623589    0.6907901138    0.6952580482    0.6997659534
  0.6999999791    0.7000000000    0.7000000000    0.7000000000    0.7000000000
  0.7000000000    0.7000000000    0.7000000000    0.7000000000    0.7000000000
  0.7000000000    0.7000000000    0.7000000000    0.7000000000    0.7000000000
  0.7000000000    0.7000000000    0.7000000000    0.7000000000    0.7000000000
  0.7000000000    0.7000000000    0.7000000000    0.7000000000    0.7000000000
  0.7000000000    0.7000000000    0.7000000000    0.7000000000    0.7000000000
  0.7000000000    0.7000000000    0.7000000000    0.7000000000    0.7000000000
  0.7000000000    0.7000000000    0.7000000000    0.7000000000    0.7000000000
  0.7000000000    0.7000000000    0.7000000000    0.7000000000    0.7000000000
  0.0000000209    0.0126791745    0.0252709180    0.0376946002    0.0498799592
  0.0617712528    0.0733279675    0.0845241100    0.0953457445    0.1057900757
  0.1158624023    0.1255721539    0.1349345595    0.1439653486    0.1526823372
  0.1611045510    0.1692481786    0.1771319956    0.1847726494    0.1921848685
  0.1993836313    0.2063833743    0.2131961137    0.2198339075    0.2263076872
  0.2326280087    0.2388045520    0.2448450774    0.2507582217    0.2565513700
  0.2622319490    0.2678055912    0.2732785970    0.2786567241    0.2839448541
  0.2891479105    0.2942705661    0.2993170768    0.3042909056    0.3091963500
  0.3140362889    0.3188150615    0.3235340863    0.3281972021    0.3328071207
  0.3373663038    0.3418770880    0.3463421434    0.3507629722    0.3551420778
  0.3594812125    0.3637826294    0.3680479139    0.3722780257    0.3764759690
  0.3806420356    0.3847785205    0.3888855070    0.3929662496    0.3970207483
  0.4010505050    0.4050563961    0.4090404242    0.4130028397    0.4169454366
  0.4208684653    0.4247735947    0.4286610335    0.4325323254    0.4363885134
  0.4402292639    0.4440569133    0.4478710860    0.4516730756    0.4554643422
  0.4592447609    0.4630151659    0.4667758495    0.4705286056    0.4742731839
  0.4780112952    0.4817426890    0.4854684502    0.4891888291    0.4929039508
  0.4966158181    0.5003240556    0.5040297478    0.5077333540    0.5114349991
  0.5151360184    0.5188364536    0.5225367635    0.5262382835    0.5299408883
  0.5336450368    0.5373528570    0.5410620123    0.5447754651    0.5484930485
  0.5522155136    0.5559431106    0.5596764237    0.5634162039    0.5671629518
  0.5709164590    0.5746793956    0.5784498006    0.5822310120    0.5860206515
  0.5898216814    0.5936344355    0.5974580795    0.6012946993    0.6051444620
  0.6090077847    0.6128860861    0.6167799503    0.6206895858    0.6246162862
  0.6285609275    0.6325235933    0.6365054518    0.6405087143    0.6445314199
  0.6485783249    0.6526466757    0.6567401856    0.6608590215    0.6650045604
  0.6691767186    0.6733793348    0.6776116997    0.6818750232    0.6861733109
  0.6905053943    0.6948757380    0.6992825896    0.6999999791    0.7000000000
  0.7000000000    0.7000000000    0.7000000000    0.7000000000    0.7000000000
  0.7000000000    0.7000000000    0.7000000000    0.7000000000    0.7000000000
  0.7000000000    0.7000000000    0.7000000000    0.7000000000    0.7000000000
  0.7000000000    0.7000000000    0.7000000000    0.7000000000    0.7000000000
  0.7000000000    0.7000000000    0.7000000000    0.7000000000    0.7000000000
  0.7000000000    0.7000000000    0.7000000000    0.7000000000    0.7000000000
  0.7000000000    0.7000000000    0.7000000000    0.7000000000    0.7000000000
  0.7000000000    0.7000000000    0.7000000000    0.7000000000    0.7000000000
  0.0000000209    0.0122218460    0.0243664414    0.0363625854    0.0481470257
  0.0596687764    0.0708896607    0.0817839772    0.0923362881    0.1025417119
  0.1124023348    0.1219255000    0.1311222225    0.1400067717    0.1485932082
  0.1568986803    0.1649379164    0.1727274388    0.1802818507    0.1876151294
  0.1947424203    0.2016749471    0.2084256858    0.2150054842    0.2214247733
  0.2276936918    0.2338203758    0.2398138791    0.2456821293    0.2514316767
  0.2570696980    0.2626022428    0.2680349439    0.2733728498    0.2786224276
  0.2837873489    0.2888717026    0.2938807875    0.2988174409    0.3036859185
  0.3084890574    0.3132300705    0.3179119200    0.3225380272    0.3271109790
  0.3316331953    0.3361065120    0.3405335575    0.3449164599    0.3492575556
  0.3535587221    0.3578205854    0.3620468169    0.3662379175    0.3703957647
  0.3745211929    0.3786170810    0.3826835126    0.3867226154    0.3907345146
  0.3947217137    0.3986845881    0.4026250988    0.4065435797    0.4104413241
  0.4143190831    0.4181780249    0.4220188588    0.4258427113    0.4296506673
  0.4334432691    0.4372215182    0.4409859151    0.4447379202    0.4484774500
  0.4522053808    0.4559230894    0.4596299499    0.4633282155    0.4670181364
  0.4706995457    0.4743741125    0.4780411273    0.4817026764    0.4853584677
  0.4890091687    0.4926553637    0.4962985545    0.4999379486    0.5035750061
  0.5072098106    0.5108432800    0.5144750386    0.5181073397    0.5217388481
  0.5253717750    0.5290055782    0.5326402992    0.5362784415    0.5399182111
  0.5435620695    0.5472094744    0.5508602589    0.5545168847    0.5581783086
  0.5618460327    0.5655198485    0.5692011327    0.5728888839    0.5765857309
  0.5802908808    0.5840057522    0.5877291769    0.5914636165    0.5952087373
  0.5989660829    0.6027348191    0.6065169483    0.6103115529    0.6141213030
  0.6179451972    0.6217850715    0.6256407171    0.6295133442    0.6334039122
  0.6373135477    0.6412419170    0.6451912314    0.6491617411    0.6531533211
  0.6571683913    0.6612081617    0.6652726740    0.6693629712    0.6734811813
  0.6776281387    0.6818053454    0.6860132605    0.6902551800    0.6945313126
  0.6988423258    0.6999999791    0.7000000000    0.7000000000    0.7000000000
  0.7000000000    0.7000000000    0.7000000000    0.7000000000    0.7000000000
  0.7000000000    0.7000000000    0.7000000000    0.7000000000    0.7000000000
  0.7000000000    0.7000000000    0.7000000000    0.7000000000    0.7000000000
  0.7000000000    0.7000000000    0.7000000000    0.7000000000    0.7000000000
  0.7000000000    0.7000000000    0.7000000000    0.7000000000    0.7000000000
  0.7000000000    0.7000000000    0.7000000000    0.7000000000    0.7000000000
  0.7000000000    0.7000000000    0.7000000000    0.7000000000    0.7000000000
  0.0000000209    0.0117927223    0.0235172063    0.0351098031    0.0465141863
  0.0576836258    0.0685818225    0.0791836172    0.0894741148    0.0994451374
  0.1090971440    0.1184346408    0.1274666816    0.1362038642    0.1446592063
  0.1528467268    0.1607802778    0.1684736282    0.1759410471    0.1831953019
  0.1902488679    0.1971143037    0.2038021654    0.2103232175    0.2166873485
  0.2229036957    0.2289811462    0.2349273354    0.2407503158    0.2464560121
  0.2520518929    0.2575432569    0.2629361540    0.2682355076    0.2734464914
  0.2785734028    0.2836212069    0.2885929495    0.2934931368    0.2983253151
  0.3030923218    0.3077973694    0.3124439210    0.3170342296    0.3215714246
  0.3260574251    0.3304944843    0.3348853141    0.3392325014    0.3435368389
  0.3478012055    0.3520267695    0.3562151164    0.3603687912    0.3644881278
  0.3685755879    0.3726323813    0.3766602606    0.3806592673    0.3846315295
  0.3885785908    0.3925008267    0.3963996977    0.4002765387    0.4041321427
  0.4079668015    0.4117822260    0.4155795842    0.4193590432    0.4231216878
  0.4268690616    0.4306007057    0.4343186647    0.4380228966    0.4417137772
  0.4453933090    0.4490613252    0.4527186602    0.4563656896    0.4600032061
  0.4636320025    0.4672532886    0.4708663553    0.4744728714    0.4780730456
  0.4816670448    0.4852560371    0.4888410240    0.4924207956    0.4959973127
  0.4995706588    0.5031418771    0.5067110091    0.5102785140    0.5138453513
  0.5174111456    0.5209771484    0.5245433599    0.5281116158    0.5316804141
  0.5352510899    0.5388248116    0.5424011201    0.5459811836    0.5495647937
  0.5531527430    0.5567461580    0.5603448302    0.5639493436    0.5675604492
  0.5711778134    0.5748033136    0.5784362823    0.5820776373    0.5857291311
  0.5893891782    0.5930595309    0.5967401892    0.6004327387    0.6041367620
  0.6078534693    0.6115823597    0.6153260618    0.6190836996    0.6228558987
  0.6266439527    0.6304481119    0.6342696279    0.6381085426    0.6419660658
  0.6458425313    0.6497405678    0.6536585897    0.6575986415    0.6615619749
  0.6655487150    0.6695614070    0.6735983819    0.6776633531    0.6817574471
  0.6858812481    0.6900361747    0.6942217261    0.6984435767    0.6999999791
  0.7000000000    0.7000000000    0.7000000000    0.7000000000    0.7000000000
  0.7000000000    0.7000000000    0.7000000000    0.7000000000    0.7000000000
  0.7000000000    0.7000000000    0.7000000000    0.7000000000    0.7000000000
  0.7000000000    0.7000000000    0.7000000000    0.7000000000    0.7000000000
  0.7000000000    0.7000000000    0.7000000000    0.7000000000    0.7000000000
  0.7000000000    0.7000000000    0.7000000000    0.7000000000    0.7000000000
  0.7000000000    0.7000000000    0.7000000000    0.7000000000    0.7000000000
  0.0000000209    0.0113894671    0.0227184147    0.0339302033    0.0449739307
  0.0558068305    0.0663954824    0.0767152280    0.0867502540    0.0964917153
  0.1059382766    0.1150919825    0.1239597589    0.1325498253    0.1408734888
  0.1489426821    0.1567689627    0.1643655986    0.1717449397    0.1789186269
  0.1858980507    0.1926949352    0.1993191272    0.2057807654    0.2120891958
  0.2182530552    0.2242808551    0.2301793545    0.2359568983    0.2416191190
  0.2471727341    0.2526234180    0.2579765111    0.2632368118    0.2684099108
  0.2734999806    0.2785108179    0.2834470958    0.2883114845    0.2931081563
  0.2978398651    0.3025102407    0.3071222872    0.3116781324    0.3161803633
  0.3206314415    0.3250341624    0.3293901116    0.3337017924    0.3379717499
  0.3422000676    0.3463905841    0.3505432993    0.3546602577    0.3587439209
  0.3627950817    0.3668150336    0.3708054453    0.3747669846    0.3787017375
  0.3826101631    0.3864938051    0.3903534979    0.3941906601    0.3980055839
  0.4018005222    0.4055752248    0.4093304008    0.4130681783    0.4167886406
  0.4204929560    0.4241805822    0.4278546065    0.4315139860    0.4351601392
  0.4387930244    0.4424145609    0.4460246235    0.4496245056    0.4532131225
  0.4567927271    0.4603640705    0.4639264435    0.4674820572    0.4710296601
  0.4745709211    0.4781065077    0.4816365868    0.4851612836    0.4886821836
  0.4921989113    0.4957120925    0.4992221862    0.5027293175    0.5062354058
  0.5097399920    0.5132435352    0.5167456597    0.5202490360    0.5237518281
  0.5272562891    0.5307618350    0.5342685074    0.5377779335    0.5412899882
  0.5448055059    0.5483247370    0.5518475980    0.5553747565    0.5589077562
  0.5624455541    0.5659896940    0.5695390493    0.5730967909    0.5766613752
  0.5802338034    0.5838146180    0.5874047786    0.5910030335    0.5946124285
  0.5982312948    0.6018616766    0.6055036157    0.6091566116    0.6128226668
  0.6165028244    0.6201957911    0.6239030272    0.6276258677    0.6313638121
  0.6351184458    0.6388899356    0.6426794916    0.6464878649    0.6503147215
  0.6541614383    0.6580305606    0.6619207948    0.6658323079    0.6697695643
  0.6737311453    0.6777173847    0.6817320377    0.6857736021    0.6898456246
  0.6939467281    0.6980809182    0.6999999791    0.7000000000    0.7000000000
  0.7000000000    0.7000000000    0.7000000000    0.7000000000    0.7000000000
  0.7000000000    0.7000000000    0.7000000000    0.7000000000    0.7000000000
  0.7000000000    0.7000000000    0.7000000000    0.7000000000    0.7000000000
  0.7000000000    0.7000000000    0.7000000000    0.7000000000    0.7000000000
  0.7000000000    0.7000000000    0.7000000000    0.7000000000    0.7000000000
  0.7000000000    0.7000000000    0.7000000000    0.7000000000    0.7000000000
