  0.0000000000    0.0036000000
  0.0000500000    0.0006000000    299    19
  0.0008405823    0.0008328269    0.0008234356    0.0008139784    0.0008045016
  0.0007950157    0.0007855234    0.0007760251    0.0007665215    0.0007570138
  0.0007475030    0.0007379905    0.0007284719    0.0007189521    0.0007094270
  0.0006999018    0.0006903732    0.0006808408    0.0006713075    0.0006617709
  0.0006522289    0.0006426877    0.0006331406    0.0006235918    0.0006140430
  0.0006044889    0.0005949322    0.0005853732    0.0005758128    0.0005662478
  0.0005566801    0.0005471099    0.0005375354    0.0005279581    0.0005183776
  0.0005087906    0.0004992021    0.0004896081    0.0004800078    0.0004704029
  0.0004607907    0.0004511732    0.0004415481    0.0004319147    0.0004222690
  0.0004126178    0.0004029540    0.0003932771    0.0003835869    0.0003738819
  0.0003641584    0.0003544134    0.0003446484    0.0003348545    0.0003250315
  0.0003151764    0.0003052839    0.0002953459    0.0002853539    0.0002753025
  0.0002651801    0.0002549747    0.0002446682    0.0002425985    0.0002422201
  0.0002418420    0.0002414645    0.0002410893    0.0002407147    0.0002403408
  0.0002399694    0.0002395988    0.0002392291    0.0002388604    0.0002384927
  0.0002381277    0.0002377784    0.0002374125    0.0002370510    0.0002366882
  0.0002363271    0.0002359509    0.0002355920    0.0002352347    0.0002348791
  0.0002345235    0.0002341682    0.0002338163    0.0002334631    0.0002331119
  0.0002327612    0.0002324126    0.0002320645    0.0002317157    0.0002313691
  0.0002310248    0.0002306799    0.0002303360    0.0002299946    0.0002296528
  0.0002293122    0.0002289714    0.0002286333    0.0002282938    0.0002279571
  0.0002276206    0.0002272855    0.0002269508    0.0002266164    0.0002262838
  0.0002259516    0.0002256187    0.0002252891    0.0002249589    0.0002246295
  0.0002243009    0.0002239733    0.0002236455    0.0002233187    0.0002229931
  0.0002226675    0.0002223432    0.0002220191    0.0002216964    0.0002213729
  0.0002210509    0.0002207295    0.0002204086    0.0002200872    0.0002197677
  0.0002194478    0.0002191289    0.0002188098    0.0002184929    0.0002181748
  0.0002178580    0.0002175403    0.0002172240    0.0002169080    0.0002165925
  0.0002162776    0.0002159622    0.0002156465    0.0002153327    0.0002150187
  0.0002147047    0.0002143918    0.0002140770    0.0002137645    0.0002134513
  0.0002131385    0.0002128253    0.0002125128    0.0002122009    0.0002118871
  0.0002115750    0.0002112631    0.0002109503    0.0002106388    0.0002103258
  0.0002100132    0.0002097012    0.0002093890    0.0002090767    0.0002087643
  0.0002084503    0.0002082620    0.0002082620    0.0002082620    0.0002082620
  0.0002082620    0.0002082620    0.0002082620    0.0002082620    0.0002082620
  0.0002082620    0.0002082620    0.0002082620    0.0002082620    0.0002082620
  0.0002082620    0.0002082620    0.0002082620    0.0002082620    0.0002082620
  0.0002082620    0.0002082620    0.0002082620    0.0002082620    0.0002082620
  0.0002082620    0.0002082620    0.0002082620    0.0002082620    0.0002082620
  0.0002082620    0.0002082620    0.0002082620    0.0002082620    0.0002082620
  0.0002082620    0.0002082620    0.0002082620    0.0002082620    0.0002082620
  0.0002082620    0.0002082620    0.0002082620    0.0002082620    0.0002082620
  0.0002082620    0.0002082620    0.0002082620    0.0002082620    0.0002082620
  0.0002082620    0.0002082620    0.0002082620    0.0002082620    0.0002082620
  0.0002082620    0.0002082620    0.0002082620    0.0002082620    0.0002082620
  0.0002082620    0.0002082620    0.0002082620    0.0002082620    0.0002082620
  0.0002082620    0.0002082620    0.0002082620    0.0002082620    0.0002082620
  0.0002082620    0.0002082620    0.0002082620    0.0002082620    0.0002082620
  0.0002082620    0.0002082620    0.0002082620    0.0002082620    0.0002082620
  0.0002082620    0.0002082620    0.0002082620    0.0002082620    0.0002082620
  0.0002082620    0.0002082620    0.0002082620    0.0002082620    0.0002082620
  0.0002082620    0.0002082620    0.0002082620    0.0002082620    0.0002082620
  0.0002082620    0.0002082620    0.0002082620    0.0002082620    0.0002082620
  0.0002082620    0.0002082620    0.0002082620    0.0002082620    0.0002082620
  0.0002082620    0.0002082620    0.0002082620    0.0002082620    0.0002082620
  0.0002082620    0.0002082620    0.0002082620    0.0002082620    0.0002082620
  0.0002082620    0.0002082620    0.0002082620    0.0002082620    0.0002082620
  0.0002082620    0.0002082620    0.0002082620    0.0002082620    0.0002082620
  0.0002082620    0.0002082620    0.0002082620    0.0002082620    0.0002082620
  0.0002082620    0.0002082620    0.0002082620    0.0002082620    0.0002082620
  0.0009798570    0.0009729258    0.0009637396    0.0009544038    0.0009450281
  0.0009356335    0.0009262277    0.0009168125    0.0009073939    0.0008979676
  0.0008885366    0.0008791039    0.0008696624    0.0008602190    0.0008507735
  0.0008413230    0.0008318676    0.0008224112    0.0008129511    0.0008034849
  0.0007940166    0.0007845444    0.0007750692    0.0007655926    0.0007561130
  0.0007466293    0.0007371433    0.0007276515    0.0007181589    0.0007086626
  0.0006991624    0.0006896561    0.0006801492    0.0006706401    0.0006611272
  0.0006516093    0.0006420904    0.0006325632    0.0006230345    0.0006135024
  0.0006039654    0.0005944244    0.0005848792    0.0005753272    0.0005657692
  0.0005562082    0.0005466375    0.0005370637    0.0005274795    0.0005178888
  0.0005082919    0.0004986866    0.0004890681    0.0004794415    0.0004698009
  0.0004601534    0.0004504891    0.0004408067    0.0004311078    0.0004213958
  0.0004116608    0.0004019018    0.0003921184    0.0003823077    0.0003724623
  0.0003625844    0.0003526658    0.0003427060    0.0003326888    0.0003226164
  0.0003124786    0.0003022592    0.0002919532    0.0002863625    0.0002859777
  0.0002855945    0.0002852111    0.0002848295    0.0002844498    0.0002840701
  0.0002836903    0.0002833126    0.0002829349    0.0002825593    0.0002821839
  0.0002818107    0.0002814359    0.0002810633    0.0002806930    0.0002803231
  0.0002799519    0.0002795849    0.0002792167    0.0002788491    0.0002784832
  0.0002781171    0.0002777537    0.0002773892    0.0002770275    0.0002766649
  0.0002763051    0.0002759445    0.0002755851    0.0002752268    0.0002748696
  0.0002745137    0.0002741574    0.0002738007    0.0002734470    0.0002730931
  0.0002727407    0.0002723881    0.0002720371    0.0002716861    0.0002713367
  0.0002709874    0.0002706398    0.0002702909    0.0002699437    0.0002695969
  0.0002692520    0.0002689060    0.0002685805    0.0002682370    0.0002678929
  0.0002675505    0.0002672088    0.0002668484    0.0002665083    0.0002661676
  0.0002658278    0.0002654875    0.0002651497    0.0002648130    0.0002644745
  0.0002641371    0.0002638010    0.0002634662    0.0002631299    0.0002627950
  0.0002624601    0.0002621268    0.0002617936    0.0002614593    0.0002611266
  0.0002607943    0.0002604625    0.0002601298    0.0002597990    0.0002594687
  0.0002591379    0.0002588078    0.0002584772    0.0002581475    0.0002578186
  0.0002574895    0.0002571602    0.0002568307    0.0002565024    0.0002561742
  0.0002558459    0.0002555178    0.0002551912    0.0002548636    0.0002545363
  0.0002542082    0.0002538807    0.0002535537    0.0002532273    0.0002529005
  0.0002525733    0.0002522458    0.0002519191    0.0002515923    0.0002512666
  0.0002509397    0.0002506118    0.0002502852    0.0002499577    0.0002496305
  0.0002493037    0.0002489763    0.0002486483    0.0002483210    0.0002479923
  0.0002476643    0.0002473361    0.0002470078    0.0002466785    0.0002463503
  0.0002461411    0.0002461411    0.0002461411    0.0002461411    0.0002461411
  0.0002461411    0.0002461411    0.0002461411    0.0002461411    0.0002461411
  0.0002461411    0.0002461411    0.0002461411    0.0002461411    0.0002461411
  0.0002461411    0.0002461411    0.0002461411    0.0002461411    0.0002461411
  0.0002461411    0.0002461411    0.0002461411    0.0002461411    0.0002461411
  0.0002461411    0.0002461411    0.0002461411    0.0002461411    0.0002461411
  0.0002461411    0.0002461411    0.0002461411    0.0002461411    0.0002461411
  0.0002461411    0.0002461411    0.0002461411    0.0002461411    0.0002461411
  0.0002461411    0.0002461411    0.0002461411    0.0002461411    0.0002461411
  0.0002461411    0.0002461411    0.0002461411    0.0002461411    0.0002461411
  0.0002461411    0.0002461411    0.0002461411    0.0002461411    0.0002461411
  0.0002461411    0.0002461411    0.0002461411    0.0002461411    0.0002461411
  0.0002461411    0.0002461411    0.0002461411    0.0002461411    0.0002461411
  0.0002461411    0.0002461411    0.0002461411    0.0002461411    0.0002461411
  0.0002461411    0.0002461411    0.0002461411    0.0002461411    0.0002461411
  0.0002461411    0.0002461411    0.0002461411    0.0002461411    0.0002461411
  0.0002461411    0.0002461411    0.0002461411    0.0002461411    0.0002461411
  0.0002461411    0.0002461411    0.0002461411    0.0002461411    0.0002461411
  0.0002461411    0.0002461411    0.0002461411    0.0002461411    0.0002461411
  0.0002461411    0.0002461411    0.0002461411    0.0002461411    0.0002461411
  0.0002461411    0.0002461411    0.0002461411    0.0002461411    0.0002461411
  0.0002461411    0.0002461411    0.0002461411    0.0002461411    0.0002461411
  0.0011178900    0.0011118295    0.0011029261    0.0010937460    0.0010844855
  0.0010751968    0.0010658848    0.0010565618    0.0010472248    0.0010378837
  0.0010285364    0.0010191852    0.0010098284    0.0010004647    0.0009910965
  0.0009817266    0.0009723499    0.0009629694    0.0009535877    0.0009441969
  0.0009348070    0.0009254106    0.0009160140    0.0009066101    0.0008972021
  0.0008877934    0.0008783807    0.0008689640    0.0008595437    0.0008501202
  0.0008406941    0.0008312630    0.0008218277    0.0008123893    0.0008029489
  0.0007935047    0.0007840554    0.0007746055    0.0007651481    0.0007556910
  0.0007462252    0.0007367560    0.0007272884    0.0007178094    0.0007083325
  0.0006988454    0.0006893568    0.0006798653    0.0006703651    0.0006608607
  0.0006513539    0.0006418382    0.0006323163    0.0006227871    0.0006132544
  0.0006037113    0.0005941623    0.0005846063    0.0005750383    0.0005654665
  0.0005558817    0.0005462890    0.0005366774    0.0005270630    0.0005174278
  0.0005077819    0.0004981187    0.0004884400    0.0004787421    0.0004690245
  0.0004592849    0.0004495200    0.0004397297    0.0004299103    0.0004200539
  0.0004101670    0.0004002354    0.0003902627    0.0003802410    0.0003701588
  0.0003600157    0.0003498029    0.0003395043    0.0003306839    0.0003302936
  0.0003299053    0.0003295190    0.0003291327    0.0003287463    0.0003283599
  0.0003279757    0.0003275915    0.0003272096    0.0003268279    0.0003264463
  0.0003260671    0.0003256860    0.0003253073    0.0003249311    0.0003245531
  0.0003241756    0.0003238005    0.0003234260    0.0003230520    0.0003226785
  0.0003223057    0.0003219335    0.0003215610    0.0003211903    0.0003208222
  0.0003204530    0.0003200826    0.0003197171    0.0003193485    0.0003189828
  0.0003186181    0.0003182525    0.0003178879    0.0003175244    0.0003171620
  0.0003167989    0.0003164371    0.0003160764    0.0003157170    0.0003153553
  0.0003149967    0.0003146376    0.0003142818    0.0003139238    0.0003135673
  0.0003132106    0.0003128553    0.0003124999    0.0003121462    0.0003117923
  0.0003114384    0.0003110862    0.0003107323    0.0003103802    0.0003100300
  0.0003096783    0.0003093284    0.0003089788    0.0003086278    0.0003082806
  0.0003079320    0.0003075839    0.0003072346    0.0003068875    0.0003065426
  0.0003061951    0.0003058498    0.0003055036    0.0003051581    0.0003048135
  0.0003044697    0.0003041251    0.0003037815    0.0003034389    0.0003030957
  0.0003027520    0.0003024109    0.0003020679    0.0003017246    0.0003014051
  0.0003010641    0.0003007220    0.0003003822    0.0003000189    0.0002996777
  0.0002993380    0.0002989983    0.0002986574    0.0002983180    0.0002979775
  0.0002976387    0.0002972989    0.0002969608    0.0002966217    0.0002962832
  0.0002959438    0.0002956050    0.0002952656    0.0002949282    0.0002945888
  0.0002942503    0.0002939112    0.0002935731    0.0002932334    0.0002928959
  0.0002925570    0.0002922191    0.0002918798    0.0002915405    0.0002912025
  0.0002908620    0.0002905241    0.0002901852    0.0002898453    0.0002895057
  0.0002891664    0.0002888252    0.0002884856    0.0002881454    0.0002878057
  0.0002874644    0.0002871226    0.0002867827    0.0002864402    0.0002860986
  0.0002857568    0.0002854137    0.0002850706    0.0002847275    0.0002846153
  0.0002846153    0.0002846153    0.0002846153    0.0002846153    0.0002846153
  0.0002846153    0.0002846153    0.0002846153    0.0002846153    0.0002846153
  0.0002846153    0.0002846153    0.0002846153    0.0002846153    0.0002846153
  0.0002846153    0.0002846153    0.0002846153    0.0002846153    0.0002846153
  0.0002846153    0.0002846153    0.0002846153    0.0002846153    0.0002846153
  0.0002846153    0.0002846153    0.0002846153    0.0002846153    0.0002846153
  0.0002846153    0.0002846153    0.0002846153    0.0002846153    0.0002846153
  0.0002846153    0.0002846153    0.0002846153    0.0002846153    0.0002846153
  0.0002846153    0.0002846153    0.0002846153    0.0002846153    0.0002846153
  0.0002846153    0.0002846153    0.0002846153    0.0002846153    0.0002846153
  0.0002846153    0.0002846153    0.0002846153    0.0002846153    0.0002846153
  0.0002846153    0.0002846153    0.0002846153    0.0002846153    0.0002846153
  0.0002846153    0.0002846153    0.0002846153    0.0002846153    0.0002846153
  0.0002846153    0.0002846153    0.0002846153    0.0002846153    0.0002846153
  0.0002846153    0.0002846153    0.0002846153    0.0002846153    0.0002846153
  0.0002846153    0.0002846153    0.0002846153    0.0002846153    0.0002846153
  0.0002846153    0.0002846153    0.0002846153    0.0002846153    0.0002846153
  0.0012547135    0.0012495070    0.0012409944    0.0012320102    0.0012228924
  0.0012137130    0.0012045046    0.0011952779    0.0011860326    0.0011767782
  0.0011675205    0.0011582519    0.0011489743    0.0011396938    0.0011304036
  0.0011211143    0.0011118152    0.0011025168    0.0010932087    0.0010839014
  0.0010745850    0.0010652697    0.0010559460    0.0010466203    0.0010372910
  0.0010279569    0.0010186166    0.0010092767    0.0009999321    0.0009905820
  0.0009812292    0.0009718764    0.0009625158    0.0009531540    0.0009437870
  0.0009344145    0.0009250398    0.0009156625    0.0009062796    0.0008968943
  0.0008875037    0.0008781115    0.0008687147    0.0008593143    0.0008499110
  0.0008405025    0.0008310901    0.0008216721    0.0008122528    0.0008028249
  0.0007933962    0.0007839627    0.0007745211    0.0007650792    0.0007556286
  0.0007461773    0.0007367152    0.0007272481    0.0007177793    0.0007083024
  0.0006988164    0.0006893279    0.0006798295    0.0006703259    0.0006608128
  0.0006512890    0.0006417603    0.0006322237    0.0006226711    0.0006131157
  0.0006035420    0.0005939600    0.0005843661    0.0005747537    0.0005651323
  0.0005554951    0.0005458348    0.0005361645    0.0005264685    0.0005167502
  0.0005070133    0.0004972470    0.0004874535    0.0004776329    0.0004677770
  0.0004578841    0.0004479523    0.0004379773    0.0004279555    0.0004178773
  0.0004077371    0.0003975301    0.0003872517    0.0003768844    0.0003751071
  0.0003747141    0.0003743241    0.0003739324    0.0003735413    0.0003731533
  0.0003727636    0.0003723771    0.0003719889    0.0003716016    0.0003712175
  0.0003708319    0.0003704472    0.0003700634    0.0003696805    0.0003692963
  0.0003689155    0.0003685333    0.0003681546    0.0003677746    0.0003673935
  0.0003670158    0.0003666370    0.0003662594    0.0003658830    0.0003655079
  0.0003651309    0.0003647562    0.0003643828    0.0003640086    0.0003636358
  0.0003632623    0.0003628902    0.0003625196    0.0003621483    0.0003617786
  0.0003614083    0.0003610396    0.0003606704    0.0003603028    0.0003599348
  0.0003595685    0.0003592018    0.0003588348    0.0003584696    0.0003581042
  0.0003577406    0.0003573767    0.0003570128    0.0003566487    0.0003562886
  0.0003559245    0.0003555643    0.0003552022    0.0003548421    0.0003544821
  0.0003541223    0.0003537626    0.0003534031    0.0003530439    0.0003526869
  0.0003523283    0.0003519700    0.0003516141    0.0003512585    0.0003509015
  0.0003505450    0.0003501909    0.0003498336    0.0003494807    0.0003491265
  0.0003487711    0.0003484183    0.0003480626    0.0003477094    0.0003473571
  0.0003470056    0.0003466531    0.0003462999    0.0003459475    0.0003455962
  0.0003452458    0.0003448948    0.0003445448    0.0003441925    0.0003438414
  0.0003434915    0.0003431427    0.0003427919    0.0003424424    0.0003420925
  0.0003417423    0.0003413935    0.0003410445    0.0003406953    0.0003403476
  0.0003399982    0.0003396488    0.0003393010    0.0003389516    0.0003386039
  0.0003382547    0.0003379058    0.0003375586    0.0003372101    0.0003368619
  0.0003365140    0.0003361650    0.0003358180    0.0003354938    0.0003351475
  0.0003347978    0.0003344497    0.0003340746    0.0003337251    0.0003333763
  0.0003330283    0.0003326797    0.0003323305    0.0003319821    0.0003316319
  0.0003312827    0.0003309331    0.0003305831    0.0003302330    0.0003298825
  0.0003295333    0.0003291812    0.0003288318    0.0003284810    0.0003281302
  0.0003277768    0.0003274249    0.0003270732    0.0003267216    0.0003263678
  0.0003260156    0.0003256624    0.0003253072    0.0003249537    0.0003245982
  0.0003242445    0.0003238889    0.0003236264    0.0003236264    0.0003236264
  0.0003236264    0.0003236264    0.0003236264    0.0003236264    0.0003236264
  0.0003236264    0.0003236264    0.0003236264    0.0003236264    0.0003236264
  0.0003236264    0.0003236264    0.0003236264    0.0003236264    0.0003236264
  0.0003236264    0.0003236264    0.0003236264    0.0003236264    0.0003236264
  0.0003236264    0.0003236264    0.0003236264    0.0003236264    0.0003236264
  0.0003236264    0.0003236264    0.0003236264    0.0003236264    0.0003236264
  0.0003236264    0.0003236264    0.0003236264    0.0003236264    0.0003236264
  0.0003236264    0.0003236264    0.0003236264    0.0003236264    0.0003236264
  0.0003236264    0.0003236264    0.0003236264    0.0003236264    0.0003236264
  0.0003236264    0.0003236264    0.0003236264    0.0003236264    0.0003236264
  0.0003236264    0.0003236264    0.0003236264    0.0003236264    0.0003236264
  0.0003236264    0.0003236264    0.0003236264    0.0003236264    0.0003236264
  0.0013903872    0.0013859602    0.0013779373    0.0013692080    0.0013602589
  0.0013512109    0.0013421174    0.0013329917    0.0013238414    0.0013146806
  0.0013055046    0.0012963238    0.0012871296    0.0012779283    0.0012687257
  0.0012595139    0.0012502947    0.0012410742    0.0012318448    0.0012226129
  0.0012133757    0.0012041351    0.0011948883    0.0011856374    0.0011763841
  0.0011671262    0.0011578655    0.0011485958    0.0011393275    0.0011300542
  0.0011207782    0.0011114976    0.0011022105    0.0010929195    0.0010836305
  0.0010743304    0.0010650294    0.0010557260    0.0010464191    0.0010371073
  0.0010277933    0.0010184725    0.0010091512    0.0009998250    0.0009904933
  0.0009811590    0.0009718216    0.0009624806    0.0009531358    0.0009437839
  0.0009344279    0.0009250714    0.0009157080    0.0009063444    0.0008969718
  0.0008875968    0.0008782171    0.0008688337    0.0008594445    0.0008500506
  0.0008406508    0.0008312491    0.0008218360    0.0008124244    0.0008030053
  0.0007935782    0.0007841429    0.0007747046    0.0007652609    0.0007558095
  0.0007463487    0.0007368822    0.0007274062    0.0007179202    0.0007084305
  0.0006989300    0.0006894169    0.0006798964    0.0006703629    0.0006608180
  0.0006512637    0.0006416960    0.0006321101    0.0006225152    0.0006129018
  0.0006032705    0.0005936232    0.0005839562    0.0005742691    0.0005645552
  0.0005548214    0.0005450628    0.0005352716    0.0005254542    0.0005156021
  0.0005057123    0.0004957846    0.0004858149    0.0004757956    0.0004657273
  0.0004556010    0.0004454095    0.0004351507    0.0004248163    0.0004203670
  0.0004199718    0.0004195757    0.0004191843    0.0004187896    0.0004183969
  0.0004180062    0.0004176149    0.0004172231    0.0004168334    0.0004164432
  0.0004160552    0.0004156666    0.0004152777    0.0004148910    0.0004145039
  0.0004141165    0.0004137313    0.0004133459    0.0004129627    0.0004125768
  0.0004121957    0.0004118120    0.0004114306    0.0004110466    0.0004106651
  0.0004102859    0.0004099067    0.0004095251    0.0004091448    0.0004087681
  0.0004083891    0.0004080126    0.0004076338    0.0004072575    0.0004068815
  0.0004065057    0.0004061301    0.0004057548    0.0004053821    0.0004050074
  0.0004046331    0.0004042615    0.0004038879    0.0004035171    0.0004031444
  0.0004027745    0.0004024028    0.0004020339    0.0004016634    0.0004012934
  0.0004009240    0.0004005553    0.0004001872    0.0003998198    0.0003994531
  0.0003990850    0.0003987177    0.0003983511    0.0003979854    0.0003976205
  0.0003972543    0.0003968890    0.0003965268    0.0003961613    0.0003957967
  0.0003954332    0.0003950707    0.0003947071    0.0003943447    0.0003939812
  0.0003936209    0.0003932578    0.0003928957    0.0003925349    0.0003921733
  0.0003918130    0.0003914519    0.0003910921    0.0003907317    0.0003903727
  0.0003900130    0.0003896548    0.0003892941    0.0003889368    0.0003885771
  0.0003882170    0.0003878584    0.0003875014    0.0003871422    0.0003867865
  0.0003864286    0.0003860705    0.0003857123    0.0003853558    0.0003849973
  0.0003846406    0.0003842839    0.0003839271    0.0003835704    0.0003832137
  0.0003828571    0.0003824988    0.0003821443    0.0003817865    0.0003814306
  0.0003810750    0.0003807179    0.0003803612    0.0003800048    0.0003796489
  0.0003792916    0.0003789348    0.0003785802    0.0003782228    0.0003778660
  0.0003775097    0.0003771540    0.0003767958    0.0003764399    0.0003760830
  0.0003757254    0.0003753685    0.0003750124    0.0003746556    0.0003742966
  0.0003739384    0.0003735828    0.0003732235    0.0003728652    0.0003725081
  0.0003721489    0.0003717908    0.0003714309    0.0003710722    0.0003707116
  0.0003703524    0.0003699929    0.0003696630    0.0003693017    0.0003689406
  0.0003685791    0.0003681886    0.0003678259    0.0003674662    0.0003671024
  0.0003667401    0.0003663766    0.0003660148    0.0003656505    0.0003652851
  0.0003649215    0.0003645556    0.0003641901    0.0003638251    0.0003634593
  0.0003631308    0.0003631308    0.0003631308    0.0003631308    0.0003631308
  0.0003631308    0.0003631308    0.0003631308    0.0003631308    0.0003631308
  0.0003631308    0.0003631308    0.0003631308    0.0003631308    0.0003631308
  0.0003631308    0.0003631308    0.0003631308    0.0003631308    0.0003631308
  0.0003631308    0.0003631308    0.0003631308    0.0003631308    0.0003631308
  0.0003631308    0.0003631308    0.0003631308    0.0003631308    0.0003631308
  0.0003631308    0.0003631308    0.0003631308    0.0003631308    0.0003631308
  0.0003631308    0.0003631308    0.0003631308    0.0003631308    0.0003631308
  0.0015249490    0.0015212168    0.0015137662    0.0015053450    0.0014966029
  0.0014877130    0.0014787454    0.0014697318    0.0014606831    0.0014516183
  0.0014425365    0.0014334376    0.0014243326    0.0014152118    0.0014060865
  0.0013969576    0.0013878161    0.0013786735    0.0013695259    0.0013603698
  0.0013512066    0.0013420424    0.0013328740    0.0013236981    0.0013145162
  0.0013053345    0.0012961453    0.0012869548    0.0012777600    0.0012685581
  0.0012593552    0.0012501486    0.0012409356    0.0012317180    0.0012224977
  0.0012132763    0.0012040475    0.0011948171    0.0011855830    0.0011763430
  0.0011670992    0.0011578535    0.0011486041    0.0011393530    0.0011300945
  0.0011208308    0.0011115682    0.0011022973    0.0010930281    0.0010837479
  0.0010744704    0.0010651870    0.0010558966    0.0010466054    0.0010373124
  0.0010280099    0.0010187076    0.0010093978    0.0010000872    0.0009907682
  0.0009814476    0.0009721248    0.0009627903    0.0009534568    0.0009441152
  0.0009347747    0.0009254237    0.0009160719    0.0009067107    0.0008973470
  0.0008879788    0.0008786013    0.0008692244    0.0008598351    0.0008504382
  0.0008410408    0.0008316339    0.0008222194    0.0008127970    0.0008033695
  0.0007939339    0.0007844858    0.0007750358    0.0007655698    0.0007560965
  0.0007466149    0.0007371243    0.0007276197    0.0007181037    0.0007085790
  0.0006990357    0.0006894792    0.0006799095    0.0006703246    0.0006607228
  0.0006511059    0.0006414652    0.0006318115    0.0006221286    0.0006124281
  0.0006026996    0.0005929451    0.0005831688    0.0005733522    0.0005635071
  0.0005536275    0.0005437092    0.0005337467    0.0005237436    0.0005136846
  0.0005035768    0.0004934045    0.0004831693    0.0004728652    0.0004660343
  0.0004656382    0.0004652402    0.0004648431    0.0004644499    0.0004640548
  0.0004636580    0.0004632650    0.0004628703    0.0004624767    0.0004620842
  0.0004616929    0.0004612999    0.0004609109    0.0004605175    0.0004601280
  0.0004597398    0.0004593501    0.0004589617    0.0004585745    0.0004581859
  0.0004577986    0.0004574100    0.0004570253    0.0004566394    0.0004562549
  0.0004558690    0.0004554846    0.0004551017    0.0004547175    0.0004543322
  0.0004539510    0.0004535675    0.0004531867    0.0004528049    0.0004524220
  0.0004520433    0.0004516636    0.0004512830    0.0004509040    0.0004505240
  0.0004501458    0.0004497667    0.0004493893    0.0004490136    0.0004486346
  0.0004482574    0.0004478820    0.0004475058    0.0004471315    0.0004467565
  0.0004463833    0.0004460071    0.0004456328    0.0004452603    0.0004448874
  0.0004445115    0.0004441400    0.0004437680    0.0004433956    0.0004430228
  0.0004426521    0.0004422810    0.0004419119    0.0004415378    0.0004411682
  0.0004407983    0.0004404283    0.0004400603    0.0004396899    0.0004393216
  0.0004389533    0.0004385848    0.0004382163    0.0004378477    0.0004374814
  0.0004371129    0.0004367466    0.0004363782    0.0004360121    0.0004356461
  0.0004352781    0.0004349124    0.0004345469    0.0004341816    0.0004338144
  0.0004334496    0.0004330830    0.0004327189    0.0004323550    0.0004319895
  0.0004316243    0.0004312595    0.0004308952    0.0004305314    0.0004301660
  0.0004298032    0.0004294388    0.0004290730    0.0004287119    0.0004283473
  0.0004279833    0.0004276201    0.0004272555    0.0004268916    0.0004265285
  0.0004261662    0.0004258027    0.0004254380    0.0004250762    0.0004247132
  0.0004243492    0.0004239862    0.0004236222    0.0004232591    0.0004228952
  0.0004225322    0.0004221703    0.0004218057    0.0004214423    0.0004210780
  0.0004207149    0.0004203512    0.0004199886    0.0004196236    0.0004192598
  0.0004188956    0.0004185326    0.0004181691    0.0004178034    0.0004174390
  0.0004170743    0.0004167092    0.0004163456    0.0004159783    0.0004156141
  0.0004152498    0.0004148835    0.0004145188    0.0004141505    0.0004137856
  0.0004134190    0.0004130523    0.0004126841    0.0004123175    0.0004119493
  0.0004115829    0.0004112134    0.0004108457    0.0004104766    0.0004101078
  0.0004097392    0.0004093694    0.0004089998    0.0004086291    0.0004082588
  0.0004078874    0.0004075165    0.0004071445    0.0004067730    0.0004064006
  0.0004060273    0.0004056531    0.0004052811    0.0004049068    0.0004045317
  0.0004041887    0.0004038150    0.0004034381    0.0004031122    0.0004031122
  0.0004031122    0.0004031122    0.0004031122    0.0004031122    0.0004031122
  0.0004031122    0.0004031122    0.0004031122    0.0004031122    0.0004031122
  0.0004031122    0.0004031122    0.0004031122    0.0004031122    0.0004031122
  0.0016584659    0.0016553165    0.0016484897    0.0016404425    0.0016319468
  0.0016232339    0.0016144142    0.0016055216    0.0015965878    0.0015876254
  0.0015786380    0.0015696301    0.0015606128    0.0015515806    0.0015425341
  0.0015334848    0.0015244228    0.0015153596    0.0015062855    0.0014972069
  0.0014881196    0.0014790300    0.0014699340    0.0014608327    0.0014517275
  0.0014426195    0.0014335049    0.0014243852    0.0014152615    0.0014061351
  0.0013969978    0.0013878656    0.0013787251    0.0013695827    0.0013604305
  0.0013512793    0.0013421211    0.0013329669    0.0013238043    0.0013146351
  0.0013054651    0.0012962873    0.0012871076    0.0012779278    0.0012687408
  0.0012595527    0.0012503567    0.0012411588    0.0012319568    0.0012227566
  0.0012135476    0.0012043359    0.0011951154    0.0011858963    0.0011766725
  0.0011674420    0.0011582151    0.0011489782    0.0011397412    0.0011304950
  0.0011212495    0.0011119957    0.0011027435    0.0010934807    0.0010842170
  0.0010749515    0.0010656759    0.0010564004    0.0010471201    0.0010378314
  0.0010285437    0.0010192500    0.0010099499    0.0010006462    0.0009913359
  0.0009820221    0.0009726984    0.0009633716    0.0009540450    0.0009447037
  0.0009353604    0.0009260132    0.0009166566    0.0009072977    0.0008979316
  0.0008885515    0.0008791674    0.0008697807    0.0008603824    0.0008509769
  0.0008415615    0.0008321356    0.0008227023    0.0008132588    0.0008038058
  0.0007943439    0.0007848695    0.0007753814    0.0007658837    0.0007563710
  0.0007468461    0.0007373044    0.0007277515    0.0007181793    0.0007085900
  0.0006989831    0.0006893613    0.0006797115    0.0006700432    0.0006603507
  0.0006506352    0.0006408904    0.0006311210    0.0006213156    0.0006114850
  0.0006016152    0.0005917075    0.0005817584    0.0005717701    0.0005617276
  0.0005516391    0.0005414937    0.0005312821    0.0005210079    0.0005120786
  0.0005116803    0.0005112818    0.0005108836    0.0005104854    0.0005100873
  0.0005096894    0.0005092947    0.0005088972    0.0005085029    0.0005081058
  0.0005077119    0.0005073183    0.0005069250    0.0005065319    0.0005061362
  0.0005057437    0.0005053546    0.0005049629    0.0005045715    0.0005041805
  0.0005037900    0.0005033999    0.0005030102    0.0005026210    0.0005022322
  0.0005018440    0.0005014562    0.0005010662    0.0005006795    0.0005002934
  0.0004999079    0.0004995202    0.0004991359    0.0004987494    0.0004983651
  0.0004979800    0.0004975955    0.0004972117    0.0004968287    0.0004964464
  0.0004960620    0.0004956813    0.0004952985    0.0004949165    0.0004945354
  0.0004941524    0.0004937729    0.0004933917    0.0004930113    0.0004926318
  0.0004922533    0.0004918729    0.0004914936    0.0004911153    0.0004907379
  0.0004903589    0.0004899809    0.0004896040    0.0004892281    0.0004888506
  0.0004884743    0.0004880965    0.0004877224    0.0004873468    0.0004869699
  0.0004865941    0.0004862195    0.0004858462    0.0004854689    0.0004850955
  0.0004847233    0.0004843474    0.0004839728    0.0004835994    0.0004832275
  0.0004828543    0.0004824801    0.0004821072    0.0004817358    0.0004813633
  0.0004809922    0.0004806201    0.0004802471    0.0004798756    0.0004795032
  0.0004791346    0.0004787628    0.0004783902    0.0004780191    0.0004776497
  0.0004772795    0.0004769085    0.0004765391    0.0004761668    0.0004757961
  0.0004754271    0.0004750575    0.0004746873    0.0004743166    0.0004739476
  0.0004735781    0.0004732081    0.0004728399    0.0004724690    0.0004721000
  0.0004717305    0.0004713630    0.0004709929    0.0004706225    0.0004702540
  0.0004698852    0.0004695163    0.0004691471    0.0004687777    0.0004684082
  0.0004680385    0.0004676688    0.0004673011    0.0004669312    0.0004665613
  0.0004661935    0.0004658215    0.0004654537    0.0004650840    0.0004647143
  0.0004643447    0.0004639753    0.0004636060    0.0004632350    0.0004628661
  0.0004624955    0.0004621252    0.0004617552    0.0004613854    0.0004610141
  0.0004606431    0.0004602725    0.0004599004    0.0004595287    0.0004591594
  0.0004587868    0.0004584147    0.0004580431    0.0004576721    0.0004572979
  0.0004569262    0.0004565533    0.0004561810    0.0004558076    0.0004554348
  0.0004550592    0.0004546861    0.0004543120    0.0004539369    0.0004535627
  0.0004531875    0.0004528131    0.0004524379    0.0004520619    0.0004516851
  0.0004513075    0.0004509309    0.0004505536    0.0004501756    0.0004497970
  0.0004494195    0.0004490397    0.0004486610    0.0004482819    0.0004479023
  0.0004475205    0.0004471400    0.0004467591    0.0004463762    0.0004459963
  0.0017909769    0.0017883158    0.0017821328    0.0017745093    0.0017663004
  0.0017578039    0.0017491494    0.0017403973    0.0017315898    0.0017227320
  0.0017138442    0.0017049364    0.0016960074    0.0016870629    0.0016781027
  0.0016691330    0.0016601543    0.0016511671    0.0016421663    0.0016331644
  0.0016241562    0.0016151370    0.0016061136    0.0015970867    0.0015880573
  0.0015790154    0.0015699731    0.0015609260    0.0015518750    0.0015428161
  0.0015337557    0.0015246895    0.0015156188    0.0015065447    0.0014974686
  0.0014883811    0.0014792991    0.0014702085    0.0014611155    0.0014520166
  0.0014429130    0.0014338110    0.0014246973    0.0014155831    0.0014064696
  0.0013973487    0.0013882267    0.0013790955    0.0013699662    0.0013608307
  0.0013516908    0.0013425480    0.0013333994    0.0013242511    0.0013150957
  0.0013059396    0.0012967754    0.0012876094    0.0012784434    0.0012692704
  0.0012600883    0.0012509114    0.0012417290    0.0012325390    0.0012233476
  0.0012141524    0.0012049479    0.0011957477    0.0011865422    0.0011773297
  0.0011681123    0.0011588924    0.0011496683    0.0011404352    0.0011312062
  0.0011219655    0.0011127230    0.0011034740    0.0010942245    0.0010849700
  0.0010757098    0.0010664400    0.0010571667    0.0010478961    0.0010386076
  0.0010293244    0.0010200298    0.0010107303    0.0010014259    0.0009921137
  0.0009827970    0.0009734731    0.0009641428    0.0009548036    0.0009454593
  0.0009361080    0.0009267508    0.0009173802    0.0009080065    0.0008986197
  0.0008892273    0.0008798232    0.0008704094    0.0008609880    0.0008515514
  0.0008421073    0.0008326534    0.0008231806    0.0008136996    0.0008042044
  0.0007946940    0.0007851703    0.0007756284    0.0007660708    0.0007564960
  0.0007469027    0.0007372900    0.0007276556    0.0007179999    0.0007083236
  0.0006986177    0.0006888844    0.0006791283    0.0006693355    0.0006595153
  0.0006496616    0.0006397654    0.0006298363    0.0006198629    0.0006098416
  0.0005997718    0.0005896495    0.0005794691    0.0005692266    0.0005589160
  0.0005580681    0.0005576690    0.0005572691    0.0005568685    0.0005564705
  0.0005560718    0.0005556724    0.0005552757    0.0005548783    0.0005544803
  0.0005540850    0.0005536858    0.0005532925    0.0005528955    0.0005525011
  0.0005521063    0.0005517109    0.0005513183    0.0005509220    0.0005505316
  0.0005501376    0.0005497432    0.0005493516    0.0005489596    0.0005485703
  0.0005481776    0.0005477877    0.0005473975    0.0005470070    0.0005466162
  0.0005462282    0.0005458369    0.0005454485    0.0005450599    0.0005446710
  0.0005442850    0.0005438959    0.0005435096    0.0005431219    0.0005427355
  0.0005423489    0.0005419652    0.0005415785    0.0005411918    0.0005408080
  0.0005404242    0.0005400375    0.0005396537    0.0005392700    0.0005388863
  0.0005385028    0.0005381193    0.0005377359    0.0005373527    0.0005369725
  0.0005365895    0.0005362068    0.0005358242    0.0005354447    0.0005350655
  0.0005346808    0.0005343020    0.0005339207    0.0005335425    0.0005331618
  0.0005327814    0.0005324014    0.0005320218    0.0005316425    0.0005312636
  0.0005308851    0.0005305070    0.0005301294    0.0005297496    0.0005293729
  0.0005289967    0.0005286156    0.0005282405    0.0005278631    0.0005274864
  0.0005271076    0.0005267320    0.0005263544    0.0005259774    0.0005256010
  0.0005252253    0.0005248503    0.0005244734    0.0005240972    0.0005237217
  0.0005233469    0.0005229703    0.0005225946    0.0005222221    0.0005218454
  0.0005214695    0.0005210944    0.0005207202    0.0005203443    0.0005199719
  0.0005195953    0.0005192222    0.0005188450    0.0005184713    0.0005180961
  0.0005177219    0.0005173486    0.0005169740    0.0005166004    0.0005162254
  0.0005158515    0.0005154763    0.0005151022    0.0005147269    0.0005143527
  0.0005139796    0.0005136053    0.0005132323    0.0005128580    0.0005124827
  0.0005121086    0.0005117334    0.0005113595    0.0005109846    0.0005106110
  0.0005102364    0.0005098631    0.0005094867    0.0005091116    0.0005087379
  0.0005083634    0.0005079881    0.0005076119    0.0005072372    0.0005068618
  0.0005064857    0.0005061110    0.0005057357    0.0005053576    0.0005049832
  0.0005046060    0.0005042304    0.0005038543    0.0005034776    0.0005031005
  0.0005027250    0.0005023469    0.0005019706    0.0005015938    0.0005012146
  0.0005008371    0.0005004572    0.0005000791    0.0004997028    0.0004993241
  0.0004989453    0.0004985642    0.0004981850    0.0004978056    0.0004974261
  0.0004970465    0.0004966649    0.0004962851    0.0004959034    0.0004955217
  0.0019225431    0.0019202746    0.0019147101    0.0019075659    0.0018996777
  0.0018914292    0.0018829645    0.0018743731    0.0018657016    0.0018569656
  0.0018481915    0.0018393820    0.0018305478    0.0018216879    0.0018128205
  0.0018039328    0.0017950313    0.0017861285    0.0017772063    0.0017682775
  0.0017593428    0.0017504028    0.0017414522    0.0017324977    0.0017235342
  0.0017145684    0.0017055953    0.0016966158    0.0016876366    0.0016786470
  0.0016696538    0.0016606578    0.0016516544    0.0016426503    0.0016336407
  0.0016246268    0.0016156096    0.0016065847    0.0015975584    0.0015885321
  0.0015794959    0.0015704563    0.0015614147    0.0015523718    0.0015433187
  0.0015342667    0.0015252068    0.0015161505    0.0015070837    0.0014980178
  0.0014889440    0.0014798685    0.0014707879    0.0014617082    0.0014526163
  0.0014435279    0.0014344350    0.0014253388    0.0014162360    0.0014071330
  0.0013980219    0.0013889086    0.0013797948    0.0013706774    0.0013615536
  0.0013524247    0.0013432972    0.0013341593    0.0013250173    0.0013158811
  0.0013067314    0.0012975824    0.0012884278    0.0012792692    0.0012701086
  0.0012609436    0.0012517683    0.0012426007    0.0012334186    0.0012242360
  0.0012150476    0.0012058587    0.0011966641    0.0011874658    0.0011782590
  0.0011690493    0.0011598391    0.0011506162    0.0011413940    0.0011321642
  0.0011229292    0.0011136918    0.0011044473    0.0010951954    0.0010859355
  0.0010766769    0.0010674094    0.0010581357    0.0010488558    0.0010395694
  0.0010302767    0.0010209809    0.0010116698    0.0010023592    0.0009930343
  0.0009837020    0.0009743685    0.0009650178    0.0009556647    0.0009462994
  0.0009369259    0.0009275432    0.0009181471    0.0009087449    0.0008993281
  0.0008898989    0.0008804623    0.0008710105    0.0008615437    0.0008520652
  0.0008425682    0.0008330657    0.0008235357    0.0008139937    0.0008044348
  0.0007948521    0.0007852570    0.0007756394    0.0007659922    0.0007563273
  0.0007466386    0.0007369184    0.0007271759    0.0007174006    0.0007075949
  0.0006977556    0.0006878758    0.0006779611    0.0006680110    0.0006580121
  0.0006479642    0.0006378617    0.0006277192    0.0006175036    0.0006072317
  0.0006047789    0.0006043800    0.0006039760    0.0006035775    0.0006031775
  0.0006027761    0.0006023768    0.0006019760    0.0006015773    0.0006011806
  0.0006007826    0.0006003832    0.0005999860    0.0005995874    0.0005991909
  0.0005987932    0.0005983976    0.0005980007    0.0005976060    0.0005972100
  0.0005968162    0.0005964213    0.0005960285    0.0005956345    0.0005952395
  0.0005948466    0.0005944526    0.0005940609    0.0005936681    0.0005932742
  0.0005928826    0.0005924900    0.0005920996    0.0005917083    0.0005913192
  0.0005909292    0.0005905382    0.0005901463    0.0005897567    0.0005893695
  0.0005889782    0.0005885879    0.0005882013    0.0005878107    0.0005874224
  0.0005870366    0.0005866468    0.0005862593    0.0005858743    0.0005854886
  0.0005851022    0.0005847150    0.0005843272    0.0005839418    0.0005835558
  0.0005831692    0.0005827850    0.0005824003    0.0005820149    0.0005816290
  0.0005812456    0.0005808617    0.0005804773    0.0005800954    0.0005797099
  0.0005793271    0.0005789437    0.0005785600    0.0005781788    0.0005777943
  0.0005774123    0.0005770300    0.0005766473    0.0005762643    0.0005758839
  0.0005755032    0.0005751192    0.0005747380    0.0005743565    0.0005739776
  0.0005735957    0.0005732135    0.0005728340    0.0005724515    0.0005720717
  0.0005716918    0.0005713117    0.0005709315    0.0005705513    0.0005701709
  0.0005697906    0.0005694129    0.0005690325    0.0005686520    0.0005682716
  0.0005678939    0.0005675136    0.0005671333    0.0005667558    0.0005663757
  0.0005659984    0.0005656185    0.0005652415    0.0005648592    0.0005644824
  0.0005641032    0.0005637242    0.0005633454    0.0005629669    0.0005625886
  0.0005622105    0.0005618302    0.0005614528    0.0005610730    0.0005606936
  0.0005603172    0.0005599385    0.0005595602    0.0005591823    0.0005588023
  0.0005584227    0.0005580436    0.0005576650    0.0005572868    0.0005569091
  0.0005565294    0.0005561503    0.0005557717    0.0005553912    0.0005550138
  0.0005546344    0.0005542557    0.0005538752    0.0005534953    0.0005531161
  0.0005527352    0.0005523573    0.0005519778    0.0005515966    0.0005512185
  0.0005508364    0.0005504575    0.0005500770    0.0005496949    0.0005493137
  0.0005489334    0.0005485539    0.0005481729    0.0005477905    0.0005474090
  0.0005470285    0.0005466466    0.0005462656    0.0005458811    0.0005454998
  0.0020531970    0.0020512529    0.0020462797    0.0020396220    0.0020321041
  0.0020241273    0.0020158814    0.0020074736    0.0019989484    0.0019903464
  0.0019816935    0.0019729911    0.0019642562    0.0019555004    0.0019467154
  0.0019379207    0.0019291025    0.0019202742    0.0019114357    0.0019025808
  0.0018937229    0.0018848558    0.0018759802    0.0018670967    0.0018582058
  0.0018493082    0.0018404046    0.0018314958    0.0018225824    0.0018136652
  0.0018047389    0.0017958103    0.0017868743    0.0017779377    0.0017689952
  0.0017600420    0.0017510965    0.0017421361    0.0017331793    0.0017242095
  0.0017152450    0.0017062696    0.0016972956    0.0016883182    0.0016793328
  0.0016703461    0.0016613534    0.0016523558    0.0016433544    0.0016343557
  0.0016253497    0.0016163376    0.0016073207    0.0015983051    0.0015892817
  0.0015802618    0.0015712310    0.0015622010    0.0015531626    0.0015441270
  0.0015350806    0.0015260345    0.0015169851    0.0015079334    0.0014988710
  0.0014898140    0.0014807443    0.0014716823    0.0014626055    0.0014535344
  0.0014444517    0.0014353725    0.0014262801    0.0014171941    0.0014080979
  0.0013990020    0.0013898989    0.0013807949    0.0013716824    0.0013625723
  0.0013534569    0.0013443341    0.0013352055    0.0013260770    0.0013169421
  0.0013078025    0.0012986642    0.0012895208    0.0012803661    0.0012712144
  0.0012620513    0.0012528909    0.0012437195    0.0012345472    0.0012253680
  0.0012161883    0.0012070063    0.0011978128    0.0011886109    0.0011794061
  0.0011702008    0.0011609866    0.0011517665    0.0011425425    0.0011333105
  0.0011240766    0.0011148300    0.0011055801    0.0010963264    0.0010870621
  0.0010777900    0.0010685135    0.0010592291    0.0010499400    0.0010406372
  0.0010313271    0.0010220132    0.0010126841    0.0010033522    0.0009940096
  0.0009846543    0.0009752905    0.0009659137    0.0009565280    0.0009471298
  0.0009377233    0.0009282997    0.0009188665    0.0009094155    0.0008999494
  0.0008904756    0.0008809821    0.0008714723    0.0008619444    0.0008524021
  0.0008428353    0.0008332480    0.0008236426    0.0008140185    0.0008043702
  0.0007946923    0.0007849904    0.0007752600    0.0007654994    0.0007557094
  0.0007458872    0.0007360289    0.0007261370    0.0007161996    0.0007062262
  0.0006961982    0.0006861277    0.0006760070    0.0006658281    0.0006555906
  0.0006517926    0.0006513897    0.0006509882    0.0006505882    0.0006501860
  0.0006497853    0.0006493824    0.0006489848    0.0006485813    0.0006481831
  0.0006477828    0.0006473841    0.0006469869    0.0006465877    0.0006461865
  0.0006457904    0.0006453924    0.0006449960    0.0006445977    0.0006442009
  0.0006438023    0.0006434053    0.0006430100    0.0006426163    0.0006422208
  0.0006418234    0.0006414277    0.0006410337    0.0006406379    0.0006402439
  0.0006398515    0.0006394575    0.0006390651    0.0006386710    0.0006382787
  0.0006378847    0.0006374925    0.0006371021    0.0006367100    0.0006363163
  0.0006359244    0.0006355344    0.0006351427    0.0006347529    0.0006343602
  0.0006339707    0.0006335797    0.0006331905    0.0006327999    0.0006324112
  0.0006320210    0.0006316328    0.0006312430    0.0006308553    0.0006304661
  0.0006300756    0.0006296903    0.0006293004    0.0006289125    0.0006285232
  0.0006281392    0.0006277506    0.0006273641    0.0006269763    0.0006265905
  0.0006262035    0.0006258153    0.0006254292    0.0006250419    0.0006246598
  0.0006242703    0.0006238860    0.0006235006    0.0006231172    0.0006227297
  0.0006223442    0.0006219609    0.0006215765    0.0006211911    0.0006208048
  0.0006204206    0.0006200355    0.0006196525    0.0006192685    0.0006188837
  0.0006185011    0.0006181176    0.0006177332    0.0006173510    0.0006169650
  0.0006165812    0.0006161996    0.0006158173    0.0006154342    0.0006150503
  0.0006146658    0.0006142835    0.0006139005    0.0006135198    0.0006131354
  0.0006127534    0.0006123708    0.0006119875    0.0006116036    0.0006112221
  0.0006108400    0.0006104574    0.0006100742    0.0006096934    0.0006093093
  0.0006089275    0.0006085424    0.0006081625    0.0006077794    0.0006073987
  0.0006070147    0.0006066332    0.0006062513    0.0006058691    0.0006054865
  0.0006051036    0.0006047204    0.0006043370    0.0006039560    0.0006035720
  0.0006031905    0.0006028088    0.0006024241    0.0006020420    0.0006016597
  0.0006012746    0.0006008947    0.0006005093    0.0006001265    0.0005997436
  0.0005993606    0.0005989776    0.0005985945    0.0005982113    0.0005978282
  0.0005974424    0.0005970593    0.0005966763    0.0005962933    0.0005959077
  0.0021829872    0.0021813144    0.0021768689    0.0021707111    0.0021635868
  0.0021559177    0.0021479167    0.0021397041    0.0021313504    0.0021228953
  0.0021143706    0.0021057905    0.0020971645    0.0020885111    0.0020798209
  0.0020711139    0.0020623821    0.0020536392    0.0020448778    0.0020361119
  0.0020273277    0.0020185324    0.0020097263    0.0020009166    0.0019920970
  0.0019832680    0.0019744368    0.0019655974    0.0019567503    0.0019479027
  0.0019390422    0.0019301825    0.0019213113    0.0019124358    0.0019035568
  0.0018946812    0.0018857908    0.0018768990    0.0018680003    0.0018591018
  0.0018501979    0.0018412895    0.0018323775    0.0018234626    0.0018145396
  0.0018056214    0.0017966909    0.0017877609    0.0017788205    0.0017698823
  0.0017609356    0.0017519928    0.0017430433    0.0017340881    0.0017251281
  0.0017161701    0.0017071980    0.0016982353    0.0016892606    0.0016802861
  0.0016713019    0.0016623199    0.0016533356    0.0016443448    0.0016353540
  0.0016263535    0.0016173552    0.0016083495    0.0015993429    0.0015903313
  0.0015813161    0.0015722982    0.0015632741    0.0015542497    0.0015452164
  0.0015361855    0.0015271482    0.0015181061    0.0015090650    0.0015000216
  0.0014909677    0.0014819142    0.0014728533    0.0014637907    0.0014547233
  0.0014456572    0.0014365804    0.0014275034    0.0014184229    0.0014093320
  0.0014002453    0.0013911513    0.0013820516    0.0013729523    0.0013638423
  0.0013547357    0.0013456221    0.0013365029    0.0013273761    0.0013182475
  0.0013091149    0.0012999763    0.0012908336    0.0012816927    0.0012725397
  0.0012633849    0.0012542186    0.0012450509    0.0012358799    0.0012267002
  0.0012175183    0.0012083287    0.0011991340    0.0011899329    0.0011807280
  0.0011715115    0.0011622925    0.0011530635    0.0011438340    0.0011345900
  0.0011253375    0.0011160861    0.0011068258    0.0010975527    0.0010882737
  0.0010789821    0.0010696844    0.0010603810    0.0010510660    0.0010417398
  0.0010324063    0.0010230630    0.0010137051    0.0010043366    0.0009949560
  0.0009855698    0.0009761607    0.0009667437    0.0009573099    0.0009478639
  0.0009384030    0.0009289239    0.0009194298    0.0009099179    0.0009003891
  0.0008908437    0.0008812694    0.0008716828    0.0008620681    0.0008524334
  0.0008427700    0.0008330891    0.0008233744    0.0008136292    0.0008038613
  0.0007940541    0.0007842162    0.0007743408    0.0007644258    0.0007544749
  0.0007444740    0.0007344288    0.0007243356    0.0007141876    0.0007039832
  0.0006990907    0.0006986855    0.0006982851    0.0006978817    0.0006974795
  0.0006970782    0.0006966741    0.0006962750    0.0006958730    0.0006954721
  0.0006950724    0.0006946698    0.0006942722    0.0006938718    0.0006934726
  0.0006930706    0.0006926736    0.0006922740    0.0006918755    0.0006914781
  0.0006910781    0.0006906831    0.0006902855    0.0006898853    0.0006894900
  0.0006890922    0.0006886956    0.0006883003    0.0006879024    0.0006875058
  0.0006871141    0.0006867163    0.0006863198    0.0006859245    0.0006855305
  0.0006851378    0.0006847427    0.0006843489    0.0006839527    0.0006835616
  0.0006831681    0.0006827723    0.0006823815    0.0006819884    0.0006815967
  0.0006812027    0.0006808102    0.0006804175    0.0006800242    0.0006796322
  0.0006792416    0.0006788490    0.0006784577    0.0006780679    0.0006776760
  0.0006772855    0.0006768930    0.0006765054    0.0006761158    0.0006757242
  0.0006753341    0.0006749455    0.0006745550    0.0006741659    0.0006737749
  0.0006733854    0.0006729975    0.0006726077    0.0006722195    0.0006718294
  0.0006714442    0.0006710539    0.0006706651    0.0006702779    0.0006698890
  0.0006695017    0.0006691159    0.0006687252    0.0006683393    0.0006679518
  0.0006675626    0.0006671751    0.0006667893    0.0006664017    0.0006660159
  0.0006656285    0.0006652396    0.0006648555    0.0006644700    0.0006640796
  0.0006636942    0.0006633074    0.0006629222    0.0006625356    0.0006621508
  0.0006617645    0.0006613768    0.0006609908    0.0006606035    0.0006602181
  0.0006598312    0.0006594493    0.0006590598    0.0006586753    0.0006582894
  0.0006579054    0.0006575171    0.0006571337    0.0006567491    0.0006563602
  0.0006559762    0.0006555911    0.0006552048    0.0006548204    0.0006544318
  0.0006540482    0.0006536635    0.0006532747    0.0006528909    0.0006525060
  0.0006521201    0.0006517331    0.0006513482    0.0006509622    0.0006505753
  0.0006501904    0.0006498046    0.0006494207    0.0006490331    0.0006486445
  0.0006482609    0.0006478736    0.0006474883    0.0006470993    0.0006467152
  0.0023119611    0.0023105016    0.0023065354    0.0023008622    0.0022941592
  0.0022868149    0.0022790869    0.0022710949    0.0022629238    0.0022546342
  0.0022462493    0.0022377974    0.0022292948    0.0022207444    0.0022121584
  0.0022035421    0.0021949090    0.0021862508    0.0021775741    0.0021688787
  0.0021601718    0.0021514605    0.0021427306    0.0021339894    0.0021252445
  0.0021164889    0.0021077233    0.0020989549    0.0020901702    0.0020813909
  0.0020725964    0.0020638011    0.0020549988    0.0020461901    0.0020373756
  0.0020285558    0.0020197315    0.0020109099    0.0020020783    0.0019932375
  0.0019843948    0.0019755507    0.0019666996    0.0019578485    0.0019489854
  0.0019401238    0.0019312581    0.0019223888    0.0019135170    0.0019046369
  0.0018957557    0.0018868680    0.0018779806    0.0018690824    0.0018601860
  0.0018512924    0.0018423843    0.0018334807    0.0018245644    0.0018156541
  0.0018067331    0.0017978137    0.0017888855    0.0017799551    0.0017710291
  0.0017620913    0.0017531484    0.0017442070    0.0017352623    0.0017263099
  0.0017173617    0.0017084079    0.0016994438    0.0016904815    0.0016815113
  0.0016725448    0.0016635724    0.0016545902    0.0016456096    0.0016366264
  0.0016276368    0.0016186417    0.0016096526    0.0016006504    0.0015916513
  0.0015826417    0.0015736326    0.0015646205    0.0015556015    0.0015465818
  0.0015375628    0.0015285315    0.0015195031    0.0015104655    0.0015014196
  0.0014923809    0.0014833323    0.0014742798    0.0014652249    0.0014561692
  0.0014471006    0.0014380341    0.0014289624    0.0014198873    0.0014108057
  0.0014017193    0.0013926301    0.0013835355    0.0013744410    0.0013653363
  0.0013562313    0.0013471195    0.0013380031    0.0013288759    0.0013197515
  0.0013106163    0.0013014799    0.0012923368    0.0012831852    0.0012740347
  0.0012648763    0.0012557086    0.0012465370    0.0012373571    0.0012281707
  0.0012189808    0.0012097786    0.0012005776    0.0011913658    0.0011821463
  0.0011729185    0.0011636878    0.0011544411    0.0011451936    0.0011359325
  0.0011266640    0.0011173845    0.0011081006    0.0010988024    0.0010894970
  0.0010801840    0.0010708583    0.0010615173    0.0010521650    0.0010428075
  0.0010334288    0.0010240386    0.0010146384    0.0010052232    0.0009957928
  0.0009863485    0.0009768868    0.0009674102    0.0009579126    0.0009483948
  0.0009388639    0.0009293104    0.0009197374    0.0009101389    0.0009005204
  0.0008908769    0.0008812097    0.0008715120    0.0008617865    0.0008520335
  0.0008422454    0.0008324299    0.0008225706    0.0008126832    0.0008027530
  0.0007927791    0.0007827613    0.0007726970    0.0007625775    0.0007524173
  0.0007466510    0.0007462486    0.0007458465    0.0007454410    0.0007450401
  0.0007446357    0.0007442361    0.0007438329    0.0007434303    0.0007430284
  0.0007426271    0.0007422265    0.0007418265    0.0007414271    0.0007410244
  0.0007406264    0.0007402250    0.0007398243    0.0007394243    0.0007390251
  0.0007386265    0.0007382287    0.0007378276    0.0007374312    0.0007370316
  0.0007366327    0.0007362346    0.0007358373    0.0007354408    0.0007350450
  0.0007346461    0.0007342519    0.0007338546    0.0007334582    0.0007330586
  0.0007326638    0.0007322698    0.0007318728    0.0007314767    0.0007310814
  0.0007306870    0.0007302896    0.0007298970    0.0007295014    0.0007291067
  0.0007287129    0.0007283201    0.0007279244    0.0007275334    0.0007271343
  0.0007267414    0.0007263495    0.0007259548    0.0007255648    0.0007251721
  0.0007247766    0.0007243859    0.0007239924    0.0007236000    0.0007232085
  0.0007228181    0.0007224251    0.0007220331    0.0007216421    0.0007212486
  0.0007208561    0.0007204647    0.0007200744    0.0007196852    0.0007192934
  0.0007189028    0.0007185097    0.0007181213    0.0007177304    0.0007173407
  0.0007169485    0.0007165575    0.0007161677    0.0007157791    0.0007153881
  0.0007149982    0.0007146096    0.0007142186    0.0007138289    0.0007134404
  0.0007130530    0.0007126635    0.0007122717    0.0007118811    0.0007114953
  0.0007111039    0.0007107171    0.0007103282    0.0007099372    0.0007095474
  0.0007091590    0.0007087718    0.0007083826    0.0007079947    0.0007076048
  0.0007072162    0.0007068290    0.0007064397    0.0007060518    0.0007056620
  0.0007052735    0.0007048864    0.0007044975    0.0007041099    0.0007037204
  0.0007033323    0.0007029424    0.0007025572    0.0007021669    0.0007017781
  0.0007013907    0.0007010016    0.0007006139    0.0007002245    0.0006998365
  0.0006994469    0.0006990588    0.0006986690    0.0006982807    0.0006978907
  0.0024401425    0.0024388647    0.0024353181    0.0024301153    0.0024238284
  0.0024168399    0.0024093947    0.0024016463    0.0023936871    0.0023855690
  0.0023773457    0.0023690368    0.0023606498    0.0023522186    0.0023437391
  0.0023352319    0.0023266870    0.0023181187    0.0023095337    0.0023009234
  0.0022922953    0.0022836644    0.0022750075    0.0022663477    0.0022576698
  0.0022489816    0.0022402909    0.0022315904    0.0022228805    0.0022141544
  0.0022054343    0.0021967061    0.0021879629    0.0021792199    0.0021704703
  0.0021617145    0.0021529532    0.0021441939    0.0021354231    0.0021266414
  0.0021178634    0.0021090826    0.0021002927    0.0020914945    0.0020827023
  0.0020738961    0.0020650902    0.0020562852    0.0020474685    0.0020386538
  0.0020298289    0.0020210009    0.0020121704    0.0020033383    0.0019945050
  0.0019856651    0.0019768191    0.0019679678    0.0019591184    0.0019502651
  0.0019414089    0.0019325441    0.0019236778    0.0019148109    0.0019059379
  0.0018970595    0.0018881828    0.0018792966    0.0018704134    0.0018615224
  0.0018526244    0.0018437320    0.0018348344    0.0018259265    0.0018170210
  0.0018081129    0.0017991974    0.0017902811    0.0017813595    0.0017724333
  0.0017635035    0.0017545766    0.0017456428    0.0017367080    0.0017277629
  0.0017188192    0.0017098725    0.0017009185    0.0016919634    0.0016830033
  0.0016740393    0.0016650723    0.0016561034    0.0016471340    0.0016381547
  0.0016291771    0.0016201921    0.0016112107    0.0016022148    0.0015932202
  0.0015842184    0.0015752201    0.0015662123    0.0015571968    0.0015481883
  0.0015391651    0.0015301472    0.0015211219    0.0015120908    0.0015030597
  0.0014940168    0.0014849767    0.0014759276    0.0014668754    0.0014578221
  0.0014487598    0.0014396951    0.0014306289    0.0014215551    0.0014124749
  0.0014033902    0.0013942986    0.0013852059    0.0013761137    0.0013670041
  0.0013578943    0.0013487792    0.0013396637    0.0013305347    0.0013214019
  0.0013122672    0.0013031175    0.0012939701    0.0012848123    0.0012756533
  0.0012664814    0.0012573020    0.0012481141    0.0012389268    0.0012297290
  0.0012205161    0.0012113044    0.0012020861    0.0011928537    0.0011836169
  0.0011743683    0.0011651081    0.0011558384    0.0011465599    0.0011372748
  0.0011279743    0.0011186646    0.0011093456    0.0011000151    0.0010906674
  0.0010813093    0.0010719383    0.0010625557    0.0010531536    0.0010437418
  0.0010343130    0.0010248693    0.0010154063    0.0010059289    0.0009964286
  0.0009869099    0.0009773730    0.0009678198    0.0009582337    0.0009486349
  0.0009390046    0.0009293535    0.0009196731    0.0009099660    0.0009002288
  0.0008904682    0.0008806672    0.0008708330    0.0008609666    0.0008510573
  0.0008411113    0.0008311204    0.0008210844    0.0008109984    0.0008008648
  0.0007944694    0.0007940618    0.0007936585    0.0007932553    0.0007928523
  0.0007924495    0.0007920469    0.0007916444    0.0007912422    0.0007908401
  0.0007904382    0.0007900366    0.0007896352    0.0007892340    0.0007888331
  0.0007884324    0.0007880319    0.0007876318    0.0007872276    0.0007868280
  0.0007864287    0.0007860296    0.0007856309    0.0007852282    0.0007848301
  0.0007844323    0.0007840349    0.0007836336    0.0007832368    0.0007828362
  0.0007824402    0.0007820403    0.0007816450    0.0007812460    0.0007808473
  0.0007804491    0.0007800554    0.0007796580    0.0007792610    0.0007788644
  0.0007784683    0.0007780727    0.0007776734    0.0007772787    0.0007768845
  0.0007764866    0.0007760893    0.0007756965    0.0007753003    0.0007749045
  0.0007745092    0.0007741145    0.0007737187    0.0007733251    0.0007729320
  0.0007725355    0.0007721435    0.0007717482    0.0007713535    0.0007709593
  0.0007705658    0.0007701729    0.0007697767    0.0007693850    0.0007689900
  0.0007685957    0.0007682059    0.0007678128    0.0007674167    0.0007670250
  0.0007666340    0.0007662398    0.0007658502    0.0007654536    0.0007650616
  0.0007646703    0.0007642796    0.0007638860    0.0007634931    0.0007631009
  0.0007627095    0.0007623189    0.0007619252    0.0007615324    0.0007611440
  0.0007607528    0.0007603587    0.0007599690    0.0007595765    0.0007591848
  0.0007587939    0.0007584039    0.0007580111    0.0007576227    0.0007572280
  0.0007568377    0.0007564447    0.0007560563    0.0007556651    0.0007552747
  0.0007548818    0.0007544933    0.0007541021    0.0007537119    0.0007533191
  0.0007529308    0.0007525398    0.0007521464    0.0007517574    0.0007513659
  0.0007509753    0.0007505858    0.0007501937    0.0007498027    0.0007494127
  0.0025675779    0.0025664513    0.0025632727    0.0025585114    0.0025526330
  0.0025460082    0.0025388711    0.0025313888    0.0025236456    0.0025157265
  0.0025076682    0.0024995059    0.0024912624    0.0024829553    0.0024745958
  0.0024661882    0.0024577546    0.0024492762    0.0024407844    0.0024322617
  0.0024237236    0.0024151615    0.0024065830    0.0023979960    0.0023894003
  0.0023807881    0.0023721595    0.0023635303    0.0023548851    0.0023462398
  0.0023375791    0.0023289112    0.0023202364    0.0023115550    0.0023028676
  0.0022941821    0.0022854837    0.0022767806    0.0022680659    0.0022593547
  0.0022506401    0.0022419154    0.0022331811    0.0022244523    0.0022157150
  0.0022069697    0.0021982243    0.0021894721    0.0021807138    0.0021719569
  0.0021631950    0.0021544287    0.0021456587    0.0021368854    0.0021281027
  0.0021193181    0.0021105322    0.0021017455    0.0020929521    0.0020841525
  0.0020753540    0.0020665509    0.0020577436    0.0020489329    0.0020401129
  0.0020312974    0.0020224741    0.0020136503    0.0020048200    0.0019959906
  0.0019871500    0.0019783178    0.0019694761    0.0019606257    0.0019517735
  0.0019429203    0.0019340667    0.0019252137    0.0019163439    0.0019074821
  0.0018986115    0.0018897443    0.0018808639    0.0018719831    0.0018631024
  0.0018542171    0.0018453223    0.0018364302    0.0018275362    0.0018186410
  0.0018097399    0.0018008339    0.0017919187    0.0017830060    0.0017740913
  0.0017651701    0.0017562489    0.0017473230    0.0017383887    0.0017294573
  0.0017205191    0.0017115758    0.0017026328    0.0016936866    0.0016847330
  0.0016757784    0.0016668186    0.0016578549    0.0016488885    0.0016399203
  0.0016309469    0.0016219693    0.0016129840    0.0016040019    0.0015950098
  0.0015860185    0.0015770198    0.0015680199    0.0015590106    0.0015499983
  0.0015409840    0.0015319692    0.0015229462    0.0015139167    0.0015048821
  0.0014958437    0.0014868033    0.0014777620    0.0014687088    0.0014596538
  0.0014505903    0.0014415239    0.0014324602    0.0014233807    0.0014142953
  0.0014052058    0.0013961137    0.0013870170    0.0013779136    0.0013688052
  0.0013596900    0.0013505627    0.0013414361    0.0013322974    0.0013231597
  0.0013140070    0.0013048523    0.0012956866    0.0012865161    0.0012773326
  0.0012681450    0.0012589526    0.0012497505    0.0012405348    0.0012313145
  0.0012220823    0.0012128473    0.0012035962    0.0011943410    0.0011850689
  0.0011757831    0.0011664923    0.0011571905    0.0011478776    0.0011385478
  0.0011292016    0.0011198484    0.0011104795    0.0011011017    0.0010917069
  0.0010822879    0.0010728597    0.0010634151    0.0010539555    0.0010444693
  0.0010349712    0.0010254472    0.0010159026    0.0010063390    0.0009967566
  0.0009871475    0.0009775130    0.0009678530    0.0009581595    0.0009484471
  0.0009387011    0.0009289193    0.0009191100    0.0009092603    0.0008993816
  0.0008894592    0.0008794914    0.0008694895    0.0008594332    0.0008493357
  0.0008425221    0.0008421176    0.0008417127    0.0008413074    0.0008409066
  0.0008405009    0.0008400996    0.0008396980    0.0008392917    0.0008388897
  0.0008384876    0.0008380852    0.0008376826    0.0008372844    0.0008368815
  0.0008364785    0.0008360798    0.0008356764    0.0008352775    0.0008348739
  0.0008344746    0.0008340753    0.0008336758    0.0008332718    0.0008328722
  0.0008324724    0.0008320726    0.0008316728    0.0008312772    0.0008308772
  0.0008304772    0.0008300772    0.0008296815    0.0008292814    0.0008288813
  0.0008284855    0.0008280854    0.0008276897    0.0008272897    0.0008268939
  0.0008264940    0.0008260983    0.0008256984    0.0008253029    0.0008249032
  0.0008245078    0.0008241125    0.0008237130    0.0008233179    0.0008229228
  0.0008225237    0.0008221289    0.0008217342    0.0008213397    0.0008209411
  0.0008205452    0.0008201511    0.0008197530    0.0008193551    0.0008189615
  0.0008185681    0.0008181709    0.0008177779    0.0008173810    0.0008169843
  0.0008165920    0.0008161958    0.0008158039    0.0008154083    0.0008150128
  0.0008146177    0.0008142228    0.0008138282    0.0008134379    0.0008130440
  0.0008126463    0.0008122528    0.0008118598    0.0008114670    0.0008110747
  0.0008106786    0.0008102869    0.0008098916    0.0008094967    0.0008091060
  0.0008087118    0.0008083181    0.0008079247    0.0008075317    0.0008071391
  0.0008067431    0.0008063514    0.0008059601    0.0008055654    0.0008051711
  0.0008047774    0.0008043878    0.0008039950    0.0008035988    0.0008032069
  0.0008028155    0.0008024208    0.0008020267    0.0008016368    0.0008012437
  0.0026942945    0.0026932938    0.0026904364    0.0026860808    0.0026806115
  0.0026743504    0.0026675322    0.0026603225    0.0026528251    0.0026451082
  0.0026372340    0.0026292373    0.0026211403    0.0026129687    0.0026047331
  0.0025964459    0.0025881122    0.0025797376    0.0025713373    0.0025629097
  0.0025544536    0.0025459767    0.0025374867    0.0025289749    0.0025204492
  0.0025119096    0.0025033642    0.0024947966    0.0024862315    0.0024776446
  0.0024690523    0.0024604548    0.0024518443    0.0024432292    0.0024346098
  0.0024259785    0.0024173435    0.0024086975    0.0024000486    0.0023913972
  0.0023827360    0.0023740731    0.0023654090    0.0023567288    0.0023480483
  0.0023393680    0.0023306807    0.0023219869    0.0023132873    0.0023045896
  0.0022958795    0.0022871725    0.0022784545    0.0022697402    0.0022610160
  0.0022522896    0.0022435616    0.0022348251    0.0022260952    0.0022173511
  0.0022086076    0.0021998582    0.0021911035    0.0021823509    0.0021735944
  0.0021648274    0.0021560644    0.0021472992    0.0021385256    0.0021297509
  0.0021209692    0.0021121878    0.0021034008    0.0020946086    0.0020858186
  0.0020770185    0.0020682219    0.0020594165    0.0020506157    0.0020418016
  0.0020329870    0.0020241730    0.0020153539    0.0020065304    0.0019977033
  0.0019888736    0.0019800476    0.0019712083    0.0019623684    0.0019535287
  0.0019446840    0.0019358350    0.0019269768    0.0019181277    0.0019092653
  0.0019004019    0.0018915386    0.0018826700    0.0018737918    0.0018649217
  0.0018560436    0.0018471584    0.0018382781    0.0018293819    0.0018204922
  0.0018115992    0.0018026983    0.0017937961    0.0017848881    0.0017759806
  0.0017670641    0.0017581448    0.0017492290    0.0017402969    0.0017313755
  0.0017224450    0.0017135120    0.0017045720    0.0016956218    0.0016866821
  0.0016777291    0.0016687693    0.0016598181    0.0016508528    0.0016418842
  0.0016329178    0.0016239411    0.0016149602    0.0016059806    0.0015969945
  0.0015880031    0.0015790035    0.0015700013    0.0015609978    0.0015519945
  0.0015429753    0.0015339549    0.0015249384    0.0015159019    0.0015068728
  0.0014978310    0.0014887865    0.0014797408    0.0014706835    0.0014616200
  0.0014525603    0.0014434857    0.0014344020    0.0014253191    0.0014162344
  0.0014071383    0.0013980326    0.0013889269    0.0013798113    0.0013706884
  0.0013615522    0.0013524201    0.0013432716    0.0013341232    0.0013249669
  0.0013157940    0.0013066204    0.0012974349    0.0012882361    0.0012790369
  0.0012698261    0.0012606027    0.0012513693    0.0012421285    0.0012328761
  0.0012236156    0.0012143395    0.0012050508    0.0011957527    0.0011864359
  0.0011771154    0.0011677760    0.0011584245    0.0011490578    0.0011396795
  0.0011302842    0.0011208755    0.0011114406    0.0011019915    0.0010925263
  0.0010830384    0.0010735371    0.0010640136    0.0010544643    0.0010448911
  0.0010353036    0.0010256846    0.0010160408    0.0010063753    0.0009966740
  0.0009869562    0.0009771931    0.0009674063    0.0009575816    0.0009477211
  0.0009378244    0.0009278874    0.0009179089    0.0009078875    0.0008978131
  0.0008908006    0.0008903986    0.0008899910    0.0008895875    0.0008891834
  0.0008887834    0.0008883782    0.0008879770    0.0008875705    0.0008871681
  0.0008867651    0.0008863616    0.0008859622    0.0008855623    0.0008851571
  0.0008847561    0.0008843545    0.0008839523    0.0008835497    0.0008831512
  0.0008827476    0.0008823481    0.0008819481    0.0008815476    0.0008811467
  0.0008807453    0.0008803480    0.0008799457    0.0008795475    0.0008791443
  0.0008787452    0.0008783458    0.0008779459    0.0008775456    0.0008771495
  0.0008767484    0.0008763515    0.0008759542    0.0008755520    0.0008751539
  0.0008747555    0.0008743568    0.0008739577    0.0008735583    0.0008731630
  0.0008727630    0.0008723671    0.0008719709    0.0008715700    0.0008711732
  0.0008707762    0.0008703789    0.0008699813    0.0008695878    0.0008691898
  0.0008687914    0.0008683929    0.0008679985    0.0008675978    0.0008672030
  0.0008668080    0.0008664084    0.0008660131    0.0008656175    0.0008652217
  0.0008648258    0.0008644297    0.0008640335    0.0008636372    0.0008632407
  0.0008628441    0.0008624516    0.0008620548    0.0008616579    0.0008612650
  0.0008608680    0.0008604708    0.0008600778    0.0008596805    0.0008592873
  0.0008588899    0.0008584967    0.0008581034    0.0008577059    0.0008573125
  0.0008569150    0.0008565217    0.0008561283    0.0008557350    0.0008553375
  0.0008549401    0.0008545469    0.0008541536    0.0008537564    0.0008533633
  0.0028203219    0.0028194307    0.0028168566    0.0028128644    0.0028077868
  0.0028018916    0.0027953967    0.0027884777    0.0027812232    0.0027737398
  0.0027660623    0.0027582344    0.0027503049    0.0027422720    0.0027341640
  0.0027260018    0.0027177809    0.0027095156    0.0027012213    0.0026928868
  0.0026845197    0.0026761363    0.0026677268    0.0026592994    0.0026508536
  0.0026423890    0.0026339141    0.0026254201    0.0026169156    0.0026084090
  0.0025998835    0.0025913478    0.0025828018    0.0025742544    0.0025656971
  0.0025571306    0.0025485548    0.0025399784    0.0025313855    0.0025227925
  0.0025141999    0.0025055918    0.0024969848    0.0024883632    0.0024797433
  0.0024711177    0.0024624867    0.0024538508    0.0024452104    0.0024365660
  0.0024279180    0.0024192591    0.0024106052    0.0024019414    0.0023932759
  0.0023846015    0.0023759264    0.0023672509    0.0023585681    0.0023498858
  0.0023411974    0.0023325031    0.0023238036    0.0023151068    0.0023063985
  0.0022976940    0.0022889790    0.0022802688    0.0022715494    0.0022628286
  0.0022540999    0.0022453780    0.0022366422    0.0022279073    0.0022191669
  0.0022104284    0.0022016855    0.0021929390    0.0021841825    0.0021754303
  0.0021666696    0.0021579077    0.0021491451    0.0021403759    0.0021316072
  0.0021228333    0.0021140550    0.0021052726    0.0020964870    0.0020876990
  0.0020789153    0.0020701177    0.0020613199    0.0020525159    0.0020437189
  0.0020349112    0.0020260997    0.0020172851    0.0020084680    0.0019996495
  0.0019908300    0.0019819984    0.0019731735    0.0019643384    0.0019555054
  0.0019466636    0.0019378254    0.0019289748    0.0019201236    0.0019112784
  0.0019024178    0.0018935589    0.0018846975    0.0018758287    0.0018669590
  0.0018580946    0.0018492150    0.0018403315    0.0018314452    0.0018225628
  0.0018136740    0.0018047747    0.0017958818    0.0017869805    0.0017780720
  0.0017691672    0.0017602522    0.0017513331    0.0017424157    0.0017334866
  0.0017245660    0.0017156260    0.0017066967    0.0016977554    0.0016888123
  0.0016798690    0.0016709125    0.0016619577    0.0016530013    0.0016440308
  0.0016350612    0.0016260844    0.0016171066    0.0016081196    0.0015991341
  0.0015901467    0.0015811459    0.0015721412    0.0015631304    0.0015541229
  0.0015451034    0.0015360817    0.0015270510    0.0015180171    0.0015089811
  0.0014999285    0.0014908775    0.0014818248    0.0014727607    0.0014636907
  0.0014546123    0.0014455316    0.0014364385    0.0014273463    0.0014182419
  0.0014091305    0.0014000103    0.0013908873    0.0013817489    0.0013726076
  0.0013634618    0.0013542995    0.0013451372    0.0013359624    0.0013267746
  0.0013175792    0.0013083753    0.0012991615    0.0012899338    0.0012806983
  0.0012714537    0.0012621932    0.0012529288    0.0012436411    0.0012343456
  0.0012250390    0.0012157118    0.0012063824    0.0011970322    0.0011876704
  0.0011782863    0.0011688909    0.0011594768    0.0011500444    0.0011405949
  0.0011311228    0.0011216355    0.0011121336    0.0011025995    0.0010930487
  0.0010834744    0.0010738709    0.0010642506    0.0010546024    0.0010449216
  0.0010352206    0.0010254757    0.0010157132    0.0010059063    0.0009960722
  0.0009862025    0.0009762840    0.0009663404    0.0009563472    0.0009463082
  0.0009392990    0.0009388932    0.0009384912    0.0009380833    0.0009376793
  0.0009372793    0.0009368734    0.0009364714    0.0009360685    0.0009356646
  0.0009352647    0.0009348589    0.0009344571    0.0009340544    0.0009336508
  0.0009332511    0.0009328505    0.0009324491    0.0009320467    0.0009316434
  0.0009312442    0.0009308440    0.0009304382    0.0009300412    0.0009296385
  0.0009292349    0.0009288354    0.0009284350    0.0009280338    0.0009276366
  0.0009272338    0.0009268350    0.0009264354    0.0009260350    0.0009256339
  0.0009252367    0.0009248340    0.0009244354    0.0009240360    0.0009236358
  0.0009232397    0.0009228428    0.0009224404    0.0009220421    0.0009216431
  0.0009212434    0.0009208477    0.0009204467    0.0009200496    0.0009196519
  0.0009192535    0.0009188545    0.0009184549    0.0009180592    0.0009176583
  0.0009172614    0.0009168639    0.0009164658    0.0009160671    0.0009156724
  0.0009152725    0.0009148750    0.0009144785    0.0009140816    0.0009136841
  0.0009132860    0.0009128919    0.0009124928    0.0009120933    0.0009116977
  0.0009113015    0.0009109049    0.0009105078    0.0009101103    0.0009097167
  0.0009093182    0.0009089192    0.0009085243    0.0009081288    0.0009077330
  0.0009073367    0.0009069401    0.0009065430    0.0009061455    0.0009057476
  0.0029456938    0.0029448883    0.0029425536    0.0029389061    0.0029341831
  0.0029286494    0.0029224862    0.0029158616    0.0029088786    0.0029016180
  0.0028941531    0.0028865181    0.0028787528    0.0028708730    0.0028629165
  0.0028548759    0.0028467832    0.0028386249    0.0028304348    0.0028222012
  0.0028139403    0.0028056415    0.0027973218    0.0027889804    0.0027806073
  0.0027722292    0.0027638276    0.0027554112    0.0027469798    0.0027385334
  0.0027300808    0.0027216131    0.0027131392    0.0027046591    0.0026961644
  0.0026876552    0.0026791491    0.0026706289    0.0026621037    0.0026535650
  0.0026450303    0.0026364828    0.0026279314    0.0026193762    0.0026108094
  0.0026022396    0.0025936672    0.0025850843    0.0025764994    0.0025679131
  0.0025593175    0.0025507211    0.0025421163    0.0025335114    0.0025249069
  0.0025162874    0.0025076691    0.0024990445    0.0024904142    0.0024817786
  0.0024731458    0.0024645087    0.0024558597    0.0024472151    0.0024385675
  0.0024299097    0.0024212574    0.0024125960    0.0024039334    0.0023952628
  0.0023865846    0.0023779141    0.0023692372    0.0023605543    0.0023518660
  0.0023431800    0.0023344896    0.0023257882    0.0023170907    0.0023083904
  0.0022996879    0.0022909768    0.0022822646    0.0022735448    0.0022648320
  0.0022561060    0.0022473880    0.0022386579    0.0022299302    0.0022211918
  0.0022124568    0.0022037190    0.0021949726    0.0021862312    0.0021774758
  0.0021687268    0.0021599650    0.0021512043    0.0021424391    0.0021336759
  0.0021249092    0.0021161334    0.0021073619    0.0020985826    0.0020898025
  0.0020810223    0.0020722305    0.0020634398    0.0020546452    0.0020458473
  0.0020370526    0.0020282381    0.0020194345    0.0020106244    0.0020018090
  0.0019929944    0.0019841702    0.0019753544    0.0019665247    0.0019576937
  0.0019488615    0.0019400239    0.0019311819    0.0019223411    0.0019134921
  0.0019046409    0.0018957882    0.0018869299    0.0018780718    0.0018692044
  0.0018603339    0.0018514666    0.0018425824    0.0018337081    0.0018248241
  0.0018159365    0.0018070514    0.0017981548    0.0017892573    0.0017803552
  0.0017714494    0.0017625414    0.0017536265    0.0017447017    0.0017357826
  0.0017268551    0.0017179260    0.0017089865    0.0017000472    0.0016911092
  0.0016821553    0.0016732049    0.0016642411    0.0016552881    0.0016463195
  0.0016373457    0.0016283684    0.0016193885    0.0016103986    0.0016014048
  0.0015924125    0.0015834101    0.0015743989    0.0015653809    0.0015563616
  0.0015473381    0.0015383037    0.0015292602    0.0015202210    0.0015111678
  0.0015021098    0.0014930456    0.0014839796    0.0014749027    0.0014658201
  0.0014567222    0.0014476188    0.0014385184    0.0014294011    0.0014202760
  0.0014111418    0.0014020071    0.0013928490    0.0013836947    0.0013745246
  0.0013653451    0.0013561613    0.0013469615    0.0013377521    0.0013285347
  0.0013193054    0.0013100635    0.0013008110    0.0012915444    0.0012822629
  0.0012729753    0.0012636659    0.0012543526    0.0012450140    0.0012356680
  0.0012262999    0.0012169184    0.0012075183    0.0011981021    0.0011886736
  0.0011792246    0.0011697474    0.0011602567    0.0011507482    0.0011412118
  0.0011316573    0.0011220745    0.0011124661    0.0011028357    0.0010931705
  0.0010834846    0.0010737796    0.0010640296    0.0010542463    0.0010444373
  0.0010345914    0.0010247009    0.0010147777    0.0010048169    0.0009948089
  0.0009879991    0.0009875976    0.0009871894    0.0009867902    0.0009863845
  0.0009859826    0.0009855794    0.0009851748    0.0009847690    0.0009843669
  0.0009839687    0.0009835640    0.0009831632    0.0009827560    0.0009823577
  0.0009819530    0.0009815522    0.0009811501    0.0009807468    0.0009803473
  0.0009799466    0.0009795446    0.0009791415    0.0009787421    0.0009783366
  0.0009779348    0.0009775369    0.0009771378    0.0009767375    0.0009763361
  0.0009759335    0.0009755347    0.0009751348    0.0009747338    0.0009743316
  0.0009739333    0.0009735338    0.0009731333    0.0009727316    0.0009723338
  0.0009719300    0.0009715349    0.0009711338    0.0009707317    0.0009703335
  0.0009699341    0.0009695386    0.0009691372    0.0009687396    0.0009683411
  0.0009679415    0.0009675409    0.0009671441    0.0009667464    0.0009663477
  0.0009659479    0.0009655473    0.0009651505    0.0009647527    0.0009643540
  0.0009639543    0.0009635585    0.0009631570    0.0009627593    0.0009623589
  0.0009619642    0.0009615639    0.0009611674    0.0009607700    0.0009603718
  0.0009599727    0.0009595774    0.0009591813    0.0009587797    0.0009583819
  0.0030704246    0.0030697047    0.0030675815    0.0030642381    0.0030598611
  0.0030546677    0.0030488297    0.0030424982    0.0030357924    0.0030287763
  0.0030215254    0.0030140936    0.0030065015    0.0029987937    0.0029909790
  0.0029830782    0.0029751141    0.0029670817    0.0029590058    0.0029508738
  0.0029427119    0.0029345182    0.0029262815    0.0029180290    0.0029097503
  0.0029014447    0.0028931209    0.0028847878    0.0028764264    0.0028680550
  0.0028596735    0.0028512817    0.0028428704    0.0028344489    0.0028260262
  0.0028175843    0.0028091325    0.0028006797    0.0027922084    0.0027837455
  0.0027752645    0.0027667745    0.0027582846    0.0027497775    0.0027412798
  0.0027327657    0.0027242440    0.0027157238    0.0027071968    0.0026986632
  0.0026901235    0.0026815780    0.0026730272    0.0026644797    0.0026559191
  0.0026473543    0.0026387937    0.0026302214    0.0026216458    0.0026130677
  0.0026044870    0.0025958963    0.0025873041    0.0025787107    0.0025701165
  0.0025615140    0.0025529116    0.0025443016    0.0025356848    0.0025270693
  0.0025184479    0.0025098286    0.0025011964    0.0024925672    0.0024839339
  0.0024752970    0.0024666567    0.0024580137    0.0024493684    0.0024407136
  0.0024320578    0.0024234084    0.0024147440    0.0024060797    0.0023974160
  0.0023887462    0.0023800708    0.0023713974    0.0023627124    0.0023540305
  0.0023453522    0.0023366638    0.0023279660    0.0023192734    0.0023105726
  0.0023018709    0.0022931691    0.0022844609    0.0022757534    0.0022670406
  0.0022583233    0.0022496017    0.0022408767    0.0022321554    0.0022234186
  0.0022146931    0.0022059601    0.0021972200    0.0021884802    0.0021797347
  0.0021709841    0.0021622355    0.0021534771    0.0021447218    0.0021359644
  0.0021271987    0.0021184323    0.0021096653    0.0021008926    0.0020921150
  0.0020833329    0.0020745533    0.0020657707    0.0020569799    0.0020481879
  0.0020393949    0.0020305963    0.0020217870    0.0020129847    0.0020041734
  0.0019953652    0.0019865438    0.0019777270    0.0019689098    0.0019600818
  0.0019512554    0.0019424256    0.0019335879    0.0019247427    0.0019158973
  0.0019070516    0.0018982018    0.0018893535    0.0018804871    0.0018716242
  0.0018627657    0.0018538867    0.0018450194    0.0018361437    0.0018272660
  0.0018183770    0.0018094882    0.0018005953    0.0017916944    0.0017827916
  0.0017738927    0.0017649746    0.0017560623    0.0017471476    0.0017382222
  0.0017292871    0.0017203621    0.0017114204    0.0017024775    0.0016935294
  0.0016845822    0.0016756239    0.0016666595    0.0016576910    0.0016487193
  0.0016397413    0.0016307543    0.0016217678    0.0016127709    0.0016037691
  0.0015947677    0.0015857515    0.0015767305    0.0015677022    0.0015586759
  0.0015496368    0.0015405870    0.0015315358    0.0015224731    0.0015134042
  0.0015043350    0.0014952516    0.0014861633    0.0014770643    0.0014679526
  0.0014588345    0.0014497218    0.0014405878    0.0014314414    0.0014222887
  0.0014131349    0.0014039605    0.0013947788    0.0013855846    0.0013763838
  0.0013671716    0.0013579437    0.0013487056    0.0013394533    0.0013301957
  0.0013209188    0.0013116290    0.0013023221    0.0012930037    0.0012836740
  0.0012743170    0.0012649571    0.0012555760    0.0012461708    0.0012367620
  0.0012273268    0.0012178684    0.0012083901    0.0011988986    0.0011893801
  0.0011798436    0.0011702796    0.0011606895    0.0011510821    0.0011414330
  0.0011317741    0.0011220773    0.0011123493    0.0011025947    0.0010928059
  0.0010829852    0.0010731257    0.0010632257    0.0010532881    0.0010433102
  0.0010369014    0.0010364967    0.0010360901    0.0010356872    0.0010352826
  0.0010348817    0.0010344790    0.0010340748    0.0010336742    0.0010332720
  0.0010328681    0.0010324626    0.0010320607    0.0010316573    0.0010312575
  0.0010308561    0.0010304532    0.0010300486    0.0010296477    0.0010292452
  0.0010288465    0.0010284461    0.0010280442    0.0010276407    0.0010272410
  0.0010268396    0.0010264368    0.0010260376    0.0010256369    0.0010252348
  0.0010248363    0.0010244311    0.0010240296    0.0010236318    0.0010232326
  0.0010228319    0.0010224297    0.0010220312    0.0010216313    0.0010212299
  0.0010208271    0.0010204280    0.0010200275    0.0010196306    0.0010192324
  0.0010188328    0.0010184317    0.0010180294    0.0010176307    0.0010172306
  0.0010168293    0.0010164315    0.0010160325    0.0010156321    0.0010152354
  0.0010148374    0.0010144380    0.0010140374    0.0010136405    0.0010132423
  0.0010128378    0.0010124420    0.0010120449    0.0010116465    0.0010112469
  0.0031945567    0.0031938979    0.0031919684    0.0031888860    0.0031848278
  0.0031799664    0.0031744518    0.0031684173    0.0031619797    0.0031552168
  0.0031481965    0.0031409738    0.0031335692    0.0031260382    0.0031183787
  0.0031106319    0.0031028004    0.0030948985    0.0030869314    0.0030789254
  0.0030708675    0.0030627653    0.0030546365    0.0030464697    0.0030382736
  0.0030300569    0.0030218187    0.0030135583    0.0030052753    0.0029969790
  0.0029886689    0.0029803450    0.0029720069    0.0029636547    0.0029552883
  0.0029469172    0.0029385320    0.0029301421    0.0029217384    0.0029133302
  0.0029049085    0.0028964826    0.0028880437    0.0028796010    0.0028711549
  0.0028627054    0.0028542439    0.0028457707    0.0028373039    0.0028288170
  0.0028203371    0.0028118466    0.0028033548    0.0027948531    0.0027863507
  0.0027778478    0.0027693361    0.0027608160    0.0027522878    0.0027437604
  0.0027352344    0.0027267013    0.0027181616    0.0027096157    0.0027010724
  0.0026925154    0.0026839618    0.0026754034    0.0026668408    0.0026582743
  0.0026497125    0.0026411395    0.0026325640    0.0026239781    0.0026153984
  0.0026068093    0.0025982194    0.0025896287    0.0025810300    0.0025724315
  0.0025638260    0.0025552216    0.0025466108    0.0025379943    0.0025293803
  0.0025207615    0.0025121382    0.0025035111    0.0024948880    0.0024862546
  0.0024776186    0.0024689732    0.0024603338    0.0024516861    0.0024430450
  0.0024343893    0.0024257414    0.0024170797    0.0024084197    0.0023997544
  0.0023910985    0.0023824243    0.0023737534    0.0023650726    0.0023564030
  0.0023477175    0.0023390305    0.0023303425    0.0023216543    0.0023129594
  0.0023042650    0.0022955652    0.0022868540    0.0022781584    0.0022694456
  0.0022607365    0.0022520183    0.0022432983    0.0022345834    0.0022258547
  0.0022171326    0.0022083981    0.0021996711    0.0021909270    0.0021821913
  0.0021734464    0.0021647049    0.0021559492    0.0021471985    0.0021384410
  0.0021296836    0.0021209268    0.0021121596    0.0021033882    0.0020946201
  0.0020858433    0.0020770647    0.0020682853    0.0020594999    0.0020507148
  0.0020419196    0.0020331261    0.0020243298    0.0020155255    0.0020067201
  0.0019979139    0.0019891023    0.0019802808    0.0019714665    0.0019626493
  0.0019538139    0.0019449882    0.0019361565    0.0019273202    0.0019184698
  0.0019096318    0.0019007813    0.0018919298    0.0018830730    0.0018742115
  0.0018653467    0.0018564794    0.0018476008    0.0018387213    0.0018298473
  0.0018209600    0.0018120701    0.0018031695    0.0017942778    0.0017853724
  0.0017764591    0.0017675442    0.0017586282    0.0017497079    0.0017407751
  0.0017318447    0.0017229044    0.0017139644    0.0017050166    0.0016960581
  0.0016870993    0.0016781407    0.0016691623    0.0016601870    0.0016512033
  0.0016422124    0.0016332161    0.0016242190    0.0016152112    0.0016061931
  0.0015971751    0.0015881503    0.0015791162    0.0015700662    0.0015610142
  0.0015519651    0.0015428976    0.0015338247    0.0015247441    0.0015156465
  0.0015065523    0.0014974445    0.0014883289    0.0014792068    0.0014700695
  0.0014609260    0.0014517676    0.0014426032    0.0014334284    0.0014242443
  0.0014150465    0.0014058374    0.0013966053    0.0013873763    0.0013781258
  0.0013688694    0.0013595899    0.0013503061    0.0013410039    0.0013316829
  0.0013223558    0.0013130027    0.0013036356    0.0012942580    0.0012848539
  0.0012754328    0.0012659974    0.0012565423    0.0012470561    0.0012375592
  0.0012280323    0.0012184956    0.0012089223    0.0011993325    0.0011897109
  0.0011800643    0.0011703860    0.0011606800    0.0011509480    0.0011411843
  0.0011313831    0.0011215516    0.0011116801    0.0011017710    0.0010918296
  0.0010859914    0.0010855859    0.0010851838    0.0010847796    0.0010843733
  0.0010839707    0.0010835716    0.0010831649    0.0010827619    0.0010823623
  0.0010819608    0.0010815573    0.0010811519    0.0010807500    0.0010803462
  0.0010799459    0.0010795437    0.0010791451    0.0010787390    0.0010783365
  0.0010779376    0.0010775368    0.0010771340    0.0010767349    0.0010763284
  0.0010759309    0.0010755262    0.0010751250    0.0010747273    0.0010743278
  0.0010739211    0.0010735233    0.0010731238    0.0010727223    0.0010723245
  0.0010719195    0.0010715181    0.0010711202    0.0010707206    0.0010703192
  0.0010699213    0.0010695164    0.0010691203    0.0010687172    0.0010683177
  0.0010679164    0.0010675187    0.0010671193    0.0010667182    0.0010663206
  0.0010659214    0.0010655204    0.0010651178    0.0010647188    0.0010643181
  0.0033181017    0.0033175069    0.0033157341    0.0033129010    0.0033091354
  0.0033045802    0.0032993716    0.0032936341    0.0032874718    0.0032809672
  0.0032741805    0.0032671686    0.0032599730    0.0032526083    0.0032451243
  0.0032375314    0.0032298419    0.0032220700    0.0032142415    0.0032063416
  0.0031983979    0.0031904074    0.0031823779    0.0031743077    0.0031662053
  0.0031580797    0.0031499195    0.0031417442    0.0031335429    0.0031253253
  0.0031170906    0.0031088387    0.0031005693    0.0030922920    0.0030839871
  0.0030756839    0.0030673628    0.0030590335    0.0030506961    0.0030423506
  0.0030339875    0.0030256166    0.0030172476    0.0030088614    0.0030004679
  0.0029920767    0.0029836691    0.0029752547    0.0029668431    0.0029584160
  0.0029499829    0.0029415533    0.0029331180    0.0029246684    0.0029162230
  0.0029077639    0.0028993004    0.0028908329    0.0028823617    0.0028738869
  0.0028654092    0.0028569285    0.0028484366    0.0028399512    0.0028314553
  0.0028229491    0.0028144504    0.0028059423    0.0027974250    0.0027889162
  0.0027803904    0.0027718652    0.0027633409    0.0027548178    0.0027462795
  0.0027377430    0.0027292007    0.0027206609    0.0027121077    0.0027035578
  0.0026950035    0.0026864451    0.0026778912    0.0026693259    0.0026607499
  0.0026521874    0.0026436068    0.0026350328    0.0026264575    0.0026178656
  0.0026092814    0.0026006893    0.0025920978    0.0025835072    0.0025749102
  0.0025663073    0.0025576989    0.0025490857    0.0025404754    0.0025318613
  0.0025232435    0.0025146226    0.0025059990    0.0024973733    0.0024887460
  0.0024801175    0.0024714809    0.0024628441    0.0024542004    0.0024455573
  0.0024369084    0.0024282540    0.0024196091    0.0024109525    0.0024022923
  0.0023936287    0.0023849625    0.0023762939    0.0023676237    0.0023589524
  0.0023502736    0.0023415950    0.0023329098    0.0023242260    0.0023155369
  0.0023068433    0.0022981459    0.0022894451    0.0022807547    0.0022720494
  0.0022633423    0.0022546277    0.0022459195    0.0022371987    0.0022284789
  0.0022197543    0.0022110255    0.0022022996    0.0021935708    0.0021848396
  0.0021760949    0.0021673612    0.0021586095    0.0021498640    0.0021411079
  0.0021323595    0.0021235958    0.0021148352    0.0021060728    0.0020973030
  0.0020885272    0.0020797572    0.0020709824    0.0020621978    0.0020534155
  0.0020446249    0.0020358274    0.0020270397    0.0020182465    0.0020094371
  0.0020006296    0.0019918240    0.0019830051    0.0019741851    0.0019653643
  0.0019565435    0.0019477080    0.0019388741    0.0019300380    0.0019212005
  0.0019123519    0.0019035034    0.0018946561    0.0018857909    0.0018769286
  0.0018680553    0.0018591873    0.0018503148    0.0018414297    0.0018325525
  0.0018236599    0.0018147580    0.0018058620    0.0017969586    0.0017880536
  0.0017791392    0.0017702165    0.0017612911    0.0017523638    0.0017434230
  0.0017344872    0.0017255354    0.0017165827    0.0017076253    0.0016986562
  0.0016896850    0.0016807089    0.0016717252    0.0016627347    0.0016537392
  0.0016447357    0.0016357298    0.0016267065    0.0016176796    0.0016086428
  0.0015996052    0.0015905566    0.0015814986    0.0015724325    0.0015633600
  0.0015542831    0.0015451878    0.0015360876    0.0015269800    0.0015178524
  0.0015087320    0.0014995913    0.0014904401    0.0014812835    0.0014721053
  0.0014629258    0.0014537291    0.0014445244    0.0014353068    0.0014260753
  0.0014168281    0.0014075717    0.0013982978    0.0013890091    0.0013797143
  0.0013703900    0.0013610580    0.0013517087    0.0013423409    0.0013329544
  0.0013235463    0.0013141311    0.0013046878    0.0012952251    0.0012857435
  0.0012762369    0.0012667150    0.0012571603    0.0012475802    0.0012379880
  0.0012283605    0.0012187040    0.0012090225    0.0011993012    0.0011895599
  0.0011797917    0.0011699786    0.0011601349    0.0011502576    0.0011403460
  0.0011352577    0.0011348538    0.0011344531    0.0011340500    0.0011336446
  0.0011332427    0.0011328442    0.0011324376    0.0011320402    0.0011316347
  0.0011312327    0.0011308284    0.0011304276    0.0011300244    0.0011296247
  0.0011292228    0.0011288185    0.0011284178    0.0011280147    0.0011276152
  0.0011272134    0.0011268094    0.0011264087    0.0011260060    0.0011256066
  0.0011252051    0.0011248014    0.0011244011    0.0011239986    0.0011235996
  0.0011231985    0.0011228007    0.0011223953    0.0011219988    0.0011215947
  0.0011211940    0.0011207968    0.0011203919    0.0011199960    0.0011195924
  0.0011191924    0.0011187902    0.0011183914    0.0011179906    0.0011175878
