  0.0000000000    0.0150000000
  0.0002500000    0.0010000000    179    30
  0.0033181017    0.0033045802    0.0032741805    0.0032375314    0.0031983979
  0.0031580797    0.0031170906    0.0030756839    0.0030339875    0.0029920767
  0.0029499829    0.0029077639    0.0028654092    0.0028229491    0.0027803904
  0.0027377430    0.0026950035    0.0026521874    0.0026092814    0.0025663073
  0.0025232435    0.0024801175    0.0024369084    0.0023936287    0.0023502736
  0.0023068433    0.0022633423    0.0022197543    0.0021760949    0.0021323595
  0.0020885272    0.0020446249    0.0020006296    0.0019565435    0.0019123519
  0.0018680553    0.0018236599    0.0017791392    0.0017344872    0.0016896850
  0.0016447357    0.0015996052    0.0015542831    0.0015087320    0.0014629258
  0.0014168281    0.0013703900    0.0013235463    0.0012762369    0.0012283605
  0.0011797917    0.0011352577    0.0011332427    0.0011312327    0.0011292228
  0.0011272134    0.0011252051    0.0011231985    0.0011211940    0.0011191924
  0.0011171884    0.0011151883    0.0011131870    0.0011111907    0.0011091943
  0.0011071933    0.0011051968    0.0011031989    0.0011011982    0.0010992004
  0.0010972061    0.0010952058    0.0010932051    0.0010912097    0.0010892051
  0.0010872070    0.0010852012    0.0010831981    0.0010811888    0.0010791787
  0.0010771685    0.0010751588    0.0010731409    0.0010711249    0.0010691068
  0.0010670783    0.0010650537    0.0010630247    0.0010609877    0.0010589521
  0.0010569100    0.0010548623    0.0010528139    0.0010507572    0.0010486972
  0.0010466306    0.0010445581    0.0010424848    0.0010403992    0.0010383103
  0.0010362151    0.0010341106    0.0010320051    0.0010298882    0.0010277647
  0.0010256318    0.0010234904    0.0010213414    0.0010191859    0.0010170175
  0.0010148410    0.0010126573    0.0010104605    0.0010082516    0.0010060354
  0.0010038091    0.0010015674    0.0009993149    0.0009971205    0.0009971205
  0.0009971205    0.0009971205    0.0009971205    0.0009971205    0.0009971205
  0.0009971205    0.0009971205    0.0009971205    0.0009971205    0.0009971205
  0.0009971205    0.0009971205    0.0009971205    0.0009971205    0.0009971205
  0.0009971205    0.0009971205    0.0009971205    0.0009971205    0.0009971205
  0.0009971205    0.0009971205    0.0009971205    0.0009971205    0.0009971205
  0.0009971205    0.0009971205    0.0009971205    0.0009971205    0.0009971205
  0.0009971205    0.0009971205    0.0009971205    0.0009971205    0.0009971205
  0.0009971205    0.0009971205    0.0009971205    0.0009971205    0.0009971205
  0.0009971205    0.0009971205    0.0009971205    0.0009971205    0.0009971205
  0.0009971205    0.0009971205    0.0009971205    0.0009971205    0.0009971205
  0.0009971205    0.0009971205    0.0009971205    0.0009971205    0.0009971205
  0.0009971205    0.0009971205    0.0009971205    0.0009971205    0.0009971205
  0.0035227735    0.0035108191    0.0034826765    0.0034476209    0.0034096129
  0.0033701505    0.0033298613    0.0032890548    0.0032478974    0.0032064843
  0.0031648660    0.0031230835    0.0030811638    0.0030391193    0.0029969662
  0.0029547230    0.0029123838    0.0028699547    0.0028274527    0.0027848632
  0.0027422077    0.0026994616    0.0026566520    0.0026137683    0.0025708117
  0.0025277868    0.0024846867    0.0024415096    0.0023982638    0.0023549483
  0.0023115534    0.0022680757    0.0022245288    0.0021808892    0.0021371708
  0.0020933633    0.0020494708    0.0020054618    0.0019613669    0.0019171532
  0.0018728154    0.0018283583    0.0017837538    0.0017389939    0.0016940596
  0.0016489350    0.0016035964    0.0015580119    0.0015121354    0.0014659441
  0.0014193732    0.0013723666    0.0013248365    0.0012766874    0.0012277774
  0.0012164206    0.0012144106    0.0012124028    0.0012103918    0.0012083844
  0.0012063808    0.0012043755    0.0012023750    0.0012003739    0.0011983726
  0.0011963660    0.0011943716    0.0011923672    0.0011903646    0.0011883701
  0.0011863651    0.0011843655    0.0011823643    0.0011803620    0.0011783590
  0.0011763560    0.0011743533    0.0011723464    0.0011703411    0.0011683325
  0.0011663214    0.0011643134    0.0011622988    0.0011602834    0.0011582677
  0.0011562473    0.0011542229    0.0011521999    0.0011501692    0.0011481410
  0.0011461065    0.0011440710    0.0011420304    0.0011399854    0.0011379321
  0.0011358803    0.0011338215    0.0011317610    0.0011296949    0.0011276195
  0.0011255444    0.0011234615    0.0011213716    0.0011192797    0.0011171821
  0.0011150714    0.0011129609    0.0011108388    0.0011087101    0.0011065756
  0.0011044362    0.0011022845    0.0011001255    0.0010979600    0.0010957849
  0.0010936012    0.0010914098    0.0010892076    0.0010869957    0.0010847714
  0.0010825393    0.0010802965    0.0010780407    0.0010757762    0.0010735005
  0.0010712078    0.0010711163    0.0010711163    0.0010711163    0.0010711163
  0.0010711163    0.0010711163    0.0010711163    0.0010711163    0.0010711163
  0.0010711163    0.0010711163    0.0010711163    0.0010711163    0.0010711163
  0.0010711163    0.0010711163    0.0010711163    0.0010711163    0.0010711163
  0.0010711163    0.0010711163    0.0010711163    0.0010711163    0.0010711163
  0.0010711163    0.0010711163    0.0010711163    0.0010711163    0.0010711163
  0.0010711163    0.0010711163    0.0010711163    0.0010711163    0.0010711163
  0.0010711163    0.0010711163    0.0010711163    0.0010711163    0.0010711163
  0.0010711163    0.0010711163    0.0010711163    0.0010711163    0.0010711163
  0.0010711163    0.0010711163    0.0010711163    0.0010711163    0.0010711163
  0.0010711163    0.0010711163    0.0010711163    0.0010711163    0.0010711163
  0.0037259709    0.0037153642    0.0036893785    0.0036559882    0.0036191932
  0.0035806561    0.0035411085    0.0035009326    0.0034603372    0.0034194287
  0.0033782811    0.0033369478    0.0032954485    0.0032538281    0.0032120749
  0.0031702298    0.0031282773    0.0030862434    0.0030441090    0.0030019035
  0.0029596221    0.0029172617    0.0028748316    0.0028323173    0.0027897485
  0.0027471000    0.0027043825    0.0026615936    0.0026187337    0.0025758142
  0.0025328134    0.0024897424    0.0024466021    0.0024033839    0.0023600847
  0.0023167184    0.0022732541    0.0022297222    0.0021860869    0.0021423725
  0.0020985580    0.0020546376    0.0020106034    0.0019664611    0.0019221777
  0.0018777617    0.0018331859    0.0017884473    0.0017435081    0.0016983675
  0.0016529930    0.0016073476    0.0015613896    0.0015150782    0.0014683569
  0.0014211470    0.0013733762    0.0013249218    0.0013000529    0.0012980466
  0.0012960405    0.0012940352    0.0012920248    0.0012900224    0.0012880221
  0.0012860180    0.0012840168    0.0012820189    0.0012800124    0.0012780101
  0.0012760124    0.0012740076    0.0012720083    0.0012700087    0.0012680015
  0.0012660030    0.0012639943    0.0012619929    0.0012599880    0.0012579799
  0.0012559750    0.0012539622    0.0012519535    0.0012499435    0.0012479275
  0.0012459113    0.0012438955    0.0012418751    0.0012398508    0.0012378230
  0.0012357976    0.0012337646    0.0012317350    0.0012296989    0.0012276568
  0.0012256147    0.0012235678    0.0012215167    0.0012194622    0.0012174047
  0.0012153399    0.0012132733    0.0012111961    0.0012091229    0.0012070403
  0.0012049535    0.0012028633    0.0012007610    0.0011986566    0.0011965504
  0.0011944298    0.0011923090    0.0011901797    0.0011880426    0.0011858983
  0.0011837478    0.0011815915    0.0011794220    0.0011772482    0.0011750668
  0.0011728785    0.0011706799    0.0011684721    0.0011662516    0.0011640233
  0.0011617920    0.0011595429    0.0011572882    0.0011550177    0.0011527359
  0.0011504510    0.0011481457    0.0011458352    0.0011456566    0.0011456566
  0.0011456566    0.0011456566    0.0011456566    0.0011456566    0.0011456566
  0.0011456566    0.0011456566    0.0011456566    0.0011456566    0.0011456566
  0.0011456566    0.0011456566    0.0011456566    0.0011456566    0.0011456566
  0.0011456566    0.0011456566    0.0011456566    0.0011456566    0.0011456566
  0.0011456566    0.0011456566    0.0011456566    0.0011456566    0.0011456566
  0.0011456566    0.0011456566    0.0011456566    0.0011456566    0.0011456566
  0.0011456566    0.0011456566    0.0011456566    0.0011456566    0.0011456566
  0.0011456566    0.0011456566    0.0011456566    0.0011456566    0.0011456566
  0.0011456566    0.0011456566    0.0011456566    0.0011456566    0.0011456566
  0.0039277917    0.0039183208    0.0038943746    0.0038626997    0.0038271890
  0.0037896211    0.0037508691    0.0037113707    0.0036713580    0.0036309733
  0.0035903048    0.0035494217    0.0035083683    0.0034671416    0.0034258063
  0.0033843357    0.0033427680    0.0033011026    0.0032593511    0.0032175172
  0.0031755970    0.0031335979    0.0030915298    0.0030493853    0.0030071774
  0.0029648869    0.0029225388    0.0028801104    0.0028376311    0.0027950677
  0.0027524460    0.0027097547    0.0026669942    0.0026241608    0.0025812609
  0.0025382908    0.0024952435    0.0024521164    0.0024089127    0.0023656314
  0.0023222601    0.0022788092    0.0022352711    0.0021916277    0.0021478750
  0.0021040262    0.0020600449    0.0020159411    0.0019717080    0.0019273215
  0.0018827577    0.0018380157    0.0017930691    0.0017478928    0.0017024507
  0.0016567234    0.0016106579    0.0015642068    0.0015173082    0.0014698853
  0.0014218391    0.0013841123    0.0013821014    0.0013801033    0.0013780983
  0.0013761001    0.0013740958    0.0013720992    0.0013700971    0.0013680968
  0.0013660986    0.0013640964    0.0013620969    0.0013600943    0.0013580952
  0.0013560937    0.0013540903    0.0013520915    0.0013500832    0.0013480826
  0.0013460756    0.0013440686    0.0013420623    0.0013400508    0.0013380407
  0.0013360265    0.0013340144    0.0013319991    0.0013299810    0.0013279605
  0.0013259439    0.0013239144    0.0013218897    0.0013198644    0.0013178279
  0.0013157973    0.0013137566    0.0013117173    0.0013096689    0.0013076228
  0.0013055687    0.0013035177    0.0013014546    0.0012993956    0.0012973307
  0.0012952555    0.0012931806    0.0012911015    0.0012890137    0.0012869230
  0.0012848296    0.0012827244    0.0012806178    0.0012785055    0.0012763880
  0.0012742613    0.0012721306    0.0012699918    0.0012678457    0.0012656974
  0.0012635383    0.0012613737    0.0012591998    0.0012570173    0.0012548310
  0.0012526330    0.0012504327    0.0012482178    0.0012459975    0.0012437642
  0.0012415227    0.0012392696    0.0012370140    0.0012347443    0.0012324611
  0.0012301733    0.0012278699    0.0012255595    0.0012232388    0.0012208973
  0.0012207147    0.0012207147    0.0012207147    0.0012207147    0.0012207147
  0.0012207147    0.0012207147    0.0012207147    0.0012207147    0.0012207147
  0.0012207147    0.0012207147    0.0012207147    0.0012207147    0.0012207147
  0.0012207147    0.0012207147    0.0012207147    0.0012207147    0.0012207147
  0.0012207147    0.0012207147    0.0012207147    0.0012207147    0.0012207147
  0.0012207147    0.0012207147    0.0012207147    0.0012207147    0.0012207147
  0.0012207147    0.0012207147    0.0012207147    0.0012207147    0.0012207147
  0.0012207147    0.0012207147    0.0012207147    0.0012207147    0.0012207147
  0.0041282970    0.0041198094    0.0040977643    0.0040678049    0.0040336227
  0.0039971055    0.0039591995    0.0039204047    0.0038809912    0.0038411520
  0.0038009910    0.0037605714    0.0037199435    0.0036791422    0.0036381953
  0.0035971232    0.0035559273    0.0035146329    0.0034732455    0.0034317627
  0.0033902036    0.0033485596    0.0033068427    0.0032650476    0.0032231808
  0.0031812494    0.0031392447    0.0030971689    0.0030550347    0.0030128393
  0.0029705654    0.0029282320    0.0028858267    0.0028433644    0.0028008227
  0.0027582218    0.0027155534    0.0026728196    0.0026300124    0.0025871205
  0.0025441635    0.0025011315    0.0024580058    0.0024148117    0.0023715217
  0.0023281398    0.0022846686    0.0022410947    0.0021974061    0.0021536040
  0.0021096703    0.0020656031    0.0020213885    0.0019770056    0.0019324447
  0.0018876798    0.0018427097    0.0017974693    0.0017519607    0.0017061323
  0.0016599289    0.0016133241    0.0015662228    0.0015185559    0.0014702264
  0.0014665718    0.0014645765    0.0014625737    0.0014605781    0.0014585761
  0.0014565819    0.0014545820    0.0014525905    0.0014505872    0.0014485929
  0.0014465943    0.0014445919    0.0014425927    0.0014405971    0.0014385921
  0.0014365914    0.0014345886    0.0014325842    0.0014305764    0.0014285700
  0.0014265631    0.0014245561    0.0014225431    0.0014205307    0.0014185194
  0.0014165032    0.0014144888    0.0014124642    0.0014104422    0.0014084231
  0.0014063953    0.0014043651    0.0014023272    0.0014002937    0.0013982591
  0.0013962181    0.0013941711    0.0013921243    0.0013900725    0.0013880161
  0.0013859612    0.0013838970    0.0013818295    0.0013797594    0.0013776816
  0.0013756020    0.0013735209    0.0013714336    0.0013693354    0.0013672424
  0.0013651395    0.0013630271    0.0013609112    0.0013587920    0.0013566650
  0.0013545310    0.0013523952    0.0013502533    0.0013481009    0.0013459436
  0.0013437769    0.0013416065    0.0013394278    0.0013372417    0.0013350486
  0.0013328446    0.0013306349    0.0013284199    0.0013261915    0.0013239590
  0.0013217143    0.0013194580    0.0013171996    0.0013149266    0.0013126441
  0.0013103569    0.0013080530    0.0013057416    0.0013034192    0.0013010864
  0.0012987400    0.0012963848    0.0012962675    0.0012962675    0.0012962675
  0.0012962675    0.0012962675    0.0012962675    0.0012962675    0.0012962675
  0.0012962675    0.0012962675    0.0012962675    0.0012962675    0.0012962675
  0.0012962675    0.0012962675    0.0012962675    0.0012962675    0.0012962675
  0.0012962675    0.0012962675    0.0012962675    0.0012962675    0.0012962675
  0.0012962675    0.0012962675    0.0012962675    0.0012962675    0.0012962675
  0.0012962675    0.0012962675    0.0012962675    0.0012962675    0.0012962675
  0.0043275677    0.0043199315    0.0042996212    0.0042713561    0.0042385538
  0.0042031368    0.0041661128    0.0041280649    0.0040893035    0.0040500276
  0.0040103836    0.0039704281    0.0039302427    0.0038898686    0.0038493171
  0.0038086273    0.0037678064    0.0037268863    0.0036858456    0.0036447301
  0.0036035120    0.0035622075    0.0035208342    0.0034793799    0.0034378545
  0.0033962497    0.0033545874    0.0033128529    0.0032710525    0.0032291931
  0.0031872569    0.0031452637    0.0031032083    0.0030610796    0.0030189017
  0.0029766517    0.0029343334    0.0028919528    0.0028495032    0.0028069883
  0.0027644138    0.0027217461    0.0026790261    0.0026362267    0.0025933537
  0.0025503897    0.0025073542    0.0024642260    0.0024210024    0.0023776862
  0.0023342667    0.0022907509    0.0022471092    0.0022033363    0.0021594427
  0.0021153937    0.0020711880    0.0020267973    0.0019822236    0.0019374308
  0.0018923951    0.0018470998    0.0018014938    0.0017555405    0.0017091997
  0.0016623925    0.0016150835    0.0015671618    0.0015514250    0.0015494288
  0.0015474331    0.0015454388    0.0015434458    0.0015414547    0.0015394584
  0.0015374645    0.0015354661    0.0015334707    0.0015314785    0.0015294829
  0.0015274841    0.0015254894    0.0015234852    0.0015214859    0.0015194846
  0.0015174820    0.0015154781    0.0015134711    0.0015114659    0.0015094607
  0.0015074490    0.0015054378    0.0015034275    0.0015014118    0.0014993911
  0.0014973723    0.0014953558    0.0014933289    0.0014912987    0.0014892717
  0.0014872420    0.0014852037    0.0014831698    0.0014811280    0.0014790851
  0.0014770414    0.0014749912    0.0014729349    0.0014708791    0.0014688180
  0.0014667521    0.0014646820    0.0014626136    0.0014605303    0.0014584497
  0.0014563664    0.0014542752    0.0014521822    0.0014500821    0.0014479757
  0.0014458633    0.0014437454    0.0014416277    0.0014395000    0.0014373630
  0.0014352275    0.0014330836    0.0014309317    0.0014287775    0.0014266113
  0.0014244437    0.0014222652    0.0014200813    0.0014178924    0.0014156893
  0.0014134823    0.0014112721    0.0014090492    0.0014068192    0.0014045827
  0.0014023353    0.0014000779    0.0013978110    0.0013955397    0.0013932554
  0.0013909680    0.0013886643    0.0013863540    0.0013840289    0.0013816985
  0.0013793589    0.0013770021    0.0013746417    0.0013722905    0.0013722905
  0.0013722905    0.0013722905    0.0013722905    0.0013722905    0.0013722905
  0.0013722905    0.0013722905    0.0013722905    0.0013722905    0.0013722905
  0.0013722905    0.0013722905    0.0013722905    0.0013722905    0.0013722905
  0.0013722905    0.0013722905    0.0013722905    0.0013722905    0.0013722905
  0.0013722905    0.0013722905    0.0013722905    0.0013722905    0.0013722905
  0.0045256729    0.0045187663    0.0045000454    0.0044734217    0.0044420286
  0.0044077344    0.0043716503    0.0043343849    0.0042962942    0.0042576222
  0.0042185098    0.0041790455    0.0041393192    0.0040993676    0.0040592216
  0.0040189168    0.0039784793    0.0039379145    0.0038972412    0.0038564574
  0.0038155849    0.0037746252    0.0037335692    0.0036924535    0.0036512507
  0.0036099881    0.0035686420    0.0035272317    0.0034857570    0.0034442189
  0.0034026106    0.0033609460    0.0033192122    0.0032774255    0.0032355672
  0.0031936490    0.0031516647    0.0031096286    0.0030675225    0.0030253558
  0.0029831239    0.0029408247    0.0028984581    0.0028560199    0.0028135163
  0.0027709408    0.0027282978    0.0026855675    0.0026427674    0.0025998732
  0.0025569033    0.0025138474    0.0024706838    0.0024274248    0.0023840539
  0.0023405717    0.0022969670    0.0022532229    0.0022093480    0.0021653094
  0.0021210905    0.0020766881    0.0020320732    0.0019872340    0.0019421251
  0.0018967385    0.0018510262    0.0018049300    0.0017584229    0.0017114215
  0.0016638718    0.0016366391    0.0016346496    0.0016326550    0.0016306712
  0.0016286755    0.0016266912    0.0016247031    0.0016227041    0.0016207171
  0.0016187273    0.0016167350    0.0016147405    0.0016127440    0.0016107461
  0.0016087541    0.0016067538    0.0016047600    0.0016027586    0.0016007571
  0.0015987486    0.0015967453    0.0015947383    0.0015927323    0.0015907207
  0.0015887108    0.0015866959    0.0015846833    0.0015826665    0.0015806457
  0.0015786215    0.0015765940    0.0015745702    0.0015725438    0.0015705088
  0.0015684717    0.0015664332    0.0015643871    0.0015623466    0.0015602991
  0.0015582452    0.0015561914    0.0015541319    0.0015520670    0.0015500034
  0.0015479290    0.0015458566    0.0015437803    0.0015416946    0.0015396058
  0.0015375143    0.0015354206    0.0015333191    0.0015312102    0.0015291003
  0.0015269838    0.0015248613    0.0015227332    0.0015205998    0.0015184673
  0.0015163249    0.0015141673    0.0015120119    0.0015098535    0.0015076815
  0.0015055074    0.0015033262    0.0015011383    0.0014989391    0.0014967393
  0.0014945291    0.0014923141    0.0014900848    0.0014878515    0.0014856101
  0.0014833607    0.0014811041    0.0014788357    0.0014765609    0.0014742757
  0.0014719851    0.0014696850    0.0014673758    0.0014650536    0.0014627236
  0.0014603815    0.0014580328    0.0014556688    0.0014532991    0.0014509198
  0.0014487634    0.0014487634    0.0014487634    0.0014487634    0.0014487634
  0.0014487634    0.0014487634    0.0014487634    0.0014487634    0.0014487634
  0.0014487634    0.0014487634    0.0014487634    0.0014487634    0.0014487634
  0.0014487634    0.0014487634    0.0014487634    0.0014487634    0.0014487634
  0.0047226532    0.0047163778    0.0046991203    0.0046740841    0.0046440822
  0.0046109683    0.0045758610    0.0045394149    0.0045020231    0.0044639654
  0.0044254043    0.0043864618    0.0043471980    0.0043076711    0.0042679467
  0.0042280309    0.0041879720    0.0041477709    0.0041074433    0.0040670183
  0.0040264797    0.0039858476    0.0039451315    0.0039043309    0.0038634466
  0.0038225022    0.0037814682    0.0037403808    0.0036992238    0.0036579935
  0.0036166976    0.0035753540    0.0035339333    0.0034924564    0.0034509160
  0.0034093168    0.0033676542    0.0033259356    0.0032841599    0.0032423201
  0.0032004107    0.0031584455    0.0031164221    0.0030743257    0.0030321666
  0.0029899579    0.0029476606    0.0029053002    0.0028628741    0.0028203691
  0.0027777948    0.0027351448    0.0026924085    0.0026495807    0.0026066539
  0.0025636478    0.0025205447    0.0024773205    0.0024339975    0.0023905456
  0.0023469598    0.0023032357    0.0022593599    0.0022153079    0.0021710697
  0.0021266477    0.0020819835    0.0020370715    0.0019918921    0.0019463996
  0.0019005494    0.0018543093    0.0018076153    0.0017604120    0.0017221966
  0.0017202112    0.0017182312    0.0017162412    0.0017142574    0.0017122722
  0.0017102857    0.0017083061    0.0017063178    0.0017043290    0.0017023400
  0.0017003511    0.0016983547    0.0016963666    0.0016943716    0.0016923777
  0.0016903851    0.0016883866    0.0016863823    0.0016843877    0.0016823880
  0.0016803809    0.0016783720    0.0016763663    0.0016743567    0.0016723508
  0.0016703344    0.0016683151    0.0016663001    0.0016642829    0.0016622564
  0.0016602353    0.0016581987    0.0016561680    0.0016541364    0.0016520974
  0.0016500582    0.0016480189    0.0016459733    0.0016439217    0.0016418710
  0.0016398150    0.0016377539    0.0016356946    0.0016336246    0.0016315571
  0.0016294795    0.0016273986    0.0016253148    0.0016232285    0.0016211336
  0.0016190367    0.0016169384    0.0016148266    0.0016127199    0.0016106008
  0.0016084813    0.0016063562    0.0016042196    0.0016020840    0.0015999379
  0.0015977875    0.0015956390    0.0015934756    0.0015913091    0.0015891343
  0.0015869571    0.0015847724    0.0015825752    0.0015803768    0.0015781667
  0.0015759509    0.0015737352    0.0015715092    0.0015692680    0.0015670281
  0.0015647793    0.0015625168    0.0015602517    0.0015579688    0.0015556840
  0.0015533979    0.0015510906    0.0015487828    0.0015464599    0.0015441325
  0.0015417912    0.0015394462    0.0015370884    0.0015347183    0.0015323460
  0.0015299531    0.0015275543    0.0015256622    0.0015256622    0.0015256622
  0.0015256622    0.0015256622    0.0015256622    0.0015256622    0.0015256622
  0.0015256622    0.0015256622    0.0015256622    0.0015256622    0.0015256622
  0.0049185688    0.0049128479    0.0048968972    0.0048733837    0.0048447817
  0.0048128648    0.0047787545    0.0047431603    0.0047065167    0.0046691002
  0.0046311244    0.0045926936    0.0045539039    0.0045148369    0.0044755283
  0.0044360198    0.0043963312    0.0043564982    0.0043165207    0.0042764380
  0.0042362289    0.0041959354    0.0041555392    0.0041150486    0.0040744950
  0.0040338529    0.0039931331    0.0039523582    0.0039114954    0.0038705801
  0.0038295937    0.0037885402    0.0037474254    0.0037062554    0.0036650168
  0.0036237285    0.0035823797    0.0035409529    0.0034994885    0.0034579526
  0.0034163689    0.0033747255    0.0033330129    0.0032912412    0.0032494214
  0.0032075321    0.0031655802    0.0031235505    0.0030814761    0.0030393228
  0.0029970981    0.0029548175    0.0029124565    0.0028700223    0.0028275104
  0.0027849139    0.0027422406    0.0026994588    0.0026566036    0.0026136377
  0.0025705614    0.0025273793    0.0024840817    0.0024406495    0.0023970705
  0.0023533490    0.0023094641    0.0022653991    0.0022211361    0.0021766481
  0.0021319291    0.0020869493    0.0020416661    0.0019960543    0.0019500605
  0.0019036545    0.0018567558    0.0018093122    0.0018061060    0.0018041283
  0.0018021517    0.0018001766    0.0017981950    0.0017962073    0.0017942300
  0.0017922470    0.0017902667    0.0017882812    0.0017862907    0.0017843036
  0.0017823201    0.0017803324    0.0017783407    0.0017763454    0.0017743546
  0.0017723528    0.0017703637    0.0017683641    0.0017663623    0.0017643556
  0.0017623499    0.0017603502    0.0017583416    0.0017563244    0.0017543139
  0.0017522954    0.0017502841    0.0017482579    0.0017462394    0.0017442141
  0.0017421823    0.0017401587    0.0017381220    0.0017360799    0.0017340395
  0.0017320013    0.0017299513    0.0017279040    0.0017258525    0.0017237973
  0.0017217318    0.0017196700    0.0017176054    0.0017155314    0.0017134552
  0.0017113771    0.0017092908    0.0017072031    0.0017051079    0.0017030120
  0.0017009157    0.0016988064    0.0016966973    0.0016945824    0.0016924557
  0.0016903365    0.0016881999    0.0016860651    0.0016839263    0.0016817775
  0.0016796194    0.0016774642    0.0016753002    0.0016731281    0.0016709480
  0.0016687604    0.0016665774    0.0016643760    0.0016621798    0.0016599661
  0.0016577468    0.0016555225    0.0016532989    0.0016510597    0.0016488109
  0.0016465586    0.0016442976    0.0016420283    0.0016397511    0.0016374666
  0.0016351751    0.0016328717    0.0016305623    0.0016282420    0.0016259112
  0.0016235757    0.0016212307    0.0016188767    0.0016165041    0.0016141334
  0.0016117503    0.0016093549    0.0016069482    0.0016045303    0.0016029695
  0.0016029695    0.0016029695    0.0016029695    0.0016029695    0.0016029695
  0.0051134850    0.0051082415    0.0050934939    0.0050713977    0.0050441620
  0.0050134476    0.0049803725    0.0049456642    0.0049097899    0.0048730529
  0.0048356641    0.0047977809    0.0047594813    0.0047208725    0.0046819998
  0.0046428888    0.0046035963    0.0045641291    0.0045245097    0.0044847632
  0.0044449024    0.0044049295    0.0043648600    0.0043246863    0.0042844385
  0.0042440988    0.0042036982    0.0041631975    0.0041226530    0.0040820278
  0.0040413332    0.0040005803    0.0039597591    0.0039188827    0.0038779438
  0.0038369357    0.0037958845    0.0037547653    0.0037135953    0.0036723631
  0.0036310685    0.0035897219    0.0035483156    0.0035068623    0.0034653398
  0.0034237631    0.0033821312    0.0033404273    0.0032986708    0.0032568489
  0.0032149673    0.0031730186    0.0031309957    0.0030889182    0.0030467698
  0.0030045437    0.0029622508    0.0029198696    0.0028774220    0.0028348726
  0.0027922439    0.0027495204    0.0027066860    0.0026637712    0.0026207254
  0.0025775645    0.0025342834    0.0024908613    0.0024472894    0.0024035537
  0.0023596528    0.0023155477    0.0022712429    0.0022267127    0.0021819140
  0.0021368316    0.0020914421    0.0020456869    0.0019995496    0.0019529429
  0.0019058371    0.0018923283    0.0018903531    0.0018883744    0.0018864016
  0.0018844262    0.0018824569    0.0018804769    0.0018784948    0.0018765196
  0.0018745427    0.0018725561    0.0018705768    0.0018685883    0.0018666074
  0.0018646178    0.0018626280    0.0018606382    0.0018586486    0.0018566595
  0.0018546629    0.0018526672    0.0018506646    0.0018486606    0.0018466610
  0.0018446552    0.0018426515    0.0018406343    0.0018386273    0.0018366076
  0.0018345908    0.0018325772    0.0018305515    0.0018285294    0.0018265035
  0.0018244667    0.0018224341    0.0018203986    0.0018183603    0.0018163196
  0.0018142695    0.0018122246    0.0018101709    0.0018081086    0.0018060523
  0.0018039882    0.0018019163    0.0017998511    0.0017977720    0.0017956930
  0.0017936077    0.0017915230    0.0017894325    0.0017873365    0.0017852352
  0.0017831291    0.0017810184    0.0017789034    0.0017767844    0.0017746551
  0.0017725290    0.0017703935    0.0017682550    0.0017661014    0.0017639521
  0.0017618009    0.0017596356    0.0017574628    0.0017552954    0.0017531088
  0.0017509221    0.0017487353    0.0017465308    0.0017443268    0.0017421119
  0.0017398923    0.0017376625    0.0017354348    0.0017331974    0.0017309452
  0.0017286902    0.0017264326    0.0017241557    0.0017218828    0.0017195971
  0.0017173046    0.0017150059    0.0017126902    0.0017103689    0.0017080481
  0.0017057063    0.0017033655    0.0017010154    0.0016986511    0.0016962785
  0.0016938979    0.0016915045    0.0016891039    0.0016866918    0.0016842733
  0.0053074398    0.0053026186    0.0052889398    0.0052681795    0.0052422800
  0.0052127658    0.0051807580    0.0051469455    0.0051118653    0.0050758353
  0.0050390636    0.0050017500    0.0049639682    0.0049258379    0.0048873871
  0.0048487092    0.0048097888    0.0047707128    0.0047314464    0.0046920529
  0.0046525161    0.0046128751    0.0045731172    0.0045332696    0.0044933225
  0.0044532923    0.0044131711    0.0043729892    0.0043327158    0.0042923942
  0.0042519843    0.0042115182    0.0041709823    0.0041303979    0.0040897409
  0.0040490237    0.0040082472    0.0039674137    0.0039265257    0.0038855874
  0.0038445935    0.0038035293    0.0037624220    0.0037212497    0.0036800222
  0.0036387399    0.0035974040    0.0035560091    0.0035145589    0.0034730512
  0.0034314668    0.0033898406    0.0033481569    0.0033063868    0.0032645842
  0.0032226995    0.0031807431    0.0031387326    0.0030966362    0.0030544697
  0.0030122213    0.0029698962    0.0029275021    0.0028849967    0.0028424134
  0.0027997235    0.0027569349    0.0027140289    0.0026710130    0.0026278715
  0.0025845929    0.0025411716    0.0024975915    0.0024538318    0.0024099001
  0.0023657591    0.0023214007    0.0022767830    0.0022319030    0.0021867210
  0.0021412032    0.0020953159    0.0020489887    0.0020021859    0.0019788390
  0.0019768736    0.0019749095    0.0019729383    0.0019709691    0.0019690021
  0.0019670286    0.0019650578    0.0019630808    0.0019611069    0.0019591273
  0.0019571510    0.0019551696    0.0019531919    0.0019512093    0.0019492223
  0.0019472396    0.0019452527    0.0019432620    0.0019412677    0.0019392784
  0.0019372858    0.0019352903    0.0019332810    0.0019312802    0.0019292773
  0.0019272723    0.0019252653    0.0019232568    0.0019212388    0.0019192277
  0.0019172077    0.0019151869    0.0019131656    0.0019111362    0.0019091068
  0.0019070698    0.0019050332    0.0019029972    0.0019009545    0.0018989128
  0.0018968648    0.0018948033    0.0018927511    0.0018906935    0.0018886305
  0.0018865627    0.0018844902    0.0018824134    0.0018803397    0.0018782548
  0.0018761664    0.0018740747    0.0018719799    0.0018698823    0.0018677752
  0.0018656658    0.0018635544    0.0018614344    0.0018593130    0.0018571835
  0.0018550464    0.0018529154    0.0018507705    0.0018486189    0.0018464608
  0.0018443032    0.0018421398    0.0018399643    0.0018377836    0.0018356046
  0.0018334144    0.0018312199    0.0018290152    0.0018268068    0.0018245951
  0.0018223741    0.0018201380    0.0018179119    0.0018156653    0.0018134169
  0.0018111610    0.0018089041    0.0018066283    0.0018043521    0.0018020639
  0.0017997758    0.0017974707    0.0017951606    0.0017928400    0.0017905153
  0.0017881808    0.0017858373    0.0017834847    0.0017811294    0.0017787550
  0.0055004774    0.0054960189    0.0054833143    0.0054638056    0.0054391858
  0.0054108806    0.0053799201    0.0053470557    0.0053127876    0.0052774681
  0.0052413506    0.0052046178    0.0051673703    0.0051297108    0.0050917389
  0.0050534722    0.0050149646    0.0049762450    0.0049373603    0.0048983159
  0.0048591204    0.0048197981    0.0047803601    0.0047408190    0.0047011885
  0.0046614559    0.0046216370    0.0045817343    0.0045417647    0.0045017067
  0.0044615911    0.0044214111    0.0043811486    0.0043408351    0.0043004666
  0.0042600278    0.0042195285    0.0041789674    0.0041383655    0.0040977011
  0.0040569648    0.0040161911    0.0039753505    0.0039344777    0.0038935268
  0.0038525337    0.0038114849    0.0037703691    0.0037292139    0.0036879914
  0.0036467123    0.0036053890    0.0035639976    0.0035225453    0.0034810459
  0.0034394750    0.0033978496    0.0033561573    0.0033144101    0.0032725834
  0.0032306856    0.0031887196    0.0031466897    0.0031045742    0.0030623751
  0.0030200973    0.0029777342    0.0029352822    0.0028927213    0.0028500737
  0.0028073019    0.0027644165    0.0027214236    0.0026782778    0.0026350001
  0.0025915720    0.0025479705    0.0025041789    0.0024602062    0.0024160039
  0.0023715729    0.0023268848    0.0022819022    0.0022365969    0.0021909434
  0.0021448869    0.0020983818    0.0020656495    0.0020636908    0.0020617297
  0.0020597665    0.0020578017    0.0020558352    0.0020538765    0.0020519074
  0.0020499372    0.0020479663    0.0020459945    0.0020440224    0.0020420498
  0.0020400682    0.0020380956    0.0020361144    0.0020341335    0.0020321445
  0.0020301650    0.0020281778    0.0020261830    0.0020241982    0.0020222063
  0.0020202075    0.0020182107    0.0020162130    0.0020142037    0.0020122052
  0.0020102009    0.0020081828    0.0020061760    0.0020041641    0.0020021474
  0.0020001259    0.0019981001    0.0019960783    0.0019940525    0.0019920148
  0.0019899817    0.0019879454    0.0019858980    0.0019838557    0.0019818109
  0.0019797558    0.0019777064    0.0019756473    0.0019735787    0.0019715165
  0.0019694453    0.0019673732    0.0019652928    0.0019632117    0.0019611230
  0.0019590342    0.0019569454    0.0019548423    0.0019527399    0.0019506310
  0.0019485232    0.0019464022    0.0019442827    0.0019421579    0.0019400210
  0.0019378863    0.0019357399    0.0019335964    0.0019314488    0.0019292904
  0.0019271218    0.0019249501    0.0019227823    0.0019205982    0.0019184118
  0.0019162232    0.0019140263    0.0019118211    0.0019096081    0.0019073941
  0.0019051729    0.0019029383    0.0019007036    0.0018984564    0.0018962093
  0.0018939504    0.0018916924    0.0018894170    0.0018871430    0.0018848583
  0.0018825636    0.0018802590    0.0018779511    0.0018756339    0.0018733080
  0.0056926202    0.0056884991    0.0056766724    0.0056583313    0.0056349423
  0.0056078192    0.0055779153    0.0055460021    0.0055125773    0.0054779981
  0.0054425515    0.0054064029    0.0053697135    0.0053325679    0.0052950485
  0.0052572161    0.0052191227    0.0051807947    0.0051422774    0.0051035888
  0.0050647351    0.0050257386    0.0049866229    0.0049473986    0.0049080633
  0.0048686296    0.0048291106    0.0047894935    0.0047497935    0.0047100256
  0.0046701922    0.0046302840    0.0045903049    0.0045502719    0.0045101539
  0.0044699933    0.0044297607    0.0043894867    0.0043491320    0.0043087403
  0.0042682752    0.0042277686    0.0041872085    0.0041465842    0.0041059186
  0.0040652023    0.0040244275    0.0039835878    0.0039427080    0.0039017639
  0.0038607809    0.0038197284    0.0037786237    0.0037374765    0.0036962511
  0.0036549868    0.0036136682    0.0035722840    0.0035308314    0.0034893274
  0.0034477475    0.0034061191    0.0033644223    0.0033226550    0.0032808171
  0.0032388962    0.0031969190    0.0031548400    0.0031126895    0.0030704509
  0.0030281298    0.0029857027    0.0029431740    0.0029005402    0.0028577871
  0.0028149176    0.0027719255    0.0027287756    0.0026854765    0.0026420251
  0.0025984003    0.0025545744    0.0025105368    0.0024662806    0.0024217669
  0.0023769813    0.0023318869    0.0022864473    0.0022406466    0.0021944185
  0.0021527399    0.0021507925    0.0021488291    0.0021468699    0.0021449149
  0.0021429545    0.0021409985    0.0021390377    0.0021370720    0.0021351020
  0.0021331370    0.0021311677    0.0021292038    0.0021272268    0.0021252555
  0.0021232807    0.0021213026    0.0021193306    0.0021173465    0.0021153689
  0.0021133797    0.0021113972    0.0021094125    0.0021074168    0.0021054284
  0.0021034295    0.0021014262    0.0020994247    0.0020974223    0.0020954190
  0.0020934151    0.0020914020    0.0020893886    0.0020873752    0.0020853618
  0.0020833402    0.0020813107    0.0020792818    0.0020772538    0.0020752185
  0.0020731845    0.0020711436    0.0020690961    0.0020670504    0.0020649986
  0.0020629490    0.0020608936    0.0020588328    0.0020567667    0.0020546957
  0.0020526278    0.0020505475    0.0020484707    0.0020463820    0.0020442973
  0.0020422012    0.0020401095    0.0020380068    0.0020358937    0.0020337856
  0.0020316749    0.0020295545    0.0020274321    0.0020253005    0.0020231601
  0.0020210257    0.0020188831    0.0020167250    0.0020145736    0.0020124147
  0.0020102485    0.0020080824    0.0020059025    0.0020037162    0.0020015308
  0.0019993325    0.0019971355    0.0019949264    0.0019927189    0.0019904999
  0.0019882764    0.0019860419    0.0019838035    0.0019815613    0.0019793092
  0.0019770539    0.0019747893    0.0019725156    0.0019702395    0.0019679485
  0.0058839114    0.0058801073    0.0058690469    0.0058518116    0.0058295976
  0.0058036093    0.0057747901    0.0057438303    0.0057112467    0.0056774380
  0.0056426765    0.0056071599    0.0055710157    0.0055343916    0.0054973516
  0.0054599702    0.0054222978    0.0053843739    0.0053462269    0.0053078887
  0.0052693927    0.0052307299    0.0051919372    0.0051530235    0.0051139837
  0.0050748581    0.0050356153    0.0049962957    0.0049568847    0.0049173959
  0.0048778301    0.0048381880    0.0047984852    0.0047587107    0.0047188678
  0.0046789729    0.0046390048    0.0045989810    0.0045588951    0.0045187643
  0.0044785717    0.0044383239    0.0043980177    0.0043576616    0.0043172525
  0.0042767998    0.0042362815    0.0041957078    0.0041550911    0.0041144214
  0.0040737020    0.0040329356    0.0039921065    0.0039512302    0.0039102926
  0.0038693017    0.0038282559    0.0037871634    0.0037460169    0.0037048089
  0.0036635340    0.0036222147    0.0035808226    0.0035393648    0.0034978516
  0.0034562746    0.0034146231    0.0033729103    0.0033311123    0.0032892380
  0.0032472924    0.0032052648    0.0031631631    0.0031209563    0.0030786436
  0.0030362459    0.0029937411    0.0029511183    0.0029083751    0.0028655123
  0.0028225002    0.0027793529    0.0027360379    0.0026925560    0.0026488858
  0.0026050117    0.0025609098    0.0025165766    0.0024719678    0.0024270755
  0.0023818644    0.0023362937    0.0022903283    0.0022439101    0.0022381563
  0.0022362040    0.0022342522    0.0022323013    0.0022303515    0.0022283930
  0.0022264360    0.0022244804    0.0022225167    0.0022205548    0.0022185950
  0.0022166275    0.0022146623    0.0022126995    0.0022107296    0.0022087530
  0.0022067792    0.0022048084    0.0022028313    0.0022008482    0.0021988684
  0.0021968830    0.0021949013    0.0021929143    0.0021909221    0.0021889249
  0.0021869290    0.0021849316    0.0021829299    0.0021809240    0.0021789230
  0.0021769182    0.0021749008    0.0021728887    0.0021708735    0.0021688551
  0.0021668251    0.0021648098    0.0021627746    0.0021607458    0.0021587062
  0.0021566732    0.0021546300    0.0021525768    0.0021505390    0.0021484832
  0.0021464265    0.0021443607    0.0021423026    0.0021402357    0.0021381606
  0.0021360935    0.0021340103    0.0021319274    0.0021298451    0.0021277476
  0.0021256589    0.0021235556    0.0021214534    0.0021193451    0.0021172305
  0.0021151102    0.0021129919    0.0021108683    0.0021087316    0.0021065978
  0.0021044517    0.0021023011    0.0021001539    0.0020979951    0.0020958325
  0.0020936666    0.0020914971    0.0020893100    0.0020871275    0.0020849423
  0.0020827403    0.0020805364    0.0020783375    0.0020761228    0.0020739068
  0.0020716755    0.0020694432    0.0020672035    0.0020649564    0.0020627090
  0.0060744100    0.0060708534    0.0060605292    0.0060442913    0.0060232095
  0.0059983424    0.0059705502    0.0059405487    0.0059088407    0.0058758173
  0.0058417551    0.0058068698    0.0057713043    0.0057352230    0.0056986705
  0.0056617532    0.0056245027    0.0055869736    0.0055492240    0.0055112523
  0.0054731068    0.0054347751    0.0053963097    0.0053577169    0.0053189894
  0.0052801522    0.0052412149    0.0052021737    0.0051630548    0.0051238273
  0.0050845327    0.0050451696    0.0050057242    0.0049662239    0.0049266298
  0.0048869834    0.0048472864    0.0048075154    0.0047676996    0.0047278173
  0.0046878729    0.0046478832    0.0046078293    0.0045677299    0.0045275785
  0.0044873708    0.0044471032    0.0044067948    0.0043664434    0.0043260251
  0.0042855715    0.0042450502    0.0042044939    0.0041638723    0.0041232085
  0.0040824857    0.0040417271    0.0040008989    0.0039600167    0.0039190872
  0.0038781084    0.0038370611    0.0037959739    0.0037548117    0.0037136053
  0.0036723232    0.0036309811    0.0035895845    0.0035481169    0.0035065889
  0.0034649868    0.0034233240    0.0033815610    0.0033397442    0.0032978313
  0.0032558351    0.0032137487    0.0031715608    0.0031292961    0.0030869078
  0.0030444134    0.0030017994    0.0029590697    0.0029161814    0.0028731621
  0.0028300020    0.0027866504    0.0027431182    0.0026994031    0.0026554615
  0.0026112929    0.0025668763    0.0025221649    0.0024771596    0.0024318184
  0.0023860926    0.0023399415    0.0023257779    0.0023238389    0.0023218970
  0.0023199428    0.0023179966    0.0023160487    0.0023140990    0.0023121476
  0.0023101947    0.0023082406    0.0023062852    0.0023043189    0.0023023616
  0.0023003937    0.0022984352    0.0022964662    0.0022944971    0.0022925278
  0.0022905585    0.0022885797    0.0022866012    0.0022846232    0.0022826457
  0.0022806594    0.0022786742    0.0022766898    0.0022746974    0.0022727031
  0.0022707041    0.0022687069    0.0022667022    0.0022646995    0.0022626988
  0.0022606821    0.0022586769    0.0022566561    0.0022546471    0.0022526229
  0.0022506016    0.0022485746    0.0022465421    0.0022445041    0.0022424698
  0.0022404305    0.0022383863    0.0022363376    0.0022342845    0.0022322357
  0.0022301743    0.0022281175    0.0022260486    0.0022239847    0.0022219090
  0.0022198302    0.0022177487    0.0022156643    0.0022135775    0.0022114801
  0.0022093888    0.0022072793    0.0022051761    0.0022030633    0.0022009491
  0.0021988339    0.0021967096    0.0021945766    0.0021924431    0.0021903014
  0.0021881595    0.0021860098    0.0021838527    0.0021817036    0.0021795320
  0.0021773614    0.0021751917    0.0021730080    0.0021708259    0.0021686303
  0.0021664364    0.0021642298    0.0021620180    0.0021598086    0.0021575873
  0.0062641278    0.0062608130    0.0062511353    0.0062358141    0.0062158003
  0.0061920060    0.0061652570    0.0061362046    0.0061053761    0.0060731391
  0.0060397935    0.0060055570    0.0059706073    0.0059350565    0.0058990160
  0.0058625743    0.0058257606    0.0057886613    0.0057513012    0.0057137083
  0.0056758978    0.0056379199    0.0055997781    0.0055615084    0.0055230864
  0.0054845507    0.0054458947    0.0054071583    0.0053683058    0.0053293635
  0.0052903428    0.0052512409    0.0052120697    0.0051728138    0.0051334864
  0.0050940877    0.0050546443    0.0050151302    0.0049755598    0.0049359221
  0.0048962315    0.0048564916    0.0048166923    0.0047768374    0.0047369312
  0.0046969666    0.0046569605    0.0046168951    0.0045767883    0.0045366239
  0.0044964091    0.0044561523    0.0044158395    0.0043754900    0.0043350610
  0.0042946049    0.0042540903    0.0042135393    0.0041729237    0.0041322459
  0.0040915404    0.0040507709    0.0040099543    0.0039690678    0.0039281376
  0.0038871540    0.0038461076    0.0038050007    0.0037638438    0.0037226152
  0.0036813368    0.0036399823    0.0035985746    0.0035570764    0.0035155055
  0.0034738816    0.0034321649    0.0033903712    0.0033485013    0.0033065319
  0.0032644761    0.0032223212    0.0031800379    0.0031376662    0.0030951814
  0.0030525638    0.0030098271    0.0029669290    0.0029239014    0.0028806917
  0.0028373059    0.0027937242    0.0027499592    0.0027059502    0.0026617042
  0.0026171736    0.0025723688    0.0025272237    0.0024817303    0.0024358498
  0.0024136588    0.0024117236    0.0024097826    0.0024078471    0.0024059064
  0.0024039607    0.0024020103    0.0024000657    0.0023981166    0.0023961735
  0.0023942159    0.0023922646    0.0023903092    0.0023883503    0.0023863877
  0.0023844317    0.0023824725    0.0023804999    0.0023785345    0.0023765662
  0.0023745951    0.0023726214    0.0023706454    0.0023686670    0.0023666866
  0.0023647042    0.0023627199    0.0023607244    0.0023587337    0.0023567354
  0.0023547454    0.0023527448    0.0023507433    0.0023487410    0.0023467381
  0.0023447253    0.0023427122    0.0023406897    0.0023386765    0.0023366540
  0.0023346319    0.0023326011    0.0023305709    0.0023285324    0.0023264947
  0.0023244582    0.0023224049    0.0023203619    0.0023183115    0.0023162539
  0.0023141893    0.0023121267    0.0023100663    0.0023079906    0.0023059175
  0.0023038383    0.0023017534    0.0022996713    0.0022975837    0.0022954822
  0.0022933843    0.0022912815    0.0022891657    0.0022870620    0.0022849457
  0.0022828170    0.0022806927    0.0022785648    0.0022764251    0.0022742821
  0.0022721441    0.0022699870    0.0022678353    0.0022656731    0.0022635085
  0.0022613338    0.0022591573    0.0022569790    0.0022547914    0.0022525947
  0.0064530765    0.0064499906    0.0064409056    0.0064264545    0.0064074415
  0.0063846722    0.0063589517    0.0063308443    0.0063008867    0.0062694604
  0.0062368355    0.0062032701    0.0061689243    0.0061339458    0.0060984272
  0.0060624561    0.0060261121    0.0059894293    0.0059524644    0.0059152444
  0.0058778164    0.0058401795    0.0058023849    0.0057644194    0.0057263204
  0.0056880779    0.0056497156    0.0056112565    0.0055726938    0.0055340224
  0.0054952817    0.0054564378    0.0054175166    0.0053785294    0.0053394591
  0.0053003179    0.0052611184    0.0052218594    0.0051825266    0.0051431330
  0.0051036935    0.0050641945    0.0050246375    0.0049850245    0.0049453576
  0.0049056398    0.0048658740    0.0048260513    0.0047861766    0.0047462535
  0.0047062762    0.0046662734    0.0046262039    0.0045860869    0.0045459184
  0.0045057058    0.0044654468    0.0044251278    0.0043847592    0.0043443503
  0.0043038916    0.0042633939    0.0042228289    0.0041822284    0.0041415478
  0.0041008400    0.0040600618    0.0040192386    0.0039783582    0.0039374292
  0.0038964335    0.0038553805    0.0038142723    0.0037730794    0.0037318399
  0.0036905338    0.0036491532    0.0036077137    0.0035661794    0.0035245840
  0.0034829033    0.0034411364    0.0033992848    0.0033573513    0.0033153010
  0.0032731472    0.0032309005    0.0031885199    0.0031460381    0.0031034164
  0.0030606549    0.0030177392    0.0029746721    0.0029314337    0.0028879996
  0.0028443656    0.0028005163    0.0027564357    0.0027120932    0.0026674698
  0.0026225369    0.0025772618    0.0025316178    0.0025017840    0.0024998523
  0.0024979229    0.0024959852    0.0024940505    0.0024921079    0.0024901792
  0.0024882321    0.0024862883    0.0024843479    0.0024824003    0.0024804459
  0.0024785057    0.0024765482    0.0024745948    0.0024726349    0.0024706793
  0.0024687176    0.0024667602    0.0024647971    0.0024628282    0.0024608642
  0.0024588845    0.0024569201    0.0024549404    0.0024529659    0.0024509867
  0.0024489929    0.0024470146    0.0024450287    0.0024430320    0.0024410414
  0.0024390369    0.0024370386    0.0024350369    0.0024330317    0.0024310233
  0.0024290118    0.0024270071    0.0024249898    0.0024229700    0.0024209476
  0.0024189230    0.0024168867    0.0024148580    0.0024128179    0.0024107762
  0.0024087329    0.0024066882    0.0024046424    0.0024025862    0.0024005291
  0.0023984712    0.0023964036    0.0023943356    0.0023922584    0.0023901898
  0.0023881035    0.0023860262    0.0023839316    0.0023818375    0.0023797440
  0.0023776425    0.0023755332    0.0023734252    0.0023713099    0.0023691958
  0.0023670663    0.0023649387    0.0023628044    0.0023606637    0.0023585254
  0.0023563810    0.0023542308    0.0023520750    0.0023499138    0.0023477393
  0.0066413241    0.0066384272    0.0066298831    0.0066162351    0.0065981551
  0.0065763853    0.0065516454    0.0065244868    0.0064953980    0.0064647774
  0.0064329034    0.0064000008    0.0063662883    0.0063318764    0.0062968939
  0.0062614275    0.0062255377    0.0061892928    0.0061527309    0.0061159127
  0.0060788493    0.0060415724    0.0060040988    0.0059664642    0.0059286716
  0.0058907424    0.0058526981    0.0058145136    0.0057762287    0.0057378352
  0.0056993584    0.0056607758    0.0056221288    0.0055833817    0.0055445753
  0.0055056906    0.0054667395    0.0054277189    0.0053886269    0.0053494758
  0.0053102782    0.0052710052    0.0052316978    0.0051923145    0.0051528833
  0.0051134051    0.0050738673    0.0050342857    0.0049946484    0.0049549718
  0.0049152208    0.0048754493    0.0048356114    0.0047957246    0.0047558058
  0.0047158246    0.0046758216    0.0046357357    0.0045956189    0.0045554557
  0.0045152444    0.0044749820    0.0044346571    0.0043943004    0.0043538906
  0.0043134399    0.0042729285    0.0042323597    0.0041917469    0.0041510926
  0.0041103649    0.0040695877    0.0040287594    0.0039878768    0.0039469237
  0.0039059081    0.0038648500    0.0038237092    0.0037825077    0.0037412415
  0.0036999018    0.0036584733    0.0036169959    0.0035754199    0.0035337645
  0.0034920140    0.0034501917    0.0034082562    0.0033662273    0.0033240911
  0.0032818360    0.0032394671    0.0031969585    0.0031543144    0.0031115396
  0.0030686013    0.0030254878    0.0029821969    0.0029387234    0.0028950293
  0.0028511033    0.0028069228    0.0027624901    0.0027177545    0.0026726805
  0.0026272656    0.0025901509    0.0025882214    0.0025862917    0.0025843621
  0.0025824329    0.0025805040    0.0025785646    0.0025766369    0.0025746989
  0.0025727618    0.0025708147    0.0025688687    0.0025669349    0.0025649805
  0.0025630384    0.0025610872    0.0025591374    0.0025571788    0.0025552222
  0.0025532567    0.0025513041    0.0025493431    0.0025473739    0.0025454071
  0.0025434324    0.0025414605    0.0025394809    0.0025375042    0.0025355306
  0.0025335394    0.0025315584    0.0025295638    0.0025275728    0.0025255853
  0.0025235813    0.0025215911    0.0025195849    0.0025175828    0.0025155648
  0.0025135611    0.0025115421    0.0025095277    0.0025075079    0.0025054833
  0.0025034536    0.0025014194    0.0024993903    0.0024973472    0.0024953094
  0.0024932675    0.0024912123    0.0024891721    0.0024871095    0.0024850529
  0.0024829928    0.0024809204    0.0024788542    0.0024767853    0.0024747044
  0.0024726210    0.0024705353    0.0024684382    0.0024663482    0.0024642473
  0.0024621536    0.0024600405    0.0024579259    0.0024558102    0.0024536933
  0.0024515666    0.0024494392    0.0024473024    0.0024451652    0.0024430191
  0.0068288720    0.0068261371    0.0068181079    0.0068051964    0.0067880029
  0.0067671923    0.0067433899    0.0067171532    0.0066889404    0.0066591289
  0.0066279874    0.0065957855    0.0065627061    0.0065288797    0.0064944543
  0.0064594781    0.0064240667    0.0063882689    0.0063521399    0.0063157030
  0.0062790224    0.0062421101    0.0062049820    0.0061676728    0.0061302018
  0.0060925889    0.0060548216    0.0060169392    0.0059789310    0.0059408211
  0.0059026166    0.0058643100    0.0058259098    0.0057874259    0.0057488678
  0.0057102298    0.0056715224    0.0056327412    0.0055938977    0.0055549879
  0.0055160090    0.0054769876    0.0054378926    0.0053987510    0.0053595605
  0.0053203074    0.0052809911    0.0052416388    0.0052022372    0.0051627868
  0.0051232765    0.0050837328    0.0050441210    0.0050044805    0.0049647771
  0.0049250268    0.0048852460    0.0048454025    0.0048055135    0.0047655959
  0.0047256089    0.0046855942    0.0046455124    0.0046053946    0.0045652255
  0.0045250255    0.0044847597    0.0044444492    0.0044040834    0.0043636837
  0.0043232105    0.0042827060    0.0042421341    0.0042015180    0.0041608343
  0.0041201152    0.0040793223    0.0040384796    0.0039975701    0.0039566024
  0.0039155777    0.0038744813    0.0038333176    0.0037920747    0.0037507679
  0.0037093808    0.0036679137    0.0036263698    0.0035847452    0.0035430240
  0.0035011989    0.0034592721    0.0034172344    0.0033751186    0.0033328451
  0.0032904642    0.0032479554    0.0032052897    0.0031624780    0.0031194992
  0.0030763443    0.0030330056    0.0029894645    0.0029456881    0.0029016784
  0.0028574155    0.0028128558    0.0027679857    0.0027227870    0.0026787353
  0.0026768173    0.0026748964    0.0026729732    0.0026710480    0.0026691206
  0.0026671913    0.0026652603    0.0026633276    0.0026613933    0.0026594688
  0.0026575316    0.0026555819    0.0026536535    0.0026517018    0.0026497602
  0.0026478179    0.0026458638    0.0026439092    0.0026419540    0.0026399986
  0.0026380430    0.0026360872    0.0026341205    0.0026321539    0.0026301877
  0.0026282217    0.0026262455    0.0026242698    0.0026222949    0.0026203100
  0.0026183227    0.0026163401    0.0026143481    0.0026123573    0.0026103678
  0.0026083696    0.0026063729    0.0026043676    0.0026023643    0.0026003526
  0.0025983431    0.0025963256    0.0025943003    0.0025922776    0.0025902573
  0.0025882297    0.0025861949    0.0025841631    0.0025821244    0.0025800888
  0.0025780369    0.0025759883    0.0025739335    0.0025718823    0.0025698156
  0.0025677528    0.0025656843    0.0025636200    0.0025615408    0.0025594566
  0.0025573768    0.0025552921    0.0025532026    0.0025510996    0.0025490014
  0.0025468990    0.0025447927    0.0025426733    0.0025405592    0.0025384417
  0.0070157499    0.0070131869    0.0070055910    0.0069933521    0.0069770030
  0.0069570964    0.0069342371    0.0069089035    0.0068815439    0.0068525350
  0.0068221564    0.0067906450    0.0067582077    0.0067249757    0.0066910985
  0.0066566614    0.0066217229    0.0065863878    0.0065506728    0.0065146558
  0.0064783446    0.0064418057    0.0064050346    0.0063680658    0.0063309172
  0.0062936082    0.0062561419    0.0062185575    0.0061808425    0.0061430028
  0.0061050625    0.0060670281    0.0060288750    0.0059906604    0.0059523443
  0.0059139677    0.0058754927    0.0058369606    0.0057983500    0.0057596722
  0.0057209368    0.0056821407    0.0056432794    0.0056043651    0.0055653940
  0.0055263643    0.0054872886    0.0054481639    0.0054089763    0.0053697381
  0.0053304762    0.0052911369    0.0052517599    0.0052123342    0.0051728595
  0.0051333384    0.0050937728    0.0050541649    0.0050145057    0.0049747979
  0.0049350577    0.0048952655    0.0048554266    0.0048155338    0.0047756046
  0.0047356230    0.0046956058    0.0046555286    0.0046154196    0.0045752442
  0.0045350228    0.0044947645    0.0044544485    0.0044140941    0.0043736640
  0.0043331991    0.0042926923    0.0042521084    0.0042114802    0.0041707947
  0.0041300488    0.0040892403    0.0040483767    0.0040074492    0.0039664504
  0.0039253906    0.0038842493    0.0038430467    0.0038017648    0.0037604173
  0.0037189602    0.0036774328    0.0036358224    0.0035941065    0.0035522910
  0.0035103785    0.0034683562    0.0034262028    0.0033839402    0.0033415429
  0.0032990044    0.0032563130    0.0032134546    0.0031704408    0.0031272290
  0.0030838251    0.0030402157    0.0029963660    0.0029522661    0.0029078789
  0.0028632198    0.0028182311    0.0027728811    0.0027656358    0.0027637216
  0.0027618022    0.0027598784    0.0027579619    0.0027560411    0.0027541161
  0.0027521870    0.0027502655    0.0027483286    0.0027463995    0.0027444668
  0.0027425305    0.0027405907    0.0027386592    0.0027367130    0.0027347751
  0.0027328230    0.0027308792    0.0027289214    0.0027269723    0.0027250206
  0.0027230666    0.0027210991    0.0027191405    0.0027171689    0.0027152063
  0.0027132419    0.0027112649    0.0027092863    0.0027073063    0.0027053320
  0.0027033494    0.0027013550    0.0026993703    0.0026973739    0.0026953875
  0.0026933897    0.0026913810    0.0026893822    0.0026873728    0.0026853632
  0.0026833533    0.0026813333    0.0026793134    0.0026772938    0.0026752643
  0.0026732353    0.0026712069    0.0026691691    0.0026671323    0.0026650863
  0.0026630415    0.0026609879    0.0026589356    0.0026568750    0.0026548158
  0.0026527486    0.0026506832    0.0026486099    0.0026465386    0.0026444599
  0.0026423737    0.0026402806    0.0026381898    0.0026360921    0.0026339879
  0.0072019939    0.0071995658    0.0071923940    0.0071807907    0.0071652065
  0.0071461759    0.0071241911    0.0070997314    0.0070732337    0.0070450116
  0.0070153989    0.0069845987    0.0069528026    0.0069201844    0.0068868750
  0.0068529598    0.0068185159    0.0067836293    0.0067483727    0.0067127665
  0.0066768548    0.0066406852    0.0066042702    0.0065676438    0.0065308227
  0.0064938437    0.0064566725    0.0064193838    0.0063819636    0.0063443991
  0.0063067311    0.0062689486    0.0062310753    0.0061931017    0.0061550359
  0.0061169023    0.0060786761    0.0060403835    0.0060020171    0.0059635705
  0.0059250693    0.0058865079    0.0058478657    0.0058091843    0.0057704286
  0.0057316396    0.0056927693    0.0056538733    0.0056149053    0.0055758918
  0.0055368301    0.0054977194    0.0054585578    0.0054193453    0.0053800945
  0.0053407918    0.0053014507    0.0052620590    0.0052226180    0.0051831291
  0.0051436071    0.0051040412    0.0050644227    0.0050247551    0.0049850531
  0.0049453093    0.0049055053    0.0048656688    0.0048257830    0.0047858417
  0.0047458642    0.0047058449    0.0046657601    0.0046256489    0.0045854682
  0.0045452471    0.0045049851    0.0044646629    0.0044242904    0.0043838603
  0.0043433841    0.0043028554    0.0042622601    0.0042216118    0.0041809165
  0.0041401349    0.0040993199    0.0040584172    0.0040174553    0.0039764176
  0.0039353243    0.0038941301    0.0038528730    0.0038115286    0.0037701108
  0.0037285984    0.0036869950    0.0036452902    0.0036034762    0.0035615536
  0.0035195372    0.0034773655    0.0034350844    0.0033926682    0.0033500843
  0.0033073692    0.0032644717    0.0032214071    0.0031781322    0.0031346586
  0.0030909714    0.0030470268    0.0030028310    0.0029583489    0.0029135389
  0.0028684081    0.0028546607    0.0028527490    0.0028508421    0.0028489283
  0.0028470199    0.0028451047    0.0028431829    0.0028412668    0.0028393444
  0.0028374157    0.0028354930    0.0028335642    0.0028316295    0.0028297009
  0.0028277666    0.0028258268    0.0028238934    0.0028219546    0.0028200106
  0.0028180615    0.0028161191    0.0028141718    0.0028122198    0.0028102631
  0.0028083020    0.0028063479    0.0028043781    0.0028024156    0.0028004489
  0.0027984784    0.0027965042    0.0027945373    0.0027925521    0.0027905673
  0.0027885901    0.0027866096    0.0027846151    0.0027826176    0.0027806282
  0.0027786251    0.0027766303    0.0027746223    0.0027726224    0.0027706097
  0.0027685947    0.0027665778    0.0027645589    0.0027625382    0.0027605053
  0.0027584813    0.0027564455    0.0027544083    0.0027523596    0.0027503202
  0.0027482695    0.0027462282    0.0027441657    0.0027421026    0.0027400493
  0.0027379753    0.0027359112    0.0027338368    0.0027317526    0.0027296784
  0.0073875993    0.0073853085    0.0073785203    0.0073675022    0.0073526529
  0.0073344357    0.0073133079    0.0072897034    0.0072640253    0.0072366286
  0.0072077550    0.0071776585    0.0071465148    0.0071145221    0.0070817714
  0.0070483898    0.0070144538    0.0069800495    0.0069452293    0.0069100520
  0.0068745413    0.0068387443    0.0068026917    0.0067664165    0.0067299348
  0.0066932639    0.0066564230    0.0066194326    0.0065822949    0.0065450145
  0.0065076314    0.0064701152    0.0064325075    0.0063947969    0.0063569904
  0.0063190958    0.0062811032    0.0062430383    0.0062049091    0.0061667074
  0.0061284263    0.0060900751    0.0060516786    0.0060132158    0.0059746955
  0.0059360980    0.0058974642    0.0058587735    0.0058200372    0.0057812368
  0.0057423832    0.0057035025    0.0056645488    0.0056255487    0.0055865140
  0.0055474282    0.0055082916    0.0054691156    0.0054299006    0.0053906194
  0.0053513122    0.0053119657    0.0052725434    0.0052331104    0.0051936177
  0.0051540925    0.0051145130    0.0050748943    0.0050352285    0.0049955194
  0.0049557592    0.0049159656    0.0048761197    0.0048362397    0.0047962982
  0.0047563236    0.0047162910    0.0046762198    0.0046360749    0.0045959078
  0.0045556770    0.0045154116    0.0044750733    0.0044346825    0.0043942521
  0.0043537458    0.0043132053    0.0042725885    0.0042319197    0.0041911867
  0.0041503964    0.0041095138    0.0040685896    0.0040275676    0.0039864919
  0.0039453391    0.0039041003    0.0038627734    0.0038213571    0.0037798532
  0.0037382489    0.0036965539    0.0036547332    0.0036128130    0.0035707612
  0.0035285880    0.0034862852    0.0034438227    0.0034012152    0.0033584552
  0.0033155139    0.0032723894    0.0032290544    0.0031855058    0.0031417127
  0.0030976852    0.0030533883    0.0030087659    0.0029638491    0.0029439076
  0.0029420062    0.0029400952    0.0029381874    0.0029362831    0.0029343698
  0.0029324601    0.0029305416    0.0029286269    0.0029267037    0.0029247844
  0.0029228690    0.0029209453    0.0029190138    0.0029170864    0.0029151632
  0.0029132204    0.0029112938    0.0029093598    0.0029074185    0.0029054700
  0.0029035262    0.0029015754    0.0028996295    0.0028976769    0.0028957292
  0.0028937750    0.0028918144    0.0028898475    0.0028878860    0.0028859183
  0.0028839448    0.0028819768    0.0028799994    0.0028780202    0.0028760356
  0.0028740568    0.0028720728    0.0028700836    0.0028680895    0.0028660904
  0.0028640867    0.0028620892    0.0028600873    0.0028580810    0.0028560703
  0.0028540555    0.0028520366    0.0028500138    0.0028479979    0.0028459568
  0.0028439336    0.0028418963    0.0028398663    0.0028378118    0.0028357753
  0.0028337253    0.0028316726    0.0028296170    0.0028275588    0.0028254981
  0.0075726051    0.0075704284    0.0075639964    0.0075535224    0.0075393656
  0.0075219075    0.0075016090    0.0074788536    0.0074539857    0.0074273605
  0.0073992333    0.0073698460    0.0073393587    0.0073079955    0.0072758273
  0.0072429828    0.0072095804    0.0071756438    0.0071412872    0.0071065280
  0.0070714291    0.0070360173    0.0070003423    0.0069644165    0.0069282748
  0.0068919336    0.0068554115    0.0068187276    0.0067818654    0.0067448839
  0.0067077671    0.0066705386    0.0066331849    0.0065957117    0.0065581610
  0.0065205211    0.0064827817    0.0064449671    0.0064070512    0.0063690924
  0.0063310485    0.0062929280    0.0062547397    0.0062165088    0.0061781801
  0.0061398264    0.0061014104    0.0060629251    0.0060243971    0.0059858054
  0.0059471762    0.0059084888    0.0058697546    0.0058309703    0.0057921461
  0.0057532651    0.0057143389    0.0056753647    0.0056363551    0.0055972937
  0.0055581944    0.0055190411    0.0054798606    0.0054406267    0.0054013389
  0.0053620246    0.0053226587    0.0052832547    0.0052438146    0.0052043278
  0.0051647738    0.0051252032    0.0050855833    0.0050459069    0.0050062009
  0.0049664470    0.0049266396    0.0048868067    0.0048469096    0.0048069662
  0.0047669839    0.0047269381    0.0046868577    0.0046467315    0.0046065372
  0.0045662863    0.0045260064    0.0044856520    0.0044452530    0.0044048022
  0.0043642752    0.0043237037    0.0042830479    0.0042423492    0.0042015870
  0.0041607439    0.0041198274    0.0040788480    0.0040377900    0.0039966492
  0.0039554063    0.0039141055    0.0038726923    0.0038311965    0.0037895899
  0.0037478842    0.0037060562    0.0036641240    0.0036220615    0.0035798594
  0.0035375276    0.0034950402    0.0034523996    0.0034095853    0.0033665739
  0.0033233803    0.0032799801    0.0032363431    0.0031924683    0.0031483313
  0.0031039126    0.0030591803    0.0030333516    0.0030314556    0.0030295476
  0.0030276538    0.0030257488    0.0030238453    0.0030219307    0.0030200306
  0.0030181197    0.0030162105    0.0030142908    0.0030123731    0.0030104576
  0.0030085441    0.0030066082    0.0030046871    0.0030027559    0.0030008274
  0.0029989014    0.0029969658    0.0029950330    0.0029930907    0.0029911515
  0.0029892031    0.0029872578    0.0029853156    0.0029833527    0.0029814050
  0.0029794489    0.0029774961    0.0029755351    0.0029735659    0.0029716005
  0.0029696270    0.0029676537    0.0029656765    0.0029637034    0.0029617229
  0.0029597349    0.0029577512    0.0029557604    0.0029537627    0.0029517695
  0.0029497696    0.0029477743    0.0029457612    0.0029437530    0.0029417386
  0.0029397291    0.0029377135    0.0029356921    0.0029336650    0.0029316320
  0.0029296047    0.0029275719    0.0029255336    0.0029234902    0.0029214417
  0.0077570260    0.0077549600    0.0077488484    0.0077388896    0.0077253703
  0.0077086499    0.0076891422    0.0076671760    0.0076431013    0.0076172501
  0.0075898698    0.0075611684    0.0075313781    0.0075006192    0.0074690510
  0.0074367607    0.0074038682    0.0073704388    0.0073365244    0.0073022039
  0.0072675193    0.0072325171    0.0071972258    0.0071616574    0.0071258661
  0.0070898479    0.0070536399    0.0070172616    0.0069807128    0.0069440150
  0.0069071710    0.0068702028    0.0068331148    0.0067959296    0.0067586162
  0.0067212169    0.0066837376    0.0066461488    0.0066084758    0.0065707429
  0.0065329230    0.0064950405    0.0064570701    0.0064190533    0.0063809649
  0.0063428145    0.0063045934    0.0062663281    0.0062280112    0.0061896515
  0.0061512119    0.0061127336    0.0060742112    0.0060356242    0.0059969978
  0.0059583278    0.0059196100    0.0058808406    0.0058420455    0.0058031778
  0.0057642931    0.0057253448    0.0056863600    0.0056473374    0.0056082607
  0.0055691432    0.0055299849    0.0054907846    0.0054515550    0.0054122718
  0.0053729359    0.0053335852    0.0052941607    0.0052547125    0.0052152197
  0.0051756836    0.0051361088    0.0050964750    0.0050567876    0.0050170951
  0.0049773240    0.0049375244    0.0048976700    0.0048577667    0.0048178212
  0.0047778305    0.0047377807    0.0046976822    0.0046575320    0.0046173306
  0.0045770784    0.0045367646    0.0044963934    0.0044559659    0.0044154845
  0.0043749356    0.0043343242    0.0042936374    0.0042528985    0.0042120811
  0.0041711843    0.0041302165    0.0040891721    0.0040480443    0.0040068225
  0.0039655111    0.0039241088    0.0038826146    0.0038410074    0.0037992763
  0.0037574518    0.0037154950    0.0036733944    0.0036311812    0.0035888127
  0.0035462743    0.0035035873    0.0034607161    0.0034176445    0.0033743900
  0.0033308987    0.0032871869    0.0032431993    0.0031989445    0.0031543954
  0.0031229874    0.0031211038    0.0031192061    0.0031173210    0.0031154224
  0.0031135235    0.0031116243    0.0031097121    0.0031078129    0.0031059007
  0.0031040014    0.0031020895    0.0031001651    0.0030982538    0.0030963429
  0.0030944198    0.0030924972    0.0030905753    0.0030886415    0.0030867211
  0.0030847892    0.0030828456    0.0030809157    0.0030789744    0.0030770343
  0.0030750955    0.0030731459    0.0030711976    0.0030692508    0.0030672936
  0.0030653380    0.0030633842    0.0030614201    0.0030594580    0.0030574859
  0.0030555121    0.0030535444    0.0030515670    0.0030495921    0.0030476077
  0.0030456258    0.0030436348    0.0030416465    0.0030396493    0.0030376549
  0.0030356633    0.0030336518    0.0030316549    0.0030296380    0.0030276245
  0.0030256143    0.0030235963    0.0030215703    0.0030195480    0.0030175179
  0.0079408720    0.0079389109    0.0079331003    0.0079236175    0.0079106920
  0.0078946781    0.0078759122    0.0078547335    0.0078314265    0.0078063452
  0.0077796828    0.0077517035    0.0077225570    0.0076924351    0.0076614344
  0.0076297093    0.0075973593    0.0075644066    0.0075309887    0.0074971205
  0.0074628442    0.0074282477    0.0073933382    0.0073581266    0.0073226875
  0.0072870153    0.0072511274    0.0072150620    0.0071788185    0.0071423980
  0.0071058605    0.0070691697    0.0070323483    0.0069954003    0.0069583679
  0.0069212182    0.0068839576    0.0068466279    0.0068091989    0.0067716771
  0.0067340878    0.0066964197    0.0066586805    0.0066208774    0.0065830012
  0.0065450769    0.0065070784    0.0064690148    0.0064309107    0.0063927425
  0.0063545185    0.0063162483    0.0062779254    0.0062395584    0.0062011263
  0.0061626540    0.0061241368    0.0060855693    0.0060469612    0.0060083090
  0.0059696082    0.0059308690    0.0058920890    0.0058532505    0.0058143791
  0.0057754719    0.0057365132    0.0056975149    0.0056584763    0.0056194088
  0.0055802851    0.0055411319    0.0055019098    0.0054626707    0.0054233776
  0.0053840560    0.0053446837    0.0053052732    0.0052658164    0.0052263269
  0.0051867727    0.0051471931    0.0051075454    0.0050678900    0.0050281766
  0.0049883879    0.0049485848    0.0049087299    0.0048688195    0.0048288605
  0.0047888494    0.0047487861    0.0047086674    0.0046685032    0.0046282744
  0.0045879996    0.0045476621    0.0045072723    0.0044667969    0.0044262847
  0.0043856954    0.0043450506    0.0043043133    0.0042635167    0.0042226501
  0.0041816973    0.0041406602    0.0040995328    0.0040583109    0.0040170132
  0.0039756010    0.0039340872    0.0038924798    0.0038507454    0.0038088937
  0.0037669153    0.0037248036    0.0036825263    0.0036401192    0.0035975414
  0.0035547930    0.0035118640    0.0034687420    0.0034253901    0.0033818126
  0.0033379869    0.0032939172    0.0032495468    0.0032128301    0.0032109526
  0.0032090587    0.0032071760    0.0032052777    0.0032033906    0.0032014882
  0.0031995839    0.0031976909    0.0031957830    0.0031938865    0.0031919753
  0.0031900755    0.0031881613    0.0031862456    0.0031843417    0.0031824234
  0.0031805041    0.0031785836    0.0031766621    0.0031747269    0.0031728037
  0.0031708798    0.0031689424    0.0031670043    0.0031650659    0.0031631270
  0.0031611877    0.0031592481    0.0031572959    0.0031553436    0.0031533911
  0.0031514388    0.0031494742    0.0031475099    0.0031455460    0.0031435783
  0.0031416152    0.0031396404    0.0031376542    0.0031356808    0.0031336961
  0.0031317124    0.0031297295    0.0031277358    0.0031257431    0.0031237518
  0.0031217498    0.0031197492    0.0031177383    0.0031157291    0.0031137214
  0.0081241702    0.0081223061    0.0081167706    0.0081077153    0.0080953779
  0.0080800287    0.0080619685    0.0080415206    0.0080189954    0.0079946261
  0.0079687148    0.0079413973    0.0079129237    0.0078834222    0.0078530378
  0.0078218829    0.0077900363    0.0077576083    0.0077246502    0.0076912420
  0.0076574027    0.0076232002    0.0075886831    0.0075538613    0.0075187675
  0.0074834376    0.0074478871    0.0074121341    0.0073761971    0.0073400766
  0.0073038131    0.0072674080    0.0072308642    0.0071941844    0.0071573922
  0.0071204916    0.0070835062    0.0070464033    0.0070092078    0.0069719248
  0.0069345612    0.0068971227    0.0068596160    0.0068220130    0.0067843560
  0.0067466520    0.0067088561    0.0066710109    0.0066331077    0.0065951374
  0.0065571248    0.0065190453    0.0064809242    0.0064427531    0.0064045256
  0.0063662510    0.0063279376    0.0062895643    0.0062511557    0.0062126908
  0.0061741954    0.0061356480    0.0060970605    0.0060584267    0.0060197588
  0.0059810377    0.0059422880    0.0059034794    0.0058646375    0.0058257580
  0.0057868269    0.0057478685    0.0057088554    0.0056698251    0.0056307375
  0.0055916064    0.0055524564    0.0055132496    0.0054739873    0.0054347069
  0.0053953620    0.0053560021    0.0053165817    0.0052771258    0.0052376163
  0.0051980663    0.0051584690    0.0051188394    0.0050791601    0.0050394249
  0.0049996504    0.0049598219    0.0049199546    0.0048800146    0.0048400514
  0.0048000207    0.0047599408    0.0047198018    0.0046796125    0.0046393547
  0.0045990568    0.0045586837    0.0045182470    0.0044777495    0.0044371780
  0.0043965454    0.0043558400    0.0043150512    0.0042741862    0.0042332360
  0.0041922176    0.0041510926    0.0041098882    0.0040685696    0.0040271631
  0.0039856316    0.0039440178    0.0039022593    0.0038603861    0.0038183813
  0.0037762176    0.0037339220    0.0036914562    0.0036488316    0.0036060277
  0.0035630279    0.0035197989    0.0034763772    0.0034327179    0.0033888058
  0.0033445907    0.0033028622    0.0033009833    0.0032990998    0.0032972121
  0.0032953343    0.0032934389    0.0032915534    0.0032896505    0.0032877712
  0.0032858611    0.0032839747    0.0032820713    0.0032801646    0.0032782681
  0.0032763551    0.0032744522    0.0032725330    0.0032706243    0.0032687126
  0.0032667851    0.0032648680    0.0032629482    0.0032610260    0.0032591012
  0.0032571612    0.0032552318    0.0032533003    0.0032513667    0.0032494181
  0.0032474803    0.0032455280    0.0032435866    0.0032416308    0.0032396861
  0.0032377271    0.0032357667    0.0032338049    0.0032318378    0.0032298736
  0.0032278958    0.0032259294    0.0032239497    0.0032219690    0.0032199877
  0.0032180056    0.0032160228    0.0032140272    0.0032120313    0.0032100351
  0.0083069398    0.0083051879    0.0082998956    0.0082912597    0.0082794468
  0.0082647106    0.0082473351    0.0082275998    0.0082057916    0.0081821633
  0.0081569608    0.0081303302    0.0081025071    0.0080736490    0.0080438578
  0.0080132721    0.0079819488    0.0079500457    0.0079175685    0.0078845983
  0.0078512202    0.0078174350    0.0077832926    0.0077488662    0.0077141241
  0.0076791443    0.0076439418    0.0076084918    0.0075728756    0.0075370503
  0.0075010776    0.0074649579    0.0074286935    0.0073922860    0.0073557586
  0.0073190959    0.0072823404    0.0072454964    0.0072085305    0.0071714864
  0.0071343501    0.0070971469    0.0070598447    0.0070224690    0.0069850448
  0.0069475239    0.0069099496    0.0068723113    0.0068345986    0.0067968374
  0.0067590340    0.0067211618    0.0066832472    0.0066452633    0.0066072366
  0.0065691580    0.0065310359    0.0064928639    0.0064546498    0.0064163716
  0.0063780700    0.0063397075    0.0063013092    0.0062628686    0.0062243817
  0.0061858576    0.0061473065    0.0061086942    0.0060700464    0.0060313591
  0.0059926287    0.0059538663    0.0059150551    0.0058761925    0.0058373045
  0.0057983873    0.0057594145    0.0057204095    0.0056813597    0.0056422651
  0.0056031368    0.0055639759    0.0055247578    0.0054855078    0.0054462154
  0.0054068699    0.0053674856    0.0053280537    0.0052885990    0.0052490901
  0.0052095321    0.0051699274    0.0051302928    0.0050905884    0.0050508530
  0.0050110690    0.0049712232    0.0049313326    0.0048913838    0.0048513939
  0.0048113314    0.0047712255    0.0047310643    0.0046908475    0.0046505498
  0.0046102082    0.0045698065    0.0045293207    0.0044887725    0.0044481489
  0.0044074457    0.0043666694    0.0043258167    0.0042848893    0.0042438607
  0.0042027416    0.0041615190    0.0041202100    0.0040787829    0.0040372494
  0.0039955885    0.0039538210    0.0039119205    0.0038698637    0.0038276752
  0.0037853288    0.0037428239    0.0037001327    0.0036572543    0.0036141880
  0.0035708935    0.0035273718    0.0034836153    0.0034395767    0.0033952740
  0.0033911960    0.0033893156    0.0033874430    0.0033855647    0.0033836809
  0.0033817914    0.0033799104    0.0033780241    0.0033761325    0.0033742356
  0.0033723474    0.0033704404    0.0033685422    0.0033666390    0.0033647447
  0.0033628320    0.0033609283    0.0033590200    0.0033571071    0.0033551899
  0.0033532817    0.0033513558    0.0033494259    0.0033475052    0.0033455805
  0.0033436519    0.0033417194    0.0033397831    0.0033378432    0.0033359129
  0.0033339659    0.0033320155    0.0033300747    0.0033281177    0.0033261704
  0.0033242072    0.0033222538    0.0033202934    0.0033183215    0.0033163596
  0.0033143823    0.0033124151    0.0033104328    0.0033084606    0.0033064735
  0.0084892159    0.0084875139    0.0084824784    0.0084741966    0.0084628851
  0.0084487505    0.0084320304    0.0084129819    0.0083918906    0.0083689789
  0.0083444347    0.0083185121    0.0082913350    0.0082630912    0.0082339105
  0.0082038637    0.0081731264    0.0081417187    0.0081097161    0.0080772229
  0.0080442791    0.0080109080    0.0079771809    0.0079431278    0.0079087807
  0.0078741525    0.0078392584    0.0078041583    0.0077688482    0.0077333469
  0.0076976542    0.0076618116    0.0076258199    0.0075896805    0.0075534166
  0.0075170303    0.0074805256    0.0074439061    0.0074071958    0.0073703800
  0.0073334827    0.0072964709    0.0072594079    0.0072222602    0.0071850349
  0.0071477380    0.0071103761    0.0070729371    0.0070354461    0.0069978924
  0.0069602825    0.0069226066    0.0068848723    0.0068471039    0.0068092581
  0.0067713771    0.0067334350    0.0066954726    0.0066574327    0.0066193568
  0.0065812370    0.0065430812    0.0065048677    0.0064666206    0.0064283177
  0.0063899843    0.0063515985    0.0063131862    0.0062747257    0.0062362119
  0.0061976861    0.0061590977    0.0061204882    0.0060818372    0.0060431285
  0.0060043871    0.0059656097    0.0059268067    0.0058879495    0.0058490626
  0.0058101184    0.0057711422    0.0057321189    0.0056930620    0.0056539831
  0.0056148443    0.0055756710    0.0055364527    0.0054971893    0.0054578956
  0.0054185485    0.0053791625    0.0053397404    0.0053002626    0.0052607424
  0.0052211849    0.0051815508    0.0051419091    0.0051022001    0.0050624400
  0.0050226252    0.0049827622    0.0049428460    0.0049028763    0.0048628486
  0.0048227817    0.0047826271    0.0047424420    0.0047021597    0.0046618467
  0.0046214510    0.0045809741    0.0045404453    0.0044998359    0.0044591472
  0.0044183875    0.0043775371    0.0043365946    0.0042955684    0.0042544428
  0.0042132122    0.0041718873    0.0041304565    0.0040888875    0.0040472299
  0.0040054054    0.0039634802    0.0039213912    0.0038791529    0.0038367493
  0.0037941933    0.0037514308    0.0037084826    0.0036653444    0.0036219544
  0.0035783483    0.0035344605    0.0034903344    0.0034815982    0.0034797264
  0.0034778465    0.0034759736    0.0034740934    0.0034722202    0.0034703398
  0.0034684524    0.0034665722    0.0034646850    0.0034627909    0.0034609043
  0.0034590109    0.0034571110    0.0034552185    0.0034533196    0.0034514143
  0.0034495028    0.0034475989    0.0034456889    0.0034437728    0.0034418646
  0.0034399505    0.0034380306    0.0034361051    0.0034341874    0.0034322508
  0.0034303222    0.0034284015    0.0034264623    0.0034245178    0.0034225817
  0.0034206404    0.0034186942    0.0034167564    0.0034148005    0.0034128400
  0.0034108880    0.0034089273    0.0034069663    0.0034050011    0.0034030315
  0.0086709705    0.0086693296    0.0086645355    0.0086566114    0.0086457703
  0.0086321926    0.0086160907    0.0085976954    0.0085772897    0.0085550633
  0.0085312186    0.0085059472    0.0084794304    0.0084517898    0.0084232084
  0.0083937350    0.0083635255    0.0083326239    0.0083011303    0.0082691264
  0.0082366062    0.0082036847    0.0081703647    0.0081366988    0.0081027191
  0.0080684378    0.0080339136    0.0079991400    0.0079641351    0.0079289391
  0.0078935499    0.0078579882    0.0078222757    0.0077864334    0.0077504218
  0.0077142841    0.0076780442    0.0076416640    0.0076051881    0.0075686006
  0.0075319255    0.0074951675    0.0074583308    0.0074214022    0.0073843869
  0.0073472905    0.0073101385    0.0072729172    0.0072356338    0.0071982752
  0.0071608492    0.0071233985    0.0070858574    0.0070482698    0.0070106244
  0.0069729462    0.0069351912    0.0068974010    0.0068595488    0.0068216774
  0.0067837439    0.0067457724    0.0067077390    0.0066696689    0.0066315541
  0.0065934034    0.0065552090    0.0065169805    0.0064787113    0.0064403952
  0.0064020415    0.0063636443    0.0063252135    0.0062867297    0.0062482171
  0.0062096709    0.0061710730    0.0061324623    0.0060937927    0.0060550747
  0.0060163336    0.0059775390    0.0059387294    0.0058998623    0.0058609626
  0.0058220293    0.0057830607    0.0057440305    0.0057049769    0.0056658746
  0.0056267365    0.0055875503    0.0055483417    0.0055090641    0.0054697670
  0.0054304056    0.0053910046    0.0053515796    0.0053120765    0.0052725557
  0.0052329652    0.0051933318    0.0051536700    0.0051139332    0.0050741586
  0.0050343214    0.0049944384    0.0049544854    0.0049145012    0.0048744348
  0.0048343128    0.0047941178    0.0047538867    0.0047135731    0.0046731980
  0.0046327357    0.0045922154    0.0045516073    0.0045109401    0.0044701691
  0.0044293236    0.0043883790    0.0043473508    0.0043062214    0.0042649867
  0.0042236327    0.0041821785    0.0041405913    0.0040988761    0.0040570464
  0.0040150682    0.0039729302    0.0039306426    0.0038881955    0.0038455640
  0.0038027418    0.0037597128    0.0037164838    0.0036730046    0.0036292857
  0.0035853235    0.0035721734    0.0035703010    0.0035684337    0.0035665573
  0.0035646865    0.0035628214    0.0035609475    0.0035590648    0.0035571880
  0.0035553026    0.0035534232    0.0035515354    0.0035496391    0.0035477491
  0.0035458650    0.0035439729    0.0035420727    0.0035401788    0.0035382770
  0.0035363675    0.0035344503    0.0035325536    0.0035306354    0.0035287237
  0.0035268046    0.0035248921    0.0035229726    0.0035210457    0.0035191120
  0.0035171852    0.0035152514    0.0035133244    0.0035113908    0.0035094506
  0.0035075040    0.0035055644    0.0035036049    0.0035016660    0.0034997076
  0.0088522120    0.0088506697    0.0088460711    0.0088385038    0.0088280948
  0.0088150207    0.0087995176    0.0087817862    0.0087620016    0.0087404482
  0.0087172652    0.0086926559    0.0086667603    0.0086397561    0.0086117575
  0.0085828652    0.0085531896    0.0085228247    0.0084918233    0.0084602689
  0.0084282261    0.0083957163    0.0083628125    0.0083295437    0.0082959417
  0.0082620411    0.0082278556    0.0081934231    0.0081587378    0.0081238634
  0.0080887744    0.0080535131    0.0080180791    0.0079824937    0.0079467578
  0.0079108947    0.0078748849    0.0078387731    0.0078025418    0.0077661942
  0.0077297545    0.0076932273    0.0076565963    0.0076198868    0.0075830837
  0.0075462122    0.0075092771    0.0074722647    0.0074351623    0.0073980137
  0.0073607872    0.0073235083    0.0072861829    0.0072487808    0.0072113450
  0.0071738468    0.0071362927    0.0070986729    0.0070610293    0.0070233343
  0.0069855787    0.0069477865    0.0069099490    0.0068720571    0.0068341188
  0.0067961592    0.0067581532    0.0067200929    0.0066820035    0.0066438772
  0.0066056910    0.0065674852    0.0065292229    0.0064909285    0.0064526100
  0.0064142334    0.0063758224    0.0063373715    0.0062988910    0.0062603762
  0.0062218230    0.0061832134    0.0061445857    0.0061059088    0.0060671940
  0.0060284512    0.0059896656    0.0059508209    0.0059119686    0.0058730676
  0.0058341295    0.0057951418    0.0057561164    0.0057170522    0.0056779376
  0.0056387987    0.0055996102    0.0055603854    0.0055210932    0.0054817794
  0.0054424245    0.0054030073    0.0053635552    0.0053240490    0.0052845018
  0.0052449085    0.0052052528    0.0051655501    0.0051257938    0.0050859825
  0.0050461301    0.0050062043    0.0049662329    0.0049262028    0.0048860849
  0.0048459251    0.0048056963    0.0047654075    0.0047250320    0.0046845900
  0.0046440676    0.0046034842    0.0045627921    0.0045220225    0.0044811722
  0.0044402212    0.0043991789    0.0043580287    0.0043167781    0.0042754144
  0.0042339390    0.0041923135    0.0041505793    0.0041087053    0.0040666773
  0.0040245040    0.0039821634    0.0039396541    0.0038969609    0.0038540535
  0.0038109384    0.0037676014    0.0037240568    0.0036802186    0.0036629090
  0.0036610561    0.0036591921    0.0036573172    0.0036554617    0.0036535956
  0.0036517191    0.0036498471    0.0036479795    0.0036461018    0.0036442140
  0.0036423308    0.0036404524    0.0036385640    0.0036366804    0.0036347872
  0.0036328988    0.0036310009    0.0036291079    0.0036272055    0.0036253082
  0.0036234018    0.0036215004    0.0036195899    0.0036176848    0.0036157708
  0.0036138479    0.0036119304    0.0036100185    0.0036080837    0.0036061548
  0.0036042313    0.0036022995    0.0036003734    0.0035984252    0.0035964829
  0.0090330150    0.0090315285    0.0090271282    0.0090198584    0.0090098629
  0.0089973109    0.0089823535    0.0089652125    0.0089460810    0.0089251822
  0.0089026422    0.0088786761    0.0088534064    0.0088270184    0.0087996058
  0.0087712729    0.0087421583    0.0087123081    0.0086818011    0.0086507220
  0.0086191359    0.0085870640    0.0085545801    0.0085217130    0.0084884944
  0.0084549585    0.0084211184    0.0083870355    0.0083526800    0.0083181160
  0.0082833395    0.0082483703    0.0082132298    0.0081779389    0.0081424758
  0.0081068636    0.0080711252    0.0080352416    0.0079992576    0.0079631553
  0.0079269587    0.0078906501    0.0078542345    0.0078177363    0.0077811597
  0.0077445097    0.0077077713    0.0076709691    0.0076340884    0.0075971167
  0.0075601169    0.0075230177    0.0074858829    0.0074486995    0.0074114360
  0.0073741177    0.0073367516    0.0072993252    0.0072618644    0.0072243397
  0.0071867757    0.0071491626    0.0071115069    0.0070737992    0.0070360641
  0.0069982574    0.0069604217    0.0069225645    0.0068846435    0.0068466832
  0.0068086769    0.0067706634    0.0067325724    0.0066944597    0.0066563020
  0.0066181239    0.0065798884    0.0065416201    0.0065032973    0.0064649748
  0.0064266021    0.0063881744    0.0063497301    0.0063112224    0.0062727032
  0.0062341407    0.0061955313    0.0061568857    0.0061182134    0.0060794859
  0.0060407268    0.0060019350    0.0059631066    0.0059242536    0.0058853373
  0.0058463815    0.0058073854    0.0057683741    0.0057292863    0.0056901824
  0.0056510165    0.0056118118    0.0055725830    0.0055332960    0.0054939639
  0.0054545798    0.0054151453    0.0053756758    0.0053361627    0.0052965783
  0.0052569588    0.0052172788    0.0051775723    0.0051377750    0.0050979330
  0.0050580331    0.0050180728    0.0049780410    0.0049379713    0.0048978094
  0.0048575993    0.0048173049    0.0047769376    0.0047365145    0.0046960042
  0.0046553919    0.0046147147    0.0045739523    0.0045330839    0.0044921336
  0.0044510735    0.0044099121    0.0043686346    0.0043272340    0.0042857285
  0.0042440969    0.0042023029    0.0041603794    0.0041183316    0.0040760856
  0.0040336777    0.0039911103    0.0039483220    0.0039053532    0.0038621478
  0.0038187392    0.0037750645    0.0037538270    0.0037519689    0.0037501130
  0.0037482450    0.0037463953    0.0037445333    0.0037426594    0.0037408037
  0.0037389363    0.0037370570    0.0037351810    0.0037333084    0.0037314392
  0.0037295585    0.0037276665    0.0037257779    0.0037238931    0.0037220119
  0.0037201194    0.0037182309    0.0037163313    0.0037144357    0.0037125293
  0.0037106268    0.0037087138    0.0037068048    0.0037048999    0.0037029847
  0.0037010736    0.0036991525    0.0036972355    0.0036953085    0.0036933859
