  0.0000000000    0.0036000000
  0.0000500000    0.0006000000    299    19
  0.0000000209    0.1805936903    0.2362667352    0.2701181442    0.2948968321
  0.3146799952    0.3312968224    0.3457271010    0.3585572511    0.3701665372
  0.3808142692    0.3906859487    0.3999198467    0.4086196870    0.4168679565
  0.4247284919    0.4322546154    0.4394894689    0.4464685589    0.4532226354
  0.4597779423    0.4661554247    0.4723757356    0.4784548968    0.4844074696
  0.4902478069    0.4959872574    0.5016363770    0.5072047621    0.5127020091
  0.5181359202    0.5235140890    0.5288439006    0.5341318220    0.5393842369
  0.5446080297    0.5498077482    0.5549899429    0.5601604551    0.5653241247
  0.5704870433    0.5756540924    0.5808311552    0.5860239059    0.5912391871
  0.5964807123    0.6017566174    0.6070733279    0.6124373525    0.6178564519
  0.6233392626    0.6288949639    0.6345320255    0.6402631313    0.6460993379
  0.6520537466    0.6581417531    0.6643819243    0.6707952887    0.6774042517
  0.6842375189    0.6913281769    0.6987178653    0.6999999791    0.7000000000
  0.7000000000    0.7000000000    0.7000000000    0.7000000000    0.7000000000
  0.7000000000    0.7000000000    0.7000000000    0.7000000000    0.7000000000
  0.7000000000    0.7000000000    0.7000000000    0.7000000000    0.7000000000
  0.7000000000    0.7000000000    0.7000000000    0.7000000000    0.7000000000
  0.7000000000    0.7000000000    0.7000000000    0.7000000000    0.7000000000
  0.7000000000    0.7000000000    0.7000000000    0.7000000000    0.7000000000
  0.7000000000    0.7000000000    0.7000000000    0.7000000000    0.7000000000
  0.7000000000    0.7000000000    0.7000000000    0.7000000000    0.7000000000
  0.7000000000    0.7000000000    0.7000000000    0.7000000000    0.7000000000
  0.7000000000    0.7000000000    0.7000000000    0.7000000000    0.7000000000
  0.7000000000    0.7000000000    0.7000000000    0.7000000000    0.7000000000
  0.7000000000    0.7000000000    0.7000000000    0.7000000000    0.7000000000
  0.7000000000    0.7000000000    0.7000000000    0.7000000000    0.7000000000
  0.7000000000    0.7000000000    0.7000000000    0.7000000000    0.7000000000
  0.7000000000    0.7000000000    0.7000000000    0.7000000000    0.7000000000
  0.7000000000    0.7000000000    0.7000000000    0.7000000000    0.7000000000
  0.7000000000    0.7000000000    0.7000000000    0.7000000000    0.7000000000
  0.7000000000    0.7000000000    0.7000000000    0.7000000000    0.7000000000
  0.7000000000    0.7000000000    0.7000000000    0.7000000000    0.7000000000
  0.7000000000    0.7000000000    0.7000000000    0.7000000000    0.7000000000
  0.7000000000    0.7000000000    0.7000000000    0.7000000000    0.7000000000
  0.7000000000    0.7000000000    0.7000000000    0.7000000000    0.7000000000
  0.7000000000    0.7000000000    0.7000000000    0.7000000000    0.7000000000
  0.7000000000    0.7000000000    0.7000000000    0.7000000000    0.7000000000
  0.7000000000    0.7000000000    0.7000000000    0.7000000000    0.7000000000
  0.7000000000    0.7000000000    0.7000000000    0.7000000000    0.7000000000
  0.7000000000    0.7000000000    0.7000000000    0.7000000000    0.7000000000
  0.7000000000    0.7000000000    0.7000000000    0.7000000000    0.7000000000
  0.7000000000    0.7000000000    0.7000000000    0.7000000000    0.7000000000
  0.7000000000    0.7000000000    0.7000000000    0.7000000000    0.7000000000
  0.7000000000    0.7000000000    0.7000000000    0.7000000000    0.7000000000
  0.7000000000    0.7000000000    0.7000000000    0.7000000000    0.7000000000
  0.7000000000    0.7000000000    0.7000000000    0.7000000000    0.7000000000
  0.7000000000    0.7000000000    0.7000000000    0.7000000000    0.7000000000
  0.7000000000    0.7000000000    0.7000000000    0.7000000000    0.7000000000
  0.7000000000    0.7000000000    0.7000000000    0.7000000000    0.7000000000
  0.7000000000    0.7000000000    0.7000000000    0.7000000000    0.7000000000
  0.7000000000    0.7000000000    0.7000000000    0.7000000000    0.7000000000
  0.7000000000    0.7000000000    0.7000000000    0.7000000000    0.7000000000
  0.7000000000    0.7000000000    0.7000000000    0.7000000000    0.7000000000
  0.7000000000    0.7000000000    0.7000000000    0.7000000000    0.7000000000
  0.7000000000    0.7000000000    0.7000000000    0.7000000000    0.7000000000
  0.7000000000    0.7000000000    0.7000000000    0.7000000000    0.7000000000
  0.7000000000    0.7000000000    0.7000000000    0.7000000000    0.7000000000
  0.7000000000    0.7000000000    0.7000000000    0.7000000000    0.7000000000
  0.7000000000    0.7000000000    0.7000000000    0.7000000000    0.7000000000
  0.7000000000    0.7000000000    0.7000000000    0.7000000000    0.7000000000
  0.0000000209    0.1527137965    0.2089009136    0.2432521254    0.2683631390
  0.2883615941    0.3051120609    0.3196162730    0.3324740857    0.3440749854
  0.3546846658    0.3644928843    0.3736417502    0.3822373241    0.3903630525
  0.3980859846    0.4054596931    0.4125275284    0.4193266243    0.4258881480
  0.4322375089    0.4383975297    0.4443873614    0.4502236098    0.4559214622
  0.4614942282    0.4669532150    0.4723095208    0.4775716156    0.4827485949
  0.4878482193    0.4928779989    0.4978433162    0.5027505964    0.5076057225
  0.5124141604    0.5171798736    0.5219092041    0.5266049057    0.5312716514
  0.5359137803    0.5405347973    0.5451386243    0.5497293085    0.5543103546
  0.5588845164    0.5634567171    0.5680290014    0.5726063758    0.5771915108
  0.5817877024    0.5863991648    0.5910307795    0.5956850082    0.6003673166
  0.6050799161    0.6098296911    0.6146216899    0.6194601268    0.6243492573
  0.6292973846    0.6343108088    0.6393960387    0.6445610434    0.6498160034
  0.6551685542    0.6606310874    0.6662141591    0.6719357103    0.6778083414
  0.6838513285    0.6900889546    0.6965438336    0.6999999791    0.7000000000
  0.7000000000    0.7000000000    0.7000000000    0.7000000000    0.7000000000
  0.7000000000    0.7000000000    0.7000000000    0.7000000000    0.7000000000
  0.7000000000    0.7000000000    0.7000000000    0.7000000000    0.7000000000
  0.7000000000    0.7000000000    0.7000000000    0.7000000000    0.7000000000
  0.7000000000    0.7000000000    0.7000000000    0.7000000000    0.7000000000
  0.7000000000    0.7000000000    0.7000000000    0.7000000000    0.7000000000
  0.7000000000    0.7000000000    0.7000000000    0.7000000000    0.7000000000
  0.7000000000    0.7000000000    0.7000000000    0.7000000000    0.7000000000
  0.7000000000    0.7000000000    0.7000000000    0.7000000000    0.7000000000
  0.7000000000    0.7000000000    0.7000000000    0.7000000000    0.7000000000
  0.7000000000    0.7000000000    0.7000000000    0.7000000000    0.7000000000
  0.7000000000    0.7000000000    0.7000000000    0.7000000000    0.7000000000
  0.7000000000    0.7000000000    0.7000000000    0.7000000000    0.7000000000
  0.7000000000    0.7000000000    0.7000000000    0.7000000000    0.7000000000
  0.7000000000    0.7000000000    0.7000000000    0.7000000000    0.7000000000
  0.7000000000    0.7000000000    0.7000000000    0.7000000000    0.7000000000
  0.7000000000    0.7000000000    0.7000000000    0.7000000000    0.7000000000
  0.7000000000    0.7000000000    0.7000000000    0.7000000000    0.7000000000
  0.7000000000    0.7000000000    0.7000000000    0.7000000000    0.7000000000
  0.7000000000    0.7000000000    0.7000000000    0.7000000000    0.7000000000
  0.7000000000    0.7000000000    0.7000000000    0.7000000000    0.7000000000
  0.7000000000    0.7000000000    0.7000000000    0.7000000000    0.7000000000
  0.7000000000    0.7000000000    0.7000000000    0.7000000000    0.7000000000
  0.7000000000    0.7000000000    0.7000000000    0.7000000000    0.7000000000
  0.7000000000    0.7000000000    0.7000000000    0.7000000000    0.7000000000
  0.7000000000    0.7000000000    0.7000000000    0.7000000000    0.7000000000
  0.7000000000    0.7000000000    0.7000000000    0.7000000000    0.7000000000
  0.7000000000    0.7000000000    0.7000000000    0.7000000000    0.7000000000
  0.7000000000    0.7000000000    0.7000000000    0.7000000000    0.7000000000
  0.7000000000    0.7000000000    0.7000000000    0.7000000000    0.7000000000
  0.7000000000    0.7000000000    0.7000000000    0.7000000000    0.7000000000
  0.7000000000    0.7000000000    0.7000000000    0.7000000000    0.7000000000
  0.7000000000    0.7000000000    0.7000000000    0.7000000000    0.7000000000
  0.7000000000    0.7000000000    0.7000000000    0.7000000000    0.7000000000
  0.7000000000    0.7000000000    0.7000000000    0.7000000000    0.7000000000
  0.7000000000    0.7000000000    0.7000000000    0.7000000000    0.7000000000
  0.7000000000    0.7000000000    0.7000000000    0.7000000000    0.7000000000
  0.7000000000    0.7000000000    0.7000000000    0.7000000000    0.7000000000
  0.7000000000    0.7000000000    0.7000000000    0.7000000000    0.7000000000
  0.7000000000    0.7000000000    0.7000000000    0.7000000000    0.7000000000
  0.7000000000    0.7000000000    0.7000000000    0.7000000000    0.7000000000
  0.7000000000    0.7000000000    0.7000000000    0.7000000000    0.7000000000
  0.7000000000    0.7000000000    0.7000000000    0.7000000000    0.7000000000
  0.7000000000    0.7000000000    0.7000000000    0.7000000000    0.7000000000
  0.7000000000    0.7000000000    0.7000000000    0.7000000000    0.7000000000
  0.0000000209    0.1287975281    0.1847717732    0.2194452137    0.2448253840
  0.2650168508    0.2819004983    0.2964906186    0.3093987495    0.3210195094
  0.3316246420    0.3414079517    0.3505134255    0.3590507537    0.3671047181
  0.3747427434    0.3820202380    0.3889816374    0.3956638247    0.4020993024
  0.4083130211    0.4143290132    0.4201658040    0.4258416265    0.4313709170
  0.4367663175    0.4420401365    0.4472026795    0.4522632927    0.4572303206
  0.4621112734    0.4669135362    0.4716432422    0.4763060659    0.4809070975
  0.4854516357    0.4899444789    0.4943890899    0.4987906843    0.5031516403
  0.5074770898    0.5117694944    0.5160309821    0.5202670604    0.5244781047
  0.5286691636    0.5328413635    0.5369974583    0.5411412030    0.5452741832
  0.5493983597    0.5535175294    0.5576334447    0.5617486924    0.5658648580
  0.5699857801    0.5741127521    0.5782485276    0.5823965281    0.5865574628
  0.5907360047    0.5949334890    0.5991552562    0.6034003049    0.6076759785
  0.6119828612    0.6163257509    0.6207076520    0.6251331955    0.6296063870
  0.6341319829    0.6387153655    0.6433613330    0.6480761856    0.6528681427
  0.6577412516    0.6627068609    0.6677714378    0.6729459137    0.6782436401
  0.6836753815    0.6892560750    0.6950054556    0.6999999791    0.7000000000
  0.7000000000    0.7000000000    0.7000000000    0.7000000000    0.7000000000
  0.7000000000    0.7000000000    0.7000000000    0.7000000000    0.7000000000
  0.7000000000    0.7000000000    0.7000000000    0.7000000000    0.7000000000
  0.7000000000    0.7000000000    0.7000000000    0.7000000000    0.7000000000
  0.7000000000    0.7000000000    0.7000000000    0.7000000000    0.7000000000
  0.7000000000    0.7000000000    0.7000000000    0.7000000000    0.7000000000
  0.7000000000    0.7000000000    0.7000000000    0.7000000000    0.7000000000
  0.7000000000    0.7000000000    0.7000000000    0.7000000000    0.7000000000
  0.7000000000    0.7000000000    0.7000000000    0.7000000000    0.7000000000
  0.7000000000    0.7000000000    0.7000000000    0.7000000000    0.7000000000
  0.7000000000    0.7000000000    0.7000000000    0.7000000000    0.7000000000
  0.7000000000    0.7000000000    0.7000000000    0.7000000000    0.7000000000
  0.7000000000    0.7000000000    0.7000000000    0.7000000000    0.7000000000
  0.7000000000    0.7000000000    0.7000000000    0.7000000000    0.7000000000
  0.7000000000    0.7000000000    0.7000000000    0.7000000000    0.7000000000
  0.7000000000    0.7000000000    0.7000000000    0.7000000000    0.7000000000
  0.7000000000    0.7000000000    0.7000000000    0.7000000000    0.7000000000
  0.7000000000    0.7000000000    0.7000000000    0.7000000000    0.7000000000
  0.7000000000    0.7000000000    0.7000000000    0.7000000000    0.7000000000
  0.7000000000    0.7000000000    0.7000000000    0.7000000000    0.7000000000
  0.7000000000    0.7000000000    0.7000000000    0.7000000000    0.7000000000
  0.7000000000    0.7000000000    0.7000000000    0.7000000000    0.7000000000
  0.7000000000    0.7000000000    0.7000000000    0.7000000000    0.7000000000
  0.7000000000    0.7000000000    0.7000000000    0.7000000000    0.7000000000
  0.7000000000    0.7000000000    0.7000000000    0.7000000000    0.7000000000
  0.7000000000    0.7000000000    0.7000000000    0.7000000000    0.7000000000
  0.7000000000    0.7000000000    0.7000000000    0.7000000000    0.7000000000
  0.7000000000    0.7000000000    0.7000000000    0.7000000000    0.7000000000
  0.7000000000    0.7000000000    0.7000000000    0.7000000000    0.7000000000
  0.7000000000    0.7000000000    0.7000000000    0.7000000000    0.7000000000
  0.7000000000    0.7000000000    0.7000000000    0.7000000000    0.7000000000
  0.7000000000    0.7000000000    0.7000000000    0.7000000000    0.7000000000
  0.7000000000    0.7000000000    0.7000000000    0.7000000000    0.7000000000
  0.7000000000    0.7000000000    0.7000000000    0.7000000000    0.7000000000
  0.7000000000    0.7000000000    0.7000000000    0.7000000000    0.7000000000
  0.7000000000    0.7000000000    0.7000000000    0.7000000000    0.7000000000
  0.7000000000    0.7000000000    0.7000000000    0.7000000000    0.7000000000
  0.7000000000    0.7000000000    0.7000000000    0.7000000000    0.7000000000
  0.7000000000    0.7000000000    0.7000000000    0.7000000000    0.7000000000
  0.7000000000    0.7000000000    0.7000000000    0.7000000000    0.7000000000
  0.7000000000    0.7000000000    0.7000000000    0.7000000000    0.7000000000
  0.7000000000    0.7000000000    0.7000000000    0.7000000000    0.7000000000
  0.7000000000    0.7000000000    0.7000000000    0.7000000000    0.7000000000
  0.0000000209    0.1084549397    0.1633525997    0.1981199592    0.2236804575
  0.2440283030    0.2610301942    0.2757050127    0.2886695534    0.3003233999
  0.3109411329    0.3207208961    0.3298085958    0.3383145899    0.3463264972
  0.3539117426    0.3611275285    0.3680179566    0.3746223718    0.3809711069
  0.3870925754    0.3930083483    0.3987396628    0.4043029577    0.4097135872
  0.4149850279    0.4201292962    0.4251559466    0.4300750762    0.4348952383
  0.4396236926    0.4442669064    0.4488323480    0.4533247739    0.4577500254
  0.4621130258    0.4664177805    0.4706683785    0.4748692423    0.4790234178
  0.4831347018    0.4872057229    0.4912397772    0.4952396601    0.4992078334
  0.5031471342    0.5070597738    0.5109483808    0.5148143321    0.5186609238
  0.5224889904    0.5263010770    0.5300996453    0.5338852376    0.5376611084
  0.5414275497    0.5451881915    0.5489436179    0.5526949555    0.5564450830
  0.5601958364    0.5639476329    0.5677036017    0.5714645356    0.5752328962
  0.5790107280    0.5827986151    0.5865988523    0.5904151529    0.5942465574
  0.5980982810    0.6019701988    0.6058652312    0.6097870082    0.6137356967
  0.6177152604    0.6217299551    0.6257792383    0.6298697859    0.6340038925
  0.6381836861    0.6424154669    0.6467024475    0.6510484248    0.6554600328
  0.6599424034    0.6645013779    0.6691436321    0.6738765091    0.6787097305
  0.6836526424    0.6887154251    0.6939088434    0.6992497534    0.6999999791
  0.7000000000    0.7000000000    0.7000000000    0.7000000000    0.7000000000
  0.7000000000    0.7000000000    0.7000000000    0.7000000000    0.7000000000
  0.7000000000    0.7000000000    0.7000000000    0.7000000000    0.7000000000
  0.7000000000    0.7000000000    0.7000000000    0.7000000000    0.7000000000
  0.7000000000    0.7000000000    0.7000000000    0.7000000000    0.7000000000
  0.7000000000    0.7000000000    0.7000000000    0.7000000000    0.7000000000
  0.7000000000    0.7000000000    0.7000000000    0.7000000000    0.7000000000
  0.7000000000    0.7000000000    0.7000000000    0.7000000000    0.7000000000
  0.7000000000    0.7000000000    0.7000000000    0.7000000000    0.7000000000
  0.7000000000    0.7000000000    0.7000000000    0.7000000000    0.7000000000
  0.7000000000    0.7000000000    0.7000000000    0.7000000000    0.7000000000
  0.7000000000    0.7000000000    0.7000000000    0.7000000000    0.7000000000
  0.7000000000    0.7000000000    0.7000000000    0.7000000000    0.7000000000
  0.7000000000    0.7000000000    0.7000000000    0.7000000000    0.7000000000
  0.7000000000    0.7000000000    0.7000000000    0.7000000000    0.7000000000
  0.7000000000    0.7000000000    0.7000000000    0.7000000000    0.7000000000
  0.7000000000    0.7000000000    0.7000000000    0.7000000000    0.7000000000
  0.7000000000    0.7000000000    0.7000000000    0.7000000000    0.7000000000
  0.7000000000    0.7000000000    0.7000000000    0.7000000000    0.7000000000
  0.7000000000    0.7000000000    0.7000000000    0.7000000000    0.7000000000
  0.7000000000    0.7000000000    0.7000000000    0.7000000000    0.7000000000
  0.7000000000    0.7000000000    0.7000000000    0.7000000000    0.7000000000
  0.7000000000    0.7000000000    0.7000000000    0.7000000000    0.7000000000
  0.7000000000    0.7000000000    0.7000000000    0.7000000000    0.7000000000
  0.7000000000    0.7000000000    0.7000000000    0.7000000000    0.7000000000
  0.7000000000    0.7000000000    0.7000000000    0.7000000000    0.7000000000
  0.7000000000    0.7000000000    0.7000000000    0.7000000000    0.7000000000
  0.7000000000    0.7000000000    0.7000000000    0.7000000000    0.7000000000
  0.7000000000    0.7000000000    0.7000000000    0.7000000000    0.7000000000
  0.7000000000    0.7000000000    0.7000000000    0.7000000000    0.7000000000
  0.7000000000    0.7000000000    0.7000000000    0.7000000000    0.7000000000
  0.7000000000    0.7000000000    0.7000000000    0.7000000000    0.7000000000
  0.7000000000    0.7000000000    0.7000000000    0.7000000000    0.7000000000
  0.7000000000    0.7000000000    0.7000000000    0.7000000000    0.7000000000
  0.7000000000    0.7000000000    0.7000000000    0.7000000000    0.7000000000
  0.7000000000    0.7000000000    0.7000000000    0.7000000000    0.7000000000
  0.7000000000    0.7000000000    0.7000000000    0.7000000000    0.7000000000
  0.7000000000    0.7000000000    0.7000000000    0.7000000000    0.7000000000
  0.7000000000    0.7000000000    0.7000000000    0.7000000000    0.7000000000
  0.7000000000    0.7000000000    0.7000000000    0.7000000000    0.7000000000
  0.7000000000    0.7000000000    0.7000000000    0.7000000000    0.7000000000
  0.0000000209    0.0913832456    0.1443150312    0.1788963050    0.2045246035
  0.2249746293    0.2420684785    0.2568168551    0.2698355943    0.2815257400
  0.2921654612    0.3019525677    0.3110360116    0.3195276111    0.3275144428
  0.3350673944    0.3422427505    0.3490859061    0.3556363314    0.3619254023
  0.3679808646    0.3738258749    0.3794809610    0.3849633545    0.3902881593
  0.3954691023    0.4005179495    0.4054460496    0.4102615803    0.4149738044
  0.4195901066    0.4241177052    0.4285631508    0.4329318672    0.4372282773
  0.4414589733    0.4456270427    0.4497367412    0.4537920743    0.4577967554
  0.4617536634    0.4656665117    0.4695372611    0.4733692914    0.4771651894
  0.4809269160    0.4846568495    0.4883571178    0.4920298070    0.4956774205
  0.4993012518    0.5029025942    0.5064841181    0.5100463659    0.5135923833
  0.5171225458    0.5206387311    0.5241421908    0.5276346773    0.5311173171
  0.5345917791    0.5380585223    0.5415205926    0.5449769050    0.5484303802
  0.5518823117    0.5553339511    0.5587856323    0.5622390658    0.5656957954
  0.5691574067    0.5726245672    0.5760991961    0.5795827538    0.5830752403
  0.5865793675    0.5900969714    0.5936283439    0.5971761137    0.6007414073
  0.6043253928    0.6079304487    0.6115594119    0.6152118653    0.6188918978
  0.6226010948    0.6263412505    0.6301151603    0.6339252442    0.6377754241
  0.6416667432    0.6456028730    0.6495888203    0.6536260456    0.6577199727
  0.6618751496    0.6660954982    0.6703864008    0.6747545749    0.6792049855
  0.6837458521    0.6883854359    0.6931320399    0.6979932576    0.6999999791
  0.7000000000    0.7000000000    0.7000000000    0.7000000000    0.7000000000
  0.7000000000    0.7000000000    0.7000000000    0.7000000000    0.7000000000
  0.7000000000    0.7000000000    0.7000000000    0.7000000000    0.7000000000
  0.7000000000    0.7000000000    0.7000000000    0.7000000000    0.7000000000
  0.7000000000    0.7000000000    0.7000000000    0.7000000000    0.7000000000
  0.7000000000    0.7000000000    0.7000000000    0.7000000000    0.7000000000
  0.7000000000    0.7000000000    0.7000000000    0.7000000000    0.7000000000
  0.7000000000    0.7000000000    0.7000000000    0.7000000000    0.7000000000
  0.7000000000    0.7000000000    0.7000000000    0.7000000000    0.7000000000
  0.7000000000    0.7000000000    0.7000000000    0.7000000000    0.7000000000
  0.7000000000    0.7000000000    0.7000000000    0.7000000000    0.7000000000
  0.7000000000    0.7000000000    0.7000000000    0.7000000000    0.7000000000
  0.7000000000    0.7000000000    0.7000000000    0.7000000000    0.7000000000
  0.7000000000    0.7000000000    0.7000000000    0.7000000000    0.7000000000
  0.7000000000    0.7000000000    0.7000000000    0.7000000000    0.7000000000
  0.7000000000    0.7000000000    0.7000000000    0.7000000000    0.7000000000
  0.7000000000    0.7000000000    0.7000000000    0.7000000000    0.7000000000
  0.7000000000    0.7000000000    0.7000000000    0.7000000000    0.7000000000
  0.7000000000    0.7000000000    0.7000000000    0.7000000000    0.7000000000
  0.7000000000    0.7000000000    0.7000000000    0.7000000000    0.7000000000
  0.7000000000    0.7000000000    0.7000000000    0.7000000000    0.7000000000
  0.7000000000    0.7000000000    0.7000000000    0.7000000000    0.7000000000
  0.7000000000    0.7000000000    0.7000000000    0.7000000000    0.7000000000
  0.7000000000    0.7000000000    0.7000000000    0.7000000000    0.7000000000
  0.7000000000    0.7000000000    0.7000000000    0.7000000000    0.7000000000
  0.7000000000    0.7000000000    0.7000000000    0.7000000000    0.7000000000
  0.7000000000    0.7000000000    0.7000000000    0.7000000000    0.7000000000
  0.7000000000    0.7000000000    0.7000000000    0.7000000000    0.7000000000
  0.7000000000    0.7000000000    0.7000000000    0.7000000000    0.7000000000
  0.7000000000    0.7000000000    0.7000000000    0.7000000000    0.7000000000
  0.7000000000    0.7000000000    0.7000000000    0.7000000000    0.7000000000
  0.7000000000    0.7000000000    0.7000000000    0.7000000000    0.7000000000
  0.7000000000    0.7000000000    0.7000000000    0.7000000000    0.7000000000
  0.7000000000    0.7000000000    0.7000000000    0.7000000000    0.7000000000
  0.7000000000    0.7000000000    0.7000000000    0.7000000000    0.7000000000
  0.7000000000    0.7000000000    0.7000000000    0.7000000000    0.7000000000
  0.7000000000    0.7000000000    0.7000000000    0.7000000000    0.7000000000
  0.7000000000    0.7000000000    0.7000000000    0.7000000000    0.7000000000
  0.7000000000    0.7000000000    0.7000000000    0.7000000000    0.7000000000
  0.0000000209    0.0772517890    0.1274398535    0.1615191132    0.1870777339
  0.2075610131    0.2247106880    0.2395127207    0.2525759369    0.2642995030
  0.2749613374    0.2847615451    0.2938474923    0.3023340017    0.3103083163
  0.3178409487    0.3249900192    0.3318010062    0.3383132130    0.3445597261
  0.3505680412    0.3563610643    0.3619596153    0.3673818856    0.3726431459
  0.3777562052    0.3827341646    0.3875869125    0.3923244208    0.3969555765
  0.4014873475    0.4059271187    0.4102815241    0.4145561129    0.4187559336
  0.4228855759    0.4269504219    0.4309536427    0.4348994523    0.4387915641
  0.4426329821    0.4464264601    0.4501751274    0.4538813204    0.4575483352
  0.4611781329    0.4647721738    0.4683337122    0.4718633741    0.4753647476
  0.4788377494    0.4822852165    0.4857089430    0.4891095132    0.4924885541
  0.4958486110    0.4991896421    0.5025139421    0.5058219701    0.5091158539
  0.5123959273    0.5156632751    0.5189205676    0.5221668452    0.5254046530
  0.5286334485    0.5318561941    0.5350723475    0.5382841617    0.5414915532
  0.5446958154    0.5478986591    0.5510993749    0.5543010503    0.5575038940
  0.5607076138    0.5639147133    0.5671257347    0.5703416795    0.5735631734
  0.5767915517    0.5800286919    0.5832736760    0.5865300506    0.5897973567
  0.5930768043    0.5963696450    0.5996779233    0.6030023485    0.6063436300
  0.6097050220    0.6130866498    0.6164899737    0.6199168295    0.6233689278
  0.6268476456    0.6303562373    0.6338942856    0.6374670893    0.6410740644
  0.6447195083    0.6484051734    0.6521323532    0.6559079319    0.6597318262
  0.6636082083    0.6675412089    0.6715355426    0.6755938381    0.6797240645
  0.6839284331    0.6882160813    0.6925914317    0.6970618695    0.6999999791
  0.7000000000    0.7000000000    0.7000000000    0.7000000000    0.7000000000
  0.7000000000    0.7000000000    0.7000000000    0.7000000000    0.7000000000
  0.7000000000    0.7000000000    0.7000000000    0.7000000000    0.7000000000
  0.7000000000    0.7000000000    0.7000000000    0.7000000000    0.7000000000
  0.7000000000    0.7000000000    0.7000000000    0.7000000000    0.7000000000
  0.7000000000    0.7000000000    0.7000000000    0.7000000000    0.7000000000
  0.7000000000    0.7000000000    0.7000000000    0.7000000000    0.7000000000
  0.7000000000    0.7000000000    0.7000000000    0.7000000000    0.7000000000
  0.7000000000    0.7000000000    0.7000000000    0.7000000000    0.7000000000
  0.7000000000    0.7000000000    0.7000000000    0.7000000000    0.7000000000
  0.7000000000    0.7000000000    0.7000000000    0.7000000000    0.7000000000
  0.7000000000    0.7000000000    0.7000000000    0.7000000000    0.7000000000
  0.7000000000    0.7000000000    0.7000000000    0.7000000000    0.7000000000
  0.7000000000    0.7000000000    0.7000000000    0.7000000000    0.7000000000
  0.7000000000    0.7000000000    0.7000000000    0.7000000000    0.7000000000
  0.7000000000    0.7000000000    0.7000000000    0.7000000000    0.7000000000
  0.7000000000    0.7000000000    0.7000000000    0.7000000000    0.7000000000
  0.7000000000    0.7000000000    0.7000000000    0.7000000000    0.7000000000
  0.7000000000    0.7000000000    0.7000000000    0.7000000000    0.7000000000
  0.7000000000    0.7000000000    0.7000000000    0.7000000000    0.7000000000
  0.7000000000    0.7000000000    0.7000000000    0.7000000000    0.7000000000
  0.7000000000    0.7000000000    0.7000000000    0.7000000000    0.7000000000
  0.7000000000    0.7000000000    0.7000000000    0.7000000000    0.7000000000
  0.7000000000    0.7000000000    0.7000000000    0.7000000000    0.7000000000
  0.7000000000    0.7000000000    0.7000000000    0.7000000000    0.7000000000
  0.7000000000    0.7000000000    0.7000000000    0.7000000000    0.7000000000
  0.7000000000    0.7000000000    0.7000000000    0.7000000000    0.7000000000
  0.7000000000    0.7000000000    0.7000000000    0.7000000000    0.7000000000
  0.7000000000    0.7000000000    0.7000000000    0.7000000000    0.7000000000
  0.7000000000    0.7000000000    0.7000000000    0.7000000000    0.7000000000
  0.7000000000    0.7000000000    0.7000000000    0.7000000000    0.7000000000
  0.7000000000    0.7000000000    0.7000000000    0.7000000000    0.7000000000
  0.7000000000    0.7000000000    0.7000000000    0.7000000000    0.7000000000
  0.7000000000    0.7000000000    0.7000000000    0.7000000000    0.7000000000
  0.7000000000    0.7000000000    0.7000000000    0.7000000000    0.7000000000
  0.7000000000    0.7000000000    0.7000000000    0.7000000000    0.7000000000
  0.7000000000    0.7000000000    0.7000000000    0.7000000000    0.7000000000
  0.0000000209    0.0656745464    0.1125623018    0.1458094746    0.1711413711
  0.1915766686    0.2087353557    0.2235642999    0.2366556793    0.2484041125
  0.2590850145    0.2688974053    0.2779889435    0.2864741594    0.2944420904
  0.3019625396    0.3090940446    0.3158825427    0.3223682970    0.3285836011
  0.3345568687    0.3403112561    0.3458678752    0.3512444586    0.3564565688
  0.3615178078    0.3664407760    0.3712361962    0.3759134978    0.3804811925
  0.3849480838    0.3893193871    0.3936029464    0.3978038937    0.4019284874
  0.4059803158    0.4099647194    0.4138845354    0.4177450627    0.4215496391
  0.4253006846    0.4290022463    0.4326562852    0.4362653047    0.4398326010
  0.4433597594    0.4468497843    0.4503039688    0.4537245661    0.4571125776
  0.4604710907    0.4638009816    0.4671045870    0.4703820735    0.4736356109
  0.4768667847    0.4800755948    0.4832650453    0.4864349276    0.4895877033
  0.4927230388    0.4958432287    0.4989479393    0.5020398825    0.5051185578
  0.5081851333    0.5112415701    0.5142874509    0.5173241109    0.5203530520
  0.5233736485    0.5263878196    0.5293963581    0.5323995560    0.5353987068
  0.5383941025    0.5413873702    0.5443783432    0.5473671883    0.5503569096
  0.5533462554    0.5563363940    0.5593287438    0.5623230129    0.5653206199
  0.5683235258    0.5713308543    0.5743430644    0.5773624927    0.5803890556
  0.5834241301    0.5864685088    0.5895226508    0.5925877243    0.5956645638
  0.5987538785    0.6018573374    0.6049760252    0.6081101924    0.6112617582
  0.6144314319    0.6176209658    0.6208306104    0.6240629107    0.6273188680
  0.6305996925    0.6339063019    0.6372427851    0.6406086415    0.6440066248
  0.6474382371    0.6509064823    0.6544123620    0.6579603404    0.6615500003
  0.6651868910    0.6688732654    0.6726123363    0.6764066488    0.6802626282
  0.6841817349    0.6881701857    0.6922343642    0.6963773578    0.6999999791
  0.7000000000    0.7000000000    0.7000000000    0.7000000000    0.7000000000
  0.7000000000    0.7000000000    0.7000000000    0.7000000000    0.7000000000
  0.7000000000    0.7000000000    0.7000000000    0.7000000000    0.7000000000
  0.7000000000    0.7000000000    0.7000000000    0.7000000000    0.7000000000
  0.7000000000    0.7000000000    0.7000000000    0.7000000000    0.7000000000
  0.7000000000    0.7000000000    0.7000000000    0.7000000000    0.7000000000
  0.7000000000    0.7000000000    0.7000000000    0.7000000000    0.7000000000
  0.7000000000    0.7000000000    0.7000000000    0.7000000000    0.7000000000
  0.7000000000    0.7000000000    0.7000000000    0.7000000000    0.7000000000
  0.7000000000    0.7000000000    0.7000000000    0.7000000000    0.7000000000
  0.7000000000    0.7000000000    0.7000000000    0.7000000000    0.7000000000
  0.7000000000    0.7000000000    0.7000000000    0.7000000000    0.7000000000
  0.7000000000    0.7000000000    0.7000000000    0.7000000000    0.7000000000
  0.7000000000    0.7000000000    0.7000000000    0.7000000000    0.7000000000
  0.7000000000    0.7000000000    0.7000000000    0.7000000000    0.7000000000
  0.7000000000    0.7000000000    0.7000000000    0.7000000000    0.7000000000
  0.7000000000    0.7000000000    0.7000000000    0.7000000000    0.7000000000
  0.7000000000    0.7000000000    0.7000000000    0.7000000000    0.7000000000
  0.7000000000    0.7000000000    0.7000000000    0.7000000000    0.7000000000
  0.7000000000    0.7000000000    0.7000000000    0.7000000000    0.7000000000
  0.7000000000    0.7000000000    0.7000000000    0.7000000000    0.7000000000
  0.7000000000    0.7000000000    0.7000000000    0.7000000000    0.7000000000
  0.7000000000    0.7000000000    0.7000000000    0.7000000000    0.7000000000
  0.7000000000    0.7000000000    0.7000000000    0.7000000000    0.7000000000
  0.7000000000    0.7000000000    0.7000000000    0.7000000000    0.7000000000
  0.7000000000    0.7000000000    0.7000000000    0.7000000000    0.7000000000
  0.7000000000    0.7000000000    0.7000000000    0.7000000000    0.7000000000
  0.7000000000    0.7000000000    0.7000000000    0.7000000000    0.7000000000
  0.7000000000    0.7000000000    0.7000000000    0.7000000000    0.7000000000
  0.7000000000    0.7000000000    0.7000000000    0.7000000000    0.7000000000
  0.7000000000    0.7000000000    0.7000000000    0.7000000000    0.7000000000
  0.7000000000    0.7000000000    0.7000000000    0.7000000000    0.7000000000
  0.7000000000    0.7000000000    0.7000000000    0.7000000000    0.7000000000
  0.7000000000    0.7000000000    0.7000000000    0.7000000000    0.7000000000
  0.7000000000    0.7000000000    0.7000000000    0.7000000000    0.7000000000
  0.0000000209    0.0562394172    0.0995316714    0.1316368371    0.1565730721
  0.1768655092    0.1939785093    0.2087999433    0.2218982905    0.2336590320
  0.2443512827    0.2541715175    0.2632677704    0.2717531949    0.2797168702
  0.2872293502    0.2943482548    0.3011208981    0.3075873345    0.3137794405
  0.3197257966    0.3254510611    0.3309753448    0.3363165468    0.3414903551
  0.3465117484    0.3513917416    0.3561416417    0.3607711285    0.3652893811
  0.3697035760    0.3740212232    0.3782486647    0.3823915750    0.3864552945
  0.3904455811    0.3943651885    0.3982197493    0.4020123512    0.4057469994
  0.4094267815    0.4130539924    0.4166330129    0.4201652199    0.4236528665
  0.4270992488    0.4305057853    0.4338754386    0.4372088760    0.4405087680
  0.4437766582    0.4470139652    0.4502226084    0.4534032553    0.4565581590
  0.4596879452    0.4627946585    0.4658787578    0.4689412445    0.4719839543
  0.4750082225    0.4780133396    0.4810015172    0.4839740068    0.4869309336
  0.4898733824    0.4928030223    0.4957188100    0.4986228317    0.5015160471
  0.5043988734    0.5072718114    0.5101356953    0.5129919440    0.5158394307
  0.5186809093    0.5215157539    0.5243452162    0.5271690875    0.5299885780
  0.5328043967    0.5356177539    0.5384283572    0.5412359148    0.5440438479
  0.5468495697    0.5496560007    0.5524628073    0.5552705318    0.5580802172
  0.5608919054    0.5637065977    0.5665248364    0.5693474978    0.5721746653
  0.5750072151    0.5778456062    0.5806915909    0.5835442930    0.5864057988
  0.5892756492    0.5921555549    0.5950458080    0.5979467422    0.6008604437
  0.6037862867    0.6067254394    0.6096802801    0.6126497656    0.6156358153
  0.6186394721    0.6216613203    0.6247031540    0.6277655154    0.6308497816
  0.6339572459    0.6370891601    0.6402471513    0.6434324712    0.6466462880
  0.6498916477    0.6531696349    0.6564809173    0.6598300010    0.6632165939
  0.6666439503    0.6701159090    0.6736323863    0.6771983057    0.6808168799
  0.6844908208    0.6882238835    0.6920204073    0.6958846062    0.6998216540
  0.6999999791    0.7000000000    0.7000000000    0.7000000000    0.7000000000
  0.7000000000    0.7000000000    0.7000000000    0.7000000000    0.7000000000
  0.7000000000    0.7000000000    0.7000000000    0.7000000000    0.7000000000
  0.7000000000    0.7000000000    0.7000000000    0.7000000000    0.7000000000
  0.7000000000    0.7000000000    0.7000000000    0.7000000000    0.7000000000
  0.7000000000    0.7000000000    0.7000000000    0.7000000000    0.7000000000
  0.7000000000    0.7000000000    0.7000000000    0.7000000000    0.7000000000
  0.7000000000    0.7000000000    0.7000000000    0.7000000000    0.7000000000
  0.7000000000    0.7000000000    0.7000000000    0.7000000000    0.7000000000
  0.7000000000    0.7000000000    0.7000000000    0.7000000000    0.7000000000
  0.7000000000    0.7000000000    0.7000000000    0.7000000000    0.7000000000
  0.7000000000    0.7000000000    0.7000000000    0.7000000000    0.7000000000
  0.7000000000    0.7000000000    0.7000000000    0.7000000000    0.7000000000
  0.7000000000    0.7000000000    0.7000000000    0.7000000000    0.7000000000
  0.7000000000    0.7000000000    0.7000000000    0.7000000000    0.7000000000
  0.7000000000    0.7000000000    0.7000000000    0.7000000000    0.7000000000
  0.7000000000    0.7000000000    0.7000000000    0.7000000000    0.7000000000
  0.7000000000    0.7000000000    0.7000000000    0.7000000000    0.7000000000
  0.7000000000    0.7000000000    0.7000000000    0.7000000000    0.7000000000
  0.7000000000    0.7000000000    0.7000000000    0.7000000000    0.7000000000
  0.7000000000    0.7000000000    0.7000000000    0.7000000000    0.7000000000
  0.7000000000    0.7000000000    0.7000000000    0.7000000000    0.7000000000
  0.7000000000    0.7000000000    0.7000000000    0.7000000000    0.7000000000
  0.7000000000    0.7000000000    0.7000000000    0.7000000000    0.7000000000
  0.7000000000    0.7000000000    0.7000000000    0.7000000000    0.7000000000
  0.7000000000    0.7000000000    0.7000000000    0.7000000000    0.7000000000
  0.7000000000    0.7000000000    0.7000000000    0.7000000000    0.7000000000
  0.7000000000    0.7000000000    0.7000000000    0.7000000000    0.7000000000
  0.7000000000    0.7000000000    0.7000000000    0.7000000000    0.7000000000
  0.7000000000    0.7000000000    0.7000000000    0.7000000000    0.7000000000
  0.7000000000    0.7000000000    0.7000000000    0.7000000000    0.7000000000
  0.7000000000    0.7000000000    0.7000000000    0.7000000000    0.7000000000
  0.7000000000    0.7000000000    0.7000000000    0.7000000000    0.7000000000
  0.0000000209    0.0485523671    0.0881929606    0.1188940138    0.1432652742
  0.1633132130    0.1803177327    0.1950915188    0.2081711322    0.2199261576
  0.2306177825    0.2404395193    0.2495362312    0.2580207378    0.2659798235
  0.2734856695    0.2805953532    0.2873550206    0.2938060611    0.2999803931
  0.3059062630    0.3116078287    0.3171065360    0.3224197835    0.3275640935
  0.3325526506    0.3373984307    0.3421122402    0.3467032582    0.3511813730
  0.3555538028    0.3598275572    0.3640096873    0.3681053251    0.3721203953
  0.3760596961    0.3799276501    0.3837288469    0.3874664158    0.3911438614
  0.3947654396    0.3983334869    0.4018507987    0.4053197950    0.4087440223
  0.4121244818    0.4154643446    0.4187644452    0.4220281631    0.4252560824
  0.4284508318    0.4316133291    0.4347455353    0.4378481597    0.4409240395
  0.4439727157    0.4469963163    0.4499958843    0.4529728800    0.4559277207
  0.4588622838    0.4617768198    0.4646721631    0.4675495237    0.4704101115
  0.4732545108    0.4760829300    0.4788974136    0.4816980451    0.4844842821
  0.4872591704    0.4900216252    0.4927731901    0.4955141991    0.4982451111
  0.5009667188    0.5036804408    0.5063846499    0.5090825170    0.5117729157
  0.5144571811    0.5171349794    0.5198075622    0.5224751800    0.5251390427
  0.5277988166    0.5304547101    0.5331088096    0.5357598633    0.5384094566
  0.5410576731    0.5437046796    0.5463514775    0.5489986926    0.5516468674
  0.5542951256    0.5569454283    0.5595977753    0.5622527093    0.5649106890
  0.5675722152    0.5702373296    0.5729082435    0.5755831629    0.5782647580
  0.5809525698    0.5836460561    0.5863483459    0.5890575200    0.5917757481
  0.5945029467    0.5972399086    0.5999877602    0.6027459592    0.6055165499
  0.6082997829    0.6110955328    0.6139057189    0.6167309672    0.6195715278
  0.6224292368    0.6253025919    0.6281963915    0.6311086327    0.6340411097
  0.6369959086    0.6399719030    0.6429719716    0.6459985763    0.6490504235
  0.6521299332    0.6552397758    0.6583794504    0.6615523368    0.6647593945
  0.6680027097    0.6712855369    0.6746082515    0.6779727727    0.6813839823
  0.6848439664    0.6883562297    0.6919196874    0.6955448121    0.6992301852
  0.6999999791    0.7000000000    0.7000000000    0.7000000000    0.7000000000
  0.7000000000    0.7000000000    0.7000000000    0.7000000000    0.7000000000
  0.7000000000    0.7000000000    0.7000000000    0.7000000000    0.7000000000
  0.7000000000    0.7000000000    0.7000000000    0.7000000000    0.7000000000
  0.7000000000    0.7000000000    0.7000000000    0.7000000000    0.7000000000
  0.7000000000    0.7000000000    0.7000000000    0.7000000000    0.7000000000
  0.7000000000    0.7000000000    0.7000000000    0.7000000000    0.7000000000
  0.7000000000    0.7000000000    0.7000000000    0.7000000000    0.7000000000
  0.7000000000    0.7000000000    0.7000000000    0.7000000000    0.7000000000
  0.7000000000    0.7000000000    0.7000000000    0.7000000000    0.7000000000
  0.7000000000    0.7000000000    0.7000000000    0.7000000000    0.7000000000
  0.7000000000    0.7000000000    0.7000000000    0.7000000000    0.7000000000
  0.7000000000    0.7000000000    0.7000000000    0.7000000000    0.7000000000
  0.7000000000    0.7000000000    0.7000000000    0.7000000000    0.7000000000
  0.7000000000    0.7000000000    0.7000000000    0.7000000000    0.7000000000
  0.7000000000    0.7000000000    0.7000000000    0.7000000000    0.7000000000
  0.7000000000    0.7000000000    0.7000000000    0.7000000000    0.7000000000
  0.7000000000    0.7000000000    0.7000000000    0.7000000000    0.7000000000
  0.7000000000    0.7000000000    0.7000000000    0.7000000000    0.7000000000
  0.7000000000    0.7000000000    0.7000000000    0.7000000000    0.7000000000
  0.7000000000    0.7000000000    0.7000000000    0.7000000000    0.7000000000
  0.7000000000    0.7000000000    0.7000000000    0.7000000000    0.7000000000
  0.7000000000    0.7000000000    0.7000000000    0.7000000000    0.7000000000
  0.7000000000    0.7000000000    0.7000000000    0.7000000000    0.7000000000
  0.7000000000    0.7000000000    0.7000000000    0.7000000000    0.7000000000
  0.7000000000    0.7000000000    0.7000000000    0.7000000000    0.7000000000
  0.7000000000    0.7000000000    0.7000000000    0.7000000000    0.7000000000
  0.7000000000    0.7000000000    0.7000000000    0.7000000000    0.7000000000
  0.7000000000    0.7000000000    0.7000000000    0.7000000000    0.7000000000
  0.7000000000    0.7000000000    0.7000000000    0.7000000000    0.7000000000
  0.7000000000    0.7000000000    0.7000000000    0.7000000000    0.7000000000
  0.0000000209    0.0422676355    0.0783761889    0.1074841231    0.1311306924
  0.1508303672    0.1676583141    0.1823393077    0.1953702301    0.2070985526
  0.2177753657    0.2275885075    0.2366792113    0.2451572090    0.2531108290
  0.2606086224    0.2677091688    0.2744584888    0.2808960527    0.2870557398
  0.2929645449    0.2986472934    0.3041248888    0.3094155222    0.3145350903
  0.3194975287    0.3243152708    0.3289992064    0.3335591823    0.3380039603
  0.3423420101    0.3465798408    0.3507245451    0.3547813803    0.3587561876
  0.3626545161    0.3664790362    0.3702361315    0.3739278883    0.3775594383
  0.3811323255    0.3846512228    0.3881177157    0.3915349752    0.3949058801
  0.3982321411    0.4015163451    0.4047604114    0.4079661757    0.4111348063
  0.4142689317    0.4173700541    0.4204396337    0.4234783381    0.4264885873
  0.4294704229    0.4324265569    0.4353570312    0.4382638067    0.4411467582
  0.4440084308    0.4468485326    0.4496684402    0.4524688214    0.4552514702
  0.4580155522    0.4607636958    0.4634944826    0.4662110418    0.4689118713
  0.4715995997    0.4742731005    0.4769349188    0.4795834690    0.4822212130
  0.4848475248    0.4874637812    0.4900698990    0.4926671296    0.4952549309
  0.4978344709    0.5004066259    0.5029716462    0.5055293232    0.5080808669
  0.5106265277    0.5131660551    0.5157006174    0.5182313412    0.5207570583
  0.5232797712    0.5257982701    0.5283145577    0.5308279246    0.5333393306
  0.5358485252    0.5383560926    0.5408634514    0.5433708102    0.5458777100
  0.5483842343    0.5508918434    0.5534006625    0.5559106499    0.5584228069
  0.5609367162    0.5634542137    0.5659743816    0.5684977204    0.5710255653
  0.5735578746    0.5760946900    0.5786368459    0.5811843008    0.5837388068
  0.5862998217    0.5888673455    0.5914434642    0.5940267593    0.5966189414
  0.5992207199    0.6018320113    0.6044539839    0.6070864707    0.6097306818
  0.6123864084    0.6150556117    0.6177377075    0.6204345733    0.6231464595
  0.6258726984    0.6286159605    0.6313764542    0.6341550976    0.6369520575
  0.6397698790    0.6426086038    0.6454687744    0.6483511418    0.6512577921
  0.6541907281    0.6571498662    0.6601370841    0.6631538838    0.6662013084
  0.6692811102    0.6723953754    0.6755450219    0.6787339300    0.6819617659
  0.6852341622    0.6885502011    0.6919134706    0.6953278512    0.6987955123
  0.6999999791    0.7000000000    0.7000000000    0.7000000000    0.7000000000
  0.7000000000    0.7000000000    0.7000000000    0.7000000000    0.7000000000
  0.7000000000    0.7000000000    0.7000000000    0.7000000000    0.7000000000
  0.7000000000    0.7000000000    0.7000000000    0.7000000000    0.7000000000
  0.7000000000    0.7000000000    0.7000000000    0.7000000000    0.7000000000
  0.7000000000    0.7000000000    0.7000000000    0.7000000000    0.7000000000
  0.7000000000    0.7000000000    0.7000000000    0.7000000000    0.7000000000
  0.7000000000    0.7000000000    0.7000000000    0.7000000000    0.7000000000
  0.7000000000    0.7000000000    0.7000000000    0.7000000000    0.7000000000
  0.7000000000    0.7000000000    0.7000000000    0.7000000000    0.7000000000
  0.7000000000    0.7000000000    0.7000000000    0.7000000000    0.7000000000
  0.7000000000    0.7000000000    0.7000000000    0.7000000000    0.7000000000
  0.7000000000    0.7000000000    0.7000000000    0.7000000000    0.7000000000
  0.7000000000    0.7000000000    0.7000000000    0.7000000000    0.7000000000
  0.7000000000    0.7000000000    0.7000000000    0.7000000000    0.7000000000
  0.7000000000    0.7000000000    0.7000000000    0.7000000000    0.7000000000
  0.7000000000    0.7000000000    0.7000000000    0.7000000000    0.7000000000
  0.7000000000    0.7000000000    0.7000000000    0.7000000000    0.7000000000
  0.7000000000    0.7000000000    0.7000000000    0.7000000000    0.7000000000
  0.7000000000    0.7000000000    0.7000000000    0.7000000000    0.7000000000
  0.7000000000    0.7000000000    0.7000000000    0.7000000000    0.7000000000
  0.7000000000    0.7000000000    0.7000000000    0.7000000000    0.7000000000
  0.7000000000    0.7000000000    0.7000000000    0.7000000000    0.7000000000
  0.7000000000    0.7000000000    0.7000000000    0.7000000000    0.7000000000
  0.7000000000    0.7000000000    0.7000000000    0.7000000000    0.7000000000
  0.7000000000    0.7000000000    0.7000000000    0.7000000000    0.7000000000
  0.7000000000    0.7000000000    0.7000000000    0.7000000000    0.7000000000
  0.7000000000    0.7000000000    0.7000000000    0.7000000000    0.7000000000
  0.7000000000    0.7000000000    0.7000000000    0.7000000000    0.7000000000
  0.0000000209    0.0370982081    0.0699070781    0.0973084897    0.1200951427
  0.1393447906    0.1559259444    0.1704666227    0.1834141821    0.1950918943
  0.2057369560    0.2155285269    0.2246041268    0.2330702335    0.2410135478
  0.2485016197    0.2555918187    0.2623298317    0.2687554628    0.2749006301
  0.2807947904    0.2864615172    0.2919216722    0.2971929461    0.3022918195
  0.3072323114    0.3120262295    0.3166852564    0.3212191969    0.3256362706
  0.3299456149    0.3341532379    0.3382667750    0.3422915250    0.3462329119
  0.3500952750    0.3538847893    0.3576044589    0.3612586647    0.3648503691
  0.3683833271    0.3718605846    0.3752848953    0.3786588877    0.3819854826
  0.3852658063    0.3885036558    0.3916998237    0.3948573560    0.3979767531
  0.4010607690    0.4041098207    0.4071264535    0.4101119608    0.4130676359
  0.4159941465    0.4188941628    0.4217666835    0.4246147960    0.4274384171
  0.4302395076    0.4330178589    0.4357747644    0.4385116011    0.4412285358
  0.4439272791    0.4466074973    0.4492708176    0.4519173235    0.4545480996
  0.4571637303    0.4597646743    0.4623519748    0.4649255484    0.4674868554
  0.4700353533    0.4725723773    0.4750984281    0.4776132554    0.4801177770
  0.4826133281    0.4850991994    0.4875767261    0.4900456578    0.4925067455
  0.4949598223    0.4974065989    0.4998463243    0.5022796661    0.5047078758
  0.5071296602    0.5095466882    0.5119590849    0.5143666416    0.5167709023
  0.5191705734    0.5215672821    0.5239611119    0.5263526887    0.5287416369
  0.5311285406    0.5335140258    0.5358981341    0.5382805318    0.5406630963
  0.5430450350    0.5454277664    0.5478104562    0.5501936048    0.5525781304
  0.5549636990    0.5573511869    0.5597406358    0.5621325046    0.5645268351
  0.5669250041    0.5693260521    0.5717313141    0.5741399139    0.5765540630
  0.5789732188    0.5813965470    0.5838257581    0.5862616032    0.5887036651
  0.5911531121    0.5936094850    0.5960731596    0.5985453039    0.6010262519
  0.6035159200    0.6060150176    0.6085247129    0.6110448807    0.6135762304
  0.6161181778    0.6186739355    0.6212416261    0.6238231689    0.6264183551
  0.6290282696    0.6316538304    0.6342953295    0.6369536430    0.6396293968
  0.6423230499    0.6450376481    0.6477707297    0.6505260915    0.6533028990
  0.6561035722    0.6589269429    0.6617769331    0.6646538347    0.6675572306
  0.6704912096    0.6734552294    0.6764518350    0.6794826955    0.6825482696
  0.6856527716    0.6887966186    0.6919818968    0.6952119440    0.6984887213
  0.6999999791    0.7000000000    0.7000000000    0.7000000000    0.7000000000
  0.7000000000    0.7000000000    0.7000000000    0.7000000000    0.7000000000
  0.7000000000    0.7000000000    0.7000000000    0.7000000000    0.7000000000
  0.7000000000    0.7000000000    0.7000000000    0.7000000000    0.7000000000
  0.7000000000    0.7000000000    0.7000000000    0.7000000000    0.7000000000
  0.7000000000    0.7000000000    0.7000000000    0.7000000000    0.7000000000
  0.7000000000    0.7000000000    0.7000000000    0.7000000000    0.7000000000
  0.7000000000    0.7000000000    0.7000000000    0.7000000000    0.7000000000
  0.7000000000    0.7000000000    0.7000000000    0.7000000000    0.7000000000
  0.7000000000    0.7000000000    0.7000000000    0.7000000000    0.7000000000
  0.7000000000    0.7000000000    0.7000000000    0.7000000000    0.7000000000
  0.7000000000    0.7000000000    0.7000000000    0.7000000000    0.7000000000
  0.7000000000    0.7000000000    0.7000000000    0.7000000000    0.7000000000
  0.7000000000    0.7000000000    0.7000000000    0.7000000000    0.7000000000
  0.7000000000    0.7000000000    0.7000000000    0.7000000000    0.7000000000
  0.7000000000    0.7000000000    0.7000000000    0.7000000000    0.7000000000
  0.7000000000    0.7000000000    0.7000000000    0.7000000000    0.7000000000
  0.7000000000    0.7000000000    0.7000000000    0.7000000000    0.7000000000
  0.7000000000    0.7000000000    0.7000000000    0.7000000000    0.7000000000
  0.7000000000    0.7000000000    0.7000000000    0.7000000000    0.7000000000
  0.7000000000    0.7000000000    0.7000000000    0.7000000000    0.7000000000
  0.7000000000    0.7000000000    0.7000000000    0.7000000000    0.7000000000
  0.7000000000    0.7000000000    0.7000000000    0.7000000000    0.7000000000
  0.7000000000    0.7000000000    0.7000000000    0.7000000000    0.7000000000
  0.7000000000    0.7000000000    0.7000000000    0.7000000000    0.7000000000
  0.7000000000    0.7000000000    0.7000000000    0.7000000000    0.7000000000
  0.7000000000    0.7000000000    0.7000000000    0.7000000000    0.7000000000
  0.0000000209    0.0328148991    0.0626108080    0.0882657260    0.1100869864
  0.1287950248    0.1450599998    0.1594097525    0.1722382754    0.1838384658
  0.1944322914    0.2041881889    0.2132374614    0.2216842502    0.2296111673
  0.2370855957    0.2441620260    0.2508874804    0.2573000938    0.2634327441
  0.2693128020    0.2749638408    0.2804078490    0.2856624752    0.2907429904
  0.2956640393    0.3004380971    0.3050755531    0.3095874637    0.3139810055
  0.3182658166    0.3224479467    0.3265345722    0.3305315763    0.3344443411
  0.3382778734    0.3420366377    0.3457242638    0.3493457586    0.3529045850
  0.3564034969    0.3598454565    0.3632339269    0.3665708691    0.3698599130
  0.3731021434    0.3763003141    0.3794563025    0.3825720280    0.3856497437
  0.3886905760    0.3916965693    0.3946686417    0.3976092547    0.4005185336
  0.4033977717    0.4062496811    0.4090737611    0.4118726403    0.4146456510
  0.4173953384    0.4201214522    0.4228259951    0.4255090922    0.4281710774
  0.4308141619    0.4334385127    0.4360442549    0.4386325151    0.4412044197
  0.4437594265    0.4462992042    0.4488246709    0.4513353258    0.4538326710
  0.4563160807    0.4587870151    0.4612463921    0.4636935860    0.4661294311
  0.4685548455    0.4709700793    0.4733745068    0.4757704228    0.4781566173
  0.4805348843    0.4829044729    0.4852661759    0.4876206607    0.4899676770
  0.4923075169    0.4946418077    0.4969692558    0.4992916137    0.5016089648
  0.5039200991    0.5062270612    0.5085295588    0.5108277172    0.5131217450
  0.5154131025    0.5177005798    0.5199852198    0.5222671479    0.5245469064
  0.5268245786    0.5291003317    0.5313747078    0.5336472481    0.5359194964
  0.5381905764    0.5404614478    0.5427322358    0.5450038582    0.5472749799
  0.5495474786    0.5518204778    0.5540949374    0.5563713163    0.5586487383
  0.5609285802    0.5632113010    0.5654964000    0.5677848369    0.5700765282
  0.5723715574    0.5746711344    0.5769740075    0.5792818040    0.5815945655
  0.5839127094    0.5862356514    0.5885656029    0.5909006864    0.5932430714
  0.5955922574    0.5979489535    0.6003127426    0.6026851267    0.6050656885
  0.6074546784    0.6098533064    0.6122622401    0.6146813959    0.6171101898
  0.6195513755    0.6220039934    0.6244683355    0.6269453615    0.6294358224
  0.6319398850    0.6344585508    0.6369920701    0.6395417362    0.6421082169
  0.6446908027    0.6472916216    0.6499107987    0.6525500447    0.6552089840
  0.6578893274    0.6605914503    0.6633173138    0.6660673350    0.6688422233
  0.6716442317    0.6744729012    0.6773323208    0.6802203625    0.6831410736
  0.6860956639    0.6890853435    0.6921121150    0.6951788157    0.6982839435
  0.6999999791    0.7000000000    0.7000000000    0.7000000000    0.7000000000
  0.7000000000    0.7000000000    0.7000000000    0.7000000000    0.7000000000
  0.7000000000    0.7000000000    0.7000000000    0.7000000000    0.7000000000
  0.7000000000    0.7000000000    0.7000000000    0.7000000000    0.7000000000
  0.7000000000    0.7000000000    0.7000000000    0.7000000000    0.7000000000
  0.7000000000    0.7000000000    0.7000000000    0.7000000000    0.7000000000
  0.7000000000    0.7000000000    0.7000000000    0.7000000000    0.7000000000
  0.7000000000    0.7000000000    0.7000000000    0.7000000000    0.7000000000
  0.7000000000    0.7000000000    0.7000000000    0.7000000000    0.7000000000
  0.7000000000    0.7000000000    0.7000000000    0.7000000000    0.7000000000
  0.7000000000    0.7000000000    0.7000000000    0.7000000000    0.7000000000
  0.7000000000    0.7000000000    0.7000000000    0.7000000000    0.7000000000
  0.7000000000    0.7000000000    0.7000000000    0.7000000000    0.7000000000
  0.7000000000    0.7000000000    0.7000000000    0.7000000000    0.7000000000
  0.7000000000    0.7000000000    0.7000000000    0.7000000000    0.7000000000
  0.7000000000    0.7000000000    0.7000000000    0.7000000000    0.7000000000
  0.7000000000    0.7000000000    0.7000000000    0.7000000000    0.7000000000
  0.7000000000    0.7000000000    0.7000000000    0.7000000000    0.7000000000
  0.7000000000    0.7000000000    0.7000000000    0.7000000000    0.7000000000
  0.7000000000    0.7000000000    0.7000000000    0.7000000000    0.7000000000
  0.7000000000    0.7000000000    0.7000000000    0.7000000000    0.7000000000
  0.7000000000    0.7000000000    0.7000000000    0.7000000000    0.7000000000
  0.7000000000    0.7000000000    0.7000000000    0.7000000000    0.7000000000
  0.7000000000    0.7000000000    0.7000000000    0.7000000000    0.7000000000
  0.7000000000    0.7000000000    0.7000000000    0.7000000000    0.7000000000
  0.0000000209    0.0292370468    0.0563234895    0.0802507728    0.1010370463
  0.1191244513    0.1350094110    0.1491182953    0.1617892712    0.1732845277
  0.1838050038    0.1935087055    0.2025205940    0.2109379262    0.2188416868
  0.2262960047    0.2333560795    0.2400660545    0.2464635640    0.2525816113
  0.2584473163    0.2640834183    0.2695124060    0.2747505933    0.2798150033
  0.2847190708    0.2894746453    0.2940932840    0.2985849172    0.3029590160
  0.3072217554    0.3113815635    0.3154455751    0.3194185466    0.3233065277
  0.3271144837    0.3308469206    0.3345074683    0.3381011754    0.3416315466
  0.3451007515    0.3485123783    0.3518698484    0.3551757902    0.3584315389
  0.3616410583    0.3648053497    0.3679263741    0.3710072190    0.3740484267
  0.3770528346    0.3800214022    0.3829555482    0.3858566910    0.3887261242
  0.3915656418    0.3943763703    0.3971593946    0.3999152154    0.4026453763
  0.4053507954    0.4080328912    0.4106919557    0.4133288234    0.4159447461
  0.4185404330    0.4211160928    0.4236734360    0.4262119621    0.4287333816
  0.4312382370    0.4337260276    0.4361983389    0.4386561304    0.4410989016
  0.4435275704    0.4459430963    0.4483453959    0.4507353872    0.4531134039
  0.4554798216    0.4578344733    0.4601787776    0.4625124425    0.4648368448
  0.4671512753    0.4694564849    0.4717532665    0.4740413278    0.4763214618
  0.4785939187    0.4808588654    0.4831165522    0.4853672296    0.4876119822
  0.4898501009    0.4920827121    0.4943089813    0.4965310782    0.4987477094
  0.5009599596    0.5031669945    0.5053703994    0.5075703830    0.5097655267
  0.5119583756    0.5141471773    0.5163333923    0.5185171872    0.5206981450
  0.5228778094    0.5250548035    0.5272306293    0.5294048697    0.5315776914
  0.5337499708    0.5359213740    0.5380919009    0.5402625948    0.5424334556
  0.5446045250    0.5467763036    0.5489483744    0.5511207372    0.5532957286
  0.5554714710    0.5576490074    0.5598277956    0.5620096713    0.5641937584
  0.5663800150    0.5685701936    0.5707625836    0.5729588956    0.5751582116
  0.5773623258    0.5795706958    0.5817837387    0.5840005368    0.5862228423
  0.5884514064    0.5906844765    0.5929233044    0.5951690584    0.5974208623
  0.5996798843    0.6019465417    0.6042206258    0.6065025955    0.6087922424
  0.6110912353    0.6133989900    0.6157157987    0.6180424124    0.6203799158
  0.6227277666    0.6250866324    0.6274568051    0.6298397034    0.6322343677
  0.6346422166    0.6370635420    0.6394992620    0.6419492096    0.6444151789
  0.6468968779    0.6493949324    0.6519094259    0.6544436127    0.6569949478
  0.6595669359    0.6621585339    0.6647716612    0.6674068600    0.6700651735
  0.6727462679    0.6754538983    0.6781876057    0.6809480578    0.6837381333
  0.6865577072    0.6894091159    0.6922936946    0.6952132791    0.6981687039
  0.6999999791    0.7000000000    0.7000000000    0.7000000000    0.7000000000
  0.7000000000    0.7000000000    0.7000000000    0.7000000000    0.7000000000
  0.7000000000    0.7000000000    0.7000000000    0.7000000000    0.7000000000
  0.7000000000    0.7000000000    0.7000000000    0.7000000000    0.7000000000
  0.7000000000    0.7000000000    0.7000000000    0.7000000000    0.7000000000
  0.7000000000    0.7000000000    0.7000000000    0.7000000000    0.7000000000
  0.7000000000    0.7000000000    0.7000000000    0.7000000000    0.7000000000
  0.7000000000    0.7000000000    0.7000000000    0.7000000000    0.7000000000
  0.7000000000    0.7000000000    0.7000000000    0.7000000000    0.7000000000
  0.7000000000    0.7000000000    0.7000000000    0.7000000000    0.7000000000
  0.7000000000    0.7000000000    0.7000000000    0.7000000000    0.7000000000
  0.7000000000    0.7000000000    0.7000000000    0.7000000000    0.7000000000
  0.7000000000    0.7000000000    0.7000000000    0.7000000000    0.7000000000
  0.7000000000    0.7000000000    0.7000000000    0.7000000000    0.7000000000
  0.7000000000    0.7000000000    0.7000000000    0.7000000000    0.7000000000
  0.7000000000    0.7000000000    0.7000000000    0.7000000000    0.7000000000
  0.7000000000    0.7000000000    0.7000000000    0.7000000000    0.7000000000
  0.7000000000    0.7000000000    0.7000000000    0.7000000000    0.7000000000
  0.7000000000    0.7000000000    0.7000000000    0.7000000000    0.7000000000
  0.7000000000    0.7000000000    0.7000000000    0.7000000000    0.7000000000
  0.7000000000    0.7000000000    0.7000000000    0.7000000000    0.7000000000
  0.7000000000    0.7000000000    0.7000000000    0.7000000000    0.7000000000
  0.7000000000    0.7000000000    0.7000000000    0.7000000000    0.7000000000
  0.0000000209    0.0262238353    0.0508957118    0.0731581956    0.0928728491
  0.1102792472    0.1257261544    0.1395465642    0.1520236522    0.1633838505
  0.1738091975    0.1834437639    0.1924031228    0.2007805675    0.2086522847
  0.2160812765    0.2231185287    0.2298096031    0.2361893803    0.2422909468
  0.2481404215    0.2537619621    0.2591755122    0.2643983871    0.2694463164
  0.2743338615    0.2790733308    0.2836745709    0.2881486386    0.2925031692
  0.2967473418    0.3008878320    0.3049311489    0.3088832170    0.3127495438
  0.3165345103    0.3202438325    0.3238811404    0.3274508983    0.3309554845
  0.3343987793    0.3377844542    0.3411153466    0.3443929583    0.3476208776
  0.3508013994    0.3539361089    0.3570276350    0.3600778133    0.3630878538
  0.3660599679    0.3689957410    0.3718966752    0.3747640640    0.3775998682
  0.3804047137    0.3831797689    0.3859261602    0.3886455148    0.3913387507
  0.3940062851    0.3966496199    0.3992695481    0.4018668622    0.4044428974
  0.4069973201    0.4095318824    0.4120467514    0.4145430118    0.4170208305
  0.4194817513    0.4219248146    0.4243521065    0.4267641276    0.4291608363
  0.4315426916    0.4339101106    0.4362635940    0.4386050195    0.4409327179
  0.4432486922    0.4455521494    0.4478450507    0.4501266867    0.4523973495
  0.4546578735    0.4569090515    0.4591501325    0.4613819093    0.4636046320
  0.4658190519    0.4680253774    0.4702244014    0.4724152893    0.4745987505
  0.4767754942    0.4789452285    0.4811085790    0.4832662970    0.4854175478
  0.4875634164    0.4897041529    0.4918392986    0.4939696044    0.4960956126
  0.4982170314    0.5003344029    0.5024478942    0.5045576304    0.5066636533
  0.5087666303    0.5108666033    0.5129641563    0.5150584549    0.5171509594
  0.5192408353    0.5213290840    0.5234153301    0.5255005330    0.5275843590
  0.5296668082    0.5317479640    0.5338287860    0.5359093577    0.5379896790
  0.5400697917    0.5421497792    0.5442295998    0.5463107139    0.5483922035
  0.5504750282    0.5525587291    0.5546428472    0.5567296773    0.5588183016
  0.5609087616    0.5630010158    0.5650955230    0.5671927422    0.5692925900
  0.5713955671    0.5735025495    0.5756121188    0.5777260274    0.5798429400
  0.5819650263    0.5840909511    0.5862218827    0.5883574456    0.5904988497
  0.5926451355    0.5947967619    0.5969544381    0.5991189986    0.6012894839
  0.6034671038    0.6056509405    0.6078430384    0.6100419790    0.6122498065
  0.6144664377    0.6166908711    0.6189242750    0.6211669415    0.6234199554
  0.6256836087    0.6279569834    0.6302414984    0.6325366527    0.6348438650
  0.6371645957    0.6394970506    0.6418426484    0.6442015976    0.6465761095
  0.6489643484    0.6513688177    0.6537893504    0.6562260300    0.6586794406
  0.6611511678    0.6636417955    0.6661516994    0.6686829239    0.6712335497
  0.6738066643    0.6764034361    0.6790230721    0.6816685349    0.6843386561
  0.6870366067    0.6897638470    0.6925190419    0.6953067392    0.6981256872
  0.6999999791    0.7000000000    0.7000000000    0.7000000000    0.7000000000
  0.7000000000    0.7000000000    0.7000000000    0.7000000000    0.7000000000
  0.7000000000    0.7000000000    0.7000000000    0.7000000000    0.7000000000
  0.7000000000    0.7000000000    0.7000000000    0.7000000000    0.7000000000
  0.7000000000    0.7000000000    0.7000000000    0.7000000000    0.7000000000
  0.7000000000    0.7000000000    0.7000000000    0.7000000000    0.7000000000
  0.7000000000    0.7000000000    0.7000000000    0.7000000000    0.7000000000
  0.7000000000    0.7000000000    0.7000000000    0.7000000000    0.7000000000
  0.7000000000    0.7000000000    0.7000000000    0.7000000000    0.7000000000
  0.7000000000    0.7000000000    0.7000000000    0.7000000000    0.7000000000
  0.7000000000    0.7000000000    0.7000000000    0.7000000000    0.7000000000
  0.7000000000    0.7000000000    0.7000000000    0.7000000000    0.7000000000
  0.7000000000    0.7000000000    0.7000000000    0.7000000000    0.7000000000
  0.7000000000    0.7000000000    0.7000000000    0.7000000000    0.7000000000
  0.7000000000    0.7000000000    0.7000000000    0.7000000000    0.7000000000
  0.7000000000    0.7000000000    0.7000000000    0.7000000000    0.7000000000
  0.7000000000    0.7000000000    0.7000000000    0.7000000000    0.7000000000
  0.7000000000    0.7000000000    0.7000000000    0.7000000000    0.7000000000
  0.7000000000    0.7000000000    0.7000000000    0.7000000000    0.7000000000
  0.7000000000    0.7000000000    0.7000000000    0.7000000000    0.7000000000
  0.7000000000    0.7000000000    0.7000000000    0.7000000000    0.7000000000
  0.0000000209    0.0236659497    0.0461970061    0.0668860227    0.0855212539
  0.1022047549    0.1171660453    0.1306555897    0.1429019481    0.1540990502
  0.1644056529    0.1739520580    0.1828447849    0.1911703676    0.1990009457
  0.2063960582    0.2134059399    0.2200727314    0.2264316052    0.2325136870
  0.2383456796    0.2439502388    0.2493468493    0.2545539528    0.2595864028
  0.2644580513    0.2691805810    0.2737660915    0.2782226354    0.2825608104
  0.2867873341    0.2909094661    0.2949343413    0.2988672584    0.3027137667
  0.3064793736    0.3101680428    0.3137846142    0.3173323423    0.3208148569
  0.3242359966    0.3275983065    0.3309045821    0.3341587037    0.3373619229
  0.3405166179    0.3436255008    0.3466905743    0.3497137576    0.3526962191
  0.3556407958    0.3585479468    0.3614203006    0.3642580241    0.3670636624
  0.3698378831    0.3725818545    0.3752972037    0.3779839307    0.3806446642
  0.3832793206    0.3858892769    0.3884754092    0.3910379678    0.3935783714
  0.3960977882    0.3985958844    0.4010739118    0.4035329968    0.4059732229
  0.4083957165    0.4108005196    0.4131887168    0.4155607671    0.4179166287
  0.4202578872    0.4225839168    0.4248961776    0.4271940023    0.4294794768
  0.4317518085    0.4340114146    0.4362591714    0.4384954125    0.4407204300
  0.4429345995    0.4451376289    0.4473313957    0.4495151490    0.4516891390
  0.4538541168    0.4560103327    0.4581585377    0.4602974385    0.4624292880
  0.4645532519    0.4666695803    0.4687788993    0.4708819598    0.4729774266
  0.4750669688    0.4771507114    0.4792278618    0.4813005894    0.4833669752
  0.4854281873    0.4874848515    0.4895366341    0.4915841192    0.4936269313
  0.4956661969    0.4977014989    0.4997325033    0.5017611712    0.5037852913
  0.5058067828    0.5078253120    0.5098413795    0.5118556112    0.5138661712
  0.5158754379    0.5178830773    0.5198877126    0.5218917638    0.5238943547
  0.5258950263    0.5278952807    0.5298947006    0.5318928272    0.5338906616
  0.5358882040    0.5378859967    0.5398835808    0.5418809563    0.5438782066
  0.5458771676    0.5478765041    0.5498757154    0.5518775553    0.5538793951
  0.5558834046    0.5578887075    0.5598953038    0.5619045705    0.5639160067
  0.5659287781    0.5679450542    0.5699643344    0.5719857842    0.5740097791
  0.5760376543    0.5780693680    0.5801040024    0.5821428090    0.5841858298
  0.5862337738    0.5882850140    0.5903419703    0.5924028903    0.5944690675
  0.5965417117    0.5986189872    0.6007026047    0.6027928561    0.6048884481
  0.6069910079    0.6091008276    0.6112178236    0.6133419126    0.6154738039
  0.6176134974    0.6197620362    0.6219192952    0.6240852326    0.6262613505
  0.6284458548    0.6306410402    0.6328464478    0.6350626618    0.6372895569
  0.6395281762    0.6417783529    0.6440423399    0.6463187188    0.6486080736
  0.6509118229    0.6532289654    0.6555612534    0.6579096049    0.6602741450
  0.6626538724    0.6650520414    0.6674679011    0.6699016184    0.6723559052
  0.6748281330    0.6773236841    0.6798395127    0.6823786646    0.6849414736
  0.6875286072    0.6901414841    0.6927811056    0.6954484314    0.6981462568
  0.6999999791    0.7000000000    0.7000000000    0.7000000000    0.7000000000
  0.7000000000    0.7000000000    0.7000000000    0.7000000000    0.7000000000
  0.7000000000    0.7000000000    0.7000000000    0.7000000000    0.7000000000
  0.7000000000    0.7000000000    0.7000000000    0.7000000000    0.7000000000
  0.7000000000    0.7000000000    0.7000000000    0.7000000000    0.7000000000
  0.7000000000    0.7000000000    0.7000000000    0.7000000000    0.7000000000
  0.7000000000    0.7000000000    0.7000000000    0.7000000000    0.7000000000
  0.7000000000    0.7000000000    0.7000000000    0.7000000000    0.7000000000
  0.7000000000    0.7000000000    0.7000000000    0.7000000000    0.7000000000
  0.7000000000    0.7000000000    0.7000000000    0.7000000000    0.7000000000
  0.7000000000    0.7000000000    0.7000000000    0.7000000000    0.7000000000
  0.7000000000    0.7000000000    0.7000000000    0.7000000000    0.7000000000
  0.7000000000    0.7000000000    0.7000000000    0.7000000000    0.7000000000
  0.7000000000    0.7000000000    0.7000000000    0.7000000000    0.7000000000
  0.7000000000    0.7000000000    0.7000000000    0.7000000000    0.7000000000
  0.7000000000    0.7000000000    0.7000000000    0.7000000000    0.7000000000
  0.7000000000    0.7000000000    0.7000000000    0.7000000000    0.7000000000
  0.7000000000    0.7000000000    0.7000000000    0.7000000000    0.7000000000
  0.7000000000    0.7000000000    0.7000000000    0.7000000000    0.7000000000
  0.0000000209    0.0214777738    0.0421145529    0.0613372475    0.0789101213
  0.0948466927    0.1092858166    0.1224069864    0.1343906552    0.1453955799
  0.1555604488    0.1650004596    0.1738104492    0.1820721537    0.1898517877
  0.1972049683    0.2041801780    0.2108173043    0.2171502262    0.2232097358
  0.2290213257    0.2346064001    0.2399854034    0.2451751083    0.2501908690
  0.2550463289    0.2597530037    0.2643222839    0.2687633902    0.2730843753
  0.2772944182    0.2814001113    0.2854078799    0.2893231481    0.2931518823
  0.2968991309    0.3005693585    0.3041662782    0.3076948971    0.3111576349
  0.3145577878    0.3178996533    0.3211849004    0.3244173259    0.3275982648
  0.3307306379    0.3338166147    0.3368581980    0.3398573071    0.3428157359
  0.3457351536    0.3486177295    0.3514637977    0.3542758614    0.3570547551
  0.3598022729    0.3625190407    0.3652061433    0.3678652495    0.3704967767
  0.3731023103    0.3756826431    0.3782387346    0.3807708353    0.3832808226
  0.3857683629    0.3882352084    0.3906810254    0.3931074828    0.3955147058
  0.3979038209    0.4002743274    0.4026283115    0.4049652725    0.4072862536
  0.4095911711    0.4118810266    0.4141562790    0.4164178044    0.4186650187
  0.4208993405    0.4231206447    0.4253292233    0.4275259942    0.4297107071
  0.4318842798    0.4340470046    0.4361990899    0.4383409113    0.4404727191
  0.4425942212    0.4447072119    0.4468109816    0.4489061981    0.4509920686
  0.4530703872    0.4551408201    0.4572035760    0.4592588216    0.4613068074
  0.4633476585    0.4653825432    0.4674101681    0.4694322020    0.4714477688
  0.4734579951    0.4754620463    0.4774615914    0.4794557124    0.4814440757
  0.4834288090    0.4854084522    0.4873837143    0.4893551379    0.4913223475
  0.4932849675    0.4952450842    0.4972017378    0.4991550118    0.5011046141
  0.5030515045    0.5049962252    0.5069374830    0.5088767380    0.5108141154
  0.5127486140    0.5146818191    0.5166133136    0.5185425967    0.5204712540
  0.5223973244    0.5243237704    0.5262477547    0.5281717390    0.5300947219
  0.5320168287    0.5339394778    0.5358612508    0.5377826482    0.5397051305
  0.5416273206    0.5435500950    0.5454730779    0.5473971456    0.5493214637
  0.5512464494    0.5531735212    0.5551016778    0.5570314616    0.5589619130
  0.5608948678    0.5628294080    0.5647664100    0.5667054564    0.5686464638
  0.5705912262    0.5725379914    0.5744870931    0.5764399081    0.5783959359
  0.5803555518    0.5823183388    0.5842855483    0.5862558454    0.5882309407
  0.5902102917    0.5921943158    0.5941825539    0.5961766750    0.5981753021
  0.6001788110    0.6021888286    0.6042036444    0.6062248021    0.6082527190
  0.6102868527    0.6123275787    0.6143751889    0.6164304346    0.6184928566
  0.6205627054    0.6226411492    0.6247268528    0.6268225282    0.6289264649
  0.6310393721    0.6331627101    0.6352943927    0.6374370068    0.6395896345
  0.6417541951    0.6439292282    0.6461162359    0.6483154267    0.6505270511
  0.6527519852    0.6549897701    0.6572405726    0.6595071882    0.6617879897
  0.6640841872    0.6663971156    0.6687253982    0.6710709959    0.6734351605
  0.6758165151    0.6782192320    0.6806395978    0.6830825359    0.6855458349
  0.6880312890    0.6905418605    0.6930742115    0.6956329316    0.6982183963
  0.6999999791    0.7000000000    0.7000000000    0.7000000000    0.7000000000
  0.7000000000    0.7000000000    0.7000000000    0.7000000000    0.7000000000
  0.7000000000    0.7000000000    0.7000000000    0.7000000000    0.7000000000
  0.7000000000    0.7000000000    0.7000000000    0.7000000000    0.7000000000
  0.7000000000    0.7000000000    0.7000000000    0.7000000000    0.7000000000
  0.7000000000    0.7000000000    0.7000000000    0.7000000000    0.7000000000
  0.7000000000    0.7000000000    0.7000000000    0.7000000000    0.7000000000
  0.7000000000    0.7000000000    0.7000000000    0.7000000000    0.7000000000
  0.7000000000    0.7000000000    0.7000000000    0.7000000000    0.7000000000
  0.7000000000    0.7000000000    0.7000000000    0.7000000000    0.7000000000
  0.7000000000    0.7000000000    0.7000000000    0.7000000000    0.7000000000
  0.7000000000    0.7000000000    0.7000000000    0.7000000000    0.7000000000
  0.7000000000    0.7000000000    0.7000000000    0.7000000000    0.7000000000
  0.7000000000    0.7000000000    0.7000000000    0.7000000000    0.7000000000
  0.7000000000    0.7000000000    0.7000000000    0.7000000000    0.7000000000
  0.7000000000    0.7000000000    0.7000000000    0.7000000000    0.7000000000
  0.7000000000    0.7000000000    0.7000000000    0.7000000000    0.7000000000
  0.0000000209    0.0195923418    0.0385536820    0.0564224571    0.0729687721
  0.0881508619    0.1020422012    0.1147651643    0.1264559776    0.1372442335
  0.1472449213    0.1565590113    0.1652716607    0.1734562188    0.1811731011
  0.1884761721    0.1954087824    0.2020107359    0.2083131999    0.2143459231
  0.2201328546    0.2256966919    0.2310555011    0.2362263471    0.2412248760
  0.2460626870    0.2507529229    0.2553056389    0.2597305149    0.2640361875
  0.2682298750    0.2723193377    0.2763104588    0.2802090794    0.2840212494
  0.2877519339    0.2914044708    0.2949842423    0.2984945446    0.3019395083
  0.3053213447    0.3086442262    0.3119104892    0.3151227623    0.3182840914
  0.3213963121    0.3244615108    0.3274823159    0.3304600626    0.3333965868
  0.3362940997    0.3391536444    0.3419772655    0.3447657973    0.3475206167
  0.3502441019    0.3529362947    0.3555988640    0.3582329780    0.3608395547
  0.3634190112    0.3659728914    0.3685025305    0.3710077196    0.3734897941
  0.3759500474    0.3783881038    0.3808057159    0.3832030088    0.3855811924
  0.3879408091    0.3902813584    0.3926045090    0.3949107617    0.3972006172
  0.3994739920    0.4017319292    0.4039753884    0.4062037021    0.4084178716
  0.4106182307    0.4128057390    0.4149801880    0.4171424538    0.4192918271
  0.4214302272    0.4235563606    0.4256721050    0.4277767092    0.4298715085
  0.4319557101    0.4340300649    0.4360954076    0.4381508619    0.4401982635
  0.4422362775    0.4442666143    0.4462885231    0.4483027130    0.4503088087
  0.4523075193    0.4542995542    0.4562840790    0.4582622617    0.4602337271
  0.4621986836    0.4641582578    0.4661115736    0.4680592984    0.4700015992
  0.4719380170    0.4738707215    0.4757973760    0.4777195245    0.4796373338
  0.4815503448    0.4834597260    0.4853640586    0.4872654289    0.4891629606
  0.4910566539    0.4929471761    0.4948346108    0.4967184573    0.4985998839
  0.5004783899    0.5023540586    0.5042274743    0.5060981780    0.5079672128
  0.5098341614    0.5116986066    0.5135625094    0.5154234916    0.5172835559
  0.5191422433    0.5209991366    0.5228557378    0.5247110456    0.5265656024
  0.5284194499    0.5302726716    0.5321256429    0.5339789480    0.5358312100
  0.5376837641    0.5395362765    0.5413896233    0.5432428867    0.5450961083
  0.5469511241    0.5488060981    0.5506628662    0.5525192171    0.5543777794
  0.5562376767    0.5580989510    0.5599615604    0.5618263811    0.5636929959
  0.5655609459    0.5674315244    0.5693046898    0.5711804837    0.5730584472
  0.5749389559    0.5768228859    0.5787101954    0.5805995494    0.5824931175
  0.5843899399    0.5862905174    0.5881942660    0.5901025206    0.5920147806
  0.5939322561    0.5958541125    0.5977793485    0.5997105509    0.6016467601
  0.6035883933    0.6055344909    0.6074879318    0.6094457537    0.6114103347
  0.6133812577    0.6153579801    0.6173420459    0.6193330377    0.6213307887
  0.6233360916    0.6253492385    0.6273701042    0.6293994397    0.6314374954
  0.6334833533    0.6355393499    0.6376033157    0.6396783382    0.6417622894
  0.6438574225    0.6459627777    0.6480794400    0.6502071589    0.6523458511
  0.6544968933    0.6566616207    0.6588383228    0.6610280007    0.6632323235
  0.6654503733    0.6676837355    0.6699326605    0.6721968561    0.6744787425
  0.6767765254    0.6790902883    0.6814246625    0.6837781459    0.6861500710
  0.6885426909    0.6909578830    0.6933941036    0.6958528548    0.6983362228
  0.6999999791    0.7000000000    0.7000000000    0.7000000000    0.7000000000
  0.7000000000    0.7000000000    0.7000000000    0.7000000000    0.7000000000
  0.7000000000    0.7000000000    0.7000000000    0.7000000000    0.7000000000
  0.7000000000    0.7000000000    0.7000000000    0.7000000000    0.7000000000
  0.7000000000    0.7000000000    0.7000000000    0.7000000000    0.7000000000
  0.7000000000    0.7000000000    0.7000000000    0.7000000000    0.7000000000
  0.7000000000    0.7000000000    0.7000000000    0.7000000000    0.7000000000
  0.7000000000    0.7000000000    0.7000000000    0.7000000000    0.7000000000
  0.7000000000    0.7000000000    0.7000000000    0.7000000000    0.7000000000
  0.7000000000    0.7000000000    0.7000000000    0.7000000000    0.7000000000
  0.7000000000    0.7000000000    0.7000000000    0.7000000000    0.7000000000
  0.7000000000    0.7000000000    0.7000000000    0.7000000000    0.7000000000
  0.7000000000    0.7000000000    0.7000000000    0.7000000000    0.7000000000
  0.7000000000    0.7000000000    0.7000000000    0.7000000000    0.7000000000
  0.7000000000    0.7000000000    0.7000000000    0.7000000000    0.7000000000
  0.0000000209    0.0179565817    0.0354338676    0.0520615429    0.0676278204
  0.0820622712    0.0953917235    0.1076941162    0.1190678328    0.1296155542
  0.1394319087    0.1486020535    0.1572019666    0.1652956516    0.1729400188
  0.1801830083    0.1870656759    0.1936250716    0.1998912781    0.2058928341
  0.2116521031    0.2171904474    0.2225272268    0.2276771277    0.2326555043
  0.2374754995    0.2421481699    0.2466834873    0.2510920912    0.2553813249
  0.2595589906    0.2636320978    0.2676076144    0.2714908808    0.2752866536
  0.2790009826    0.2826378733    0.2862008721    0.2896950275    0.2931221336
  0.2964872807    0.2997929305    0.3030413359    0.3062363774    0.3093787640
  0.3124725848    0.3155194253    0.3185207039    0.3214789659    0.3243959635
  0.3272734076    0.3301128834    0.3329158932    0.3356833130    0.3384175628
  0.3411193937    0.3437893897    0.3464298457    0.3490412205    0.3516246408
  0.3541809827    0.3567117482    0.3592173129    0.3616984278    0.3641559273
  0.3665911466    0.3690042526    0.3713964134    0.3737683803    0.3761201948
  0.3784530252    0.3807669133    0.3830634445    0.3853420764    0.3876038939
  0.3898493975    0.3920790046    0.3942931741    0.3964923650    0.3986774534
  0.4008483976    0.4030049890    0.4051492304    0.4072803706    0.4093987435
  0.4115052670    0.4136001915    0.4156833082    0.4177559942    0.4198174566
  0.4218679458    0.4239087969    0.4259402603    0.4279615432    0.4299738973
  0.4319770306    0.4339711934    0.4359571368    0.4379344434    0.4399039060
  0.4418657333    0.4438200504    0.4457670659    0.4477064461    0.4496398598
  0.4515654296    0.4534848660    0.4553982943    0.4573053807    0.4592067510
  0.4611025304    0.4629923433    0.4648773581    0.4667566568    0.4686309069
  0.4705006093    0.4723655134    0.4742256194    0.4760815948    0.4779335231
  0.4797814459    0.4816250294    0.4834648162    0.4853013903    0.4871343762
  0.4889637738    0.4907902509    0.4926143080    0.4944345266    0.4962524921
  0.4980672866    0.4998804122    0.5016904920    0.5034980267    0.5053040594
  0.5071077138    0.5089094907    0.5107099324    0.5125089973    0.5143063933
  0.5161020368    0.5178965539    0.5196894020    0.5214825839    0.5232741803
  0.5250642747    0.5268552035    0.5286442548    0.5304332227    0.5322217315
  0.5340106994    0.5357992500    0.5375878423    0.5393769354    0.5411661118
  0.5429549128    0.5447456330    0.5465359777    0.5483269066    0.5501193374
  0.5519132286    0.5537067860    0.5555027217    0.5572997004    0.5590980977
  0.5608975381    0.5626993567    0.5645030111    0.5663085848    0.5681159943
  0.5699256986    0.5717381150    0.5735523254    0.5753696650    0.5771896750
  0.5790118545    0.5808379143    0.5826669782    0.5844994634    0.5863344520
  0.5881736130    0.5900169462    0.5918635339    0.5937146276    0.5955697268
  0.5974284142    0.5992923170    0.6011605173    0.6030338079    0.6049125224
  0.6067962855    0.6086836785    0.6105780393    0.6124784082    0.6143843681
  0.6162954181    0.6182138950    0.6201385468    0.6220700830    0.6240080446
  0.6259531409    0.6279060811    0.6298663646    0.6318347007    0.6338102132
  0.6357947379    0.6377878577    0.6397901565    0.6418011338    0.6438211232
  0.6458522946    0.6478918105    0.6499422580    0.6520042628    0.6540753216
  0.6561588138    0.6582545310    0.6603623062    0.6624816388    0.6646145731
  0.6667601496    0.6689200789    0.6710945696    0.6732826203    0.6754881114
  0.6777066618    0.6799429446    0.6821962923    0.6844664127    0.6867548913
  0.6890617698    0.6913885504    0.6937359840    0.6961040705    0.6984939784
  0.6999999791    0.7000000000    0.7000000000    0.7000000000    0.7000000000
  0.7000000000    0.7000000000    0.7000000000    0.7000000000    0.7000000000
  0.7000000000    0.7000000000    0.7000000000    0.7000000000    0.7000000000
  0.7000000000    0.7000000000    0.7000000000    0.7000000000    0.7000000000
  0.7000000000    0.7000000000    0.7000000000    0.7000000000    0.7000000000
  0.7000000000    0.7000000000    0.7000000000    0.7000000000    0.7000000000
  0.7000000000    0.7000000000    0.7000000000    0.7000000000    0.7000000000
  0.7000000000    0.7000000000    0.7000000000    0.7000000000    0.7000000000
  0.7000000000    0.7000000000    0.7000000000    0.7000000000    0.7000000000
  0.7000000000    0.7000000000    0.7000000000    0.7000000000    0.7000000000
  0.7000000000    0.7000000000    0.7000000000    0.7000000000    0.7000000000
  0.7000000000    0.7000000000    0.7000000000    0.7000000000    0.7000000000
  0.7000000000    0.7000000000    0.7000000000    0.7000000000    0.7000000000
  0.0000000209    0.0165285200    0.0326885194    0.0481835335    0.0628245980
  0.0765285581    0.0892915338    0.1011579603    0.1121960551    0.1224832982
  0.1320961267    0.1411056787    0.1495777100    0.1575680047    0.1651282996
  0.1723013192    0.1791261584    0.1856361955    0.1918610126    0.1978251845
  0.2035525352    0.2090630084    0.2143733352    0.2195002466    0.2244574279
  0.2292570204    0.2339105397    0.2384282082    0.2428193718    0.2470918328
  0.2512531847    0.2553104371    0.2592698902    0.2631373852    0.2669181794
  0.2706165284    0.2742376477    0.2777849585    0.2812629670    0.2846745938
  0.2880237192    0.2913128048    0.2945453554    0.2977233320    0.3008493215
  0.3039255768    0.3069548935    0.3099392742    0.3128794700    0.3157790273
  0.3186379045    0.3214588135    0.3242427140    0.3269916087    0.3297062486
  0.3323878855    0.3350383550    0.3376587003    0.3402500480    0.3428128570
  0.3453481287    0.3478572816    0.3503412753    0.3528008610    0.3552363724
  0.3576496452    0.3600403041    0.3624095589    0.3647581190    0.3670865685
  0.3693950325    0.3716851383    0.3739569694    0.3762114853    0.3784481853
  0.3806686550    0.3828728110    0.3850610703    0.3872344345    0.3893927783
  0.3915370613    0.3936671168    0.3957838207    0.3978875488    0.3999781340
  0.4020564526    0.4041227549    0.4061774164    0.4082201451    0.4102523595
  0.4122737259    0.4142850786    0.4162856251    0.4182766587    0.4202573448
  0.4222295195    0.4241918474    0.4261460394    0.4280913442    0.4300284296
  0.4319564611    0.4338777333    0.4357908279    0.4376969963    0.4395948201
  0.4414865524    0.4433713168    0.4452492386    0.4471205264    0.4489858061
  0.4508446604    0.4526977986    0.4545458466    0.4563868850    0.4582235426
  0.4600544840    0.4618807942    0.4637020975    0.4655179769    0.4673300177
  0.4691368848    0.4709401220    0.4727383524    0.4745336622    0.4763240904
  0.4781113058    0.4798943073    0.4816747218    0.4834511310    0.4852245778
  0.4869946450    0.4887613744    0.4905258924    0.4922876567    0.4940463752
  0.4958029658    0.4975570112    0.4993086368    0.5010583431    0.5028056711
  0.5045516640    0.5062953621    0.5080373496    0.5097780854    0.5115171939
  0.5132546753    0.5149910301    0.5167268008    0.5184605688    0.5201933354
  0.5219265193    0.5236578256    0.5253886312    0.5271190196    0.5288499504
  0.5305790454    0.5323086828    0.5340379864    0.5357674152    0.5374969274
  0.5392266065    0.5409564525    0.5426873833    0.5444184393    0.5461492449
  0.5478815943    0.5496145695    0.5513491303    0.5530833989    0.5548196703
  0.5565574437    0.5582963437    0.5600362867    0.5617777735    0.5635216385
  0.5652665466    0.5670138329    0.5687626213    0.5705137044    0.5722675413
  0.5740232974    0.5757808477    0.5775424033    0.5793057531    0.5810721904
  0.5828416735    0.5846142024    0.5863892347    0.5881681472    0.5899507731
  0.5917363197    0.5935255796    0.5953189284    0.5971171588    0.5989189774
  0.6007238835    0.6025344223    0.6043492168    0.6061686426    0.6079939097
  0.6098228902    0.6116575867    0.6134975404    0.6153426677    0.6171941370
  0.6190510720    0.6209145993    0.6227838427    0.6246595949    0.6265416890
  0.6284308761    0.6303271145    0.6322318226    0.6341422051    0.6360613078
  0.6379874617    0.6399229199    0.6418656379    0.6438174099    0.6457785279
  0.6477477819    0.6497276753    0.6517169148    0.6537154585    0.6557253927
  0.6577458411    0.6597766370    0.6618188232    0.6638740689    0.6659399539
  0.6680193156    0.6701097339    0.6722151309    0.6743330866    0.6764659792
  0.6786132246    0.6807760745    0.6829542786    0.6851479620    0.6873583764
  0.6895866483    0.6918321520    0.6940967649    0.6963805288    0.6986831516
  0.6999999791    0.7000000000    0.7000000000    0.7000000000    0.7000000000
  0.7000000000    0.7000000000    0.7000000000    0.7000000000    0.7000000000
  0.7000000000    0.7000000000    0.7000000000    0.7000000000    0.7000000000
  0.7000000000    0.7000000000    0.7000000000    0.7000000000    0.7000000000
  0.7000000000    0.7000000000    0.7000000000    0.7000000000    0.7000000000
  0.7000000000    0.7000000000    0.7000000000    0.7000000000    0.7000000000
  0.7000000000    0.7000000000    0.7000000000    0.7000000000    0.7000000000
  0.7000000000    0.7000000000    0.7000000000    0.7000000000    0.7000000000
  0.7000000000    0.7000000000    0.7000000000    0.7000000000    0.7000000000
  0.7000000000    0.7000000000    0.7000000000    0.7000000000    0.7000000000
  0.7000000000    0.7000000000    0.7000000000    0.7000000000    0.7000000000
  0.0000000209    0.0152741939    0.0302622288    0.0447253019    0.0584995240
  0.0714986950    0.0836995333    0.0951217741    0.1058099777    0.1158205539
  0.1252137929    0.1340478569    0.1423773199    0.1502528340    0.1577175409
  0.1648115784    0.1715701610    0.1780241221    0.1841998726    0.1901229471
  0.1958135813    0.2012912184    0.2065726310    0.2116732985    0.2166063637
  0.2213836759    0.2260169595    0.2305150181    0.2348876148    0.2391423434
  0.2432866722    0.2473274857    0.2512710005    0.2551223487    0.2588879555
  0.2625708252    0.2661766738    0.2697089642    0.2731714934    0.2765677661
  0.2799017042    0.2831757277    0.2863920897    0.2895545870    0.2926650971
  0.2957254142    0.2987387925    0.3017066926    0.3046304494    0.3075130671
  0.3103555888    0.3131590575    0.3159255177    0.3186570138    0.3213537127
  0.3240180343    0.3266506046    0.3292525500    0.3318249971    0.3343689054
  0.3368853182    0.3393751115    0.3418397874    0.3442789704    0.3466947049
  0.3490876585    0.3514574975    0.3538060158    0.3561338812    0.3584406346
  0.3607285291    0.3629970223    0.3652467400    0.3674781829    0.3696929783
  0.3718904585    0.3740717500    0.3762366861    0.3783868104    0.3805214554
  0.3826415807    0.3847475618    0.3868392318    0.3889180511    0.3909843534
  0.3930368453    0.3950779885    0.3971065313    0.3991232663    0.4011295706
  0.4031241506    0.4051082581    0.4070816845    0.4090446800    0.4109979957
  0.4129418820    0.4148765475    0.4168022424    0.4187185913    0.4206263870
  0.4225257963    0.4244170278    0.4263002068    0.4281755835    0.4300433248
  0.4319035977    0.4337570280    0.4356033236    0.4374431103    0.4392760128
  0.4411027402    0.4429233760    0.4447370857    0.4465454549    0.4483481914
  0.4501453370    0.4519370586    0.4537234396    0.4555046052    0.4572806805
  0.4590522498    0.4608189374    0.4625812858    0.4643389612    0.4660925061
  0.4678420037    0.4695875794    0.4713292748    0.4730662137    0.4748004824
  0.4765310794    0.4782585889    0.4799821764    0.4817033023    0.4834210902
  0.4851360828    0.4868483216    0.4885574311    0.4902639121    0.4919678062
  0.4936701983    0.4953691274    0.4970671386    0.4987622708    0.5004560679
  0.5021471113    0.5038373619    0.5055254012    0.5072118133    0.5088970155
  0.5105811328    0.5122632056    0.5139442354    0.5156246811    0.5173036665
  0.5189821094    0.5206601351    0.5223362416    0.5240119725    0.5256881624
  0.5273635596    0.5290380806    0.5307131439    0.5323879153    0.5340623528
  0.5357364565    0.5374116451    0.5390864998    0.5407615632    0.5424368352
  0.5441131920    0.5457897156    0.5474664479    0.5491452247    0.5508241683
  0.5525046557    0.5541853935    0.5558671743    0.5575509578    0.5592349499
  0.5609213620    0.5626097351    0.5642987341    0.5659896523    0.5676820308
  0.5693767875    0.5710738808    0.5727728516    0.5744736582    0.5761776358
  0.5778829902    0.5795918494    0.5813029617    0.5830166608    0.5847338229
  0.5864535302    0.5881761998    0.5899022490    0.5916315943    0.5933642358
  0.5951005489    0.5968400747    0.5985844404    0.6003323525    0.6020846456
  0.6038404018    0.6056008309    0.6073658913    0.6091354996    0.6109096140
  0.6126882344    0.6144728631    0.6162622899    0.6180568069    0.6198579997
  0.6216629475    0.6234748214    0.6252927870    0.6271163434    0.6289473683
  0.6307838589    0.6326276928    0.6344779938    0.6363354713    0.6382004589
  0.6400731653    0.6419532150    0.6438416094    0.6457382649    0.6476423055
  0.6495566934    0.6514790088    0.6534107119    0.6553520113    0.6573031574
  0.6592648178    0.6612353235    0.6632175535    0.6652105898    0.6672146827
  0.6692307502    0.6712579578    0.6732986420    0.6753523439    0.6774173111
  0.6794970900    0.6815910965    0.6836991221    0.6858234614    0.6879617363
  0.6901151150    0.6922866434    0.6944745690    0.6966797262    0.6989024907
  0.6999999791    0.7000000000    0.7000000000    0.7000000000    0.7000000000
  0.7000000000    0.7000000000    0.7000000000    0.7000000000    0.7000000000
  0.7000000000    0.7000000000    0.7000000000    0.7000000000    0.7000000000
  0.7000000000    0.7000000000    0.7000000000    0.7000000000    0.7000000000
  0.7000000000    0.7000000000    0.7000000000    0.7000000000    0.7000000000
  0.7000000000    0.7000000000    0.7000000000    0.7000000000    0.7000000000
  0.7000000000    0.7000000000    0.7000000000    0.7000000000    0.7000000000
  0.7000000000    0.7000000000    0.7000000000    0.7000000000    0.7000000000
  0.7000000000    0.7000000000    0.7000000000    0.7000000000    0.7000000000
