  0.0000000000    0.0150000000
  0.0002500000    0.0010000000    179    30
  -0.0000004736    -0.0001490220    -0.0002984074    -0.0004489937    -0.0006008741
  -0.0007541260    -0.0009088036    -0.0010649768    -0.0012227151    -0.0013820961
  -0.0015431896    -0.0017060807    -0.0018708625    -0.0020376357    -0.0022064933
  -0.0023775437    -0.0025509110    -0.0027267113    -0.0029050919    -0.0030861768
  -0.0032701597    -0.0034571722    -0.0036474159    -0.0038410845    -0.0040383950
  -0.0042395797    -0.0044448867    -0.0046546027    -0.0048690066    -0.0050884393
  -0.0053132805    -0.0055438790    -0.0057806996    -0.0060241994    -0.0062749133
  -0.0065334144    -0.0068003151    -0.0070763513    -0.0073622903    -0.0076590154
  -0.0079674485    -0.0082886669    -0.0086238715    -0.0089743564    -0.0093415859
  -0.0097271332    -0.0101327726    -0.0105603638    -0.0110118362    -0.0114892200
  -0.0119944289    -0.0123857024    -0.0115293577    -0.0106712928    -0.0098113295
  -0.0089494756    -0.0080857542    -0.0072201577    -0.0063527170    -0.0054834244
  -0.0046121016    -0.0037389579    -0.0028637996    -0.0019868514    -0.0011079118
  -0.0002267793    0.0006568328    0.0015418938    0.0024291167    0.0033182612
  0.0042093197    0.0051027337    0.0059982553    0.0068956366    0.0077955595
  0.0086973187    0.0096015885    0.0105078962    0.0114166912    0.0123277256
  0.0132409760    0.0141564271    0.0150745437    0.0159948298    0.0169175026
  0.0178430423    0.0187706897    0.0197009251    0.0206339654    0.0215692994
  0.0225074074    0.0234482661    0.0243916121    0.0253379104    0.0262869051
  0.0272388211    0.0281936273    0.0291510603    0.0301118484    0.0310754570
  0.0320421264    0.0330120888    0.0339847866    0.0349609789    0.0359403792
  0.0369232199    0.0379094622    0.0388990828    0.0398920587    0.0408888623
  0.0418892071    0.0428930619    0.0439009151    0.0449127278    0.0459282133
  0.0469475809    0.0479713187    0.0489991322    0.0499999961    0.0499999961
  0.0499999961    0.0499999961    0.0499999961    0.0499999961    0.0499999961
  0.0499999961    0.0499999961    0.0499999961    0.0499999961    0.0499999961
  0.0499999961    0.0499999961    0.0499999961    0.0499999961    0.0499999961
  0.0499999961    0.0499999961    0.0499999961    0.0499999961    0.0499999961
  0.0499999961    0.0499999961    0.0499999961    0.0499999961    0.0499999961
  0.0499999961    0.0499999961    0.0499999961    0.0499999961    0.0499999961
  0.0499999961    0.0499999961    0.0499999961    0.0499999961    0.0499999961
  0.0499999961    0.0499999961    0.0499999961    0.0499999961    0.0499999961
  0.0499999961    0.0499999961    0.0499999961    0.0499999961    0.0499999961
  0.0499999961    0.0499999961    0.0499999961    0.0499999961    0.0499999961
  0.0499999961    0.0499999961    0.0499999961    0.0499999961    0.0499999961
  0.0499999961    0.0499999961    0.0499999961    0.0499999961    0.0499999961
  -0.0000004736    -0.0001440707    -0.0002883342    -0.0004336128    -0.0005799916
  -0.0007275483    -0.0008763292    -0.0010263810    -0.0011777732    -0.0013305447
  -0.0014847806    -0.0016405353    -0.0017978707    -0.0019568798    -0.0021176246
  -0.0022802058    -0.0024446931    -0.0026112029    -0.0027798280    -0.0029506770
  -0.0031238660    -0.0032995269    -0.0034777990    -0.0036588141    -0.0038427427
  -0.0040297475    -0.0042200145    -0.0044137451    -0.0046111485    -0.0048124418
  -0.0050178960    -0.0052277902    -0.0054423955    -0.0056620607    -0.0058871344
  -0.0061179808    -0.0063550338    -0.0065987971    -0.0068497047    -0.0071083763
  -0.0073754242    -0.0076514682    -0.0079373065    -0.0082337603    -0.0085417131
  -0.0088621721    -0.0091962531    -0.0095451185    -0.0099101707    -0.0102927426
  -0.0106943914    -0.0111166903    -0.0115612897    -0.0120296773    -0.0125231627
  -0.0119698116    -0.0111542323    -0.0103370801    -0.0095181844    -0.0086977389
  -0.0078757593    -0.0070520595    -0.0062268487    -0.0053999254    -0.0045713052
  -0.0037407866    -0.0029090205    -0.0020751467    -0.0012396225    -0.0004026648
  0.0004370824    0.0012777361    0.0021202263    0.0029645374    0.0038106617
  0.0046585837    0.0055082878    0.0063600066    0.0072134843    0.0080689457
  0.0089263752    0.0097855327    0.0106468675    0.0115101317    0.0123753098
  0.0132426342    0.0141120896    0.0149834201    0.0158570907    0.0167325976
  0.0176104215    0.0184903064    0.0193724695    0.0202569029    0.0211438391
  0.0220327589    0.0229241428    0.0238177350    0.0247137603    0.0256124511
  0.0265132883    0.0274167523    0.0283228353    0.0292312506    0.0301422384
  0.0310562870    0.0319726136    0.0328919545    0.0338140461    0.0347388497
  0.0356663576    0.0365970501    0.0375306407    0.0384671214    0.0394067094
  0.0403493890    0.0412951294    0.0422441551    0.0431964508    0.0441522411
  0.0451112393    0.0460736623    0.0470397583    0.0480092248    0.0489822868
  0.0499594322    0.0499999961    0.0499999961    0.0499999961    0.0499999961
  0.0499999961    0.0499999961    0.0499999961    0.0499999961    0.0499999961
  0.0499999961    0.0499999961    0.0499999961    0.0499999961    0.0499999961
  0.0499999961    0.0499999961    0.0499999961    0.0499999961    0.0499999961
  0.0499999961    0.0499999961    0.0499999961    0.0499999961    0.0499999961
  0.0499999961    0.0499999961    0.0499999961    0.0499999961    0.0499999961
  0.0499999961    0.0499999961    0.0499999961    0.0499999961    0.0499999961
  0.0499999961    0.0499999961    0.0499999961    0.0499999961    0.0499999961
  0.0499999961    0.0499999961    0.0499999961    0.0499999961    0.0499999961
  0.0499999961    0.0499999961    0.0499999961    0.0499999961    0.0499999961
  0.0499999961    0.0499999961    0.0499999961    0.0499999961    0.0499999961
  -0.0000004736    -0.0001395842    -0.0002792218    -0.0004197118    -0.0005611548
  -0.0007036051    -0.0008471093    -0.0009917137    -0.0011374572    -0.0012844017
  -0.0014325860    -0.0015820643    -0.0017328909    -0.0018851355    -0.0020388445
  -0.0021940956    -0.0023509660    -0.0025095102    -0.0026698211    -0.0028319761
  -0.0029960838    -0.0031622139    -0.0033304825    -0.0035010138    -0.0036739007
  -0.0038492826    -0.0040272990    -0.0042080972    -0.0043918243    -0.0045786509
  -0.0047687629    -0.0049623618    -0.0051596490    -0.0053608570    -0.0055662492
  -0.0057760659    -0.0059906402    -0.0062102434    -0.0064352629    -0.0066660550
  -0.0069030306    -0.0071466544    -0.0073974225    -0.0076558384    -0.0079225454
  -0.0081981632    -0.0084834048    -0.0087790141    -0.0090859440    -0.0094050005
  -0.0097372451    -0.0100837705    -0.0104457852    -0.0108245215    -0.0112212577
  -0.0116373733    -0.0120740458    -0.0125324067    -0.0123644403    -0.0115869996
  -0.0108081177    -0.0100278333    -0.0092459449    -0.0084628555    -0.0076783869
  -0.0068923298    -0.0061049089    -0.0053161243    -0.0045255730    -0.0037336734
  -0.0029404488    -0.0021454653    -0.0013491645    -0.0005513528    0.0002489153
  0.0010497412    0.0018525121    0.0026565304    0.0034622535    0.0042696580
  0.0050785193    0.0058892789    0.0067014644    0.0075152925    0.0083309957
  0.0091483262    0.0099672684    0.0107880548    0.0116106698    0.0124350980
  0.0132610992    0.0140891305    0.0149187037    0.0157502916    0.0165838709
  0.0174192014    0.0182565078    0.0190957668    0.0199369785    0.0207801273
  0.0216254380    0.0224726549    0.0233222660    0.0241734967    0.0250270906
  0.0258827767    0.0267405471    0.0276008746    0.0284632555    0.0293276587
  0.0301948282    0.0310639969    0.0319356528    0.0328097650    0.0336863258
  0.0345653120    0.0354467079    0.0363310096    0.0372176668    0.0381069353
  0.0389987764    0.0398934379    0.0407908967    0.0416913775    0.0425946090
  0.0435003045    0.0444094792    0.0453213194    0.0462365845    0.0471549878
  0.0480759791    0.0490008369    0.0499284843    0.0499999961    0.0499999961
  0.0499999961    0.0499999961    0.0499999961    0.0499999961    0.0499999961
  0.0499999961    0.0499999961    0.0499999961    0.0499999961    0.0499999961
  0.0499999961    0.0499999961    0.0499999961    0.0499999961    0.0499999961
  0.0499999961    0.0499999961    0.0499999961    0.0499999961    0.0499999961
  0.0499999961    0.0499999961    0.0499999961    0.0499999961    0.0499999961
  0.0499999961    0.0499999961    0.0499999961    0.0499999961    0.0499999961
  0.0499999961    0.0499999961    0.0499999961    0.0499999961    0.0499999961
  0.0499999961    0.0499999961    0.0499999961    0.0499999961    0.0499999961
  0.0499999961    0.0499999961    0.0499999961    0.0499999961    0.0499999961
  -0.0000004736    -0.0001354930    -0.0002709231    -0.0004070738    -0.0005440459
  -0.0006818858    -0.0008206400    -0.0009603474    -0.0011010465    -0.0012427685
  -0.0013855675    -0.0015294746    -0.0016745439    -0.0018208221    -0.0019683477
  -0.0021171984    -0.0022674128    -0.0024190453    -0.0025721654    -0.0027268431
  -0.0028831556    -0.0030411574    -0.0032009491    -0.0033626005    -0.0035261968
  -0.0036918697    -0.0038596889    -0.0040297708    -0.0042022392    -0.0043772337
  -0.0045548704    -0.0047352967    -0.0049186751    -0.0051051763    -0.0052949706
  -0.0054882595    -0.0056852600    -0.0058861813    -0.0060912946    -0.0063008401
  -0.0065151277    -0.0067344442    -0.0069591305    -0.0071895817    -0.0074262008
  -0.0076693752    -0.0079196319    -0.0081774744    -0.0084434375    -0.0087181643
  -0.0090023366    -0.0092966828    -0.0096019700    -0.0099190584    -0.0102489164
  -0.0105924585    -0.0109507617    -0.0113249108    -0.0117159829    -0.0121250084
  -0.0125529638    -0.0127197680    -0.0119764212    -0.0112321833    -0.0104864886
  -0.0097397324    -0.0089915273    -0.0082422760    -0.0074915913    -0.0067396745
  -0.0059865257    -0.0052319589    -0.0044761834    -0.0037189975    -0.0029606184
  -0.0022008368    -0.0014396682    -0.0006773296    0.0000873259    0.0008524075
  0.0016190776    0.0023870960    0.0031564626    0.0039273867    0.0046996436
  0.0054734501    0.0062485585    0.0070252010    0.0078033701    0.0085830423
  0.0093639931    0.0101468965    0.0109310552    0.0117166862    0.0125042620
  0.0132930467    0.0140837529    0.0148759004    0.0156699386    0.0164653948
  0.0172627339    0.0180614600    0.0188622859    0.0196644834    0.0204685095
  0.0212746200    0.0220822957    0.0228917691    0.0237032881    0.0245165893
  0.0253316495    0.0261489645    0.0269680151    0.0277890417    0.0286120287
  0.0294372162    0.0302643332    0.0310936120    0.0319250527    0.0327583763
  0.0335940787    0.0344318810    0.0352720311    0.0361145136    0.0369590417
  0.0378061190    0.0386552188    0.0395070848    0.0403611824    0.0412180153
  0.0420772967    0.0429392669    0.0438033989    0.0446704367    0.0455403492
  0.0464126095    0.0472879693    0.0481658861    0.0490465924    0.0499308398
  0.0499999961    0.0499999961    0.0499999961    0.0499999961    0.0499999961
  0.0499999961    0.0499999961    0.0499999961    0.0499999961    0.0499999961
  0.0499999961    0.0499999961    0.0499999961    0.0499999961    0.0499999961
  0.0499999961    0.0499999961    0.0499999961    0.0499999961    0.0499999961
  0.0499999961    0.0499999961    0.0499999961    0.0499999961    0.0499999961
  0.0499999961    0.0499999961    0.0499999961    0.0499999961    0.0499999961
  0.0499999961    0.0499999961    0.0499999961    0.0499999961    0.0499999961
  0.0499999961    0.0499999961    0.0499999961    0.0499999961    0.0499999961
  -0.0000004658    -0.0001317349    -0.0002633217    -0.0003955129    -0.0005284169
  -0.0006620649    -0.0007965186    -0.0009317937    -0.0010679367    -0.0012049708
  -0.0013429269    -0.0014818516    -0.0016217759    -0.0017627463    -0.0019047937
  -0.0020479569    -0.0021923056    -0.0023378631    -0.0024846914    -0.0026328447
  -0.0027823696    -0.0029333356    -0.0030858049    -0.0032398471    -0.0033955166
  -0.0035529062    -0.0037120858    -0.0038731560    -0.0040361789    -0.0042012706
  -0.0043685398    -0.0045380947    -0.0047100440    -0.0048845193    -0.0050616524
  -0.0052415904    -0.0054244962    -0.0056105170    -0.0057998464    -0.0059926859
  -0.0061892137    -0.0063896856    -0.0065943262    -0.0068033913    -0.0070171753
  -0.0072359881    -0.0074601164    -0.0076899710    -0.0079259238    -0.0081683853
  -0.0084178129    -0.0086747178    -0.0089396116    -0.0092131141    -0.0094958064
  -0.0097884324    -0.0100916043    -0.0104062673    -0.0107331267    -0.0110731122
  -0.0114271304    -0.0117960337    -0.0121807596    -0.0125820830    -0.0130005619
  -0.0123289672    -0.0116159716    -0.0109016511    -0.0101864240    -0.0094698951
  -0.0087524673    -0.0080337456    -0.0073141482    -0.0065930554    -0.0058711025
  -0.0051478788    -0.0044233766    -0.0036978284    -0.0029712263    -0.0022431675
  -0.0015140703    -0.0007837334    -0.0000521645    0.0006813571    0.0014153823
  0.0021506163    0.0028870592    0.0036249277    0.0043639895    0.0051042369
  0.0058458945    0.0065887144    0.0073331538    0.0080787477    0.0088254884
  0.0095738330    0.0103235337    0.0110748228    0.0118272200    0.0125809500
  0.0133362529    0.0140931055    0.0148512676    0.0156109640    0.0163721946
  0.0171347114    0.0178989717    0.0186647353    0.0194319943    0.0202009812
  0.0209714404    0.0217433563    0.0225169691    0.0232925192    0.0240692469
  0.0248478886    0.0256284288    0.0264106116    0.0271944216    0.0279800990
  0.0287676361    0.0295567617    0.0303477159    0.0311407390    0.0319355753
  0.0327324417    0.0335310981    0.0343317613    0.0351344314    0.0359390852
  0.0367459628    0.0375548008    0.0383655760    0.0391787919    0.0399939141
  0.0408114383    0.0416313490    0.0424531195    0.0432774934    0.0441042075
  0.0449329749    0.0457645473    0.0465983978    0.0474347666    0.0482736227
  0.0491152063    0.0499592462    0.0499999961    0.0499999961    0.0499999961
  0.0499999961    0.0499999961    0.0499999961    0.0499999961    0.0499999961
  0.0499999961    0.0499999961    0.0499999961    0.0499999961    0.0499999961
  0.0499999961    0.0499999961    0.0499999961    0.0499999961    0.0499999961
  0.0499999961    0.0499999961    0.0499999961    0.0499999961    0.0499999961
  0.0499999961    0.0499999961    0.0499999961    0.0499999961    0.0499999961
  0.0499999961    0.0499999961    0.0499999961    0.0499999961    0.0499999961
  -0.0000004658    -0.0001282713    -0.0002563247    -0.0003848818    -0.0005140588
  -0.0006438789    -0.0007744119    -0.0009056500    -0.0010376552    -0.0011704352
  -0.0013040212    -0.0014384517    -0.0015737423    -0.0017099473    -0.0018470821
  -0.0019851932    -0.0021243116    -0.0022644761    -0.0024057332    -0.0025481138
  -0.0026916876    -0.0028364858    -0.0029825547    -0.0031299564    -0.0032787529
  -0.0034289983    -0.0035807469    -0.0037340763    -0.0038890561    -0.0040457562
  -0.0042042616    -0.0043646500    -0.0045270219    -0.0046914706    -0.0048580888
  -0.0050270084    -0.0051983377    -0.0053721932    -0.0055487218    -0.0057280633
  -0.0059103492    -0.0060957888    -0.0062845138    -0.0064767411    -0.0066726646
  -0.0068725166    -0.0070765218    -0.0072849360    -0.0074980304    -0.0077161303
  -0.0079395148    -0.0081685171    -0.0084035710    -0.0086450717    -0.0088933834
  -0.0091490564    -0.0094125554    -0.0096844617    -0.0099653253    -0.0102557895
  -0.0105565360    -0.0108682314    -0.0111916813    -0.0115276220    -0.0118767741
  -0.0122400054    -0.0126177809    -0.0130107513    -0.0126491162    -0.0119644573
  -0.0112788376    -0.0105922571    -0.0099047312    -0.0092162600    -0.0085266420
  -0.0078361019    -0.0071444151    -0.0064518139    -0.0057582983    -0.0050636515
  -0.0043678966    -0.0036712429    -0.0029732719    -0.0022744098    -0.0015744552
  -0.0008734080    -0.0001712838    0.0005326536    0.0012369320    0.0019422874
  0.0026489213    0.0033566090    0.0040653506    0.0047753552    0.0054866150
  0.0061989132    0.0069122341    0.0076270196    0.0083430448    0.0090600774
  0.0097783265    0.0104980245    0.0112187067    0.0119408146    0.0126641235
  0.0133886257    0.0141145381    0.0148418608    0.0155703536    0.0163002333
  0.0170315000    0.0177641538    0.0184979311    0.0192335603    0.0199702975
  0.0207083830    0.0214480492    0.0221890405    0.0229315892    0.0236756954
  0.0244213513    0.0251685414    0.0259170023    0.0266672298    0.0274192163
  0.0281724426    0.0289274046    0.0296840867    0.0304422334    0.0312023327
  0.0319638655    0.0327273276    0.0334924635    0.0342592421    0.0350281748
  0.0357987270    0.0365709063    0.0373451856    0.0381213090    0.0388992611
  0.0396792743    0.0404613486    0.0412454608    0.0420313475    0.0428194889
  0.0436093816    0.0444017538    0.0451960865    0.0459928754    0.0467915937
  0.0475924817    0.0483960274    0.0492014483    0.0499999961    0.0499999961
  0.0499999961    0.0499999961    0.0499999961    0.0499999961    0.0499999961
  0.0499999961    0.0499999961    0.0499999961    0.0499999961    0.0499999961
  0.0499999961    0.0499999961    0.0499999961    0.0499999961    0.0499999961
  0.0499999961    0.0499999961    0.0499999961    0.0499999961    0.0499999961
  0.0499999961    0.0499999961    0.0499999961    0.0499999961    0.0499999961
  -0.0000004658    -0.0001250556    -0.0002498469    -0.0003750643    -0.0005008009
  -0.0006271186    -0.0007540408    -0.0008815983    -0.0010098144    -0.0011387125
  -0.0012683234    -0.0013986626    -0.0015297690    -0.0016616580    -0.0017943683
  -0.0019279233    -0.0020623538    -0.0021976909    -0.0023339733    -0.0024712321
  -0.0026095060    -0.0027488413    -0.0028892693    -0.0030308285    -0.0031735811
  -0.0033175656    -0.0034628364    -0.0036094478    -0.0037574539    -0.0039069167
  -0.0040578982    -0.0042104605    -0.0043646887    -0.0045206293    -0.0046783832
  -0.0048380432    -0.0049996790    -0.0051633993    -0.0053293046    -0.0054975036
  -0.0056681123    -0.0058412704    -0.0060170862    -0.0061957070    -0.0063773033
  -0.0065620223    -0.0067500344    -0.0069415334    -0.0071367052    -0.0073358056
  -0.0075390127    -0.0077465901    -0.0079588476    -0.0081760177    -0.0083984414
  -0.0086264518    -0.0088603589    -0.0091006353    -0.0093475989    -0.0096017531
  -0.0098635939    -0.0101336017    -0.0104123190    -0.0107003114    -0.0109982297
  -0.0113066474    -0.0116262463    -0.0119577006    -0.0123015758    -0.0126585540
  -0.0130289528    -0.0129407892    -0.0122822663    -0.0116227284    -0.0109625861
  -0.0103012660    -0.0096393493    -0.0089764485    -0.0083123699    -0.0076477101
  -0.0069820896    -0.0063154927    -0.0056479350    -0.0049794164    -0.0043099371
  -0.0036397138    -0.0029683360    -0.0022962222    -0.0016229615    -0.0009487632
  -0.0002734259    0.0004033449    0.0010805342    0.0017586377    0.0024378648
  0.0031179985    0.0037992480    0.0044813886    0.0051646373    0.0058489940
  0.0065344509    0.0072210005    0.0079084101    0.0085968968    0.0092867008
  0.0099775663    0.0106695011    0.0113627300    0.0120567724    0.0127521011
  0.0134487006    0.0141463307    0.0148452237    0.0155453721    0.0162465355
  0.0169491711    0.0176528141    0.0183576813    0.0190640053    0.0197715458
  0.0204802951    0.0211902377    0.0219016215    0.0226144233    0.0233284029
  0.0240437928    0.0247605851    0.0254787722    0.0261983386    0.0269190440
  0.0276413611    0.0283655223    0.0290907916    0.0298174015    0.0305458400
  0.0312755957    0.0320069167    0.0327397797    0.0334744325    0.0342103639
  0.0349480620    0.0356872633    0.0364284715    0.0371711519    0.0379155681
  0.0386616889    0.0394095144    0.0401592770    0.0409107134    0.0416640714
  0.0424190721    0.0431759635    0.0439347300    0.0446956119    0.0454583457
  0.0462231562    0.0469897953    0.0477587435    0.0485294738    0.0493022344
  0.0499999961    0.0499999961    0.0499999961    0.0499999961    0.0499999961
  0.0499999961    0.0499999961    0.0499999961    0.0499999961    0.0499999961
  0.0499999961    0.0499999961    0.0499999961    0.0499999961    0.0499999961
  0.0499999961    0.0499999961    0.0499999961    0.0499999961    0.0499999961
  -0.0000004658    -0.0001220801    -0.0002438340    -0.0003659520    -0.0004885194
  -0.0006115982    -0.0007351962    -0.0008593598    -0.0009841046    -0.0011094460
  -0.0012354150    -0.0013620272    -0.0014893058    -0.0016172740    -0.0017459628
  -0.0018753877    -0.0020055798    -0.0021365622    -0.0022683659    -0.0024010220
  -0.0025345537    -0.0026690075    -0.0028044066    -0.0029407820    -0.0030781880
  -0.0032166478    -0.0033562157    -0.0034969148    -0.0036388072    -0.0037819472
  -0.0039263812    -0.0040721402    -0.0042193094    -0.0043679509    -0.0045181033
  -0.0046698597    -0.0048232666    -0.0049784091    -0.0051353493    -0.0052941957
  -0.0054550412    -0.0056179711    -0.0057830706    -0.0059504947    -0.0061203131
  -0.0062926576    -0.0064676908    -0.0066455135    -0.0068262884    -0.0070101938
  -0.0071973690    -0.0073880157    -0.0075823197    -0.0077805135    -0.0079828295
  -0.0081894538    -0.0084006730    -0.0086167893    -0.0088380662    -0.0090648291
  -0.0092974499    -0.0095362696    -0.0097816756    -0.0100341251    -0.0102940366
  -0.0105618128    -0.0108380970    -0.0111233386    -0.0114180490    -0.0117228481
  -0.0120382705    -0.0123648354    -0.0127030542    -0.0130533144    -0.0132073489
  -0.0125727615    -0.0119375232    -0.0113012543    -0.0106643578    -0.0100266245
  -0.0093880698    -0.0087488875    -0.0081086978    -0.0074676868    -0.0068258700
  -0.0061832473    -0.0055396095    -0.0048953828    -0.0042501566    -0.0036041322
  -0.0029573253    -0.0023095265    -0.0016607437    -0.0010113874    -0.0003610548
  0.0002909747    0.0009432599    0.0015963045    0.0022503176    0.0029050747
  0.0035610095    0.0042179051    0.0048755214    0.0055340907    0.0061938223
  0.0068542668    0.0075160983    0.0081786272    0.0088420859    0.0095066836
  0.0101721957    0.0108386067    0.0115061566    0.0121748301    0.0128443947
  0.0135150751    0.0141868636    0.0148595199    0.0155335167    0.0162083736
  0.0168845478    0.0175618067    0.0182401428    0.0189195558    0.0196002629
  0.0202820238    0.0209648386    0.0216491798    0.0223343113    0.0230209616
  0.0237086269    0.0243975553    0.0250879714    0.0257793871    0.0264722827
  0.0271664026    0.0278614989    0.0285582998    0.0292563018    0.0299557450
  0.0306563738    0.0313584283    0.0320621487    0.0327670237    0.0334735492
  0.0341814616    0.0348905054    0.0356011763    0.0363136992    0.0370273224
  0.0377425417    0.0384595820    0.0391779551    0.0398983815    0.0406201020
  0.0413431165    0.0420684090    0.0427949646    0.0435235193    0.0442535773
  0.0449856111    0.0457191095    0.0464545682    0.0471919641    0.0479307935
  0.0486720482    0.0494149455    0.0499999961    0.0499999961    0.0499999961
  0.0499999961    0.0499999961    0.0499999961    0.0499999961    0.0499999961
  0.0499999961    0.0499999961    0.0499999961    0.0499999961    0.0499999961
  -0.0000004658    -0.0001192906    -0.0002382240    -0.0003574672    -0.0004770979
  -0.0005971625    -0.0007176998    -0.0008387253    -0.0009602621    -0.0010823259
  -0.0012049398    -0.0013281271    -0.0014519033    -0.0015762916    -0.0017012998
  -0.0018269590    -0.0019532922    -0.0020803228    -0.0022080740    -0.0023365614
  -0.0024658236    -0.0025958762    -0.0027267501    -0.0028584918    -0.0029911092
  -0.0031246409    -0.0032591256    -0.0033945945    -0.0035310939    -0.0036686549
  -0.0038073161    -0.0039471319    -0.0040881410    -0.0042303899    -0.0043739328
  -0.0045188317    -0.0046651176    -0.0048128912    -0.0049621758    -0.0051130643
  -0.0052656034    -0.0054198781    -0.0055759737    -0.0057339677    -0.0058939454
  -0.0060560074    -0.0062202546    -0.0063868186    -0.0065557614    -0.0067272535
  -0.0069014111    -0.0070783350    -0.0072582188    -0.0074412021    -0.0076274398
  -0.0078171566    -0.0080104688    -0.0082076630    -0.0084088942    -0.0086144260
  -0.0088245061    -0.0090394059    -0.0092593732    -0.0094847569    -0.0097158822
  -0.0099530825    -0.0101967219    -0.0104471955    -0.0107049218    -0.0109703502
  -0.0112439302    -0.0115260723    -0.0118173501    -0.0121182129    -0.0124291256
  -0.0127504757    -0.0130827358    -0.0134260610    -0.0128392592    -0.0122261432
  -0.0116123453    -0.0109978810    -0.0103825489    -0.0097663566    -0.0091497073
  -0.0085321978    -0.0079140374    -0.0072950247    -0.0066751674    -0.0060546669
  -0.0054335311    -0.0048115507    -0.0041887334    -0.0035650870    -0.0029408130
  -0.0023155084    -0.0016897932    -0.0010630551    -0.0004354879    0.0001936057
  0.0008227924    0.0014525756    0.0020833740    0.0027151951    0.0033475897
  0.0039809993    0.0046149746    0.0052501741    0.0058859316    0.0065226886
  0.0071604374    0.0077987286    0.0084382287    0.0090787205    0.0097199562
  0.0103619435    0.0110051242    0.0116490486    0.0122939262    0.0129397646
  0.0135867885    0.0142345253    0.0148832074    0.0155330595    0.0161838415
  0.0168355456    0.0174884197    0.0181422004    0.0187971279    0.0194529620
  0.0201096949    0.0207677993    0.0214267871    0.0220868906    0.0227483580
  0.0234104452    0.0240741208    0.0247386411    0.0254042616    0.0260711995
  0.0267394623    0.0274085465    0.0280789325    0.0287506279    0.0294236097
  0.0300978777    0.0307729283    0.0314497533    0.0321273378    0.0328066733
  0.0334872565    0.0341690794    0.0348518863    0.0355364135    0.0362223974
  0.0369095901    0.0375982317    0.0382883069    0.0389798078    0.0396727267
  0.0403670558    0.0410630277    0.0417603943    0.0424593881    0.0431600013
  0.0438619706    0.0445655361    0.0452706978    0.0459779283    0.0466862205
  0.0473963258    0.0481082132    0.0488218907    0.0495373270    0.0499999961
  0.0499999961    0.0499999961    0.0499999961    0.0499999961    0.0499999961
  -0.0000004658    -0.0001166871    -0.0002329859    -0.0003495404    -0.0004664358
  -0.0005837032    -0.0007013813    -0.0008195010    -0.0009380624    -0.0010570964
  -0.0011766186    -0.0012966445    -0.0014171973    -0.0015382770    -0.0016599146
  -0.0017821255    -0.0019049254    -0.0020283452    -0.0021523926    -0.0022770908
  -0.0024024633    -0.0025285408    -0.0026553234    -0.0027828655    -0.0029111746
  -0.0030402896    -0.0031702182    -0.0033010146    -0.0034326866    -0.0035652807
  -0.0036988357    -0.0038333747    -0.0039689443    -0.0041055676    -0.0042433146
  -0.0043822083    -0.0045222875    -0.0046636221    -0.0048062506    -0.0049502274
  -0.0050956145    -0.0052424738    -0.0053908595    -0.0055408260    -0.0056924662
  -0.0058458343    -0.0060010156    -0.0061581030    -0.0063171741    -0.0064783296
  -0.0066416547    -0.0068072888    -0.0069753173    -0.0071458563    -0.0073190454
  -0.0074950239    -0.0076739237    -0.0078559229    -0.0080411378    -0.0082297853
  -0.0084220514    -0.0086181065    -0.0088181987    -0.0090224829    -0.0092312846
  -0.0094448283    -0.0096633622    -0.0098872039    -0.0101166788    -0.0103520891
  -0.0105937526    -0.0108420876    -0.0110974428    -0.0113602212    -0.0116308489
  -0.0119097599    -0.0121973184    -0.0124939814    -0.0128000823    -0.0131160161
  -0.0134419534    -0.0130845723    -0.0124919358    -0.0118985865    -0.0113047257
  -0.0107101676    -0.0101151058    -0.0095191607    -0.0089225259    -0.0083253953
  -0.0077275905    -0.0071288869    -0.0065297183    -0.0059296587    -0.0053291342
  -0.0047277263    -0.0041256598    -0.0035229191    -0.0029195198    -0.0023154542
  -0.0017105284    -0.0011049518    -0.0004985073    0.0001093009    0.0007170317
  0.0013256148    0.0019348410    0.0025451288    0.0031558195    0.0037675795
  0.0043799594    0.0049929592    0.0056070051    0.0062216631    0.0068371424
  0.0074536756    0.0080707976    0.0086887410    0.0093074903    0.0099270532
  0.0105476466    0.0111688057    0.0117909953    0.0124142000    0.0130379626
  0.0136627480    0.0142885330    0.0149148604    0.0155424276    0.0161707541
  0.0168000802    0.0174301502    0.0180612120    0.0186932501    0.0193262646
  0.0199602476    0.0205951992    0.0212311116    0.0218679771    0.0225060281
  0.0231447843    0.0237847260    0.0244255897    0.0250678715    0.0257108352
  0.0263547054    0.0269999781    0.0276463899    0.0282934603    0.0289421502
  0.0295917234    0.0302421722    0.0308942327    0.0315471455    0.0322014144
  0.0328567681    0.0335134622    0.0341709933    0.0348298338    0.0354902396
  0.0361516991    0.0368142125    0.0374785081    0.0381435940    0.0388101986
  0.0394780663    0.0401471969    0.0408180711    0.0414901772    0.0421632752
  0.0428383413    0.0435143682    0.0441918442    0.0448710170    0.0455516234
  0.0462336555    0.0469173458    0.0476024386    0.0482891819    0.0489773044
  -0.0000004658    -0.0001142386    -0.0002280656    -0.0003421095    -0.0004564402
  -0.0005711040    -0.0006861243    -0.0008015320    -0.0009173349    -0.0010335562
  -0.0011502036    -0.0012673005    -0.0013848624    -0.0015028891    -0.0016214195
  -0.0017404535    -0.0018600145    -0.0019801024    -0.0021007636    -0.0022219905
  -0.0023438141    -0.0024662498    -0.0025893286    -0.0027130505    -0.0028374466
  -0.0029625478    -0.0030883697    -0.0032149431    -0.0033422914    -0.0034704378
  -0.0035994056    -0.0037292334    -0.0038599524    -0.0039915934    -0.0041241875
  -0.0042577735    -0.0043923900    -0.0045280758    -0.0046648619    -0.0048028025
  -0.0049419442    -0.0050823334    -0.0052240089    -0.0053670481    -0.0055114898
  -0.0056574038    -0.0058048442    -0.0059538731    -0.0061045602    -0.0062569830
  -0.0064112189    -0.0065673456    -0.0067254481    -0.0068856582    -0.0070480147
  -0.0072126570    -0.0073797014    -0.0075492331    -0.0077214149    -0.0078963706
  -0.0080742320    -0.0082551464    -0.0084392455    -0.0086267850    -0.0088178578
  -0.0090127042    -0.0092114946    -0.0094145080    -0.0096219072    -0.0098339632
  -0.0100509319    -0.0102730921    -0.0105007461    -0.0107342038    -0.0109737518
  -0.0112197700    -0.0114725682    -0.0117325494    -0.0120000467    -0.0122754321
  -0.0125590619    -0.0128512618    -0.0131523880    -0.0134626189    -0.0133103666
  -0.0127369002    -0.0121628913    -0.0115881464    -0.0110128668    -0.0104370680
  -0.0098605409    -0.0092834869    -0.0087057123    -0.0081274185    -0.0075484118
  -0.0069688860    -0.0063886550    -0.0058079049    -0.0052264574    -0.0046442971
  -0.0040616408    -0.0034782794    -0.0028942207    -0.0023094645    -0.0017242202
  -0.0011382863    -0.0005516627    0.0000365803    0.0006245753    0.0012132600
  0.0018026188    0.0023926517    0.0029833588    0.0035749570    0.0041670045
  0.0047599354    0.0053535250    0.0059477732    0.0065428969    0.0071386716
  0.0077353218    0.0083326074    0.0089305362    0.0095293328    0.0101287571
  0.0107290336    0.0113303950    0.0119321516    0.0125347528    0.0131381908
  0.0137424734    0.0143475851    0.0149535337    0.0155600789    0.0161676702
  0.0167760906    0.0173853245    0.0179953644    0.0186062178    0.0192181095
  0.0198307917    0.0204442719    0.0210587749    0.0216740683    0.0222903690
  0.0229076925    0.0235255429    0.0241446331    0.0247647229    0.0253858045
  0.0260076377    0.0266304550    0.0272544888    0.0278794989    0.0285052374
  0.0291321769    0.0297600695    0.0303891632    0.0310191944    0.0316501632
  0.0322823176    0.0329158822    0.0335498729    0.0341855219    0.0348220697
  0.0354597643    0.0360983577    0.0367385706    0.0373796669    0.0380221269
  0.0386654469    0.0393103710    0.0399563876    0.0406037369    0.0412521788
  0.0419019303    0.0425530067    0.0432053772    0.0438588014    0.0445140156
  -0.0000004658    -0.0001119372    -0.0002234396    -0.0003351203    -0.0004470566
  -0.0005592796    -0.0006718126    -0.0007846865    -0.0008979091    -0.0010115036
  -0.0011254856    -0.0012398550    -0.0013546428    -0.0014698491    -0.0015854892
  -0.0017015788    -0.0018181410    -0.0019351760    -0.0020527068    -0.0021707413
  -0.0022893026    -0.0024084142    -0.0025280759    -0.0026483187    -0.0027691504
  -0.0028906021    -0.0030126891    -0.0031354347    -0.0032588544    -0.0033829716
  -0.0035078093    -0.0036334065    -0.0037597707    -0.0038869330    -0.0040149245
  -0.0041437760    -0.0042735264    -0.0044041988    -0.0045358166    -0.0046684262
  -0.0048020664    -0.0049367836    -0.0050726089    -0.0052095655    -0.0053477386
  -0.0054871514    -0.0056278661    -0.0057699367    -0.0059134021    -0.0060583475
  -0.0062048116    -0.0063528642    -0.0065025672    -0.0066540137    -0.0068072501
  -0.0069623926    -0.0071194956    -0.0072786829    -0.0074400166    -0.0076036438
  -0.0077696499    -0.0079381356    -0.0081092325    -0.0082830879    -0.0084598258
  -0.0086395934    -0.0088225535    -0.0090088531    -0.0091986939    -0.0093922153
  -0.0095896807    -0.0097912529    -0.0099971178    -0.0102076164    -0.0104228881
  -0.0106432351    -0.0108689597    -0.0111003485    -0.0113376185    -0.0115811571
  -0.0118312666    -0.0120882180    -0.0123524067    -0.0126241270    -0.0129036501
  -0.0131912395    -0.0134871432    -0.0135191062    -0.0129634383    -0.0124071893
  -0.0118503824    -0.0112930098    -0.0107350871    -0.0101768002    -0.0096177694
  -0.0090581807    -0.0084980419    -0.0079373607    -0.0073761293    -0.0068143633
  -0.0062518457    -0.0056889948    -0.0051254001    -0.0045612785    -0.0039964131
  -0.0034312299    -0.0028653106    -0.0022986552    -0.0017316976    -0.0011640039
  -0.0005955818    -0.0000266483    0.0005435094    0.0011138919    0.0016845611
  0.0022559431    0.0028282627    0.0034008536    0.0039741573    0.0045481738
  0.0051228878    0.0056983069    0.0062742063    0.0068508032    0.0074283144
  0.0080062905    0.0085849640    0.0091645440    0.0097445813    0.0103253004
  0.0109069183    0.0114889857    0.0120719519    0.0126558092    0.0132401004
  0.0138252828    0.0144111237    0.0149978480    0.0155852154    0.0161734661
  0.0167623600    0.0173518816    0.0179425111    0.0185337684    0.0191258857
  0.0197186229    0.0203124449    0.0209068790    0.0215021577    0.0220985213
  0.0226954815    0.0232935032    0.0238921216    0.0244915614    0.0250920549
  0.0256936100    0.0262959710    0.0268988976    0.0275031027    0.0281081060
  0.0287138918    0.0293207160    0.0299285552    0.0305374095    0.0311470309
  0.0317576596    0.0323695359    0.0329821637    0.0335960314    0.0342106274
  0.0348264554    0.0354430041    0.0360610172    0.0366797432    0.0372996625
  0.0379207829    0.0385430887    0.0391663322    0.0397907457    0.0404163292
  -0.0000004658    -0.0001097599    -0.0002190694    -0.0003285339    -0.0004382154
  -0.0005481449    -0.0006583455    -0.0007688484    -0.0008796611    -0.0009907994
  -0.0011022785    -0.0012141141    -0.0013263062    -0.0014388856    -0.0015518448
  -0.0016652068    -0.0017789796    -0.0018931785    -0.0020078191    -0.0021229014
  -0.0022384641    -0.0023544994    -0.0024710307    -0.0025880733    -0.0027056351
  -0.0028237471    -0.0029424092    -0.0030616602    -0.0031815079    -0.0033019677
  -0.0034230551    -0.0035448089    -0.0036672369    -0.0037903544    -0.0039142081
  -0.0040388057    -0.0041641858    -0.0042903641    -0.0044173715    -0.0045452312
  -0.0046739897    -0.0048036703    -0.0049342963    -0.0050659296    -0.0051985779
  -0.0053322956    -0.0054671213    -0.0056031093    -0.0057402828    -0.0058787116
  -0.0060184267    -0.0061595055    -0.0063019791    -0.0064459094    -0.0065913817
  -0.0067384270    -0.0068871149    -0.0070375386    -0.0071897677    -0.0073438719
  -0.0074999443    -0.0076580700    -0.0078183576    -0.0079809079    -0.0081458059
  -0.0083131990    -0.0084831801    -0.0086558965    -0.0088314489    -0.0090100154
  -0.0091917124    -0.0093767491    -0.0095652571    -0.0097574148    -0.0099534234
  -0.0101534769    -0.0103577533    -0.0105665627    -0.0107800755    -0.0109985241
  -0.0112221721    -0.0114515230    -0.0116862205    -0.0119271323    -0.0121743825
  -0.0124282190    -0.0126889518    -0.0129568210    -0.0132320282    -0.0135148290
  -0.0137122867    -0.0131733170    -0.0126335648    -0.0120934096    -0.0115528670
  -0.0110117432    -0.0104702398    -0.0099281475    -0.0093854818    -0.0088422349
  -0.0082986084    -0.0077544162    -0.0072098443    -0.0066645053    -0.0061187944
  -0.0055725178    -0.0050256756    -0.0044784769    -0.0039305112    -0.0033821890
  -0.0028330997    -0.0022836617    -0.0017336735    -0.0011829260    -0.0006318298
  -0.0000799820    0.0004731289    0.0010260692    0.0015795520    0.0021335772
  0.0026881370    0.0032434407    0.0037992790    0.0043556520    0.0049125442
  0.0054701802    0.0060285601    0.0065874514    0.0071468619    0.0077070084
  0.0082676664    0.0088290527    0.0093911675    0.0099537781    0.0105171171
  0.0110809442    0.0116454920    0.0122107527    0.0127767262    0.0133434126
  0.0139105716    0.0144786683    0.0150472298    0.0156167212    0.0161866775
  0.0167575559    0.0173288915    0.0179011413    0.0184743056    0.0190479192
  0.0196221992    0.0201973858    0.0207732388    0.0213499907    0.0219276413
  0.0225057027    0.0230846629    0.0236647388    0.0242452177    0.0248265800
  0.0254088101    0.0259916756    0.0265756413    0.0271604672    0.0277459130
  0.0283324513    0.0289195940    0.0295078292    0.0300966534    0.0306865546
  0.0312772927    0.0318690923    0.0324617133    0.0330551478    0.0336496362
  0.0342449304    0.0348412707    0.0354386494    0.0360368106    0.0366362426
  -0.0000004658    -0.0001077065    -0.0002149472    -0.0003223118    -0.0004298702
  -0.0005376378    -0.0006456456    -0.0007539168    -0.0008624670    -0.0009713039
  -0.0010804430    -0.0011898997    -0.0012996820    -0.0014097974    -0.0015202537
  -0.0016310665    -0.0017422435    -0.0018538079    -0.0019657597    -0.0020781144
  -0.0021908799    -0.0023040792    -0.0024177125    -0.0025317952    -0.0026463506
  -0.0027613786    -0.0028769180    -0.0029929534    -0.0031095234    -0.0032266280
  -0.0033442983    -0.0034625497    -0.0035813901    -0.0037008503    -0.0038209459
  -0.0039416924    -0.0040631208    -0.0041852465    -0.0043081084    -0.0044316986
  -0.0045560792    -0.0046812502    -0.0048072580    -0.0049341336    -0.0050618848
  -0.0051905504    -0.0053201923    -0.0054508105    -0.0055824670    -0.0057151774
  -0.0058490112    -0.0059839764    -0.0061201504    -0.0062575641    -0.0063962719
  -0.0065363356    -0.0066778019    -0.0068207094    -0.0069651434    -0.0071111503
  -0.0072588155    -0.0074081776    -0.0075593528    -0.0077123955    -0.0078674063
  -0.0080244473    -0.0081836346    -0.0083450690    -0.0085088667    -0.0086750975
  -0.0088439164    -0.0090154162    -0.0091897288    -0.0093670401    -0.0095474741
  -0.0097311547    -0.0099182448    -0.0101089612    -0.0103034589    -0.0105019084
  -0.0107045576    -0.0109115538    -0.0111231682    -0.0113395944    -0.0115611038
  -0.0117879054    -0.0120203015    -0.0122584859    -0.0125027683    -0.0127533194
  -0.0130104259    -0.0132742581    -0.0135450485    -0.0138229367    -0.0133678922
  -0.0128438386    -0.0123193511    -0.0117944530    -0.0112691364    -0.0107432231
  -0.0102168915    -0.0096901569    -0.0091628256    -0.0086350837    -0.0081069389
  -0.0075781974    -0.0070490608    -0.0065195289    -0.0059894004    -0.0054586753
  -0.0049275628    -0.0043960628    -0.0038639739    -0.0033312884    -0.0027982309
  -0.0022645846    -0.0017305586    -0.0011959514    -0.0006607631    -0.0001249936
  0.0004118529    0.0009485599    0.0014858481    0.0020237097    0.0025619277
  0.0031007114    0.0036402777    0.0041801926    0.0047206733    0.0052617118
  0.0058035251    0.0063454625    0.0068883917    0.0074316540    0.0079756835
  0.0085200384    0.0090651682    0.0096110573    0.0101570395    0.0107040057
  0.0112515065    0.0117997745    0.0123483369    0.0128976509    0.0134477243
  0.0139980844    0.0145494208    0.0151012686    0.0156536278    0.0162069634
  0.0167605624    0.0173151377    0.0178702012    0.0184260008    0.0189825210
  0.0195397696    0.0200974908    0.0206559405    0.0212153277    0.0217751953
  0.0223360005    0.0228975108    0.0234594861    0.0240223911    0.0245859858
  0.0251502779    0.0257152441    0.0262813726    0.0268479428    0.0274151793
  0.0279835704    0.0285526279    0.0291220960    0.0296927109    0.0302639768
  0.0308363739    0.0314094064    0.0319833300    0.0325581291    0.0331335559
  -0.0000004581    -0.0001057538    -0.0002110341    -0.0003164151    -0.0004219589
  -0.0005276963    -0.0006336352    -0.0007398143    -0.0008462337    -0.0009529009
  -0.0010598472    -0.0011670724    -0.0012745842    -0.0013823906    -0.0014905068
  -0.0015989330    -0.0017077002    -0.0018168005    -0.0019262418    -0.0020360550
  -0.0021462247    -0.0022567818    -0.0023677263    -0.0024790737    -0.0025908396
  -0.0027030316    -0.0028156576    -0.0029287407    -0.0030422887    -0.0031563249
  -0.0032708493    -0.0033858851    -0.0035014555    -0.0036175528    -0.0037342313
  -0.0038514754    -0.0039693084    -0.0040877691    -0.0042068496    -0.0043266043
  -0.0044470331    -0.0045681515    -0.0046899983    -0.0048125967    -0.0049359623
  -0.0050601336    -0.0051851419    -0.0053109947    -0.0054377308    -0.0055654046
  -0.0056940237    -0.0058236423    -0.0059542683    -0.0060859790    -0.0062187746
  -0.0063527325    -0.0064878681    -0.0066242668    -0.0067619517    -0.0069009772
  -0.0070413974    -0.0071832743    -0.0073266622    -0.0074716154    -0.0076182035
  -0.0077665195    -0.0079166254    -0.0080685756    -0.0082224706    -0.0083784035
  -0.0085364595    -0.0086967394    -0.0088593748    -0.0090244123    -0.0091920146
  -0.0093622747    -0.0095353398    -0.0097113493    -0.0098903963    -0.0100726822
  -0.0102583310    -0.0104475132    -0.0106404069    -0.0108372369    -0.0110381040
  -0.0112432250    -0.0114528868    -0.0116672441    -0.0118864831    -0.0121108904
  -0.0123406598    -0.0125759849    -0.0128171524    -0.0130643329    -0.0133176658
  -0.0135774222    -0.0138436875    -0.0135486904    -0.0130393901    -0.0125296482
  -0.0120192787    -0.0115086690    -0.0109976175    -0.0104861400    -0.0099742362
  -0.0094618985    -0.0089491346    -0.0084359446    -0.0079221347    -0.0074081001
  -0.0068934378    -0.0063785586    -0.0058630672    -0.0053471497    -0.0048308215
  -0.0043140748    -0.0037967160    -0.0032789466    -0.0027607664    -0.0022421834
  -0.0017229882    -0.0012033823    -0.0006833890    -0.0001627758    0.0003589454
  0.0008805582    0.0014025661    0.0019251785    0.0024481782    0.0029715577
  0.0034957662    0.0040201297    0.0045453069    0.0050706467    0.0055968001
  0.0061233178    0.0066504321    0.0071781352    0.0077064195    0.0082350680
  0.0087642977    0.0092941085    0.0098245004    0.0103554657    0.0108867797
  0.0114188918    0.0119513449    0.0124845961    0.0130181804    0.0135525551
  0.0140874878    0.0146229860    0.0151590267    0.0156956330    0.0162330064
  0.0167707053    0.0173094115    0.0178484198    0.0183882031    0.0189285210
  0.0194693735    0.0200109854    0.0205533567    0.0210962549    0.0216399124
  0.0221840814    0.0227289942    0.0232746664    0.0238206020    0.0243677464
  0.0249154022    0.0254635462    0.0260126588    0.0265622672    0.0271128365
  0.0276638785    0.0282158890    0.0287686047    0.0293217930    0.0298759344
  -0.0000004581    -0.0001039019    -0.0002073148    -0.0003108284    -0.0004144660
  -0.0005182740    -0.0006222603    -0.0007264557    -0.0008308604    -0.0009354976
  -0.0010403672    -0.0011454847    -0.0012508658    -0.0013565025    -0.0014624259
  -0.0015686283    -0.0016751251    -0.0017819163    -0.0018890175    -0.0019964442
  -0.0021042040    -0.0022122893    -0.0023207387    -0.0024295369    -0.0025387147
  -0.0026482567    -0.0027582017    -0.0028685495    -0.0029793081    -0.0030904928
  -0.0032021192    -0.0033142105    -0.0034267512    -0.0035397801    -0.0036533049
  -0.0037673488    -0.0038819042    -0.0039970019    -0.0041126654    -0.0042289099
  -0.0043457434    -0.0044631889    -0.0045812777    -0.0047000173    -0.0048194310
  -0.0049395499    -0.0050603816    -0.0051819727    -0.0053043231    -0.0054274872
  -0.0055514726    -0.0056763104    -0.0058020470    -0.0059286824    -0.0060562941
  -0.0061848822    -0.0063144931    -0.0064451578    -0.0065769461    -0.0067098734
  -0.0068439862    -0.0069793311    -0.0071159700    -0.0072539571    -0.0073933235
  -0.0075341389    -0.0076764652    -0.0078203645    -0.0079658678    -0.0081130835
  -0.0082620582    -0.0084129080    -0.0085656640    -0.0087204811    -0.0088773903
  -0.0090364924    -0.0091979113    -0.0093617401    -0.0095280638    -0.0096970531
  -0.0098688009    -0.0100434312    -0.0102211145    -0.0104019436    -0.0105860814
  -0.0107737061    -0.0109649417    -0.0111600360    -0.0113590667    -0.0115623048
  -0.0117699209    -0.0119820854    -0.0121989611    -0.0124208578    -0.0126478997
  -0.0128803191    -0.0131182554    -0.0133619490    -0.0136115083    -0.0138669953
  -0.0137170985    -0.0132215211    -0.0127254787    -0.0122291651    -0.0117324021
  -0.0112351897    -0.0107375202    -0.0102395949    -0.0097412202    -0.0092425898
  -0.0087433162    -0.0082437870    -0.0077438238    -0.0072434035    -0.0067425415
  -0.0062414393    -0.0057398954    -0.0052377161    -0.0047352889    -0.0042324278
  -0.0037291327    -0.0032254037    -0.0027212408    -0.0022166440    -0.0017116132
  -0.0012061563    -0.0007002732    -0.0001937470    0.0003137013    0.0008210722
  0.0013286522    0.0018368676    0.0023454937    0.0028545383    0.0033640012
  0.0038740918    0.0043845931    0.0048957220    0.0054070368    0.0059189716
  0.0064313093    0.0069442746    0.0074576351    0.0079716155    0.0084859833
  0.0090007541    0.0095163539    0.0100321165    0.0105484912    0.0110654780
  0.0115830615    0.0121010324    0.0126193753    0.0131385395    0.0136580834
  0.0141782162    0.0146989533    0.0152200469    0.0157417294    0.0162642255
  0.0167870781    0.0173105195    0.0178347746    0.0183591381    0.0188843074
  0.0194102827    0.0199365988    0.0204634884    0.0209911683    0.0215194139
  0.0220479849    0.0225775787    0.0231074980    0.0236381999    0.0241694519
  0.0247014788    0.0252340558    0.0257671675    0.0263010541    0.0268357077
  -0.0000004581    -0.0001021430    -0.0002037814    -0.0003055051    -0.0004073450
  -0.0005093244    -0.0006114587    -0.0007137790    -0.0008162776    -0.0009189853
  -0.0010219023    -0.0011250439    -0.0012284103    -0.0013320091    -0.0014358559
  -0.0015399584    -0.0016443244    -0.0017489538    -0.0018538621    -0.0019590572
  -0.0020645466    -0.0021703383    -0.0022764400    -0.0023828670    -0.0024896196
  -0.0025967130    -0.0027041629    -0.0028119615    -0.0029201242    -0.0030286822
  -0.0031376198    -0.0032469681    -0.0033567271    -0.0034669200    -0.0035775468
  -0.0036886308    -0.0038001719    -0.0039121935    -0.0040247265    -0.0041377553
  -0.0042513111    -0.0043654093    -0.0044800654    -0.0045952949    -0.0047111288
  -0.0048275670    -0.0049446407    -0.0050623807    -0.0051807871    -0.0052998909
  -0.0054197231    -0.0055402914    -0.0056616268    -0.0057837680    -0.0059067383
  -0.0060305610    -0.0061552748    -0.0062809029    -0.0064074841    -0.0065350339
  -0.0066636142    -0.0067932484    -0.0069239983    -0.0070558640    -0.0071889541
  -0.0073232451    -0.0074588457    -0.0075957635    -0.0077340683    -0.0078738067
  -0.0080150560    -0.0081578472    -0.0083022425    -0.0084483656    -0.0085962400
  -0.0087459430    -0.0088975754    -0.0090511838    -0.0092069307    -0.0093648240
  -0.0095250186    -0.0096875998    -0.0098526606    -0.0100203016    -0.0101907089
  -0.0103639522    -0.0105401632    -0.0107195279    -0.0109020773    -0.0110880825
  -0.0112776521    -0.0114709255    -0.0116681042    -0.0118693355    -0.0120748362
  -0.0122847381    -0.0124992427    -0.0127185127    -0.0129427573    -0.0131721470
  -0.0134068057    -0.0136469039    -0.0138925192    -0.0138740775    -0.0133914247
  -0.0129084775    -0.0124250576    -0.0119413510    -0.0114571717    -0.0109729072
  -0.0104879841    -0.0100027820    -0.0095173010    -0.0090313628    -0.0085449442
  -0.0080584559    -0.0075713089    -0.0070838907    -0.0065960076    -0.0061078611
  -0.0056192496    -0.0051303825    -0.0046410504    -0.0041512612    -0.0036612162
  -0.0031705049    -0.0026797470    -0.0021883306    -0.0016966662    -0.0012045446
  -0.0007117566    -0.0002189454    0.0002750358    0.0007689551    0.0012631223
  0.0017579404    0.0022529909    0.0027484909    0.0032444325    0.0037408081
  0.0042376330    0.0047346750    0.0052323678    0.0057304946    0.0062290552
  0.0067280498    0.0072276875    0.0077275422    0.0082280400    0.0087289640
  0.0092303064    0.0097320673    0.0102342543    0.0107370767    0.0112403175
  0.0117439690    0.0122482559    0.0127529535    0.0132582864    0.0137637898
  0.0142701533    0.0147766873    0.0152840814    0.0157918707    0.0163000473
  0.0168088439    0.0173182604    0.0178280643    0.0183384880    0.0188492838
  0.0193609241    0.0198729441    0.0203855684    0.0208987895    0.0214123902
  0.0219265798    0.0224413660    0.0229567489    0.0234727207    0.0239895216
  -0.0000004581    -0.0001004615    -0.0002004185    -0.0003004375    -0.0004005572
  -0.0005008009    -0.0006011841    -0.0007017222    -0.0008024231    -0.0009033021
  -0.0010043749    -0.0011056337    -0.0012071016    -0.0013087788    -0.0014106730
  -0.0015127996    -0.0016151509    -0.0017177501    -0.0018205896    -0.0019236848
  -0.0020270434    -0.0021306810    -0.0022345898    -0.0023387930    -0.0024432907
  -0.0025480828    -0.0026531848    -0.0027586201    -0.0028643808    -0.0029704747
  -0.0030769250    -0.0031837317    -0.0032909027    -0.0033984610    -0.0035064146
  -0.0036147556    -0.0037235227    -0.0038327083    -0.0039423433    -0.0040524277
  -0.0041629693    -0.0042739990    -0.0043855247    -0.0044975540    -0.0046101102
  -0.0047232088    -0.0048368576    -0.0049510875    -0.0050659063    -0.0051813450
  -0.0052974191    -0.0054141364    -0.0055315277    -0.0056496242    -0.0057684335
  -0.0058880022    -0.0060083070    -0.0061294410    -0.0062513962    -0.0063741806
  -0.0064978716    -0.0066224691    -0.0067480275    -0.0068745467    -0.0070020887
  -0.0071306846    -0.0072603807    -0.0073912236    -0.0075232521    -0.0076564816
  -0.0077910206    -0.0079268691    -0.0080640969    -0.0082027426    -0.0083429071
  -0.0084845981    -0.0086278853    -0.0087728694    -0.0089196047    -0.0090681610
  -0.0092186156    -0.0093710771    -0.0095255688    -0.0096822610    -0.0098412004
  -0.0100024953    -0.0101662388    -0.0103325626    -0.0105015597    -0.0106733617
  -0.0108481082    -0.0110258999    -0.0112068996    -0.0113912389    -0.0115790263
  -0.0117704710    -0.0119657359    -0.0121649292    -0.0123681983    -0.0125757757
  -0.0127878007    -0.0130044517    -0.0132257983    -0.0134520808    -0.0136833999
  -0.0139198098    -0.0140206811    -0.0135502091    -0.0130794194    -0.0126083353
  -0.0121369413    -0.0116652605    -0.0111930838    -0.0107208064    -0.0102480486
  -0.0097749886    -0.0093014404    -0.0088276055    -0.0083536699    -0.0078790602
  -0.0074043575    -0.0069291666    -0.0064536968    -0.0059777388    -0.0055014941
  -0.0050247768    -0.0045479742    -0.0040706912    -0.0035929278    -0.0031148931
  -0.0026363781    -0.0021575841    -0.0016783175    -0.0011987874    -0.0007189783
  -0.0002384952    0.0002427629    0.0007239899    0.0012054804    0.0016872266
  0.0021696624    0.0026521292    0.0031352857    0.0036186978    0.0041027841
  0.0045869014    0.0050717083    0.0055567554    0.0060422596    0.0065282288
  0.0070146474    0.0075015309    0.0079886469    0.0084764370    0.0089644596
  0.0094529316    0.0099420777    0.0104312238    0.0109212610    0.0114115229
  0.0119022188    0.0123935887    0.0128851679    0.0133771887    0.0138698682
  0.0143629816    0.0148565289    0.0153507271    0.0158451268    0.0163401851
  0.0168354371    0.0173315725    0.0178281185    0.0183250907    0.0188224736
  0.0193204996    0.0198189363    0.0203180161    0.0208174989    0.0213176247
  -0.0000004581    -0.0000988576    -0.0001972029    -0.0002956024    -0.0003940871
  -0.0004926804    -0.0005913898    -0.0006902388    -0.0007892272    -0.0008883783
  -0.0009876922    -0.0010871765    -0.0011868468    -0.0012867031    -0.0013867530
  -0.0014869967    -0.0015874574    -0.0016881350    -0.0017890295    -0.0018901488
  -0.0019915083    -0.0020931080    -0.0021949634    -0.0022970745    -0.0023994413
  -0.0025020871    -0.0026050118    -0.0027082154    -0.0028117213    -0.0029155293
  -0.0030196473    -0.0031240830    -0.0032288519    -0.0033339617    -0.0034394202
  -0.0035452428    -0.0036514220    -0.0037579885    -0.0038649502    -0.0039723071
  -0.0040800825    -0.0041882762    -0.0042969117    -0.0044060043    -0.0045155463
  -0.0046255764    -0.0047361103    -0.0048471400    -0.0049586967    -0.0050707880
  -0.0051834449    -0.0052966598    -0.0054104868    -0.0055249104    -0.0056399772
  -0.0057556871    -0.0058720711    -0.0059891525    -0.0061069545    -0.0062254927
  -0.0063448057    -0.0064649090    -0.0065858337    -0.0067076108    -0.0068302634
  -0.0069538304    -0.0070783427    -0.0072038236    -0.0073303351    -0.0074578848
  -0.0075865427    -0.0077163240    -0.0078472832    -0.0079794666    -0.0081129441
  -0.0082477000    -0.0083838585    -0.0085214117    -0.0086604604    -0.0088010433
  -0.0089432147    -0.0090870520    -0.0092326328    -0.0093800190    -0.0095292881
  -0.0096805486    -0.0098338392    -0.0099892607    -0.0101469061    -0.0103068992
  -0.0104693177    -0.0106342623    -0.0108018646    -0.0109721866    -0.0111454377
  -0.0113216487    -0.0115009901    -0.0116836169    -0.0118696222    -0.0120591995
  -0.0122524419    -0.0124495354    -0.0126505885    -0.0128558257    -0.0130653092
  -0.0132791862    -0.0134976658    -0.0137208024    -0.0139486578    -0.0141574672
  -0.0136986646    -0.0132395288    -0.0127800831    -0.0123203197    -0.0118602464
  -0.0113998553    -0.0109391466    -0.0104781279    -0.0100167993    -0.0095553544
  -0.0090934059    -0.0086309537    -0.0081685868    -0.0077055147    -0.0072423419
  -0.0067788592    -0.0063148728    -0.0058505842    -0.0053860012    -0.0049211082
  -0.0044559208    -0.0039904311    -0.0035244456    -0.0030581656    -0.0025915834
  -0.0021247146    -0.0016573420    -0.0011896828    -0.0007217291    -0.0002532873
  0.0002161619    0.0006851849    0.0011547038    0.0016245016    0.0020945784
  0.0025651512    0.0030360028    0.0035073426    0.0039789614    0.0044510683
  0.0049234465    0.0053963128    0.0058696672    0.0063432929    0.0068171743
  0.0072915438    0.0077663937    0.0082415071    0.0087171009    0.0091929504
  0.0096694973    0.0101462922    0.0106235674    0.0111010906    0.0115793112
  0.0120577797    0.0125367132    0.0130158946    0.0134957579    0.0139760938
  0.0144566622    0.0149376878    0.0154191706    0.0159013507    0.0163837478
  0.0168666020    0.0173499134    0.0178338990    0.0183181015    0.0188027534
  -0.0000004581    -0.0000973234    -0.0001941267    -0.0002909842    -0.0003879115
  -0.0004849240    -0.0005820450    -0.0006792822    -0.0007766435    -0.0008741441
  -0.0009717920    -0.0010695949    -0.0011675528    -0.0012656811    -0.0013639799
  -0.0014624569    -0.0015611276    -0.0016599765    -0.0017590347    -0.0018582943
  -0.0019577631    -0.0020574567    -0.0021573594    -0.0022575024    -0.0023578778
  -0.0024584934    -0.0025593647    -0.0026604840    -0.0027618745    -0.0028635362
  -0.0029654768    -0.0030676964    -0.0031702259    -0.0032730499    -0.0033761916
  -0.0034796432    -0.0035834357    -0.0036875615    -0.0037920281    -0.0038968667
  -0.0040020618    -0.0041076520    -0.0042136219    -0.0043199947    -0.0044267783
  -0.0045339879    -0.0046416393    -0.0047497246    -0.0048582903    -0.0049673286
  -0.0050768474    -0.0051868930    -0.0052974501    -0.0054085496    -0.0055201992
  -0.0056324300    -0.0057452497    -0.0058586738    -0.0059727332    -0.0060874358
  -0.0062028047    -0.0063188711    -0.0064356658    -0.0065531966    -0.0066714868
  -0.0067905751    -0.0069104615    -0.0070312235    -0.0071528456    -0.0072753820
  -0.0073988637    -0.0075233141    -0.0076487872    -0.0077752832    -0.0079028949
  -0.0080316225    -0.0081615123    -0.0082926342    -0.0084250036    -0.0085586980
  -0.0086937562    -0.0088302323    -0.0089681652    -0.0091076091    -0.0092486569
  -0.0093913320    -0.0095357659    -0.0096819666    -0.0098300424    -0.0099800399
  -0.0101321217    -0.0102862880    -0.0104426315    -0.0106012920    -0.0107623467
  -0.0109259042    -0.0110920343    -0.0112608919    -0.0114325622    -0.0116071692
  -0.0117848524    -0.0119657204    -0.0121499279    -0.0123375526    -0.0125287959
  -0.0127237430    -0.0129225025    -0.0131252834    -0.0133321789    -0.0135433283
  -0.0137587705    -0.0139786217    -0.0142030290    -0.0138376668    -0.0133895418
  -0.0129410836    -0.0124922922    -0.0120433536    -0.0115940896    -0.0111445001
  -0.0106945774    -0.0102445230    -0.0097939494    -0.0093432441    -0.0088922057
  -0.0084408495    -0.0079891679    -0.0075373545    -0.0070850298    -0.0066325733
  -0.0061795977    -0.0057265058    -0.0052728948    -0.0048191598    -0.0043651149
  -0.0039107445    -0.0034558627    -0.0030008647    -0.0025453475    -0.0020897296
  -0.0016337940    -0.0011773393    -0.0007205746    -0.0002634999    0.0001943806
  0.0006520674    0.0011102733    0.0015685722    0.0020273826    0.0024862859
  0.0029457006    0.0034056345    0.0038656458    0.0043261763    0.0047870013
  0.0052481130    0.0057097438    0.0061716613    0.0066338733    0.0070965889
  0.0075595912    0.0080228803    0.0084866729    0.0089507523    0.0094153354
  0.0098801973    0.0103455552    0.0108111921    0.0112773326    0.0117437366
  0.0122106442    0.0126778230    0.0131454900    0.0136134204    0.0140818468
  0.0145507613    0.0150201717    0.0154898301    0.0159599766    0.0164306113
  -0.0000004581    -0.0000958589    -0.0001911899    -0.0002865598    -0.0003819916
  -0.0004775086    -0.0005731031    -0.0006688061    -0.0007646254    -0.0008605531
  -0.0009566125    -0.0010528114    -0.0011491498    -0.0012456354    -0.0013422760
  -0.0014390716    -0.0015360376    -0.0016331741    -0.0017304811    -0.0018279818
  -0.0019256607    -0.0020235333    -0.0021216074    -0.0022198907    -0.0023183832
  -0.0024170926    -0.0025160345    -0.0026151934    -0.0027145925    -0.0028142396
  -0.0029141268    -0.0030142853    -0.0031146994    -0.0032153848    -0.0033163568
  -0.0034176078    -0.0035191533    -0.0036210009    -0.0037231663    -0.0038256493
  -0.0039284655    -0.0040316072    -0.0041351131    -0.0042389676    -0.0043431941
  -0.0044477925    -0.0045527783    -0.0046581671    -0.0047639665    -0.0048701999
  -0.0049768594    -0.0050839683    -0.0051915422    -0.0052995965    -0.0054081389
  -0.0055171850    -0.0056267503    -0.0057368580    -0.0058475158    -0.0059587470
  -0.0060705671    -0.0061829838    -0.0062960359    -0.0064097545    -0.0065241161
  -0.0066391674    -0.0067549548    -0.0068714628    -0.0069887456    -0.0071068034
  -0.0072256902    -0.0073454139    -0.0074660286    -0.0075875190    -0.0077099779
  -0.0078333899    -0.0079578015    -0.0080832747    -0.0082098171    -0.0083374909
  -0.0084663269    -0.0085963640    -0.0087276718    -0.0088602814    -0.0089942315
  -0.0091295919    -0.0092664012    -0.0094047138    -0.0095446226    -0.0096861508
  -0.0098293838    -0.0099744144    -0.0101212737    -0.0102700779    -0.0104208657
  -0.0105737302    -0.0107287797    -0.0108860841    -0.0110457674    -0.0112079069
  -0.0113725415    -0.0115399113    -0.0117100164    -0.0118829808    -0.0120589903
  -0.0122380528    -0.0124203929    -0.0126060417    -0.0127952161    -0.0129879782
  -0.0131844440    -0.0133847532    -0.0135890064    -0.0137972733    -0.0140097323
  -0.0142263445    -0.0139677969    -0.0135300627    -0.0130921504    -0.0126538971
  -0.0122154889    -0.0117767397    -0.0113376495    -0.0108984044    -0.0104588106
  -0.0100188836    -0.0095788017    -0.0091383788    -0.0086976227    -0.0082567117
  -0.0078154674    -0.0073738822    -0.0069321498    -0.0064900842    -0.0060476854
  -0.0056049457    -0.0051620665    -0.0047188541    -0.0042753085    -0.0038314298
  -0.0033872101    -0.0029428664    -0.0024979880    -0.0020529780    -0.0016076425
  -0.0011619738    -0.0007159719    -0.0002698538    0.0001775119    0.0006244978
  0.0010715923    0.0015190122    0.0019669667    0.0024152467    0.0028636351
  0.0033125582    0.0037615898    0.0042111561    0.0046608153    0.0051110169
  0.0055615285    0.0060123578    0.0064634970    0.0069149461    0.0073669299
  0.0078189990    0.0082716027    0.0087245086    0.0091779414    0.0096314594
  0.0100855044    0.0105396268    0.0109944931    0.0114496538    0.0119048998
  0.0123608819    0.0128169337    0.0132735047    0.0137305948    0.0141877469
  -0.0000004581    -0.0000944486    -0.0001883695    -0.0002823213    -0.0003763273
  -0.0004704031    -0.0005645487    -0.0006587872    -0.0007531187    -0.0008475509
  -0.0009420994    -0.0010367718    -0.0011315683    -0.0012264886    -0.0013215485
  -0.0014167479    -0.0015120944    -0.0016075960    -0.0017032525    -0.0017990717
  -0.0018950614    -0.0019912216    -0.0020875600    -0.0021840844    -0.0022808024
  -0.0023777065    -0.0024748120    -0.0025721344    -0.0026696584    -0.0027674070
  -0.0028653726    -0.0029635707    -0.0030620089    -0.0031606874    -0.0032596138
  -0.0033588037    -0.0034582570    -0.0035579816    -0.0036579850    -0.0037582675
  -0.0038588521    -0.0039597389    -0.0040609279    -0.0041624501    -0.0042642823
  -0.0043664709    -0.0044690004    -0.0045718786    -0.0046751288    -0.0047787586
  -0.0048827758    -0.0049871805    -0.0050920114    -0.0051972684    -0.0053029516
  -0.0054090765    -0.0055156741    -0.0056227365    -0.0057302949    -0.0058383569
  -0.0059469381    -0.0060560462    -0.0061657277    -0.0062759593    -0.0063867876
  -0.0064982203    -0.0066102728    -0.0067229763    -0.0068363461    -0.0069504055
  -0.0070651779    -0.0071806863    -0.0072969463    -0.0074139968    -0.0075318608
  -0.0076505616    -0.0077701303    -0.0078906134    -0.0080120263    -0.0081343922
  -0.0082577810    -0.0083821848    -0.0085076889    -0.0086343011    -0.0087620679
  -0.0088910511    -0.0090212664    -0.0091527835    -0.0092856333    -0.0094198778
  -0.0095555559    -0.0096927604    -0.0098314837    -0.0099718729    -0.0101139358
  -0.0102577344    -0.0104033771    -0.0105509338    -0.0107004586    -0.0108520445
  -0.0110057768    -0.0111616942    -0.0113199905    -0.0114806578    -0.0116438589
  -0.0118096557    -0.0119781414    -0.0121495017    -0.0123237523    -0.0125010172
  -0.0126814356    -0.0128651008    -0.0130521753    -0.0132426980    -0.0134368315
  -0.0136346069    -0.0138361636    -0.0140416333    -0.0142509231    -0.0140900466
  -0.0136622927    -0.0132341668    -0.0128058782    -0.0123774114    -0.0119485882
  -0.0115196022    -0.0110902599    -0.0106607470    -0.0102308777    -0.0098008457
  -0.0093706509    -0.0089401075    -0.0085091999    -0.0080781373    -0.0076469120
  -0.0072151366    -0.0067834076    -0.0063513222    -0.0059188804    -0.0054860899
  -0.0050531444    -0.0046198502    -0.0041864011    -0.0037526032    -0.0033186582
  -0.0028843644    -0.0024497220    -0.0020147309    -0.0015795925    -0.0011441132
  -0.0007082775    -0.0002723101    0.0001647112    0.0006013760    0.0010383818
  0.0014755192    0.0019129977    0.0023508170    0.0027889851    0.0032274863
  0.0036663362    0.0041053024    0.0045446095    0.0049842575    0.0054242387
  0.0058645532    0.0063052085    0.0067461893    0.0071872863    0.0076291505
  0.0080709139    0.0085132197    0.0089556417    0.0093988231    0.0098418882
  0.0102855036    0.0107294443    0.0111737028    0.0116182867    0.0120631883
  -0.0000004581    -0.0000931004    -0.0001856574    -0.0002782533    -0.0003708956
  -0.0004635844    -0.0005563429    -0.0006491789    -0.0007420924    -0.0008351067
  -0.0009282061    -0.0010214141    -0.0011147383    -0.0012081710    -0.0013017276
  -0.0013954082    -0.0014892128    -0.0015831646    -0.0016772404    -0.0017714712
  -0.0018658492    -0.0019603822    -0.0020550779    -0.0021499363    -0.0022449651
  -0.0023401645    -0.0024355498    -0.0025311133    -0.0026268706    -0.0027228293
  -0.0028189740    -0.0029153356    -0.0030119064    -0.0031087020    -0.0032057145
  -0.0033029595    -0.0034004447    -0.0034981623    -0.0035961434    -0.0036943725
  -0.0037928650    -0.0038916287    -0.0039906791    -0.0040900007    -0.0041896400
  -0.0042895582    -0.0043897942    -0.0044903478    -0.0045912269    -0.0046924469
  -0.0047940156    -0.0048959330    -0.0049982145    -0.0051008835    -0.0052039322
  -0.0053073761    -0.0054112384    -0.0055155191    -0.0056202260    -0.0057253823
  -0.0058310035    -0.0059370974    -0.0060436639    -0.0061507496    -0.0062583545
  -0.0063664863    -0.0064751759    -0.0065844235    -0.0066942522    -0.0068046853
  -0.0069157615    -0.0070274654    -0.0071398357    -0.0072529033    -0.0073666683
  -0.0074811617    -0.0075964221    -0.0077124497    -0.0078293064    -0.0079469922
  -0.0080655459    -0.0081850061    -0.0083053651    -0.0084267083    -0.0085490432
  -0.0086724398    -0.0087968591    -0.0089224175    -0.0090491226    -0.0091770211
  -0.0093061671    -0.0094365838    -0.0095683566    -0.0097014776    -0.0098360166
  -0.0099720743    -0.0101096585    -0.0102488545    -0.0103897163    -0.0105323216
  -0.0106767556    -0.0108230338    -0.0109712955    -0.0111215642    -0.0112739405
  -0.0114285097    -0.0115853956    -0.0117446062    -0.0119062808    -0.0120705357
  -0.0122374097    -0.0124070421    -0.0125795260    -0.0127549621    -0.0129334900
  -0.0131151405    -0.0133000454    -0.0134883443    -0.0136800680    -0.0138753018
  -0.0140741464    -0.0142766640    -0.0142047259    -0.0137864020    -0.0133676907
  -0.0129489872    -0.0125299117    -0.0121106580    -0.0116910324    -0.0112714145
  -0.0108514246    -0.0104312643    -0.0100107321    -0.0095900217    -0.0091691330
  -0.0087480739    -0.0083264491    -0.0079048398    -0.0074828741    -0.0070607224
  -0.0066384080    -0.0062157294    -0.0057928726    -0.0053696594    -0.0049462679
  -0.0045225123    -0.0040985939    -0.0036745128    -0.0032498583    -0.0028252503
  -0.0024002704    -0.0019751355    -0.0015496287    -0.0011237654    -0.0006977394
  -0.0002713570    0.0001559010    0.0005828026    0.0010098591    0.0014372799
  0.0018650571    0.0022929814    0.0027212700    0.0031499150    0.0035787073
  0.0040078637    0.0044371518    0.0048670134    0.0052970222    0.0057273796
  0.0061578766    0.0065887222    0.0070199242    0.0074514827    0.0078833821
  0.0083154210    0.0087478086    0.0091805372    0.0096136144    0.0100470403
  -0.0000004581    -0.0000917986    -0.0001830617    -0.0002743480    -0.0003656653
  -0.0004570368    -0.0005484626    -0.0006399581    -0.0007315156    -0.0008231583
  -0.0009148863    -0.0010066995    -0.0010986057    -0.0011906281    -0.0012827358
  -0.0013749674    -0.0014673075    -0.0015597716    -0.0016523597    -0.0017450795
  -0.0018379232    -0.0019309142    -0.0020240447    -0.0021173146    -0.0022107473
  -0.0023043272    -0.0023980698    -0.0024919829    -0.0025860587    -0.0026803127
  -0.0027747527    -0.0028693709    -0.0029641905    -0.0030591884    -0.0031544033
  -0.0032498196    -0.0033454451    -0.0034412876    -0.0035373625    -0.0036336544
  -0.0037302020    -0.0038269743    -0.0039240101    -0.0040212938    -0.0041188332
  -0.0042166594    -0.0043147567    -0.0044131407    -0.0045118192    -0.0046107844
  -0.0047100750    -0.0048096678    -0.0049096015    -0.0050098762    -0.0051104841
  -0.0052114484    -0.0053127769    -0.0054144773    -0.0055165574    -0.0056190482
  -0.0057219419    -0.0058252540    -0.0059290001    -0.0060331956    -0.0061378404
  -0.0062429658    -0.0063485792    -0.0064546886    -0.0065613016    -0.0066684648
  -0.0067761782    -0.0068844339    -0.0069933018    -0.0071027508    -0.0072128353
  -0.0073235396    -0.0074349180    -0.0075469860    -0.0076597747    -0.0077732608
  -0.0078875139    -0.0080025342    -0.0081183836    -0.0082350543    -0.0083525929
  -0.0084710148    -0.0085903588    -0.0087106714    -0.0088319680    -0.0089542952
  -0.0090776917    -0.0092021731    -0.0093278244    -0.0094546536    -0.0095826992
  -0.0097120234    -0.0098426804    -0.0099747011    -0.0101081166    -0.0102430198
  -0.0103794572    -0.0105174753    -0.0106571516    -0.0107985404    -0.0109417191
  -0.0110867575    -0.0112337175    -0.0113826689    -0.0115336969    -0.0116869023
  -0.0118421301    -0.0120000699    -0.0121602413    -0.0123228768    -0.0124881390
  -0.0126560900    -0.0128267917    -0.0130003682    -0.0131769434    -0.0133565173
  -0.0135391209    -0.0137252656    -0.0139146027    -0.0141072872    -0.0143033889
  -0.0143123773    -0.0139031348    -0.0134934971    -0.0130838516    -0.0126738265
  -0.0122636077    -0.0118532029    -0.0114424106    -0.0110316107    -0.0106204310
  -0.0102092591    -0.0097976997    -0.0093857607    -0.0089738217    -0.0085616967
  -0.0081491920    -0.0077365014    -0.0073236170    -0.0069103608    -0.0064971122
  -0.0060834762    -0.0056694683    -0.0052554682    -0.0048410961    -0.0044265381
  -0.0040118018    -0.0035966781    -0.0031813839    -0.0027659115    -0.0023500517
  -0.0019340214    -0.0015178129    -0.0011012325    -0.0006844738    -0.0002673355
  0.0001506862    0.0005681655    0.0009860244    0.0014040539    0.0018224552
  0.0022410271    0.0026599708    0.0030790851    0.0034985712    0.0039182201
  0.0043380240    0.0047584245    0.0051787707    0.0055996981    0.0060207805
  0.0064420256    0.0068636426    0.0072856238    0.0077077600    0.0081302604
  -0.0000004581    -0.0000905511    -0.0001805589    -0.0002705899    -0.0003606442
  -0.0004507449    -0.0005408922    -0.0006310937    -0.0007213572    -0.0008116904
  -0.0009020934    -0.0009925738    -0.0010831395    -0.0011737904    -0.0012645343
  -0.0013553712    -0.0014463165    -0.0015373704    -0.0016285250    -0.0017197958
  -0.0018111905    -0.0019027016    -0.0019943443    -0.0020861188    -0.0021780172
  -0.0022700629    -0.0023622558    -0.0024545881    -0.0025470755    -0.0026397333
  -0.0027325383    -0.0028255060    -0.0029186520    -0.0030119762    -0.0031054708
  -0.0031991592    -0.0032930413    -0.0033871093    -0.0034813866    -0.0035758653
  -0.0036705610    -0.0037654737    -0.0038606110    -0.0039559731    -0.0040515754
  -0.0041474178    -0.0042435160    -0.0043398622    -0.0044364718    -0.0045333526
  -0.0046305045    -0.0047279432    -0.0048256841    -0.0049237117    -0.0050220570
  -0.0051207122    -0.0052197006    -0.0053190222    -0.0054186848    -0.0055187038
  -0.0056190869    -0.0057198265    -0.0058209613    -0.0059225067    -0.0060244474
  -0.0061268064    -0.0062295994    -0.0063328263    -0.0064365181    -0.0065406749
  -0.0066453198    -0.0067504606    -0.0068561283    -0.0069623074    -0.0070690444
  -0.0071763316    -0.0072842231    -0.0073926881    -0.0075017884    -0.0076115164
  -0.0077219185    -0.0078329948    -0.0079447839    -0.0080572703    -0.0081705239
  -0.0082845601    -0.0083993867    -0.0085150424    -0.0086315736    -0.0087489805
  -0.0088672939    -0.0089865837    -0.0091068497    -0.0092281309    -0.0093504813
  -0.0094739166    -0.0095984986    -0.0097242352    -0.0098512349    -0.0099794510
  -0.0101090077    -0.0102398816    -0.0103721812    -0.0105059376    -0.0106411973
  -0.0107780299    -0.0109165129    -0.0110566929    -0.0111986551    -0.0113423917
  -0.0114880809    -0.0116357151    -0.0117853639    -0.0119371668    -0.0120911470
  -0.0122474054    -0.0124060270    -0.0125671282    -0.0127307245    -0.0128969476
  -0.0130658594    -0.0132375452    -0.0134121212    -0.0135896805    -0.0137702540
  -0.0139539424    -0.0141407844    -0.0143308732    -0.0144137678    -0.0140131029
  -0.0136120352    -0.0132109520    -0.0128094736    -0.0124079797    -0.0120060906
  -0.0116040000    -0.0112018940    -0.0107993850    -0.0103968760    -0.0099939641
  -0.0095910522    -0.0091877374    -0.0087842289    -0.0083807048    -0.0079767933
  -0.0075726804    -0.0071683738    -0.0067638656    -0.0063589624    -0.0059540591
  -0.0055489543    -0.0051434621    -0.0047377762    -0.0043318889    -0.0039258078
  -0.0035195407    -0.0031130800    -0.0027062163    -0.0022991666    -0.0018919310
  -0.0014845017    -0.0010766771    -0.0006686667    -0.0002604625    0.0001486328
  0.0005572012    0.0009661648    0.0013755235    0.0017848590    0.0021945819
  0.0026044908    0.0030145779    0.0034250602    0.0038357130    0.0042465517
  0.0046577778    0.0050691822    0.0054809740    0.0058929440    0.0063050845
  -0.0000004581    -0.0000893423    -0.0001781490    -0.0002669713    -0.0003558090
  -0.0004446855    -0.0005336085    -0.0006225702    -0.0007115862    -0.0008006564
  -0.0008897963    -0.0009789982    -0.0010682699    -0.0011576191    -0.0012470457
  -0.0013365653    -0.0014261702    -0.0015158680    -0.0016056588    -0.0016955581
  -0.0017855582    -0.0018756667    -0.0019658837    -0.0020562246    -0.0021466818
  -0.0022372630    -0.0023279682    -0.0024188128    -0.0025097892    -0.0026009050
  -0.0026921681    -0.0027835783    -0.0028751436    -0.0029668638    -0.0030587468
  -0.0031508002    -0.0032430163    -0.0033354107    -0.0034279910    -0.0035207573
  -0.0036137173    -0.0037068632    -0.0038002029    -0.0038937673    -0.0039875409
  -0.0040815237    -0.0041757390    -0.0042701712    -0.0043648514    -0.0044597718
  -0.0045549402    -0.0046503565    -0.0047460440    -0.0048419949    -0.0049382171
  -0.0050347337    -0.0051315293    -0.0052286348    -0.0053260425    -0.0054237679
  -0.0055218187    -0.0056201950    -0.0057189277    -0.0058179936    -0.0059174392
  -0.0060172489    -0.0061174384    -0.0062180308    -0.0063190338    -0.0064204320
  -0.0065222797    -0.0066245613    -0.0067273077    -0.0068305036    -0.0069341877
  -0.0070383754    -0.0071430668    -0.0072482929    -0.0073540691    -0.0074603876
  -0.0075673029    -0.0076748070    -0.0077829310    -0.0078916827    -0.0080011085
  -0.0081112006    -0.0082219979    -0.0083335003    -0.0084457621    -0.0085588065
  -0.0086726335    -0.0087872973    -0.0089028057    -0.0090191975    -0.0091365036
  -0.0092547628    -0.0093739828    -0.0094942334    -0.0096155301    -0.0097379348
  -0.0098614320    -0.0099861303    -0.0101120296    -0.0102391610    -0.0103676018
  -0.0104973677    -0.0106285283    -0.0107611457    -0.0108952585    -0.0110309288
  -0.0111681876    -0.0113071433    -0.0114478269    -0.0115903392    -0.0117346802
  -0.0118809971    -0.0120292667    -0.0121796748    -0.0123321983    -0.0124869457
  -0.0126440486    -0.0128035149    -0.0129654530    -0.0131299248    -0.0132970235
  -0.0134668419    -0.0136394730    -0.0138149014    -0.0139932820    -0.0141745993
  -0.0143590394    -0.0145091608    -0.0141165933    -0.0137238011    -0.0133307996
  -0.0129377595    -0.0125443164    -0.0121508422    -0.0117569730    -0.0113632587
  -0.0109689555    -0.0105748150    -0.0101802716    -0.0097855189    -0.0093907353
  -0.0089955488    -0.0086003467    -0.0082047418    -0.0078091136    -0.0074132761
  -0.0070170280    -0.0066207722    -0.0062243071    -0.0058276251    -0.0054307416
  -0.0050334474    -0.0046361455    -0.0042386344    -0.0038409141    -0.0034427908
  -0.0030446675    -0.0026461259    -0.0022475919    -0.0018486473    -0.0014496949
  -0.0010503474    -0.0006507906    -0.0002510324    0.0001496324    0.0005497935
  0.0009503576    0.0013509139    0.0017518809    0.0021530417    0.0025544038
  0.0029559597    0.0033577093    0.0037598619    0.0041622159    0.0045647636
  -0.0000004581    -0.0000881800    -0.0001758245    -0.0002634767    -0.0003511521
  -0.0004388508    -0.0005265883    -0.0006143567    -0.0007021794    -0.0007900408
  -0.0008779564    -0.0009659341    -0.0010539660    -0.0011420676    -0.0012302390
  -0.0013184878    -0.0014068142    -0.0014952102    -0.0015836993    -0.0016722813
  -0.0017609486    -0.0018497089    -0.0019385776    -0.0020275471    -0.0021166173
  -0.0022058037    -0.0022950986    -0.0023845175    -0.0024740526    -0.0025637195
  -0.0026535103    -0.0027434328    -0.0028334948    -0.0029236963    -0.0030140451
  -0.0031045488    -0.0031951997    -0.0032860056    -0.0033769819    -0.0034681210
  -0.0035594228    -0.0036509106    -0.0037425765    -0.0038344285    -0.0039264664
  -0.0040187135    -0.0041111466    -0.0042037889    -0.0042966482    -0.0043897244
  -0.0044830176    -0.0045765355    -0.0046703014    -0.0047642997    -0.0048585537
  -0.0049530557    -0.0050478211    -0.0051428500    -0.0052381578    -0.0053337523
  -0.0054296258    -0.0055258092    -0.0056222948    -0.0057190904    -0.0058162114
  -0.0059136656    -0.0060114607    -0.0061096045    -0.0062081125    -0.0063069847
  -0.0064062443    -0.0065058991    -0.0066059569    -0.0067064330    -0.0068073431
  -0.0069086638    -0.0070104650    -0.0071127233    -0.0072154543    -0.0073187044
  -0.0074224427    -0.0075267079    -0.0076315311    -0.0077368966    -0.0078428432
  -0.0079493943    -0.0080565497    -0.0081643483    -0.0082727823    -0.0083818904
  -0.0084917113    -0.0086022452    -0.0087135151    -0.0088255677    -0.0089384106
  -0.0090520516    -0.0091665605    -0.0092819449    -0.0093982437    -0.0095154724
  -0.0096336928    -0.0097529128    -0.0098731712    -0.0099944833    -0.0101169655
  -0.0102405789    -0.0103653780    -0.0104914400    -0.0106187651    -0.0107474306
  -0.0108774754    -0.0110089460    -0.0111418733    -0.0112763503    -0.0114124236
  -0.0115501472    -0.0116896066    -0.0118307939    -0.0119738564    -0.0121188095
  -0.0122657540    -0.0124147132    -0.0125657800    -0.0127190706    -0.0128745851
  -0.0130324396    -0.0131926730    -0.0133554092    -0.0135207024    -0.0136885837
  -0.0138591769    -0.0140325442    -0.0142086700    -0.0143876860    -0.0145695534
  -0.0142141017    -0.0138291356    -0.0134441152    -0.0130588624    -0.0126733848
  -0.0122876903    -0.0119019493    -0.0115159836    -0.0111297932    -0.0107433781
  -0.0103569320    -0.0099700674    -0.0095831642    -0.0091960439    -0.0088088927
  -0.0084213230    -0.0080337223    -0.0076458970    -0.0072578546    -0.0068695876
  -0.0064812973    -0.0060925886    -0.0057036552    -0.0053146985    -0.0049255249
  -0.0045361266    -0.0041465113    -0.0037566790    -0.0033666220    -0.0029765496
  -0.0025860587    -0.0021953508    -0.0018046275    -0.0014134857    -0.0010223362
  -0.0006307605    -0.0002391770    0.0001533362    0.0005455551    0.0009377816
  0.0013304266    0.0017230794    0.0021161506    0.0025092217    0.0029027191
  -0.0000004503    -0.0000870642    -0.0001735774    -0.0002601138    -0.0003466579
  -0.0004332253    -0.0005198160    -0.0006064376    -0.0006931058    -0.0007798049
  -0.0008665505    -0.0009533426    -0.0010401967    -0.0011270973    -0.0012140599
  -0.0013010922    -0.0013881865    -0.0014753428    -0.0015625843    -0.0016499034
  -0.0017372921    -0.0018247816    -0.0019123408    -0.0020000008    -0.0020877537
  -0.0021756074    -0.0022635618    -0.0023516169    -0.0024397805    -0.0025280526
  -0.0026164487    -0.0027049533    -0.0027935895    -0.0028823498    -0.0029712340
  -0.0030602577    -0.0031494209    -0.0032387236    -0.0033281657    -0.0034177628
  -0.0035075149    -0.0035974297    -0.0036874995    -0.0037777320    -0.0038681349
  -0.0039587238    -0.0040494910    -0.0041404441    -0.0042315754    -0.0043229160
  -0.0044144502    -0.0045061937    -0.0045981464    -0.0046903160    -0.0047827104
  -0.0048753294    -0.0049681887    -0.0050612727    -0.0051546201    -0.0052482155
  -0.0053420743    -0.0054361889    -0.0055305901    -0.0056252626    -0.0057202372
  -0.0058154985    -0.0059110698    -0.0060069510    -0.0061031577    -0.0061996898
  -0.0062965706    -0.0063937923    -0.0064913782    -0.0065893206    -0.0066876659
  -0.0067863908    -0.0068855265    -0.0069850495    -0.0070850220    -0.0071854207
  -0.0072862843    -0.0073876128    -0.0074894139    -0.0075917187    -0.0076945040
  -0.0077978393    -0.0079016939    -0.0080061218    -0.0081111154    -0.0082166979
  -0.0083229002    -0.0084297225    -0.0085371956    -0.0086453506    -0.0087541875
  -0.0088637373    -0.0089740619    -0.0090851071    -0.0091969582    -0.0093096229
  -0.0094231400    -0.0095375326    -0.0096528086    -0.0097690377    -0.0098862198
  -0.0100043860    -0.0101236293    -0.0102439186    -0.0103653392    -0.0104878756
  -0.0106116286    -0.0107366058    -0.0108628073    -0.0109903726    -0.0111192629
  -0.0112495634    -0.0113813516    -0.0115146586    -0.0116495308    -0.0117860380
  -0.0119242266    -0.0120641586    -0.0122058961    -0.0123495319    -0.0124950352
  -0.0126426151    -0.0127922174    -0.0129439583    -0.0130979308    -0.0132541737
  -0.0134127024    -0.0135737106    -0.0137371364    -0.0139030960    -0.0140716901
  -0.0142428955    -0.0144168440    -0.0145934501    -0.0143061861    -0.0139287671
  -0.0135511002    -0.0131733868    -0.0127954331    -0.0124174330    -0.0120392004
  -0.0116607276    -0.0112822083    -0.0109034565    -0.0105244723    -0.0101454338
  -0.0097661707    -0.0093866673    -0.0090071252    -0.0086273429    -0.0082473359
  -0.0078670886    -0.0074868026    -0.0071062842    -0.0067255333    -0.0063447437
  -0.0059637216    -0.0055824670    -0.0052009800    -0.0048194620    -0.0044375101
  -0.0040555272    -0.0036735210    -0.0032910731    -0.0029084006    -0.0025256971
  -0.0021427688    -0.0017596081    -0.0013764164    -0.0009927985    -0.0006089559
  -0.0002250823    0.0001597211    0.0005440441    0.0009285995    0.0013133720
  -0.0000004503    -0.0000859794    -0.0001714155    -0.0002568594    -0.0003423110
  -0.0004277858    -0.0005132839    -0.0005987975    -0.0006843498    -0.0007699332
  -0.0008555552    -0.0009412083    -0.0010269156    -0.0011126694    -0.0011984697
  -0.0012843320    -0.0013702407    -0.0014562193    -0.0015422520    -0.0016283545
  -0.0017145345    -0.0018007842    -0.0018871114    -0.0019735160    -0.0020599982
  -0.0021465811    -0.0022332415    -0.0023199949    -0.0024068567    -0.0024938038
  -0.0025808671    -0.0026680234    -0.0027552959    -0.0028426692    -0.0029301742
  -0.0030177876    -0.0031055251    -0.0031933942    -0.0032813951    -0.0033695278
  -0.0034577999    -0.0035462114    -0.0036347625    -0.0037234685    -0.0038123372
  -0.0039013609    -0.0039905396    -0.0040798810    -0.0041694084    -0.0042590985
  -0.0043489745    -0.0044390288    -0.0045292845    -0.0046197340    -0.0047103772
  -0.0048012218    -0.0048922911    -0.0049835697    -0.0050750574    -0.0051667854
  -0.0052587458    -0.0053509387    -0.0054433873    -0.0055360839    -0.0056290439
  -0.0057222673    -0.0058157620    -0.0059095356    -0.0060035959    -0.0060979584
  -0.0061926231    -0.0062875977    -0.0063828900    -0.0064785233    -0.0065744898
  -0.0066707972    -0.0067674765    -0.0068645045    -0.0069619277    -0.0070597383
  -0.0071579441    -0.0072565684    -0.0073556110    -0.0074550954    -0.0075550213
  -0.0076554123    -0.0077562836    -0.0078576508    -0.0079595140    -0.0080618963
  -0.0081648287    -0.0082683036    -0.0083723441    -0.0084769967    -0.0085822383
  -0.0086881229    -0.0087946352    -0.0089018139    -0.0090097055    -0.0091182944
  -0.0092276272    -0.0093377194    -0.0094485709    -0.0095602515    -0.0096727690
  -0.0097861621    -0.0099004540    -0.0100156602    -0.0101318195    -0.0102490017
  -0.0103671834    -0.0104864576    -0.0106068090    -0.0107282993    -0.0108509752
  -0.0109748676    -0.0110999766    -0.0112264183    -0.0113541850    -0.0114833775
  -0.0116139802    -0.0117461017    -0.0118797728    -0.0120150247    -0.0121519658
  -0.0122906271    -0.0124310473    -0.0125733349    -0.0127175131    -0.0128636131
  -0.0130117509    -0.0131619963    -0.0133143881    -0.0134689572    -0.0136258432
  -0.0137850460    -0.0139466277    -0.0141106656    -0.0142772219    -0.0144463351
  -0.0146179435    -0.0143930247    -0.0140227345    -0.0136523667    -0.0132817587
  -0.0129110888    -0.0125403646    -0.0121693924    -0.0117981800    -0.0114269057
  -0.0110553911    -0.0106838146    -0.0103119978    -0.0099399409    -0.0095678219
  -0.0091956565    -0.0088232431    -0.0084505895    -0.0080778816    -0.0077049336
  -0.0073317376    -0.0069583014    -0.0065850124    -0.0062112817    -0.0058375046
  -0.0054634872    -0.0050894234    -0.0047151116    -0.0043405673    -0.0039657751
  -0.0035909364    -0.0032158574    -0.0028407475    -0.0024653897    -0.0020897916
  -0.0017139456    -0.0013380685    -0.0009617499    -0.0005856016    -0.0002090040
  -0.0000004503    -0.0000849333    -0.0001693234    -0.0002537134    -0.0003381190
  -0.0004225323    -0.0005069688    -0.0005914208    -0.0006758961    -0.0007604024
  -0.0008449319    -0.0009295002    -0.0010141072    -0.0010987529    -0.0011834297
  -0.0012681606    -0.0013529459    -0.0014377776    -0.0015226635    -0.0016076037
  -0.0016926059    -0.0017776778    -0.0018628195    -0.0019480154    -0.0020332965
  -0.0021186474    -0.0022040758    -0.0022895971    -0.0023751882    -0.0024608722
  -0.0025466570    -0.0026325271    -0.0027184978    -0.0028045616    -0.0028907338
  -0.0029770145    -0.0030634037    -0.0031498936    -0.0032365152    -0.0033232608
  -0.0034101227    -0.0034971085    -0.0035842338    -0.0036714831    -0.0037588796
  -0.0038464156    -0.0039340910    -0.0040219215    -0.0041099069    -0.0041980472
  -0.0042863503    -0.0043748239    -0.0044634679    -0.0045522901    -0.0046412751
  -0.0047304538    -0.0048198262    -0.0049094000    -0.0049991599    -0.0050891212
  -0.0051793072    -0.0052696946    -0.0053603145    -0.0054511592    -0.0055422285
  -0.0056335381    -0.0057250956    -0.0058169088    -0.0059089777    -0.0060013101
  -0.0060939136    -0.0061867884    -0.0062799653    -0.0063734445    -0.0064671949
  -0.0065612862    -0.0066556874    -0.0067504141    -0.0068454739    -0.0069408825
  -0.0070366475    -0.0071327844    -0.0072292933    -0.0073261973    -0.0074234965
  -0.0075211987    -0.0076193348    -0.0077179047    -0.0078169087    -0.0079163775
  -0.0080163190    -0.0081167641    -0.0082177129    -0.0083191732    -0.0084211680
  -0.0085237131    -0.0086268237    -0.0087305078    -0.0088348427    -0.0089397666
  -0.0090453336    -0.0091515669    -0.0092584899    -0.0093661335    -0.0094744822
  -0.0095835903    -0.0096935043    -0.0098042163    -0.0099157420    -0.0100281510
  -0.0101414278    -0.0102556422    -0.0103708020    -0.0104869458    -0.0106041357
  -0.0107223406    -0.0108416614    -0.0109620979    -0.0110837045    -0.0112064889
  -0.0113305363    -0.0114558545    -0.0115825132    -0.0117105588    -0.0118400225
  -0.0119709507    -0.0121034130    -0.0122374794    -0.0123731574    -0.0125105247
  -0.0126496044    -0.0127905437    -0.0129333195    -0.0130780092    -0.0132246825
  -0.0133733705    -0.0135243520    -0.0136771235    -0.0138323048    -0.0139897177
  -0.0141494629    -0.0143115947    -0.0144760433    -0.0146430257    -0.0144748500
  -0.0141116419    -0.0137481627    -0.0133844432    -0.0130208322    -0.0126569656
  -0.0122928509    -0.0119286665    -0.0115644202    -0.0111999181    -0.0108351603
  -0.0104703405    -0.0101054510    -0.0097403136    -0.0093751141    -0.0090096590
  -0.0086441419    -0.0082783690    -0.0079125419    -0.0075464591    -0.0071803144
  -0.0068139139    -0.0064474592    -0.0060807565    -0.0057139918    -0.0053469715
  -0.0049797031    -0.0046123806    -0.0042449960    -0.0038771698    -0.0035092816
  -0.0031413469    -0.0027731565    -0.0024049196    -0.0020362255    -0.0016674849
  -0.0000004503    -0.0000839183    -0.0001672933    -0.0002506682    -0.0003340510
  -0.0004174492    -0.0005008551    -0.0005842844    -0.0006677213    -0.0007511893
  -0.0008346727    -0.0009181872    -0.0010017249    -0.0010853013    -0.0011689088
  -0.0012525627    -0.0013362476    -0.0014199790    -0.0015037569    -0.0015875891
  -0.0016714677    -0.0017554006    -0.0018393955    -0.0019234446    -0.0020075634
  -0.0020917442    -0.0021759948    -0.0022603151    -0.0023447129    -0.0024291804
  -0.0025137332    -0.0025983712    -0.0026831022    -0.0027679107    -0.0028528121
  -0.0029378143    -0.0030229017    -0.0031081054    -0.0031934020    -0.0032788149
  -0.0033643362    -0.0034499660    -0.0035357276    -0.0036215976    -0.0037075916
  -0.0037937173    -0.0038799670    -0.0039663562    -0.0040528849    -0.0041395608
  -0.0042263684    -0.0043133387    -0.0044004562    -0.0044877210    -0.0045751640
  -0.0046627697    -0.0047505459    -0.0048384926    -0.0049266252    -0.0050149360
  -0.0051034328    -0.0051921389    -0.0052810231    -0.0053701243    -0.0054594269
  -0.0055489543    -0.0056386909    -0.0057286599    -0.0058188614    -0.0059092954
  -0.0059999850    -0.0060908994    -0.0061821005    -0.0062735572    -0.0063652852
  -0.0064572689    -0.0065495625    -0.0066421506    -0.0067350408    -0.0068282178
  -0.0069217280    -0.0070155790    -0.0071097401    -0.0072042730    -0.0072991392
  -0.0073943695    -0.0074899873    -0.0075859925    -0.0076823851    -0.0077791962
  -0.0078764257    -0.0079740968    -0.0080721942    -0.0081707409    -0.0082697836
  -0.0083693144    -0.0084693334    -0.0085698560    -0.0086709443    -0.0087725595
  -0.0088747635    -0.0089775255    -0.0090808919    -0.0091848937    -0.0092895153
  -0.0093948188    -0.0095007965    -0.0096074793    -0.0097148827    -0.0098230532
  -0.0099319753    -0.0100417188    -0.0101522526    -0.0102636853    -0.0103759781
  -0.0104891929    -0.0106033531    -0.0107185206    -0.0108346412    -0.0109518620
  -0.0110701290    -0.0111895117    -0.0113100722    -0.0114317641    -0.0115547189
  -0.0116789600    -0.0118044874    -0.0119313708    -0.0120596722    -0.0121894380
  -0.0123206994    -0.0124535182    -0.0125879487    -0.0127240452    -0.0128618386
  -0.0130013755    -0.0131427953    -0.0132860669    -0.0134312060    -0.0135784063
  -0.0137276444    -0.0138789204    -0.0140323815    -0.0141880122    -0.0143459210
  -0.0145060459    -0.0146685031    -0.0145522818    -0.0141955748    -0.0138387826
  -0.0134817269    -0.0131247720    -0.0127675614    -0.0124100873    -0.0120527294
  -0.0116951004    -0.0113372156    -0.0109792611    -0.0106212291    -0.0102631196
  -0.0099047545    -0.0095461181    -0.0091874197    -0.0088286439    -0.0084697983
  -0.0081106970    -0.0077515182    -0.0073920837    -0.0070325717    -0.0066728041
  -0.0063129666    -0.0059528658    -0.0055927029    -0.0052324703    -0.0048719743
  -0.0045114163    -0.0041505870    -0.0037897035    -0.0034285566    -0.0030673477
