  0.0000000000    0.0036000000
  0.0000500000    0.0006000000    299    19
  0.0770878494    0.0768970549    0.0766635835    0.0764257014    0.0761844814
  0.0759401023    0.0756925642    0.0754418075    0.0751877725    0.0749303997
  0.0746696293    0.0744054019    0.0741375387    0.0738660395    0.0735907257
  0.0733115971    0.0730284750    0.0727412403    0.0724498332    0.0721540749
  0.0718537867    0.0715489686    0.0712393224    0.0709247887    0.0706052482
  0.0702804029    0.0699501336    0.0696142614    0.0692726076    0.0689248741
  0.0685708821    0.0682103932    0.0678431094    0.0674687922    0.0670871437
  0.0666977465    0.0663004220    0.0658946931    0.0654801428    0.0650564134
  0.0646229684    0.0641793907    0.0637250841    0.0632594526    0.0627817214
  0.0622914732    0.0617876947    0.0612695515    0.0607361495    0.0601864159
  0.0596190989    0.0590328276    0.0584262908    0.0577975214    0.0571447313
  0.0564657748    0.0557580888    0.0550185740    0.0542436540    0.0534293950
  0.0525707901    0.0516619384    0.0506953895    0.0505006015    0.0504701436
  0.0504393280    0.0504081547    0.0503766835    0.0503448546    0.0503126681
  0.0502801836    0.0502473414    0.0502141416    0.0501805842    0.0501466691
  0.0501124561    0.0500784218    0.0500433743    0.0500080884    0.0499723256
  0.0499362051    0.0498991311    0.0498622954    0.0498251021    0.0497875512
  0.0497495830    0.0497111976    0.0496725142    0.0496333539    0.0495938361
  0.0495539010    0.0495136082    0.0494728982    0.0494317114    0.0493901670
  0.0493482649    0.0493058860    0.0492630899    0.0492199361    0.0491763055
  0.0491322577    0.0490877330    0.0490428507    0.0489974320    0.0489516556
  0.0489054024    0.0488587320    0.0488115847    0.0487639606    0.0487159193
  0.0486674011    0.0486183465    0.0485689342    0.0485189855    0.0484685600
  0.0484176576    0.0483662784    0.0483143628    0.0482619703    0.0482091010
  0.0481556952    0.0481018126    0.0480473936    0.0479924977    0.0479370058
  0.0478810370    0.0478245318    0.0477674901    0.0477098525    0.0476517379
  0.0475930274    0.0475337803    0.0474739373    0.0474136174    0.0473526418
  0.0472911298    0.0472289622    0.0471662581    0.0471029580    0.0470390618
  0.0469745696    0.0469094217    0.0468436182    0.0467772782    0.0467102826
  0.0466426313    0.0465743840    0.0465053618    0.0464358032    0.0463655293
  0.0462945998    0.0462229550    0.0461506546    0.0460776985    0.0460039079
  0.0459295213    0.0458544195    0.0457785428    0.0457020104    0.0456246436
  0.0455465615    0.0454677641    0.0453881919    0.0453078449    0.0452267230
  0.0451447070    0.0450949371    0.0450949371    0.0450949371    0.0450949371
  0.0450949371    0.0450949371    0.0450949371    0.0450949371    0.0450949371
  0.0450949371    0.0450949371    0.0450949371    0.0450949371    0.0450949371
  0.0450949371    0.0450949371    0.0450949371    0.0450949371    0.0450949371
  0.0450949371    0.0450949371    0.0450949371    0.0450949371    0.0450949371
  0.0450949371    0.0450949371    0.0450949371    0.0450949371    0.0450949371
  0.0450949371    0.0450949371    0.0450949371    0.0450949371    0.0450949371
  0.0450949371    0.0450949371    0.0450949371    0.0450949371    0.0450949371
  0.0450949371    0.0450949371    0.0450949371    0.0450949371    0.0450949371
  0.0450949371    0.0450949371    0.0450949371    0.0450949371    0.0450949371
  0.0450949371    0.0450949371    0.0450949371    0.0450949371    0.0450949371
  0.0450949371    0.0450949371    0.0450949371    0.0450949371    0.0450949371
  0.0450949371    0.0450949371    0.0450949371    0.0450949371    0.0450949371
  0.0450949371    0.0450949371    0.0450949371    0.0450949371    0.0450949371
  0.0450949371    0.0450949371    0.0450949371    0.0450949371    0.0450949371
  0.0450949371    0.0450949371    0.0450949371    0.0450949371    0.0450949371
  0.0450949371    0.0450949371    0.0450949371    0.0450949371    0.0450949371
  0.0450949371    0.0450949371    0.0450949371    0.0450949371    0.0450949371
  0.0450949371    0.0450949371    0.0450949371    0.0450949371    0.0450949371
  0.0450949371    0.0450949371    0.0450949371    0.0450949371    0.0450949371
  0.0450949371    0.0450949371    0.0450949371    0.0450949371    0.0450949371
  0.0450949371    0.0450949371    0.0450949371    0.0450949371    0.0450949371
  0.0450949371    0.0450949371    0.0450949371    0.0450949371    0.0450949371
  0.0450949371    0.0450949371    0.0450949371    0.0450949371    0.0450949371
  0.0450949371    0.0450949371    0.0450949371    0.0450949371    0.0450949371
  0.0450949371    0.0450949371    0.0450949371    0.0450949371    0.0450949371
  0.0450949371    0.0450949371    0.0450949371    0.0450949371    0.0450949371
  0.0793572366    0.0792051256    0.0790017545    0.0787930191    0.0785812438
  0.0783668458    0.0781499445    0.0779305398    0.0777086914    0.0774842799
  0.0772573054    0.0770277679    0.0767954886    0.0765605271    0.0763228238
  0.0760822594    0.0758387744    0.0755923688    0.0753429234    0.0750903189
  0.0748345554    0.0745755136    0.0743131340    0.0740473568    0.0737780631
  0.0735051334    0.0732285082    0.0729480088    0.0726636350    0.0723752081
  0.0720826089    0.0717856586    0.0714843571    0.0711785257    0.0708679855
  0.0705525577    0.0702321827    0.0699065030    0.0695755184    0.0692389905
  0.0688966811    0.0685484111    0.0681939423    0.0678329766    0.0674652755
  0.0670906603    0.0667086542    0.0663191378    0.0659215748    0.0655157268
  0.0651012361    0.0646776259    0.0642443001    0.0638009608    0.0633468926
  0.0628817976    0.0624047220    0.0619149506    0.0614118278    0.0608946979
  0.0603623092    0.0598136485    0.0592476428    0.0586629808    0.0580579937
  0.0574313104    0.0567808449    0.0561046898    0.0553998053    0.0546638072
  0.0538932383    0.0530837476    0.0522310436    0.0517551005    0.0517276824
  0.0517000258    0.0516720712    0.0516438782    0.0516154468    0.0515867174
  0.0515576899    0.0515284240    0.0514988601    0.0514690578    0.0514389575
  0.0514086187    0.0513779223    0.0513469875    0.0513158143    0.0512843430
  0.0512525141    0.0512205064    0.0511881411    0.0511554778    0.0511225164
  0.0510892570    0.0510557592    0.0510219038    0.0509878099    0.0509533584
  0.0509186685    0.0508836210    0.0508482754    0.0508126318    0.0507766902
  0.0507404506    0.0507038534    0.0506668985    0.0506297052    0.0505921543
  0.0505543053    0.0505160987    0.0504775941    0.0504387319    0.0503995717
  0.0503600538    0.0503202379    0.0502800047    0.0502394736    0.0501985848
  0.0501573980    0.0501157939    0.0500746071    0.0500323474    0.0499896705
  0.0499466956    0.0499033630    0.0498588979    0.0498148501    0.0497703850
  0.0497255623    0.0496803224    0.0496347845    0.0495888889    0.0495425165
  0.0494957864    0.0494486988    0.0494012535    0.0493533313    0.0493050516
  0.0492563546    0.0492072999    0.0491578281    0.0491078794    0.0490575731
  0.0490068495    0.0489557087    0.0489040911    0.0488521159    0.0487997234
  0.0487468541    0.0486935675    0.0486398041    0.0485856235    0.0485310256
  0.0484759510    0.0484203994    0.0483643711    0.0483079255    0.0482510030
  0.0481936038    0.0481357276    0.0480774343    0.0480186045    0.0479592979
  0.0478994548    0.0478391349    0.0477783382    0.0477170646    0.0476552546
  0.0475929081    0.0475300252    0.0474666655    0.0474027693    0.0473383963
  0.0472734272    0.0472078621    0.0471418202    0.0470751822    0.0470080078
  0.0469402969    0.0468719900    0.0468030870    0.0467336476    0.0466635525
  0.0465929210    0.0465216935    0.0464498699    0.0463773906    0.0463043749
  0.0462575853    0.0462575853    0.0462575853    0.0462575853    0.0462575853
  0.0462575853    0.0462575853    0.0462575853    0.0462575853    0.0462575853
  0.0462575853    0.0462575853    0.0462575853    0.0462575853    0.0462575853
  0.0462575853    0.0462575853    0.0462575853    0.0462575853    0.0462575853
  0.0462575853    0.0462575853    0.0462575853    0.0462575853    0.0462575853
  0.0462575853    0.0462575853    0.0462575853    0.0462575853    0.0462575853
  0.0462575853    0.0462575853    0.0462575853    0.0462575853    0.0462575853
  0.0462575853    0.0462575853    0.0462575853    0.0462575853    0.0462575853
  0.0462575853    0.0462575853    0.0462575853    0.0462575853    0.0462575853
  0.0462575853    0.0462575853    0.0462575853    0.0462575853    0.0462575853
  0.0462575853    0.0462575853    0.0462575853    0.0462575853    0.0462575853
  0.0462575853    0.0462575853    0.0462575853    0.0462575853    0.0462575853
  0.0462575853    0.0462575853    0.0462575853    0.0462575853    0.0462575853
  0.0462575853    0.0462575853    0.0462575853    0.0462575853    0.0462575853
  0.0462575853    0.0462575853    0.0462575853    0.0462575853    0.0462575853
  0.0462575853    0.0462575853    0.0462575853    0.0462575853    0.0462575853
  0.0462575853    0.0462575853    0.0462575853    0.0462575853    0.0462575853
  0.0462575853    0.0462575853    0.0462575853    0.0462575853    0.0462575853
  0.0462575853    0.0462575853    0.0462575853    0.0462575853    0.0462575853
  0.0462575853    0.0462575853    0.0462575853    0.0462575853    0.0462575853
  0.0462575853    0.0462575853    0.0462575853    0.0462575853    0.0462575853
  0.0462575853    0.0462575853    0.0462575853    0.0462575853    0.0462575853
  0.0813592374    0.0812386572    0.0810602605    0.0808747113    0.0806858838
  0.0804947317    0.0803013742    0.0801059902    0.0799085200    0.0797090828
  0.0795076191    0.0793041289    0.0790985525    0.0788908303    0.0786809623
  0.0784689486    0.0782546699    0.0780381262    0.0778193176    0.0775980651
  0.0773744881    0.0771484077    0.0769198835    0.0766887367    0.0764549673
  0.0762185752    0.0759794414    0.0757375062    0.0754927099    0.0752449930
  0.0749942958    0.0747404993    0.0744835436    0.0742233694    0.0739599168
  0.0736930668    0.0734227002    0.0731488168    0.0728711784    0.0725898445
  0.0723045170    0.0720151961    0.0717218816    0.0714241564    0.0711221993
  0.0708155930    0.0705043972    0.0701884329    0.0698674023    0.0695412457
  0.0692098439    0.0688728392    0.0685301125    0.0681814253    0.0678266585
  0.0674653947    0.0670975149    0.0667227209    0.0663405955    0.0659510791
  0.0655535758    0.0651479065    0.0647333562    0.0643100441    0.0638769567
  0.0634339750    0.0629803836    0.0625157058    0.0620392263    0.0615502894
  0.0610481203    0.0605318248    0.0600005686    0.0594532788    0.0588885844
  0.0583056509    0.0577025712    0.0570780933    0.0564302504    0.0557566583
  0.0550552309    0.0543231666    0.0535568297    0.0528772175    0.0528521836
  0.0528269708    0.0528015792    0.0527759492    0.0527500808    0.0527239740
  0.0526976883    0.0526711643    0.0526444614    0.0526175201    0.0525903404
  0.0525629818    0.0525353253    0.0525074899    0.0524794757    0.0524511635
  0.0524226129    0.0523938835    0.0523649156    0.0523357093    0.0523062646
  0.0522765815    0.0522466600    0.0522164404    0.0521860421    0.0521554649
  0.0521245897    0.0520934165    0.0520621240    0.0520304739    0.0519986451
  0.0519665778    0.0519342124    0.0519016087    0.0518687665    0.0518356860
  0.0518023074    0.0517686903    0.0517348349    0.0517007411    0.0516662896
  0.0516316593    0.0515967309    0.0515616238    0.0515261590    0.0514904559
  0.0514544547    0.0514182150    0.0513816774    0.0513449013    0.0513078272
  0.0512704551    0.0512328446    0.0511948764    0.0511566699    0.0511182249
  0.0510794222    0.0510403812    0.0510010421    0.0509613454    0.0509214699
  0.0508812368    0.0508407056    0.0507998168    0.0507586896    0.0507173240
  0.0506755412    0.0506335199    0.0505911410    0.0505484641    0.0505054891
  0.0504622161    0.0504185855    0.0503746569    0.0503304303    0.0502858460
  0.0502409041    0.0501957238    0.0501501262    0.0501041710    0.0500588119
  0.0500122607    0.0499652922    0.0499180853    0.0498695672    0.0498215854
  0.0497733057    0.0497246683    0.0496756136    0.0496262610    0.0495764911
  0.0495264232    0.0494759381    0.0494251549    0.0493739545    0.0493223965
  0.0492704213    0.0492180884    0.0491653383    0.0491122901    0.0490587652
  0.0490048826    0.0489505827    0.0488959253    0.0488407910    0.0487853587
  0.0487294495    0.0486731827    0.0486164391    0.0485592782    0.0485017598
  0.0484437048    0.0483853519    0.0483265221    0.0482672155    0.0482074916
  0.0481473505    0.0480866730    0.0480256379    0.0479641259    0.0479021966
  0.0478397310    0.0477767885    0.0477134883    0.0476495922    0.0475852787
  0.0475204885    0.0474551618    0.0473893583    0.0473230779    0.0473011434
  0.0473011434    0.0473011434    0.0473011434    0.0473011434    0.0473011434
  0.0473011434    0.0473011434    0.0473011434    0.0473011434    0.0473011434
  0.0473011434    0.0473011434    0.0473011434    0.0473011434    0.0473011434
  0.0473011434    0.0473011434    0.0473011434    0.0473011434    0.0473011434
  0.0473011434    0.0473011434    0.0473011434    0.0473011434    0.0473011434
  0.0473011434    0.0473011434    0.0473011434    0.0473011434    0.0473011434
  0.0473011434    0.0473011434    0.0473011434    0.0473011434    0.0473011434
  0.0473011434    0.0473011434    0.0473011434    0.0473011434    0.0473011434
  0.0473011434    0.0473011434    0.0473011434    0.0473011434    0.0473011434
  0.0473011434    0.0473011434    0.0473011434    0.0473011434    0.0473011434
  0.0473011434    0.0473011434    0.0473011434    0.0473011434    0.0473011434
  0.0473011434    0.0473011434    0.0473011434    0.0473011434    0.0473011434
  0.0473011434    0.0473011434    0.0473011434    0.0473011434    0.0473011434
  0.0473011434    0.0473011434    0.0473011434    0.0473011434    0.0473011434
  0.0473011434    0.0473011434    0.0473011434    0.0473011434    0.0473011434
  0.0473011434    0.0473011434    0.0473011434    0.0473011434    0.0473011434
  0.0473011434    0.0473011434    0.0473011434    0.0473011434    0.0473011434
  0.0831516683    0.0830565989    0.0829002559    0.0827340186    0.0825639665
  0.0823914111    0.0822168887    0.0820405781    0.0818624794    0.0816827118
  0.0815013349    0.0813182294    0.0811333954    0.0809468925    0.0807586014
  0.0805686414    0.0803768337    0.0801832974    0.0799878538    0.0797906220
  0.0795914233    0.0793903768    0.0791873038    0.0789822638    0.0787751973
  0.0785660446    0.0783547461    0.0781413615    0.0779257715    0.0777079165
  0.0774877965    0.0772654116    0.0770405829    0.0768133700    0.0765836537
  0.0763513744    0.0761165321    0.0758790672    0.0756388605    0.0753959119
  0.0751501024    0.0749014318    0.0746497810    0.0743950903    0.0741373003
  0.0738762915    0.0736120045    0.0733443201    0.0730732381    0.0727985203
  0.0725202262    0.0722381771    0.0719521940    0.0716623366    0.0713683069
  0.0710701644    0.0707675517    0.0704604685    0.0701488554    0.0698324144
  0.0695109665    0.0691845119    0.0688526928    0.0685154498    0.0681724846
  0.0678235590    0.0674686134    0.0671073496    0.0667392910    0.0663645566
  0.0659824312    0.0655929148    0.0651955903    0.0647899210    0.0643758476
  0.0639527738    0.0635200441    0.0630776584    0.0626246035    0.0621604621
  0.0616848171    0.0611966550    0.0606953800    0.0601802766    0.0596502125
  0.0591042340    0.0585412681    0.0579600632    0.0573592484    0.0567370355
  0.0560916364    0.0554210842    0.0547232330    0.0539949238    0.0538718998
  0.0538486540    0.0538252890    0.0538016856    0.0537779033    0.0537540019
  0.0537298620    0.0537056029    0.0536811054    0.0536564291    0.0536316335
  0.0536065996    0.0535813868    0.0535559952    0.0535304248    0.0535046160
  0.0534786880    0.0534525216    0.0534262359    0.0533997118    0.0533729494
  0.0533460677    0.0533189476    0.0532916486    0.0532641709    0.0532365143
  0.0532085598    0.0531804860    0.0531522334    0.0531237423    0.0530950725
  0.0530661643    0.0530370772    0.0530078113    0.0529783070    0.0529486239
  0.0529187024    0.0528886020    0.0528582633    0.0528277457    0.0527969897
  0.0527660549    0.0527348816    0.0527034700    0.0526718795    0.0526400506
  0.0526080430    0.0525757968    0.0525433123    0.0525105894    0.0524777472
  0.0524445474    0.0524112284    0.0523776114    0.0523438156    0.0523097813
  0.0522755086    0.0522409976    0.0522062480    0.0521712601    0.0521360934
  0.0521006286    0.0520649254    0.0520290434    0.0519929230    0.0519565046
  0.0519198477    0.0518830121    0.0518458188    0.0518085063    0.0517708957
  0.0517329872    0.0516948998    0.0516564548    0.0516178310    0.0515789688
  0.0515398681    0.0515004694    0.0514607728    0.0514208376    0.0513806641
  0.0513402522    0.0512995422    0.0512585938    0.0512172878    0.0511757433
  0.0511339605    0.0510919392    0.0510495603    0.0510069430    0.0509640276
  0.0509208143    0.0508773625    0.0508336127    0.0507895648    0.0507452786
  0.0507006347    0.0506556928    0.0506105125    0.0505649745    0.0505191982
  0.0504730642    0.0504266322    0.0503799617    0.0503329337    0.0502856076
  0.0502379835    0.0501900017    0.0501417816    0.0500941575    0.0500453413
  0.0499960482    0.0499465168    0.0498955548    0.0498453081    0.0497947633
  0.0497439206    0.0496927202    0.0496411622    0.0495893061    0.0495370328
  0.0494844615    0.0494315326    0.0493782461    0.0493246019    0.0492706001
  0.0492163002    0.0491615236    0.0491065085    0.0490510762    0.0489952862
  0.0489390194    0.0488824546    0.0488255322    0.0487682521    0.0487104952
  0.0486524403    0.0485939682    0.0485350192    0.0484757721    0.0484160483
  0.0483560264    0.0482955277    0.0482506454    0.0482506454    0.0482506454
  0.0482506454    0.0482506454    0.0482506454    0.0482506454    0.0482506454
  0.0482506454    0.0482506454    0.0482506454    0.0482506454    0.0482506454
  0.0482506454    0.0482506454    0.0482506454    0.0482506454    0.0482506454
  0.0482506454    0.0482506454    0.0482506454    0.0482506454    0.0482506454
  0.0482506454    0.0482506454    0.0482506454    0.0482506454    0.0482506454
  0.0482506454    0.0482506454    0.0482506454    0.0482506454    0.0482506454
  0.0482506454    0.0482506454    0.0482506454    0.0482506454    0.0482506454
  0.0482506454    0.0482506454    0.0482506454    0.0482506454    0.0482506454
  0.0482506454    0.0482506454    0.0482506454    0.0482506454    0.0482506454
  0.0482506454    0.0482506454    0.0482506454    0.0482506454    0.0482506454
  0.0482506454    0.0482506454    0.0482506454    0.0482506454    0.0482506454
  0.0482506454    0.0482506454    0.0482506454    0.0482506454    0.0482506454
  0.0847753584    0.0847004950    0.0845641196    0.0844147503    0.0842605531
  0.0841035545    0.0839445889    0.0837838948    0.0836215913    0.0834578574
  0.0832926333    0.0831260383    0.0829579532    0.0827884376    0.0826175511
  0.0824451745    0.0822713077    0.0820960104    0.0819191635    0.0817408264
  0.0815609396    0.0813795030    0.0811964571    0.0810118020    0.0808255374
  0.0806376040    0.0804480016    0.0802566111    0.0800635517    0.0798687041
  0.0796720684    0.0794735849    0.0792731941    0.0790708959    0.0788667500
  0.0786605179    0.0784523189    0.0782420933    0.0780297816    0.0778153241
  0.0775987208    0.0773798525    0.0771587789    0.0769353807    0.0767095983
  0.0764814317    0.0762508214    0.0760177076    0.0757820308    0.0755436718
  0.0753026307    0.0750589073    0.0748123229    0.0745629370    0.0743105114
  0.0740551054    0.0737966001    0.0735349357    0.0732699931    0.0730017126
  0.0727299750    0.0724547803    0.0721758306    0.0718933046    0.0716069043
  0.0713165104    0.0710220039    0.0707233846    0.0704204738    0.0701130927
  0.0698010623    0.0694843233    0.0691626370    0.0688358247    0.0685038865
  0.0681664646    0.0678233206    0.0674743950    0.0671193302    0.0667579472
  0.0663900673    0.0660153329    0.0656333268    0.0652440488    0.0648469031
  0.0644415915    0.0640278161    0.0636050999    0.0631730258    0.0627309382
  0.0622785985    0.0618153512    0.0613403618    0.0608532727    0.0603531301
  0.0598390996    0.0593104064    0.0587660372    0.0582047403    0.0576255023
  0.0570267737    0.0564069450    0.0557644069    0.0550973713    0.0548066199
  0.0547850430    0.0547632873    0.0547414720    0.0547194183    0.0546972454
  0.0546749532    0.0546524823    0.0546298325    0.0546070635    0.0545841157
  0.0545610487    0.0545378029    0.0545143783    0.0544908345    0.0544671118
  0.0544432104    0.0544191897    0.0543949902    0.0543706715    0.0543461144
  0.0543214977    0.0542966425    0.0542716682    0.0542464554    0.0542211235
  0.0541956723    0.0541700423    0.0541441739    0.0541181266    0.0540920198
  0.0540656745    0.0540392101    0.0540125072    0.0539856851    0.0539586842
  0.0539315045    0.0539041460    0.0538766086    0.0538489521    0.0538210571
  0.0537929833    0.0537647903    0.0537363589    0.0537078083    0.0536790192
  0.0536501110    0.0536209643    0.0535916984    0.0535621941    0.0535325110
  0.0535026491    0.0534726083    0.0534423888    0.0534119904    0.0533814132
  0.0533505976    0.0533196032    0.0532884300    0.0532570779    0.0532255471
  0.0531937778    0.0531618297    0.0531297624    0.0530973971    0.0530648530
  0.0530321300    0.0529992282    0.0529660881    0.0529327691    0.0528992116
  0.0528655350    0.0528315604    0.0527974069    0.0527630746    0.0527285039
  0.0526937544    0.0526587665    0.0526235998    0.0525881946    0.0525526106
  0.0525167882    0.0524807870    0.0524444878    0.0524080694    0.0523713529
  0.0523343980    0.0522972643    0.0522599518    0.0522223413    0.0521846116
  0.0521465838    0.0521083176    0.0520698130    0.0520311296    0.0519921482
  0.0519529879    0.0519135892    0.0518739522    0.0518340766    0.0517939627
  0.0517536104    0.0517129600    0.0516721904    0.0516310632    0.0515897572
  0.0515482128    0.0515063703    0.0514642894    0.0514219701    0.0513794124
  0.0513365567    0.0512934625    0.0512501895    0.0512065589    0.0511626899
  0.0511185825    0.0510742366    0.0510295331    0.0509846509    0.0509394705
  0.0508939922    0.0508482754    0.0508023202    0.0507560670    0.0507094562
  0.0506626070    0.0506155789    0.0505681336    0.0505204499    0.0504725277
  0.0504242480    0.0503757298    0.0503268540    0.0502777398    0.0502282679
  0.0501785576    0.0501285493    0.0500794351    0.0500287712    0.0499778092
  0.0499265492    0.0498737991    0.0498218834    0.0497697890    0.0497172177
  0.0496644080    0.0496112406    0.0495578349    0.0495040119    0.0494498312
  0.0493954122    0.0493405759    0.0492854416    0.0492300093    0.0491742194
  0.0491237938    0.0491237938    0.0491237938    0.0491237938    0.0491237938
  0.0491237938    0.0491237938    0.0491237938    0.0491237938    0.0491237938
  0.0491237938    0.0491237938    0.0491237938    0.0491237938    0.0491237938
  0.0491237938    0.0491237938    0.0491237938    0.0491237938    0.0491237938
  0.0491237938    0.0491237938    0.0491237938    0.0491237938    0.0491237938
  0.0491237938    0.0491237938    0.0491237938    0.0491237938    0.0491237938
  0.0491237938    0.0491237938    0.0491237938    0.0491237938    0.0491237938
  0.0491237938    0.0491237938    0.0491237938    0.0491237938    0.0491237938
  0.0862598717    0.0862009227    0.0860827863    0.0859484971    0.0858081877
  0.0856646001    0.0855188072    0.0853712857    0.0852222145    0.0850718319
  0.0849201381    0.0847671330    0.0846129358    0.0844574273    0.0843007267
  0.0841428339    0.0839836299    0.0838232338    0.0836615860    0.0834986269
  0.0833343565    0.0831688344    0.0830020010    0.0828337967    0.0826642215
  0.0824933350    0.0823210180    0.0821473300    0.0819722116    0.0817956030
  0.0816175640    0.0814380348    0.0812569559    0.0810743272    0.0808901489
  0.0807044208    0.0805170238    0.0803280175    0.0801373422    0.0799449384
  0.0797508061    0.0795549452    0.0793572962    0.0791578591    0.0789565146
  0.0787532628    0.0785481632    0.0783410370    0.0781320035    0.0779208243
  0.0777076781    0.0774923861    0.0772748888    0.0770552456    0.0768333972
  0.0766091645    0.0763826668    0.0761537254    0.0759223998    0.0756885111
  0.0754521191    0.0752131641    0.0749714077    0.0747270286    0.0744797885
  0.0742298067    0.0739767849    0.0737208426    0.0734617412    0.0731995404
  0.0729341209    0.0726653039    0.0723932087    0.0721174777    0.0718381107
  0.0715551674    0.0712683499    0.0709775984    0.0706827939    0.0703838766
  0.0700806677    0.0697729290    0.0694607794    0.0691437423    0.0688218772
  0.0684950054    0.0681629479    0.0678254068    0.0674822628    0.0671333969
  0.0667783320    0.0664170086    0.0660491884    0.0656745732    0.0652928650
  0.0649038255    0.0645069182    0.0641021430    0.0636886656    0.0632664859
  0.0628348887    0.0623935163    0.0619420707    0.0614794195    0.0610054433
  0.0605193675    0.0600204170    0.0595076978    0.0589806139    0.0584377348
  0.0578784645    0.0573011339    0.0567047298    0.0560877621    0.0556708872
  0.0556507409    0.0556304157    0.0556099713    0.0555894673    0.0555687845
  0.0555479228    0.0555270016    0.0555059016    0.0554846823    0.0554633439
  0.0554418862    0.0554202497    0.0553985536    0.0553766191    0.0553546250
  0.0553325117    0.0553102195    0.0552878082    0.0552652776    0.0552425683
  0.0552197397    0.0551967323    0.0551736653    0.0551504195    0.0551270545
  0.0551035106    0.0550798476    0.0550560653    0.0550321043    0.0550079644
  0.0549837649    0.0549593270    0.0549348295    0.0549101532    0.0548852980
  0.0548603833    0.0548352897    0.0548100173    0.0547846258    0.0547590554
  0.0547333658    0.0547074974    0.0546815097    0.0546554029    0.0546290576
  0.0546025932    0.0545760095    0.0545492470    0.0545223653    0.0544953048
  0.0544681251    0.0544407070    0.0544131696    0.0543855131    0.0543576777
  0.0543296039    0.0543014705    0.0542731583    0.0542446673    0.0542159975
  0.0541872084    0.0541582406    0.0541291535    0.0540997684    0.0540703237
  0.0540407002    0.0540108979    0.0539809763    0.0539508164    0.0539205372
  0.0538900793    0.0538594425    0.0538286269    0.0537976325    0.0537665188
  0.0537351668    0.0537036955    0.0536719859    0.0536401570    0.0536081493
  0.0535759032    0.0535435379    0.0535109937    0.0534782708    0.0534453094
  0.0534122288    0.0533789098    0.0533454716    0.0533118546    0.0532779992
  0.0532439649    0.0532097518    0.0531753600    0.0531407893    0.0531059802
  0.0530710518    0.0530358851    0.0530004799    0.0529650152    0.0529292524
  0.0528933108    0.0528571904    0.0528208315    0.0527842939    0.0527475774
  0.0527106822    0.0526735485    0.0526361763    0.0525986850    0.0525609553
  0.0525229871    0.0524848402    0.0524464548    0.0524078906    0.0523690879
  0.0523301065    0.0522909462    0.0522514880    0.0522118509    0.0521719754
  0.0521319211    0.0520916283    0.0520511568    0.0520103872    0.0519694388
  0.0519282520    0.0518868864    0.0518452823    0.0518033803    0.0517612994
  0.0517189801    0.0516764224    0.0516336858    0.0515905917    0.0515473783
  0.0515039265    0.0514601767    0.0514162481    0.0513719618    0.0513275564
  0.0512828529    0.0512379110    0.0511926711    0.0511472523    0.0511015356
  0.0510556400    0.0510093868    0.0509629548    0.0509162247    0.0508692563
  0.0508220494    0.0507745445    0.0507268012    0.0506787598    0.0506304801
  0.0505819023    0.0505330861    0.0504839718    0.0504346192    0.0503849685
  0.0503350198    0.0502847731    0.0502343476    0.0501835644    0.0501324832
  0.0500824153    0.0500308573    0.0499788821    0.0499339402    0.0499339402
  0.0499339402    0.0499339402    0.0499339402    0.0499339402    0.0499339402
  0.0499339402    0.0499339402    0.0499339402    0.0499339402    0.0499339402
  0.0499339402    0.0499339402    0.0499339402    0.0499339402    0.0499339402
  0.0876277983    0.0875810683    0.0874794424    0.0873590410    0.0872311890
  0.0870993435    0.0869650543    0.0868288577    0.0866911709    0.0865521729
  0.0864119232    0.0862704813    0.0861279666    0.0859843194    0.0858395398
  0.0856937468    0.0855468214    0.0853988826    0.0852498114    0.0850996673
  0.0849483907    0.0847960413    0.0846425593    0.0844879448    0.0843321979
  0.0841753185    0.0840172470    0.0838579834    0.0836975276    0.0835358799
  0.0833729208    0.0832088292    0.0830434263    0.0828767717    0.0827087462
  0.0825394690    0.0823688209    0.0821969211    0.0820235908    0.0818488300
  0.0816726983    0.0814950764    0.0813160241    0.0811355412    0.0809535086
  0.0807699859    0.0805848539    0.0803981721    0.0802098811    0.0800200403
  0.0798284709    0.0796352327    0.0794402063    0.0792435110    0.0790450275
  0.0788446963    0.0786426365    0.0784386098    0.0782327354    0.0780248344
  0.0778150260    0.0776031315    0.0773892701    0.0771732032    0.0769550502
  0.0767347515    0.0765121281    0.0762872994    0.0760601461    0.0758305490
  0.0755986273    0.0753642023    0.0751272142    0.0748876631    0.0746454298
  0.0744005144    0.0741527379    0.0739021599    0.0736487806    0.0733922422
  0.0731327236    0.0728701055    0.0726042092    0.0723350942    0.0720625818
  0.0717864335    0.0715067685    0.0712235272    0.0709364116    0.0706454217
  0.0703503788    0.0700511634    0.0697477162    0.0694398582    0.0691274703
  0.0688104331    0.0684885085    0.0681615174    0.0678294003    0.0674918592
  0.0671487749    0.0667998493    0.0664450228    0.0660838783    0.0657162368
  0.0653418601    0.0649605691    0.0645717084    0.0641752779    0.0637708008
  0.0633579791    0.0629362762    0.0625054538    0.0620647371    0.0616140664
  0.0611524880    0.0606795251    0.0601945221    0.0596969426    0.0591855943
  0.0586600602    0.0581191480    0.0575616062    0.0569866598    0.0564757288
  0.0564567745    0.0564377010    0.0564185083    0.0563991964    0.0563797653
  0.0563602149    0.0563406050    0.0563208163    0.0563009679    0.0562809408
  0.0562608540    0.0562406480    0.0562203228    0.0561998785    0.0561792552
  0.0561585724    0.0561378300    0.0561169088    0.0560958683    0.0560747087
  0.0560534298    0.0560320318    0.0560105145    0.0559888780    0.0559671223
  0.0559452474    0.0559232533    0.0559010804    0.0558788478    0.0558564961
  0.0558340251    0.0558113754    0.0557886660    0.0557657778    0.0557427704
  0.0557196438    0.0556963980    0.0556730330    0.0556495488    0.0556259453
  0.0556021631    0.0555783212    0.0555543005    0.0555301607    0.0555059016
  0.0554814637    0.0554569662    0.0554322898    0.0554074943    0.0553825796
  0.0553575456    0.0553323328    0.0553070009    0.0552815497    0.0552559793
  0.0552302301    0.0552043617    0.0551783741    0.0551522672    0.0551259816
  0.0550995767    0.0550729930    0.0550463498    0.0550195277    0.0549925268
  0.0549654067    0.0549381673    0.0549108088    0.0548832119    0.0548555553
  0.0548277795    0.0547997653    0.0547716320    0.0547433794    0.0547150075
  0.0546864569    0.0546577275    0.0546288788    0.0545999110    0.0545707643
  0.0545414984    0.0545120537    0.0544824302    0.0544526875    0.0544227660
  0.0543927848    0.0543625653    0.0543321669    0.0543016493    0.0542710125
  0.0542401969    0.0542092025    0.0541780889    0.0541467369    0.0541152656
  0.0540836751    0.0540519059    0.0540199578    0.0539878309    0.0539555848
  0.0539231598    0.0538905561    0.0538578331    0.0538248718    0.0537917912
  0.0537585318    0.0537251532    0.0536915362    0.0536577404    0.0536238253
  0.0535897315    0.0535554588    0.0535210073    0.0534863770    0.0534515679
  0.0534165800    0.0533814132    0.0533461273    0.0533106029    0.0532748997
  0.0532390773    0.0532029569    0.0531667769    0.0531303585    0.0530937612
  0.0530569851    0.0530200303    0.0529828966    0.0529455245    0.0529080331
  0.0528703034    0.0528323948    0.0527943075    0.0527560413    0.0527175367
  0.0526788533    0.0526399910    0.0526008904    0.0525616109    0.0525222123
  0.0524825156    0.0524426401    0.0524025857    0.0523623526    0.0523218215
  0.0522811711    0.0522402823    0.0521992147    0.0521579087    0.0521164238
  0.0520746410    0.0520327389    0.0519905984    0.0519482195    0.0519056618
  0.0518628657    0.0518198907    0.0517766774    0.0517332256    0.0516895354
  0.0516456068    0.0516014993    0.0515571535    0.0515125692    0.0514677465
  0.0514227450    0.0513774455    0.0513319671    0.0512862504    0.0512402952
  0.0511940420    0.0511476099    0.0511009395    0.0510539711    0.0510068834
  0.0888963640    0.0888590515    0.0887721479    0.0886645615    0.0885480940
  0.0884269178    0.0883028209    0.0881766379    0.0880489051    0.0879197419
  0.0877893865    0.0876579583    0.0875254571    0.0873919427    0.0872574151
  0.0871219337    0.0869854987    0.0868481100    0.0867097080    0.0865704119
  0.0864301622    0.0862888992    0.0861466825    0.0860035121    0.0858593881
  0.0857141912    0.0855680406    0.0854208767    0.0852726996    0.0851234496
  0.0849731863    0.0848218501    0.0846694410    0.0845159590    0.0843614042
  0.0842056572    0.0840488970    0.0838909447    0.0837318599    0.0835715830
  0.0834101140    0.0832475126    0.0830835998    0.0829184949    0.0827521980
  0.0825845897    0.0824157298    0.0822454989    0.0820740163    0.0819011629
  0.0817269385    0.0815513432    0.0813743174    0.0811959207    0.0810160339
  0.0808347166    0.0806518495    0.0804674923    0.0802816451    0.0800941885
  0.0799050629    0.0797144473    0.0795221627    0.0793281496    0.0791324675
  0.0789350569    0.0787357986    0.0785348713    0.0783320963    0.0781274140
  0.0779208243    0.0777123272    0.0775018632    0.0772893131    0.0770748556
  0.0768581927    0.0766394436    0.0764184892    0.0761953890    0.0759700239
  0.0757423341    0.0755122006    0.0752796829    0.0750448406    0.0748072565
  0.0745672882    0.0743245780    0.0740791857    0.0738310516    0.0735800564
  0.0733262002    0.0730693638    0.0728094876    0.0725464523    0.0722802579
  0.0720107853    0.0717379749    0.0714615881    0.0711817443    0.0708981454
  0.0706108510    0.0703196228    0.0700244009    0.0697251260    0.0694215000
  0.0691135824    0.0688011944    0.0684839785    0.0681620538    0.0678351223
  0.0675030053    0.0671655834    0.0668225586    0.0664738119    0.0661191046
  0.0657581985    0.0653908551    0.0650167763    0.0646357238    0.0642474592
  0.0638514459    0.0634474456    0.0630352795    0.0626141727    0.0621840656
  0.0617443621    0.0612943470    0.0608339012    0.0603621304    0.0598783791
  0.0593820512    0.0588723719    0.0583484471    0.0578093827    0.0572541058
  0.0572116673    0.0571936667    0.0571755469    0.0571573079    0.0571390092
  0.0571205914    0.0571020544    0.0570834577    0.0570647418    0.0570459068
  0.0570270121    0.0570079386    0.0569888651    0.0569696128    0.0569503009
  0.0569308698    0.0569113195    0.0568917096    0.0568719208    0.0568521321
  0.0568321645    0.0568120778    0.0567919314    0.0567716658    0.0567513406
  0.0567308366    0.0567102730    0.0566895902    0.0566687882    0.0566478670
  0.0566268861    0.0566057265    0.0565845072    0.0565631688    0.0565417111
  0.0565201938    0.0564984977    0.0564767420    0.0564548075    0.0564328134
  0.0564107001    0.0563885272    0.0563661754    0.0563437045    0.0563211739
  0.0562985241    0.0562756956    0.0562528074    0.0562298000    0.0562066734
  0.0561834276    0.0561600626    0.0561365783    0.0561129749    0.0560893118
  0.0560654700    0.0560415089    0.0560174286    0.0559932888    0.0559690297
  0.0559445322    0.0559200346    0.0558953583    0.0558706224    0.0558457077
  0.0558206737    0.0557955205    0.0557702482    0.0557448566    0.0557193458
  0.0556937158    0.0556679666    0.0556420982    0.0556160510    0.0555899441
  0.0555637181    0.0555372536    0.0555107892    0.0554841459    0.0554573834
  0.0554304421    0.0554034412    0.0553762615    0.0553489625    0.0553215444
  0.0552940071    0.0552663505    0.0552385151    0.0552105606    0.0551824868
  0.0551542938    0.0551259220    0.0550974309    0.0550688803    0.0550400913
  0.0550111830    0.0549821556    0.0549530089    0.0549236834    0.0548942983
  0.0548646748    0.0548349917    0.0548050702    0.0547750890    0.0547449291
  0.0547146499    0.0546842515    0.0546536744    0.0546229780    0.0545921028
  0.0545611084    0.0545299351    0.0544986427    0.0544671714    0.0544355810
  0.0544038713    0.0543719828    0.0543399751    0.0543077886    0.0542754233
  0.0542429388    0.0542102754    0.0541774929    0.0541445315    0.0541114509
  0.0540781915    0.0540448129    0.0540111959    0.0539774597    0.0539436042
  0.0539095700    0.0538753569    0.0538409650    0.0538064539    0.0537717640
  0.0537368953    0.0537019074    0.0536667407    0.0536313355    0.0535958707
  0.0535601676    0.0535243452    0.0534883440    0.0534521639    0.0534158051
  0.0533793271    0.0533426106    0.0533057749    0.0532687604    0.0532315075
  0.0531941354    0.0531565249    0.0531187952    0.0530809462    0.0530428588
  0.0530045927    0.0529660881    0.0529274642    0.0528886616    0.0528496802
  0.0528105199    0.0527711213    0.0527316034    0.0526918471    0.0526519120
  0.0900793970    0.0900492370    0.0899750888    0.0898794830    0.0897735059
  0.0896621048    0.0895472467    0.0894300640    0.0893111527    0.0891907513
  0.0890691578    0.0889464319    0.0888226926    0.0886979401    0.0885723531
  0.0884458125    0.0883183777    0.0881901681    0.0880610049    0.0879310071
  0.0878001750    0.0876685083    0.0875359476    0.0874025524    0.0872682631
  0.0871331394    0.0869971216    0.0868602097    0.0867224634    0.0865837634
  0.0864441693    0.0863036811    0.0861622393    0.0860199034    0.0858766139
  0.0857323706    0.0855871737    0.0854409635    0.0852937996    0.0851456821
  0.0849964917    0.0848462880    0.0846950710    0.0845428407    0.0843894780
  0.0842351019    0.0840795934    0.0839230716    0.0837653577    0.0836065710
  0.0834465921    0.0832854807    0.0831231773    0.0829597414    0.0827949941
  0.0826291144    0.0824619830    0.0822935998    0.0821239054    0.0819529593
  0.0817806423    0.0816070139    0.0814320743    0.0812557638    0.0810780227
  0.0808988512    0.0807183087    0.0805362165    0.0803526342    0.0801676810
  0.0799810588    0.0797929466    0.0796032250    0.0794118941    0.0792189538
  0.0790243447    0.0788279474    0.0786300004    0.0784301460    0.0782285631
  0.0780251324    0.0778199136    0.0776127875    0.0774037540    0.0771926939
  0.0769796669    0.0767646730    0.0765474737    0.0763282478    0.0761068165
  0.0758831799    0.0756573379    0.0754291713    0.0751986206    0.0749656260
  0.0747303069    0.0744924247    0.0742519796    0.0740089118    0.0737631619
  0.0735146701    0.0732634366    0.0730091631    0.0727520883    0.0724918544
  0.0722285211    0.0719621480    0.0716923177    0.0714192688    0.0711427033
  0.0708626211    0.0705789030    0.0702913702    0.0700000823    0.0697047412
  0.0694052875    0.0691017210    0.0687937438    0.0684812367    0.0681641400
  0.0678421557    0.0675154626    0.0671833456    0.0668460429    0.0665032566
  0.0661546290    0.0658002794    0.0654397309    0.0650725663    0.0646989048
  0.0643183291    0.0639303625    0.0635350049    0.0631316602    0.0627200902
  0.0622998774    0.0618704259    0.0614315569    0.0609828532    0.0605234206
  0.0600527823    0.0595702231    0.0590757430    0.0585674942    0.0580454767
  0.0579222143    0.0579051673    0.0578879416    0.0578707159    0.0578533709
  0.0578359067    0.0578183830    0.0578007400    0.0577830374    0.0577652752
  0.0577473938    0.0577293932    0.0577113330    0.0576931536    0.0576749146
  0.0576565564    0.0576381385    0.0576196015    0.0576010048    0.0575822890
  0.0575635135    0.0575446188    0.0575256646    0.0575065911    0.0574873984
  0.0574681461    0.0574487746    0.0574293435    0.0574097931    0.0573901236
  0.0573703945    0.0573505461    0.0573306382    0.0573106110    0.0572905242
  0.0572703183    0.0572499931    0.0572295487    0.0572090447    0.0571884811
  0.0571677387    0.0571468771    0.0571260154    0.0571049750    0.0570838749
  0.0570627153    0.0570413768    0.0570199788    0.0569985211    0.0569769442
  0.0569552481    0.0569334328    0.0569114983    0.0568895042    0.0568673909
  0.0568451583    0.0568228662    0.0568004549    0.0567779243    0.0567552745
  0.0567325652    0.0567097366    0.0566867888    0.0566637814    0.0566405952
  0.0566173494    0.0565939844    0.0565705001    0.0565469563    0.0565232337
  0.0564994514    0.0564755499    0.0564515293    0.0564273894    0.0564031899
  0.0563788712    0.0563543737    0.0563298166    0.0563051403    0.0562804043
  0.0562554896    0.0562304556    0.0562053621    0.0561800897    0.0561547577
  0.0561293066    0.0561037362    0.0560780466    0.0560522377    0.0560263097
  0.0560002625    0.0559741557    0.0559478700    0.0559214652    0.0558949411
  0.0558683574    0.0558415949    0.0558147132    0.0557877719    0.0557606518
  0.0557334721    0.0557061136    0.0556786954    0.0556510389    0.0556233823
  0.0555955470    0.0555675924    0.0555395186    0.0555113256    0.0554830134
  0.0554545820    0.0554259717    0.0553973019    0.0553684533    0.0553394854
  0.0553104579    0.0552812517    0.0552519262    0.0552224815    0.0551928580
  0.0551631153    0.0551332533    0.0551032722    0.0550731719    0.0550429523
  0.0550125539    0.0549820364    0.0549513996    0.0549205840    0.0548897088
  0.0548586547    0.0548274815    0.0547961295    0.0547646582    0.0547330678
  0.0547012985    0.0546694696    0.0546374619    0.0546052754    0.0545730293
  0.0545405447    0.0545080006    0.0544752777    0.0544423759    0.0544093549
  0.0543762147    0.0543429554    0.0543095171    0.0542759001    0.0542421639
  0.0542083085    0.0541742742    0.0541401207    0.0541057289    0.0540712774
  0.0911878049    0.0911631882    0.0911000669    0.0910153091    0.0909192264
  0.0908168256    0.0907104909    0.0906015337    0.0904905498    0.0903780162
  0.0902642310    0.0901492536    0.0900332630    0.0899163783    0.0897985399
  0.0896799266    0.0895604193    0.0894401371    0.0893190801    0.0891971886
  0.0890745819    0.0889512002    0.0888270438    0.0887021124    0.0885764062
  0.0884499252    0.0883226693    0.0881946385    0.0880658329    0.0879362524
  0.0878058374    0.0876746476    0.0875426233    0.0874098241    0.0872761905
  0.0871416628    0.0870064199    0.0868702233    0.0867332518    0.0865953267
  0.0864566267    0.0863169730    0.0861764848    0.0860351026    0.0858927667
  0.0857495368    0.0856053531    0.0854602158    0.0853141248    0.0851671398
  0.0850191414    0.0848701298    0.0847201049    0.0845691264    0.0844170749
  0.0842640698    0.0841099322    0.0839547813    0.0837984979    0.0836412013
  0.0834827125    0.0833231509    0.0831624568    0.0830006301    0.0828375518
  0.0826734006    0.0825079381    0.0823414028    0.0821734965    0.0820044577
  0.0818340480    0.0816624463    0.0814894140    0.0813151896    0.0811395347
  0.0809625685    0.0807841718    0.0806044042    0.0804231465    0.0802405179
  0.0800563991    0.0798707306    0.0796835124    0.0794948041    0.0793044865
  0.0791125596    0.0789190829    0.0787239373    0.0785270035    0.0783284605
  0.0781280696    0.0779260099    0.0777220428    0.0775162876    0.0773086250
  0.0770991147    0.0768876970    0.0766741931    0.0764586031    0.0762409866
  0.0760213435    0.0757994950    0.0755754411    0.0753491819    0.0751205981
  0.0748897493    0.0746563971    0.0744206607    0.0741824806    0.0739416778
  0.0736982524    0.0734522045    0.0732034147    0.0729518831    0.0726973712
  0.0724399388    0.0721795857    0.0719160140    0.0716494024    0.0713795125
  0.0711062253    0.0708295405    0.0705492795    0.0702654421    0.0699778497
  0.0696865022    0.0693911016    0.0690917075    0.0687880218    0.0684799850
  0.0681676567    0.0678506196    0.0675288141    0.0672020614    0.0668703020
  0.0665331185    0.0661904514    0.0658421814    0.0654881299    0.0651279390
  0.0647612512    0.0643880069    0.0640078485    0.0636204779    0.0632256567
  0.0628230274    0.0624121726    0.0619928539    0.0615643561    0.0611266196
  0.0606786311    0.0602203906    0.0597511828    0.0592702329    0.0587770045
  0.0585938990    0.0585776269    0.0585612953    0.0585449040    0.0585283935
  0.0585118234    0.0584951341    0.0584784448    0.0584615767    0.0584447086
  0.0584277213    0.0584106743    0.0583935678    0.0583763421    0.0583589971
  0.0583416522    0.0583241880    0.0583066642    0.0582890213    0.0582713187
  0.0582534969    0.0582356155    0.0582176745    0.0581996739    0.0581815541
  0.0581633151    0.0581450164    0.0581266582    0.0581081808    0.0580896437
  0.0580710471    0.0580523312    0.0580335557    0.0580146611    0.0579957068
  0.0579766333    0.0579575002    0.0579383075    0.0579189956    0.0578995645
  0.0578800738    0.0578605235    0.0578408539    0.0578211248    0.0578012168
  0.0577813089    0.0577612817    0.0577411950    0.0577209890    0.0577007234
  0.0576803386    0.0576598942    0.0576393306    0.0576187074    0.0575979650
  0.0575771034    0.0575562418    0.0575352013    0.0575141013    0.0574928820
  0.0574716628    0.0574502647    0.0574288070    0.0574072301    0.0573855937
  0.0573638380    0.0573419631    0.0573200285    0.0572979748    0.0572759211
  0.0572536290    0.0572313368    0.0572089255    0.0571864545    0.0571638048
  0.0571410954    0.0571183264    0.0570954382    0.0570724308    0.0570493042
  0.0570261180    0.0570028126    0.0569794476    0.0569559634    0.0569323599
  0.0569086969    0.0568849146    0.0568610132    0.0568370521    0.0568129122
  0.0567887127    0.0567644536    0.0567400753    0.0567155778    0.0566909611
  0.0566662252    0.0566414297    0.0566165149    0.0565915406    0.0565663874
  0.0565411747    0.0565158427    0.0564903915    0.0564648211    0.0564391911
  0.0564134419    0.0563875735    0.0563615859    0.0563355386    0.0563093126
  0.0562830269    0.0562565625    0.0562300980    0.0562034547    0.0561767519
  0.0561498702    0.0561229289    0.0560958683    0.0560686886    0.0560413897
  0.0560139716    0.0559864342    0.0559587777    0.0559310615    0.0559031665
  0.0558752120    0.0558471382    0.0558188856    0.0557905734    0.0557621419
  0.0557335317    0.0557049215    0.0556760728    0.0556471646    0.0556181371
  0.0555889904    0.0555597246    0.0555303395    0.0555008352    0.0554712117
  0.0554414093    0.0554115474    0.0553815663    0.0553514659    0.0553211868
  0.0922306478    0.0922103822    0.0921564996    0.0920816362    0.0919947326
  0.0919007957    0.0918023884    0.0917009413    0.0915972888    0.0914919078
  0.0913851559    0.0912772119    0.0911681950    0.0910582840    0.0909474194
  0.0908357799    0.0907233059    0.0906101167    0.0904961526    0.0903815329
  0.0902661383    0.0901500285    0.0900332034    0.0899157226    0.0897975266
  0.0896786153    0.0895590484    0.0894387662    0.0893177688    0.0891961157
  0.0890736878    0.0889506042    0.0888267457    0.0887021720    0.0885768831
  0.0884509385    0.0883241594    0.0881966650    0.0880683959    0.0879394114
  0.0878096521    0.0876791179    0.0875478089    0.0874157250    0.0872828066
  0.0871491730    0.0870146453    0.0868793428    0.0867431462    0.0866061747
  0.0864683092    0.0863296688    0.0861901343    0.0860497057    0.0859083831
  0.0857662261    0.0856230557    0.0854791105    0.0853341520    0.0851882994
  0.0850414336    0.0848936737    0.0847449601    0.0845952332    0.0844445527
  0.0842927992    0.0841400921    0.0839863122    0.0838315189    0.0836756527
  0.0835187137    0.0833607018    0.0832015574    0.0830413401    0.0828799307
  0.0827174485    0.0825537741    0.0823889077    0.0822229087    0.0820557177
  0.0818872154    0.0817175210    0.0815465152    0.0813742578    0.0812006891
  0.0810258687    0.0808496177    0.0806720555    0.0804931223    0.0803126991
  0.0801309645    0.0799477398    0.0797630250    0.0795768797    0.0793891251
  0.0791999400    0.0790091455    0.0788167417    0.0786226690    0.0784269869
  0.0782296360    0.0780305564    0.0778297484    0.0776272714    0.0774228871
  0.0772167146    0.0770085752    0.0767985880    0.0765866935    0.0763727725
  0.0761568844    0.0759389102    0.0757188499    0.0754966438    0.0752722919
  0.0750456154    0.0748167336    0.0745854676    0.0743519366    0.0741158426
  0.0738772452    0.0736362636    0.0733926594    0.0731463134    0.0728972852
  0.0726453960    0.0723907053    0.0721331537    0.0718725622    0.0716088712
  0.0713420808    0.0710720718    0.0707986653    0.0705218613    0.0702415407
  0.0699577630    0.0696700513    0.0693786442    0.0690832436    0.0687838495
  0.0684802830    0.0681723654    0.0678600371    0.0675431192    0.0672214925
  0.0668950379    0.0665632784    0.0662265122    0.0658841431    0.0655362308
  0.0651823580    0.0648226440    0.0644564331    0.0640836060    0.0637041628
  0.0633173883    0.0629232824    0.0625213683    0.0621112883    0.0616928637
  0.0612653196    0.0608284771    0.0603818595    0.0599248111    0.0594568551
  0.0592311919    0.0592156351    0.0592000782    0.0591844022    0.0591686666
  0.0591528714    0.0591369569    0.0591210425    0.0591050088    0.0590889156
  0.0590727627    0.0590564907    0.0590402186    0.0590238273    0.0590073764
  0.0589908063    0.0589742362    0.0589575469    0.0589407980    0.0589239895
  0.0589070618    0.0588901341    0.0588730872    0.0588559210    0.0588387549
  0.0588214695    0.0588041246    0.0587867200    0.0587691963    0.0587516129
  0.0587340295    0.0587162673    0.0586984456    0.0586805642    0.0586626232
  0.0586446226    0.0586265028    0.0586083233    0.0585900247    0.0585717261
  0.0585533082    0.0585347712    0.0585162342    0.0584975779    0.0584788620
  0.0584600270    0.0584411323    0.0584221184    0.0584030449    0.0583839118
  0.0583647192    0.0583454072    0.0583260357    0.0583066046    0.0582870543
  0.0582674444    0.0582477152    0.0582279861    0.0582081378    0.0581881702
  0.0581681430    0.0581480563    0.0581278503    0.0581075847    0.0580871999
  0.0580667555    0.0580462515    0.0580256283    0.0580049455    0.0579841435
  0.0579633415    0.0579423606    0.0579213202    0.0579002202    0.0578790009
  0.0578577220    0.0578363836    0.0578148663    0.0577933490    0.0577717125
  0.0577499568    0.0577281415    0.0577062666    0.0576842725    0.0576622188
  0.0576400459    0.0576177537    0.0575954616    0.0575730503    0.0575504601
  0.0575278699    0.0575051606    0.0574823916    0.0574595034    0.0574365556
  0.0574134886    0.0573903024    0.0573670566    0.0573436916    0.0573202670
  0.0572967231    0.0572731793    0.0572493970    0.0572256148    0.0572017133
  0.0571777523    0.0571536124    0.0571294725    0.0571052134    0.0570807755
  0.0570563376    0.0570317805    0.0570071042    0.0569823682    0.0569574535
  0.0569325387    0.0569075048    0.0568822920    0.0568570793    0.0568317473
  0.0568062961    0.0567807257    0.0567550957    0.0567293465    0.0567034781
  0.0566775501    0.0566515028    0.0566253960    0.0565991104    0.0565727055
  0.0565463006    0.0565197170    0.0564930737    0.0564662516    0.0564394295
  0.0932154357    0.0931985080    0.0931524336    0.0930863917    0.0930080712
  0.0929220021    0.0928310454    0.0927366316    0.0926397145    0.0925409496
  0.0924406350    0.0923390687    0.0922364295    0.0921327770    0.0920282304
  0.0919228494    0.0918167531    0.0917098820    0.0916022956    0.0914939940
  0.0913850367    0.0912754834    0.0911652148    0.0910542905    0.0909427702
  0.0908305943    0.0907177627    0.0906043351    0.0904901922    0.0903755128
  0.0902601182    0.0901441276    0.0900274813    0.0899101794    0.0897922218
  0.0896736085    0.0895543396    0.0894344747    0.0893138945    0.0891925991
  0.0890706480    0.0889480412    0.0888247192    0.0887007415    0.0885759890
  0.0884505808    0.0883244574    0.0881976187    0.0880700648    0.0879417360
  0.0878126919    0.0876828730    0.0875523388    0.0874209702    0.0872888863
  0.0871560872    0.0870223939    0.0868879855    0.0867526829    0.0866166651
  0.0864797533    0.0863420665    0.0862034857    0.0860640705    0.0859238803
  0.0857827365    0.0856406987    0.0854978263    0.0853540599    0.0852093399
  0.0850637853    0.0849172771    0.0847697556    0.0846213400    0.0844719112
  0.0843215883    0.0841702521    0.0840178430    0.0838644803    0.0837101042
  0.0835546553    0.0833981335    0.0832406580    0.0830819905    0.0829223096
  0.0827614367    0.0825994909    0.0824364126    0.0822721422    0.0821067393
  0.0819402039    0.0817723572    0.0816033781    0.0814330876    0.0812614858
  0.0810887516    0.0809146464    0.0807392299    0.0805625021    0.0803844631
  0.0802049339    0.0800240934    0.0798418224    0.0796581209    0.0794729292
  0.0792862475    0.0790980756    0.0789083540    0.0787171423    0.0785242617
  0.0783298314    0.0781337321    0.0779359639    0.0777364075    0.0775352418
  0.0773322284    0.0771274865    0.0769208968    0.0767123997    0.0765021145
  0.0762898624    0.0760755837    0.0758593380    0.0756410062    0.0754205883
  0.0751980841    0.0749733150    0.0747464597    0.0745172799    0.0742857754
  0.0740518868    0.0738156736    0.0735768378    0.0733356178    0.0730917156
  0.0728451908    0.0725959241    0.0723439753    0.0720891058    0.0718313754
  0.0715707242    0.0713069737    0.0710400045    0.0707698166    0.0704964697
  0.0702195466    0.0699391663    0.0696552694    0.0693676770    0.0690762699
  0.0687809885    0.0684816539    0.0681782067    0.0678704083    0.0675581396
  0.0672414601    0.0669200122    0.0665937364    0.0662623346    0.0659258068
  0.0655838549    0.0652363598    0.0648829639    0.0645235479    0.0641579330
  0.0637857020    0.0634068549    0.0630206764    0.0626274049    0.0622263253
  0.0618171394    0.0613995492    0.0609731376    0.0605373085    0.0600921810
  0.0598377287    0.0598228872    0.0598079860    0.0597929657    0.0597779453
  0.0597628057    0.0597476661    0.0597324073    0.0597170889    0.0597017109
  0.0596862733    0.0596707761    0.0596552193    0.0596396029    0.0596238673
  0.0596081316    0.0595922768    0.0595763624    0.0595603883    0.0595443547
  0.0595282614    0.0595121086    0.0594958365    0.0594795644    0.0594631732
  0.0594467223    0.0594302118    0.0594136417    0.0593970120    0.0593803227
  0.0593635142    0.0593467057    0.0593297780    0.0593127906    0.0592956841
  0.0592785776    0.0592614114    0.0592441261    0.0592267811    0.0592093766
  0.0591919124    0.0591743290    0.0591567457    0.0591390431    0.0591212809
  0.0591034591    0.0590855777    0.0590675771    0.0590495765    0.0590313375
  0.0590131581    0.0589949191    0.0589765608    0.0589582026    0.0589397252
  0.0589211285    0.0589025319    0.0588838160    0.0588650405    0.0588462055
  0.0588273108    0.0588082969    0.0587892234    0.0587700903    0.0587508380
  0.0587315261    0.0587121546    0.0586927235    0.0586732328    0.0586536229
  0.0586339533    0.0586141646    0.0585943758    0.0585744679    0.0585545003
  0.0585344136    0.0585142672    0.0584940612    0.0584737957    0.0584534109
  0.0584329665    0.0584124625    0.0583918393    0.0583711565    0.0583504140
  0.0583296120    0.0583086908    0.0582876503    0.0582665503    0.0582454503
  0.0582241714    0.0582028925    0.0581814945    0.0581599772    0.0581384003
  0.0581167638    0.0580950677    0.0580732524    0.0580513775    0.0580293834
  0.0580073297    0.0579852164    0.0579629838    0.0579406917    0.0579182804
  0.0578958094    0.0578732789    0.0578506291    0.0578279197    0.0578050911
  0.0577822030    0.0577591956    0.0577361882    0.0577130020    0.0576897562
  0.0576664507    0.0576430261    0.0576195419    0.0575959384    0.0575722754
  0.0575484931    0.0575246513    0.0575006902    0.0574766695    0.0574525297
  0.0941483080    0.0941340625    0.0940944850    0.0940363109    0.0939657986
  0.0938871801    0.0938031375    0.0937153399    0.0936248004    0.0935321152
  0.0934378207    0.0933421552    0.0932452381    0.0931473672    0.0930485427
  0.0929489434    0.0928485096    0.0927473605    0.0926455557    0.0925430357
  0.0924398601    0.0923361480    0.0922317207    0.0921267569    0.0920211375
  0.0919149220    0.0918081701    0.0917008221    0.0915928781    0.0914842784
  0.0913752019    0.0912655294    0.0911552012    0.0910443366    0.0909328759
  0.0908208191    0.0907081664    0.0905949771    0.0904811323    0.0903666317
  0.0902515948    0.0901359618    0.0900196731    0.0899027288    0.0897852480
  0.0896670520    0.0895482600    0.0894288719    0.0893087685    0.0891880691
  0.0890666544    0.0889445841    0.0888218582    0.0886984766    0.0885744393
  0.0884496868    0.0883242190    0.0881980360    0.0880711973    0.0879436433
  0.0878153741    0.0876863301    0.0875565708    0.0874260962    0.0872948468
  0.0871628225    0.0870300829    0.0868965089    0.0867622197    0.0866270959
  0.0864911377    0.0863544643    0.0862169564    0.0860785544    0.0859393775
  0.0857993662    0.0856584609    0.0855167210    0.0853740871    0.0852305591
  0.0850861371    0.0849408805    0.0847946703    0.0846475661    0.0844994485
  0.0843504369    0.0842004716    0.0840494931    0.0838975608    0.0837446153
  0.0835906565    0.0834356844    0.0832796991    0.0831227005    0.0829645693
  0.0828054249    0.0826451480    0.0824838579    0.0823213160    0.0821577013
  0.0819928944    0.0818270147    0.0816598833    0.0814915001    0.0813220441
  0.0811512172    0.0809792578    0.0808059871    0.0806314051    0.0804555714
  0.0802783072    0.0800997913    0.0799198449    0.0797385275    0.0795558393
  0.0793716609    0.0791860521    0.0789990127    0.0788104236    0.0786202848
  0.0784285963    0.0782352984    0.0780404508    0.0778440535    0.0776458085
  0.0774459541    0.0772443712    0.0770411193    0.0768359601    0.0766290128
  0.0764202774    0.0762095153    0.0759969652    0.0757823884    0.0755659044
  0.0753472745    0.0751265585    0.0749036968    0.0746788085    0.0744516551
  0.0742221177    0.0739904344    0.0737564266    0.0735199153    0.0732810199
  0.0730395615    0.0727954805    0.0725487769    0.0722993910    0.0720473230
  0.0717923343    0.0715344846    0.0712737143    0.0710099041    0.0707428753
  0.0704726875    0.0701992214    0.0699224174    0.0696420372    0.0693581998
  0.0690706670    0.0687793791    0.0684841573    0.0681850016    0.0678816140
  0.0675739944    0.0672620237    0.0669456422    0.0666243136    0.0662983954
  0.0659672916    0.0656311214    0.0652895272    0.0649423897    0.0645894706
  0.0642307699    0.0638656318    0.0634940565    0.0631158650    0.0627305210
  0.0623379648    0.0619377196    0.0615294874    0.0611128509    0.0606875718
  0.0604167879    0.0604024827    0.0603881776    0.0603738129    0.0603593886
  0.0603449047    0.0603303611    0.0603157580    0.0603010952    0.0602863729
  0.0602715909    0.0602567494    0.0602418482    0.0602268875    0.0602118671
  0.0601967871    0.0601816475    0.0601664484    0.0601511300    0.0601358116
  0.0601204336    0.0601049960    0.0600894988    0.0600738823    0.0600582659
  0.0600425899    0.0600268543    0.0600109994    0.0599951446    0.0599791706
  0.0599631965    0.0599471033    0.0599310100    0.0599147975    0.0598985255
  0.0598821938    0.0598658621    0.0598494112    0.0598329008    0.0598163307
  0.0597997010    0.0597830117    0.0597662032    0.0597493947    0.0597325265
  0.0597155392    0.0596984923    0.0596814454    0.0596642792    0.0596470535
  0.0596297681    0.0596124232    0.0595949590    0.0595774949    0.0595599711
  0.0595423281    0.0595246851    0.0595069230    0.0594891012    0.0594712198
  0.0594532788    0.0594352782    0.0594171584    0.0593990386    0.0593807995
  0.0593625009    0.0593442023    0.0593257844    0.0593072474    0.0592887104
  0.0592701137    0.0592513978    0.0592326820    0.0592137873    0.0591948926
  0.0591759384    0.0591569245    0.0591377914    0.0591185987    0.0590993464
  0.0590800345    0.0590606630    0.0590411723    0.0590216219    0.0590020716
  0.0589824021    0.0589626133    0.0589428246    0.0589229167    0.0589029491
  0.0588829219    0.0588628352    0.0588426292    0.0588224232    0.0588020384
  0.0587816536    0.0587611496    0.0587406456    0.0587200224    0.0586993396
  0.0586785376    0.0586577356    0.0586368144    0.0586158335    0.0585947335
  0.0585736334    0.0585524142    0.0585310757    0.0585097373    0.0584882796
  0.0584667623    0.0584451854    0.0584234893    0.0584017336    0.0583799183
  0.0950346291    0.0950225294    0.0949883759    0.0949371159    0.0948736966
  0.0948019922    0.0947245061    0.0946429670    0.0945583284    0.0944714248
  0.0943826735    0.0942924321    0.0942009389    0.0941083729    0.0940148532
  0.0939204395    0.0938253105    0.0937293470    0.0936327875    0.0935355127
  0.0934376419    0.0933391154    0.0932399929    0.0931403339    0.0930401385
  0.0929393470    0.0928379595    0.0927360952    0.0926336348    0.0925306976
  0.0924271643    0.0923230946    0.0922184885    0.0921133459    0.0920076668
  0.0919015110    0.0917947590    0.0916874707    0.0915795863    0.0914712250
  0.0913623273    0.0912528336    0.0911427438    0.0910321772    0.0909210145
  0.0908092558    0.0906969607    0.0905840695    0.0904705822    0.0903565586
  0.0902419388    0.0901267231    0.0900109112    0.0898945034    0.0897774398
  0.0896597803    0.0895415246    0.0894226730    0.0893031657    0.0891830027
  0.0890622437    0.0889408290    0.0888187587    0.0886960328    0.0885725915
  0.0884485543    0.0883238018    0.0881983936    0.0880722702    0.0879454911
  0.0878179371    0.0876897871    0.0875608623    0.0874311626    0.0873007476
  0.0871696174    0.0870377719    0.0869052112    0.0867717564    0.0866376460
  0.0865027010    0.0863670409    0.0862304866    0.0860931575    0.0859550536
  0.0858161151    0.0856762826    0.0855356753    0.0853942335    0.0852519572
  0.0851087868    0.0849647224    0.0848197043    0.0846738517    0.0845271051
  0.0843794048    0.0842308104    0.0840812624    0.0839307010    0.0837792456
  0.0836267769    0.0834732950    0.0833188593    0.0831634104    0.0830068886
  0.0828493536    0.0826907456    0.0825310647    0.0823703110    0.0822084844
  0.0820455253    0.0818814337    0.0817161500    0.0815497935    0.0813821852
  0.0812134445    0.0810434520    0.0808722675    0.0806997716    0.0805260241
  0.0803510249    0.0801747739    0.0799971521    0.0798181593    0.0796377957
  0.0794560611    0.0792729557    0.0790884793    0.0789024532    0.0787149966
  0.0785259902    0.0783354938    0.0781435668    0.0779499114    0.0777546465
  0.0775577724    0.0773592889    0.0771591365    0.0769572556    0.0767536461
  0.0765482485    0.0763409436    0.0761319101    0.0759209096    0.0757081211
  0.0754932463    0.0752764642    0.0750575960    0.0748367012    0.0746136010
  0.0743884146    0.0741610825    0.0739314854    0.0736995041    0.0734652579
  0.0732285678    0.0729895532    0.0727479160    0.0725038350    0.0722570121
  0.0720074475    0.0717552602    0.0715002716    0.0712424219    0.0709815323
  0.0707175434    0.0704505742    0.0701803863    0.0699070394    0.0696302950
  0.0693499148    0.0690661371    0.0687787235    0.0684876144    0.0681924522
  0.0678934753    0.0675902665    0.0672828257    0.0669710934    0.0666549504
  0.0663340986    0.0660084188    0.0656777918    0.0653418601    0.0650008619
  0.0646542609    0.0643018186    0.0639435947    0.0635790527    0.0632083118
  0.0628307760    0.0624461472    0.0620545447    0.0616551340    0.0612480342
  0.0609708726    0.0609571636    0.0609433949    0.0609295666    0.0609157383
  0.0609017909    0.0608878434    0.0608738363    0.0608597100    0.0608455837
  0.0608313978    0.0608171523    0.0608028471    0.0607885420    0.0607741177
  0.0607596338    0.0607451499    0.0607305467    0.0607159436    0.0607012212
  0.0606864989    0.0606717169    0.0606568754    0.0606419146    0.0606269538
  0.0606119335    0.0605968535    0.0605817139    0.0605665743    0.0605513155
  0.0605359972    0.0605206192    0.0605052412    0.0604897439    0.0604741871
  0.0604586303    0.0604429543    0.0604272783    0.0604114830    0.0603956878
  0.0603797734    0.0603638589    0.0603478253    0.0603317916    0.0603156388
  0.0602994859    0.0602832735    0.0602669418    0.0602506101    0.0602342188
  0.0602177083    0.0602011979    0.0601846278    0.0601679981    0.0601512492
  0.0601344407    0.0601176322    0.0601007044    0.0600837171    0.0600667298
  0.0600496829    0.0600325167    0.0600153506    0.0599980652    0.0599807203
  0.0599633753    0.0599459112    0.0599284470    0.0599108636    0.0598932207
  0.0598755181    0.0598577559    0.0598399341    0.0598221123    0.0598041713
  0.0597861111    0.0597680509    0.0597499311    0.0597317517    0.0597135127
  0.0596951544    0.0596767962    0.0596583188    0.0596397817    0.0596212447
  0.0596025884    0.0595838726    0.0595650971    0.0595462620    0.0595273674
  0.0595083535    0.0594893396    0.0594702661    0.0594510734    0.0594318211
  0.0594125092    0.0593931973    0.0593737662    0.0593542159    0.0593346655
  0.0593150556    0.0592953265    0.0592755377    0.0592557490    0.0592358410
  0.0958788693    0.0958684981    0.0958388746    0.0957936347    0.0957367122
  0.0956713855    0.0956000388    0.0955243409    0.0954453647    0.0953638256
  0.0952803195    0.0951952040    0.0951087177    0.0950210989    0.0949324667
  0.0948429406    0.0947525799    0.0946614444    0.0945696533    0.0944772065
  0.0943841040    0.0942904055    0.0941961706    0.0941013396    0.0940059721
  0.0939100683    0.0938136876    0.0937167108    0.0936193168    0.0935213268
  0.0934228599    0.0933239162    0.0932244360    0.0931244791    0.0930240452
  0.0929230750    0.0928216279    0.0927196443    0.0926171839    0.0925142467
  0.0924107730    0.0923068225    0.0922023952    0.0920973718    0.0919918716
  0.0918858945    0.0917793810    0.0916723311    0.0915647447    0.0914566815
  0.0913480222    0.0912388861    0.0911291540    0.0910189450    0.0909081399
  0.0907967985    0.0906849205    0.0905724466    0.0904594958    0.0903458893
  0.0902317464    0.0901170075    0.0900016725    0.0898858011    0.0897693336
  0.0896522105    0.0895345509    0.0894162953    0.0892973840    0.0891778767
  0.0890577137    0.0889369547    0.0888155401    0.0886934698    0.0885708034
  0.0884474218    0.0883234441    0.0881987512    0.0880734622    0.0879473984
  0.0878206789    0.0876933038    0.0875652134    0.0874364078    0.0873068869
  0.0871766508    0.0870457590    0.0869140327    0.0867815912    0.0866484344
  0.0865145028    0.0863797963    0.0862442553    0.0861080587    0.0859709680
  0.0858331025    0.0856944621    0.0855549872    0.0854146183    0.0852735341
  0.0851315558    0.0849886835    0.0848450363    0.0847003758    0.0845549405
  0.0844086111    0.0842613280    0.0841131508    0.0839640200    0.0838139951
  0.0836629570    0.0835109651    0.0833580792    0.0832040608    0.0830492079
  0.0828932822    0.0827363431    0.0825783312    0.0824191868    0.0822591484
  0.0820979178    0.0819355547    0.0817722380    0.0816076696    0.0814419687
  0.0812751949    0.0811071694    0.0809379518    0.0807676017    0.0805960000
  0.0804231465    0.0802489817    0.0800735652    0.0798968971    0.0797189772
  0.0795395672    0.0793588459    0.0791768730    0.0789932907    0.0788084567
  0.0786220729    0.0784342587    0.0782450140    0.0780541599    0.0778617561
  0.0776679218    0.0774723589    0.0772751272    0.0770763457    0.0768759549
  0.0766737759    0.0764698088    0.0762641728    0.0760566890    0.0758473575
  0.0756360590    0.0754230320    0.0752079189    0.0749909580    0.0747719705
  0.0745507777    0.0743276179    0.0741022527    0.0738746226    0.0736449063
  0.0734128654    0.0731784403    0.0729416311    0.0727024376    0.0724607408
  0.0722165406    0.0719696581    0.0717200935    0.0714678466    0.0712126791
  0.0709548295    0.0706939399    0.0704300702    0.0701631010    0.0698930323
  0.0696196854    0.0693430603    0.0690627992    0.0687790811    0.0684917867
  0.0682006776    0.0679058731    0.0676070750    0.0673041046    0.0669969022
  0.0666855872    0.0663696229    0.0660490692    0.0657238662    0.0653935373
  0.0650584400    0.0647176802    0.0643716753    0.0640198886    0.0636622012
  0.0632984340    0.0629282892    0.0625515282    0.0621679127    0.0617769063
  0.0615023077    0.0614891350    0.0614758432    0.0614625514    0.0614491999
  0.0614358485    0.0614223778    0.0614089072    0.0613953173    0.0613817275
  0.0613680780    0.0613543689    0.0613406599    0.0613268912    0.0613130033
  0.0612991154    0.0612851679    0.0612711608    0.0612570941    0.0612430274
  0.0612288415    0.0612146556    0.0612004101    0.0611861050    0.0611717403
  0.0611573160    0.0611428916    0.0611283481    0.0611138046    0.0610991418
  0.0610844791    0.0610697567    0.0610549748    0.0610401332    0.0610252917
  0.0610103309    0.0609953701    0.0609803498    0.0609652102    0.0609500706
  0.0609348714    0.0609196126    0.0609042943    0.0608889163    0.0608735383
  0.0608580410    0.0608425438    0.0608269870    0.0608113110    0.0607956350
  0.0607798994    0.0607641041    0.0607482493    0.0607323945    0.0607164204
  0.0607003868    0.0606842935    0.0606682003    0.0606519282    0.0606357157
  0.0606194437    0.0606030524    0.0605866611    0.0605702102    0.0605536997
  0.0605371296    0.0605204999    0.0605038106    0.0604870617    0.0604702532
  0.0604533851    0.0604365170    0.0604195297    0.0604024827    0.0603854358
  0.0603682697    0.0603510439    0.0603338182    0.0603164732    0.0602991283
  0.0602816641    0.0602642000    0.0602466762    0.0602290332    0.0602113903
  0.0601936281    0.0601758659    0.0601580441    0.0601401627    0.0601221621
  0.0601041019    0.0600860417    0.0600679219    0.0600496829    0.0600314438
  0.0966849029    0.0966759622    0.0966501534    0.0966100991    0.0965590179
  0.0964995921    0.0964339674    0.0963638127    0.0962900817    0.0962137282
  0.0961351693    0.0960548222    0.0959731042    0.0958900750    0.0958059728
  0.0957209766    0.0956350863    0.0955484211    0.0954611003    0.0953730643
  0.0952843726    0.0951951444    0.0951053202    0.0950149596    0.0949240625
  0.0948326290    0.0947407186    0.0946482718    0.0945553482    0.0944620073
  0.0943681300    0.0942737758    0.0941789448    0.0940836966    0.0939879715
  0.0938917696    0.0937950909    0.0936979949    0.0936003625    0.0935023129
  0.0934038460    0.0933048427    0.0932054222    0.0931054652    0.0930050910
  0.0929042399    0.0928029120    0.0927011073    0.0925988257    0.0924960673
  0.0923928320    0.0922890604    0.0921848714    0.0920801461    0.0919749439
  0.0918692052    0.0917629898    0.0916562974    0.0915490687    0.0914413631
  0.0913331211    0.0912243426    0.0911150277    0.0910052359    0.0908948481
  0.0907839835    0.0906725228    0.0905605853    0.0904480517    0.0903349817
  0.0902213156    0.0901071727    0.0899923742    0.0898770392    0.0897611082
  0.0896446407    0.0895275772    0.0894099176    0.0892916024    0.0891727507
  0.0890532434    0.0889331400    0.0888124406    0.0886910856    0.0885691345
  0.0884465277    0.0883232653    0.0881993473    0.0880747736    0.0879495442
  0.0878237188    0.0876971185    0.0875698626    0.0874418914    0.0873133242
  0.0871839821    0.0870539248    0.0869231522    0.0867916644    0.0866594613
  0.0865265429    0.0863927901    0.0862583816    0.0861231387    0.0859871805
  0.0858503878    0.0857128799    0.0855744779    0.0854353011    0.0852954090
  0.0851545632    0.0850129426    0.0848704875    0.0847271383    0.0845829546
  0.0844379961    0.0842920244    0.0841451585    0.0839973986    0.0838488042
  0.0836992562    0.0835486948    0.0833972991    0.0832448900    0.0830914676
  0.0829371512    0.0827817619    0.0826253593    0.0824680030    0.0823095143
  0.0821501315    0.0819894969    0.0818279684    0.0816652477    0.0815014541
  0.0813365877    0.0811704695    0.0810032785    0.0808349550    0.0806653202
  0.0804945529    0.0803225338    0.0801493227    0.0799748003    0.0797990859
  0.0796221197    0.0794437230    0.0792640150    0.0790829360    0.0789006054
  0.0787167847    0.0785315931    0.0783449113    0.0781567991    0.0779672563
  0.0777760446    0.0775834024    0.0773892701    0.0771934688    0.0769960582
  0.0767969787    0.0765962899    0.0763938129    0.0761897266    0.0759837925
  0.0757760704    0.0755665004    0.0753551424    0.0751417577    0.0749265254
  0.0747093856    0.0744901001    0.0742689073    0.0740455687    0.0738200247
  0.0735923350    0.0733624399    0.0731302798    0.0728957355    0.0726588666
  0.0724196136    0.0721777976    0.0719335973    0.0716865957    0.0714370310
  0.0711847842    0.0709296167    0.0706718266    0.0704109967    0.0701472461
  0.0698802769    0.0696102679    0.0693369806    0.0690603554    0.0687803328
  0.0684967339    0.0682096183    0.0679189265    0.0676241815    0.0673256218
  0.0670230091    0.0667161047    0.0664050877    0.0660896003    0.0657694042
  0.0654446781    0.0651147068    0.0647800267    0.0644398034    0.0640943348
  0.0637432635    0.0633860528    0.0630231798    0.0626538098    0.0622778237
  0.0620131195    0.0620003641    0.0619876087    0.0619747341    0.0619618595
  0.0619489849    0.0619359910    0.0619229972    0.0619099438    0.0618968308
  0.0618837178    0.0618704855    0.0618572533    0.0618439615    0.0618306100
  0.0618172586    0.0618038476    0.0617903769    0.0617768466    0.0617632568
  0.0617496669    0.0617360175    0.0617222488    0.0617085397    0.0616947114
  0.0616808236    0.0616669357    0.0616529882    0.0616389811    0.0616249740
  0.0616108477    0.0615967214    0.0615825355    0.0615682900    0.0615539849
  0.0615396798    0.0615252554    0.0615108311    0.0614963472    0.0614818037
  0.0614672601    0.0614526570    0.0614379346    0.0614232123    0.0614084303
  0.0613935888    0.0613787472    0.0613637865    0.0613488257    0.0613338053
  0.0613187253    0.0613035858    0.0612883866    0.0612731874    0.0612578690
  0.0612425506    0.0612271726    0.0612117350    0.0611962378    0.0611807406
  0.0611651242    0.0611494482    0.0611337721    0.0611180365    0.0611022413
  0.0610863864    0.0610705316    0.0610545576    0.0610385239    0.0610224903
  0.0610063970    0.0609902442    0.0609740317    0.0609577596    0.0609414876
  0.0609250963    0.0609086454    0.0608921945    0.0608756840    0.0608591139
  0.0608424842    0.0608257949    0.0608090460    0.0607922375    0.0607753694
  0.0974561274    0.0974483192    0.0974256694    0.0973902047    0.0973442495
  0.0972902477    0.0972299874    0.0971650183    0.0970963538    0.0970247686
  0.0969509184    0.0968751609    0.0967978537    0.0967191756    0.0966394246
  0.0965586007    0.0964769423    0.0963943899    0.0963111818    0.0962272584
  0.0961427391    0.0960575640    0.0959718525    0.0958856046    0.0957987607
  0.0957114995    0.0956237018    0.0955354273    0.0954466760    0.0953574479
  0.0952678025    0.0951776803    0.0950871408    0.0949961841    0.0949047506
  0.0948128402    0.0947205722    0.0946278274    0.0945346653    0.0944410264
  0.0943470299    0.0942525566    0.0941576660    0.0940623581    0.0939665735
  0.0938703716    0.0937737525    0.0936766565    0.0935791433    0.0934812129
  0.0933828056    0.0932839811    0.0931846797    0.0930849612    0.0929848254
  0.0928841531    0.0927830637    0.0926814973    0.0925794542    0.0924769342
  0.0923739970    0.0922705829    0.0921666324    0.0920622647    0.0919574201
  0.0918520391    0.0917462409    0.0916399062    0.0915330946    0.0914257467
  0.0913178623    0.0912095606    0.0911007226    0.0909913480    0.0908814371
  0.0907710493    0.0906601250    0.0905486047    0.0904366076    0.0903240740
  0.0902110040    0.0900973380    0.0899831355    0.0898683369    0.0897530615
  0.0896371305    0.0895207226    0.0894036591    0.0892860591    0.0891678035
  0.0890490115    0.0889296234    0.0888095796    0.0886889994    0.0885677040
  0.0884458721    0.0883233249    0.0882001817    0.0880763829    0.0879519880
  0.0878269374    0.0877011716    0.0875748098    0.0874477327    0.0873199999
  0.0871916115    0.0870624483    0.0869326293    0.0868020952    0.0866708457
  0.0865389407    0.0864061415    0.0862727463    0.0861385763    0.0860036314
  0.0858679712    0.0857314765    0.0855943263    0.0854562819    0.0853174627
  0.0851778686    0.0850374401    0.0848961771    0.0847541392    0.0846112072
  0.0844674408    0.0843228400    0.0841773450    0.0840310156    0.0838837326
  0.0837355554    0.0835865438    0.0834364593    0.0832855999    0.0831337273
  0.0829809010    0.0828271806    0.0826723874    0.0825166404    0.0823598802
  0.0822021067    0.0820433199    0.0818834603    0.0817224681    0.0815605223
  0.0813974440    0.0812332928    0.0810679495    0.0809015334    0.0807340443
  0.0805652440    0.0803953707    0.0802241862    0.0800519884    0.0798784196
  0.0797035992    0.0795275271    0.0793502033    0.0791715086    0.0789915025
  0.0788102448    0.0786275566    0.0784434378    0.0782578886    0.0780709684
  0.0778826177    0.0776927173    0.0775012672    0.0773084462    0.0771139562
  0.0769179165    0.0767202675    0.0765210688    0.0763201416    0.0761175454
  0.0759131014    0.0757069290    0.0754991472    0.0752893984    0.0750778019
  0.0748642981    0.0746490061    0.0744315088    0.0742122233    0.0739907920
  0.0737672746    0.0735417306    0.0733139217    0.0730839074    0.0728516877
  0.0726171434    0.0723802149    0.0721409023    0.0718990862    0.0716547072
  0.0714078844    0.0711582601    0.0709061325    0.0706510246    0.0703932345
  0.0701324046    0.0698686540    0.0696018040    0.0693318546    0.0690588057
  0.0687824190    0.0685024559    0.0682191551    0.0679323375    0.0676417053
  0.0673473775    0.0670490563    0.0667466819    0.0664402544    0.0661293566
  0.0658142269    0.0654948056    0.0651703179    0.0648409426    0.0645067394
  0.0641672909    0.0638222396    0.0634717643    0.0631155670    0.0627532303
  0.0625049174    0.0624926388    0.0624802411    0.0624679029    0.0624554455
  0.0624429882    0.0624304712    0.0624178946    0.0624052584    0.0623926222
  0.0623799860    0.0623672307    0.0623544753    0.0623416007    0.0623287857
  0.0623158514    0.0623029172    0.0622899234    0.0622768700    0.0622638166
  0.0622507036    0.0622375309    0.0622242987    0.0622110665    0.0621977150
  0.0621843636    0.0621710122    0.0621576011    0.0621441305    0.0621306002
  0.0621170104    0.0621034205    0.0620897710    0.0620760620    0.0620622933
  0.0620485246    0.0620346963    0.0620208085    0.0620068610    0.0619929135
  0.0619788468    0.0619648397    0.0619507134    0.0619365275    0.0619223416
  0.0619080961    0.0618938506    0.0618794858    0.0618651211    0.0618506968
  0.0618362129    0.0618216693    0.0618071258    0.0617925227    0.0617778599
  0.0617631376    0.0617483556    0.0617335737    0.0617187321    0.0617038310
  0.0616888702    0.0616739094    0.0616588295    0.0616437495    0.0616285503
  0.0616134107    0.0615981519    0.0615828931    0.0615675747    0.0615521967
  0.0615367591    0.0615213215    0.0615058243    0.0614902079    0.0614745915
  0.0981954038    0.0981886089    0.0981686413    0.0981371105    0.0980958045
  0.0980466902    0.0979913771    0.0979312360    0.0978673398    0.0978003442
  0.0977309048    0.0976594985    0.0975863636    0.0975118577    0.0974361002
  0.0973592699    0.0972815454    0.0972029269    0.0971235931    0.0970434844
  0.0969627798    0.0968814790    0.0967995226    0.0967170894    0.0966341197
  0.0965506136    0.0964666307    0.0963822305    0.0962972939    0.0962119401
  0.0961261690    0.0960399806    0.0959533155    0.0958662331    0.0957787931
  0.0956908762    0.0956025422    0.0955138505    0.0954246819    0.0953352153
  0.0952452719    0.0951549113    0.0950641930    0.0949729979    0.0948815048
  0.0947895348    0.0946971476    0.0946044028    0.0945112407    0.0944176614
  0.0943236649    0.0942292511    0.0941344202    0.0940392315    0.0939435661
  0.0938474834    0.0937510431    0.0936541259    0.0935567915    0.0934590399
  0.0933608711    0.0932622254    0.0931631625    0.0930636823    0.0929637849
  0.0928634107    0.0927626193    0.0926613510    0.0925596058    0.0924574435
  0.0923548043    0.0922517478    0.0921481550    0.0920441449    0.0919396579
  0.0918346941    0.0917292535    0.0916233361    0.0915169418    0.0914100111
  0.0913026035    0.0911947787    0.0910863578    0.0909774601    0.0908680856
  0.0907581747    0.0906477273    0.0905368030    0.0904252827    0.0903132856
  0.0902008116    0.0900877416    0.0899740756    0.0898599327    0.0897451937
  0.0896299183    0.0895141065    0.0893976986    0.0892807543    0.0891632140
  0.0890450776    0.0889263451    0.0888070166    0.0886871517    0.0885665715
  0.0884455144    0.0883238018    0.0882014334    0.0880784690    0.0879548490
  0.0878305733    0.0877057016    0.0875801146    0.0874539316    0.0873270929
  0.0871995389    0.0870713294    0.0869424641    0.0868128836    0.0866825879
  0.0865515769    0.0864199102    0.0862875283    0.0861543715    0.0860204995
  0.0858859122    0.0857505500    0.0856143534    0.0854775012    0.0853398144
  0.0852014124    0.0850621164    0.0849221051    0.0847813189    0.0846396387
  0.0844971836    0.0843538940    0.0842097104    0.0840646327    0.0839187205
  0.0837719738    0.0836243331    0.0834758580    0.0833263099    0.0831759274
  0.0830247104    0.0828723609    0.0827192366    0.0825650990    0.0824100077
  0.0822538435    0.0820967257    0.0819385946    0.0817793906    0.0816191733
  0.0814580023    0.0812955797    0.0811322033    0.0809677541    0.0808021128
  0.0806352794    0.0804674923    0.0802983940    0.0801281631    0.0799567401
  0.0797841847    0.0796103179    0.0794351995    0.0792588294    0.0790812075
  0.0789022744    0.0787219703    0.0785404146    0.0783574283    0.0781730711
  0.0779874027    0.0778001845    0.0776115358    0.0774213970    0.0772298872
  0.0770367682    0.0768420398    0.0766458213    0.0764479339    0.0762484372
  0.0760473907    0.0758445561    0.0756400526    0.0754337609    0.0752256215
  0.0750156939    0.0748041570    0.0745905340    0.0743749440    0.0741574466
  0.0739381015    0.0737165511    0.0734929740    0.0732672513    0.0730394423
  0.0728094280    0.0725770891    0.0723424852    0.0721054971    0.0718662441
  0.0716244280    0.0713801086    0.0711331666    0.0708836615    0.0706315339
  0.0703764260    0.0701187551    0.0698581040    0.0695943534    0.0693278611
  0.0690580904    0.0687850416    0.0685087144    0.0682291687    0.0679460466
  0.0676594675    0.0673691332    0.0670749843    0.0667771399    0.0664749444
  0.0661690533    0.0658586919    0.0655439198    0.0652247369    0.0649008453
  0.0645721853    0.0642384589    0.0638994873    0.0635552108    0.0632053912
  0.0629793108    0.0629673898    0.0629554093    0.0629434288    0.0629313886
  0.0629193485    0.0629072487    0.0628950894    0.0628829300    0.0628707111
  0.0628584325    0.0628460944    0.0628337562    0.0628213584    0.0628089607
  0.0627965033    0.0627839863    0.0627714097    0.0627588332    0.0627461970
  0.0627335608    0.0627208650    0.0627081096    0.0626952946    0.0626824796
  0.0626696050    0.0626566708    0.0626437366    0.0626307428    0.0626176894
  0.0626046360    0.0625914633    0.0625782907    0.0625651181    0.0625518858
  0.0625385940    0.0625252426    0.0625118911    0.0624984801    0.0624850094
  0.0624714792    0.0624579489    0.0624443591    0.0624307692    0.0624171197
  0.0624034107    0.0623896420    0.0623758137    0.0623619854    0.0623480976
  0.0623341501    0.0623202026    0.0623061955    0.0622921288    0.0622780621
  0.0622639358    0.0622497499    0.0622355044    0.0622212589    0.0622069538
  0.0621925294    0.0621781647    0.0621637404    0.0621492565    0.0621347129
  0.0989054143    0.0988993943    0.0988817513    0.0988535583    0.0988163650
  0.0987717211    0.0987209976    0.0986653864    0.0986059010    0.0985432565
  0.0984780490    0.0984107554    0.0983416140    0.0982710421    0.0981990993
  0.0981260836    0.0980520546    0.0979771316    0.0979013741    0.0978249609
  0.0977478325    0.0976700485    0.0975917280    0.0975128114    0.0974333584
  0.0973534286    0.0972730219    0.0971921384    0.0971107781    0.0970290005
  0.0969468057    0.0968641937    0.0967811644    0.0966977179    0.0966138542
  0.0965296328    0.0964449942    0.0963599980    0.0962745845    0.0961888134
  0.0961026251    0.0960160792    0.0959291160    0.0958417952    0.0957541168
  0.0956660807    0.0955776274    0.0954887569    0.0953995883    0.0953099430
  0.0952199996    0.0951296389    0.0950389206    0.0949477851    0.0948562920
  0.0947644413    0.0946721733    0.0945794880    0.0944863856    0.0943929255
  0.0942991078    0.0942048728    0.0941102207    0.0940151513    0.0939197242
  0.0938238204    0.0937275589    0.0936308801    0.0935337842    0.0934362710
  0.0933384001    0.0932400525    0.0931412876    0.0930420458    0.0929424465
  0.0928423703    0.0927418768    0.0926409662    0.0925395787    0.0924377739
  0.0923354924    0.0922327936    0.0921296179    0.0920259655    0.0919218957
  0.0918173492    0.0917123258    0.0916068256    0.0915009081    0.0913944542
  0.0912875235    0.0911800563    0.0910721719    0.0909637511    0.0908549130
  0.0907454789    0.0906356275    0.0905251801    0.0904142559    0.0903027952
  0.0901909173    0.0900783837    0.0899653733    0.0898517668    0.0897377431
  0.0896230638    0.0895078480    0.0893920958    0.0892758071    0.0891589224
  0.0890415013    0.0889234841    0.0888048112    0.0886857212    0.0885659158
  0.0884455740    0.0883245766    0.0882029831    0.0880808532    0.0879580081
  0.0878346264    0.0877105296    0.0875858963    0.0874604881    0.0873345435
  0.0872078836    0.0870806277    0.0869525969    0.0868239701    0.0866946280
  0.0865646303    0.0864339769    0.0863025486    0.0861704051    0.0860376060
  0.0859040320    0.0857697427    0.0856347382    0.0854989588    0.0853624642
  0.0852251351    0.0850870907    0.0849482715    0.0848086178    0.0846681893
  0.0845269859    0.0843849480    0.0842420161    0.0840983689    0.0839538872
  0.0838083923    0.0836621821    0.0835150778    0.0833670795    0.0832180679
  0.0830683410    0.0829176009    0.0827659667    0.0826133788    0.0824598372
  0.0823053420    0.0821498930    0.0819933712    0.0818358958    0.0816775262
  0.0815180242    0.0813575089    0.0811958611    0.0810333192    0.0808695853
  0.0807047188    0.0805387795    0.0803717673    0.0802036226    0.0800342262
  0.0798637569    0.0796920359    0.0795191824    0.0793450773    0.0791696608
  0.0789930522    0.0788152516    0.0786359608    0.0784554780    0.0782736242
  0.0780903995    0.0779058039    0.0777198970    0.0775325000    0.0773436129
  0.0771533549    0.0769616067    0.0767683089    0.0765733421    0.0763768852
  0.0761789978    0.0759793222    0.0757780373    0.0755750835    0.0753702819
  0.0751639307    0.0749557316    0.0747457445    0.0745339692    0.0743202269
  0.0741046369    0.0738870203    0.0736674964    0.0734459460    0.0732223690
  0.0729966462    0.0727687776    0.0725385249    0.0723063052    0.0720716417
  0.0718347728    0.0715953410    0.0713536441    0.0711093843    0.0708625019
  0.0706131756    0.0703609884    0.0701061189    0.0698485672    0.0695879757
  0.0693244636    0.0690580308    0.0687884986    0.0685155690    0.0682395995
  0.0679601133    0.0676774681    0.0673910081    0.0671010911    0.0668072999
  0.0665096939    0.0662080348    0.0659023225    0.0655924976    0.0652783215
  0.0649595559    0.0646362603    0.0643080771    0.0639749467    0.0636368692
  0.0634375513    0.0634259880    0.0634144247    0.0634028018    0.0633911192
  0.0633794367    0.0633677542    0.0633559525    0.0633441508    0.0633323491
  0.0633204877    0.0633085668    0.0632965863    0.0632846057    0.0632725656
  0.0632605255    0.0632484257    0.0632363260    0.0632241070    0.0632118881
  0.0631996691    0.0631873906    0.0631750524    0.0631627142    0.0631502569
  0.0631378591    0.0631253421    0.0631128252    0.0631003082    0.0630877316
  0.0630750358    0.0630623996    0.0630497038    0.0630369484    0.0630241930
  0.0630113184    0.0629984438    0.0629855692    0.0629726350    0.0629596412
  0.0629466474    0.0629335344    0.0629204810    0.0629073083    0.0628941357
  0.0628809035    0.0628676713    0.0628543794    0.0628410280    0.0628276765
  0.0628142655    0.0628007948    0.0627872646    0.0627737343    0.0627601445
  0.0995883644    0.0995830595    0.0995673239    0.0995421112    0.0995085537
  0.0994679034    0.0994213521    0.0993699729    0.0993146598    0.0992561281
  0.0991949141    0.0991314948    0.0990662277    0.0989992917    0.0989310443
  0.0988616049    0.0987910926    0.0987196267    0.0986473858    0.0985743105
  0.0985005796    0.0984261930    0.0983512104    0.0982756317    0.0981995165
  0.0981229246    0.0980457962    0.0979682505    0.0978902280    0.0978117883
  0.0977329314    0.0976536572    0.0975739658    0.0974939167    0.0974133909
  0.0973325670    0.0972513258    0.0971697271    0.0970877707    0.0970054567
  0.0969227254    0.0968396366    0.0967562497    0.0966724455    0.0965882838
  0.0965038240    0.0964189470    0.0963337123    0.0962481797    0.0961622298
  0.0960759223    0.0959893167    0.0959023535    0.0958149731    0.0957272947
  0.0956391990    0.0955507457    0.0954619348    0.0953727663    0.0952832401
  0.0951933563    0.0951031148    0.0950124562    0.0949214995    0.0948301256
  0.0947383344    0.0946462452    0.0945537388    0.0944608152    0.0943675935
  0.0942738950    0.0941798389    0.0940854251    0.0939906538    0.0938954055
  0.0937997997    0.0937037766    0.0936073959    0.0935105383    0.0934133232
  0.0933156908    0.0932176411    0.0931192338    0.0930203497    0.0929209888
  0.0928213298    0.0927211344    0.0926205814    0.0925196111    0.0924181044
  0.0923162401    0.0922138989    0.0921111405    0.0920079648    0.0919043124
  0.0918001831    0.0916955769    0.0915904939    0.0914849937    0.0913790166
  0.0912725627    0.0911656320    0.0910582244    0.0909503400    0.0908419788
  0.0907331407    0.0906237662    0.0905139148    0.0904035270    0.0902926624
  0.0901812613    0.0900693238    0.0899569690    0.0898440182    0.0897305310
  0.0896165073    0.0895019472    0.0893868506    0.0892712176    0.0891550481
  0.0890382826    0.0889209807    0.0888030827    0.0886846483    0.0885656178
  0.0884459913    0.0883257687    0.0882049501    0.0880836546    0.0879616439
  0.0878390372    0.0877157748    0.0875919759    0.0874674618    0.0873423517
  0.0872165859    0.0870901644    0.0869631469    0.0868354738    0.0867071450
  0.0865780413    0.0864484012    0.0863179266    0.0861868560    0.0860550106
  0.0859225690    0.0857892931    0.0856553614    0.0855207145    0.0853852928
  0.0852490962    0.0851122439    0.0849746168    0.0848361552    0.0846969783
  0.0845569670    0.0844161212    0.0842746198    0.0841322839    0.0839889944
  0.0838449299    0.0837000906    0.0835542977    0.0834076703    0.0832602084
  0.0831119120    0.0829626024    0.0828124583    0.0826614201    0.0825094879
  0.0823565423    0.0822027028    0.0820479691    0.0818921030    0.0817353427
  0.0815775096    0.0814187825    0.0812590420    0.0810981691    0.0809364021
  0.0807734430    0.0806093514    0.0804443061    0.0802781284    0.0801108778
  0.0799424350    0.0797728002    0.0796020329    0.0794301331    0.0792569220
  0.0790826380    0.0789069831    0.0787301362    0.0785520375    0.0783725679
  0.0781918466    0.0780098140    0.0778264105    0.0776416361    0.0774554908
  0.0772679150    0.0770789683    0.0768884122    0.0766964257    0.0765028894
  0.0763079226    0.0761113465    0.0759131610    0.0757133663    0.0755119622
  0.0753089488    0.0751040876    0.0748975575    0.0746892989    0.0744790733
  0.0742672980    0.0740534961    0.0738377869    0.0736202300    0.0734005272
  0.0731789768    0.0729552805    0.0727295578    0.0725016892    0.0722716153
  0.0720392764    0.0718047321    0.0715678036    0.0713284910    0.0710869133
  0.0708425939    0.0705958903    0.0703465641    0.0700945556    0.0698398054
  0.0695821941    0.0693219602    0.0690586269    0.0687923133    0.0685229599
  0.0682503879    0.0679747164    0.0676955283    0.0674128830    0.0671270192
  0.0668373406    0.0665439069    0.0662467182    0.0659453571    0.0656401813
  0.0653309524    0.0650171340    0.0646989644    0.0643762648    0.0640489161
  0.0638807714    0.0638695657    0.0638583601    0.0638470948    0.0638357699
  0.0638244450    0.0638131201    0.0638016760    0.0637902915    0.0637787879
  0.0637672842    0.0637557209    0.0637441576    0.0637325346    0.0637209117
  0.0637092292    0.0636974871    0.0636857450    0.0636739433    0.0636621416
  0.0636502802    0.0636383593    0.0636264384    0.0636144578    0.0636024773
  0.0635904372    0.0635783374    0.0635662377    0.0635540783    0.0635419190
  0.0635297000    0.0635174811    0.0635051429    0.0634928644    0.0634804666
  0.0634680688    0.0634556711    0.0634431541    0.0634306967    0.0634181201
  0.0634055436    0.0633929074    0.0633802712    0.0633675754    0.0633548200
