  0.0000000000    0.0150000000
  0.0002500000    0.0010000000    179    30
  -0.0000002608    0.0016496196    0.0033022895    0.0049595729    0.0066220328
  0.0082900718    0.0099641725    0.0116447374    0.0133322224    0.0150270566
  0.0167297766    0.0184407577    0.0201605901    0.0218897298    0.0236287132
  0.0253780499    0.0271383569    0.0289101437    0.0306941345    0.0324908391
  0.0343010619    0.0361253127    0.0379645035    0.0398193046    0.0416905478
  0.0435790911    0.0454858467    0.0474118873    0.0493580714    0.0513255522
  0.0533157781    0.0553295806    0.0573687032    0.0594344601    0.0615286753
  0.0636530653    0.0658093467    0.0679999605    0.0702272668    0.0724940285
  0.0748029009    0.0771574780    0.0795613810    0.0820191160    0.0845355108
  0.0871161178    0.0897676155    0.0924978361    0.0953154430    0.0982315138
  0.1012593254    0.1040550992    0.1037481740    0.1034402832    0.1031313464
  0.1028213635    0.1025103346    0.1021982864    0.1018851921    0.1015710518
  0.1012557849    0.1009395257    0.1006221130    0.1003036812    0.0999841496
  0.0996633843    0.0993413582    0.0990183666    0.0986941680    0.0983688697
  0.0980424985    0.0977147862    0.0973858669    0.0970559284    0.0967245147
  0.0963920817    0.0960582271    0.0957232192    0.0953867897    0.0950490996
  0.0947101757    0.0943699911    0.0940283045    0.0936853841    0.0933411226
  0.0929952517    0.0926482007    0.0922996745    0.0919495925    0.0915982231
  0.0912452981    0.0908908442    0.0905350223    0.0901775375    0.0898185775
  0.0894579813    0.0890958026    0.0887321755    0.0883666977    0.0879996911
  0.0876310214    0.0872605547    0.0868886128    0.0865147665    0.0861392036
  0.0857618168    0.0853825793    0.0850015715    0.0846187666    0.0842339501
  0.0838472828    0.0834587649    0.0830681548    0.0826755062    0.0822809801
  0.0818844423    0.0814856514    0.0810848221    0.0806940511    0.0806940511
  0.0806940511    0.0806940511    0.0806940511    0.0806940511    0.0806940511
  0.0806940511    0.0806940511    0.0806940511    0.0806940511    0.0806940511
  0.0806940511    0.0806940511    0.0806940511    0.0806940511    0.0806940511
  0.0806940511    0.0806940511    0.0806940511    0.0806940511    0.0806940511
  0.0806940511    0.0806940511    0.0806940511    0.0806940511    0.0806940511
  0.0806940511    0.0806940511    0.0806940511    0.0806940511    0.0806940511
  0.0806940511    0.0806940511    0.0806940511    0.0806940511    0.0806940511
  0.0806940511    0.0806940511    0.0806940511    0.0806940511    0.0806940511
  0.0806940511    0.0806940511    0.0806940511    0.0806940511    0.0806940511
  0.0806940511    0.0806940511    0.0806940511    0.0806940511    0.0806940511
  0.0806940511    0.0806940511    0.0806940511    0.0806940511    0.0806940511
  0.0806940511    0.0806940511    0.0806940511    0.0806940511    0.0806940511
  -0.0000002608    0.0015704140    0.0031432882    0.0047200516    0.0063012406
  0.0078872308    0.0094784513    0.0110751703    0.0126778439    0.0142867669
  0.0159023955    0.0175251052    0.0191552714    0.0207933500    0.0224397436
  0.0240948543    0.0257591918    0.0274332121    0.0291173443    0.0308121786
  0.0325181171    0.0342358842    0.0359658554    0.0377087280    0.0394651189
  0.0412356183    0.0430209771    0.0448219731    0.0466392502    0.0484736130
  0.0503260002    0.0521974310    0.0540886030    0.0560009107    0.0579352126
  0.0598928228    0.0618749484    0.0638834134    0.0659191832    0.0679843768
  0.0700808451    0.0722103044    0.0743753567    0.0765784428    0.0788223788
  0.0811102495    0.0834456757    0.0858326808    0.0882762536    0.0907811686
  0.0933539435    0.0960015252    0.0987326577    0.1015572116    0.1044876590
  0.1048442051    0.1045510128    0.1042569354    0.1039618656    0.1036659375
  0.1033691779    0.1030713990    0.1027728155    0.1024732396    0.1021726981
  0.1018710837    0.1015687719    0.1012652531    0.1009607956    0.1006555334
  0.1003488228    0.1000414416    0.0997330144    0.0994235680    0.0991130754
  0.0988015369    0.0984890059    0.0981752947    0.0978605911    0.0975447610
  0.0972278044    0.0969098553    0.0965906724    0.0962703899    0.0959490076
  0.0956263915    0.0953025684    0.0949776992    0.0946514621    0.0943242058
  0.0939956352    0.0936658844    0.0933348462    0.0930025473    0.0926688001
  0.0923339531    0.0919977382    0.0916602626    0.0913214192    0.0909811005
  0.0906395748    0.0902966008    0.0899521783    0.0896064416    0.0892593101
  0.0889104620    0.0885603800    0.0882086620    0.0878554419    0.0875007197
  0.0871445492    0.0867866620    0.0864272192    0.0860662207    0.0857035592
  0.0853392616    0.0849733278    0.0846056774    0.0842362836    0.0838650659
  0.0834921852    0.0831175342    0.0827409789    0.0823626801    0.0819825575
  0.0816003427    0.0815845177    0.0815845177    0.0815845177    0.0815845177
  0.0815845177    0.0815845177    0.0815845177    0.0815845177    0.0815845177
  0.0815845177    0.0815845177    0.0815845177    0.0815845177    0.0815845177
  0.0815845177    0.0815845177    0.0815845177    0.0815845177    0.0815845177
  0.0815845177    0.0815845177    0.0815845177    0.0815845177    0.0815845177
  0.0815845177    0.0815845177    0.0815845177    0.0815845177    0.0815845177
  0.0815845177    0.0815845177    0.0815845177    0.0815845177    0.0815845177
  0.0815845177    0.0815845177    0.0815845177    0.0815845177    0.0815845177
  0.0815845177    0.0815845177    0.0815845177    0.0815845177    0.0815845177
  0.0815845177    0.0815845177    0.0815845177    0.0815845177    0.0815845177
  0.0815845177    0.0815845177    0.0815845177    0.0815845177    0.0815845177
  -0.0000002608    0.0014998451    0.0030016407    0.0045067623    0.0060156927
  0.0075287804    0.0090463474    0.0105687425    0.0120962068    0.0136291161
  0.0151677653    0.0167124763    0.0182636514    0.0198215052    0.0213865206
  0.0229589388    0.0245392427    0.0261277273    0.0277248755    0.0293309823
  0.0309465304    0.0325719222    0.0342076406    0.0358542219    0.0375119343
  0.0391815022    0.0408633813    0.0425581619    0.0442663804    0.0459886000
  0.0477256253    0.0494780198    0.0512465075    0.0530319467    0.0548351422
  0.0566567644    0.0584981278    0.0603597954    0.0622432157    0.0641492203
  0.0660792306    0.0680346146    0.0700168744    0.0720273778    0.0740682974
  0.0761412427    0.0782486007    0.0803924903    0.0825760767    0.0848017737
  0.0870731488    0.0893940911    0.0917691067    0.0942030236    0.0967016086
  0.0992718890    0.1019212946    0.1046596155    0.1058827028    0.1056027606
  0.1053219870    0.1050404087    0.1047579184    0.1044747576    0.1041908190
  0.1039059415    0.1036203131    0.1033339068    0.1030464813    0.1027582780
  0.1024693236    0.1021793500    0.1018886253    0.1015970424    0.1013041720
  0.1010108456    0.1007163927    0.1004212424    0.1001250729    0.0998279646
  0.0995299980    0.0992309317    0.0989310607    0.0986302242    0.0983283147
  0.0980254665    0.0977217063    0.0974168733    0.0971109673    0.0968040422
  0.0964962050    0.0961871877    0.0958773121    0.0955662563    0.0952540740
  0.0949408993    0.0946265712    0.0943111435    0.0939946160    0.0936769620
  0.0933581010    0.0930381402    0.0927168384    0.0923946247    0.0920710698
  0.0917463347    0.0914204463    0.0910931095    0.0907646462    0.0904350296
  0.0901039109    0.0897716656    0.0894380257    0.0891030714    0.0887667492
  0.0884291127    0.0880901352    0.0877496019    0.0874077812    0.0870645389
  0.0867199287    0.0863737896    0.0860261753    0.0856769517    0.0853262529
  0.0849742398    0.0846204296    0.0842651978    0.0839081958    0.0835495308
  0.0831895515    0.0828275874    0.0824641749    0.0824361458    0.0824361458
  0.0824361458    0.0824361458    0.0824361458    0.0824361458    0.0824361458
  0.0824361458    0.0824361458    0.0824361458    0.0824361458    0.0824361458
  0.0824361458    0.0824361458    0.0824361458    0.0824361458    0.0824361458
  0.0824361458    0.0824361458    0.0824361458    0.0824361458    0.0824361458
  0.0824361458    0.0824361458    0.0824361458    0.0824361458    0.0824361458
  0.0824361458    0.0824361458    0.0824361458    0.0824361458    0.0824361458
  0.0824361458    0.0824361458    0.0824361458    0.0824361458    0.0824361458
  0.0824361458    0.0824361458    0.0824361458    0.0824361458    0.0824361458
  0.0824361458    0.0824361458    0.0824361458    0.0824361458    0.0824361458
  -0.0000002608    0.0014365181    0.0028745845    0.0043154672    0.0057596490
  0.0072074518    0.0086591706    0.0101150468    0.0115753755    0.0130404249
  0.0145104632    0.0159857586    0.0174665526    0.0189532742    0.0204460308
  0.0219453052    0.0234512851    0.0249642923    0.0264846757    0.0280127570
  0.0295489386    0.0310935155    0.0326468363    0.0342093304    0.0357812926
  0.0373633400    0.0389556333    0.0405588433    0.0421731845    0.0437994346
  0.0454378620    0.0470890298    0.0487535551    0.0504320279    0.0521249846
  0.0538330957    0.0555570856    0.0572977051    0.0590557054    0.0608318105
  0.0626271203    0.0644423053    0.0662784383    0.0681368336    0.0700186446
  0.0719248369    0.0738572881    0.0758172050    0.0778061703    0.0798262224
  0.0818796143    0.0839683041    0.0860948935    0.0882621989    0.0904736534
  0.0927323952    0.0950428769    0.0974097118    0.0998382911    0.1023349717
  0.1049072906    0.1068699166    0.1066017225    0.1063330725    0.1060635641
  0.1057934389    0.1055224821    0.1052509353    0.1049785569    0.1047054544
  0.1044316545    0.1041570500    0.1038817212    0.1036055610    0.1033287302
  0.1030510947    0.1027726278    0.1024934903    0.1022131726    0.1019324258
  0.1016507939    0.1013683304    0.1010851160    0.1008009896    0.1005160585
  0.1002302691    0.0999437019    0.0996562228    0.0993678853    0.0990786359
  0.0987886891    0.0984975621    0.0982057378    0.0979130551    0.0976192459
  0.0973247126    0.0970290795    0.0967326149    0.0964350507    0.0961366817
  0.0958372131    0.0955369666    0.0952354863    0.0949332282    0.0946299240
  0.0943254396    0.0940200433    0.0937136278    0.0934060320    0.0930974439
  0.0927878633    0.0924769953    0.0921651348    0.0918521747    0.0915381148
  0.0912228212    0.0909064546    0.0905888543    0.0902701005    0.0899502471
  0.0896291062    0.0893068120    0.0889832303    0.0886583611    0.0883323655
  0.0880050018    0.0876765117    0.0873465464    0.0870153740    0.0866827533
  0.0863487914    0.0860134080    0.0856768712    0.0853388056    0.0849992111
  0.0846583828    0.0843159452    0.0839721665    0.0836269394    0.0832799152
  0.0832527444    0.0832527444    0.0832527444    0.0832527444    0.0832527444
  0.0832527444    0.0832527444    0.0832527444    0.0832527444    0.0832527444
  0.0832527444    0.0832527444    0.0832527444    0.0832527444    0.0832527444
  0.0832527444    0.0832527444    0.0832527444    0.0832527444    0.0832527444
  0.0832527444    0.0832527444    0.0832527444    0.0832527444    0.0832527444
  0.0832527444    0.0832527444    0.0832527444    0.0832527444    0.0832527444
  0.0832527444    0.0832527444    0.0832527444    0.0832527444    0.0832527444
  0.0832527444    0.0832527444    0.0832527444    0.0832527444    0.0832527444
  -0.0000002608    0.0013793066    0.0027598664    0.0041427866    0.0055286035
  0.0069175586    0.0083099470    0.0097059831    0.0111059353    0.0125099912
  0.0139183924    0.0153314069    0.0167492494    0.0181721881    0.0196004644
  0.0210342929    0.0224739954    0.0239198133    0.0253719881    0.0268308416
  0.0282966152    0.0297696576    0.0312502101    0.0327386484    0.0342352405
  0.0357403353    0.0372542813    0.0387774810    0.0403101757    0.0418527678
  0.0434058204    0.0449696019    0.0465445951    0.0481312022    0.0497300133
  0.0513413772    0.0529659107    0.0546040431    0.0562565252    0.0579240009
  0.0596068993    0.0613060251    0.0630222633    0.0647560969    0.0665086254
  0.0682806537    0.0700730130    0.0718868837    0.0737234995    0.0755839065
  0.0774695799    0.0793818608    0.0813223585    0.0832929507    0.0852954075
  0.0873321161    0.0894048735    0.0915173009    0.0936715975    0.0958714917
  0.0981210336    0.1004240587    0.1027862266    0.1052132502    0.1077118352
  0.1075537726    0.1072960123    0.1070374742    0.1067783996    0.1065185741
  0.1062582389    0.1059971258    0.1057355300    0.1054730222    0.1052100584
  0.1049463168    0.1046818241    0.1044167146    0.1041510150    0.1038844302
  0.1036172554    0.1033493295    0.1030807063    0.1028110638    0.1025409922
  0.1022701964    0.1019987032    0.1017263785    0.1014533296    0.1011795834
  0.1009050325    0.1006297573    0.1003535703    0.1000766858    0.0997991309
  0.0995206371    0.0992413387    0.0989611283    0.0986802474    0.0983985886
  0.0981160179    0.0978325352    0.0975483015    0.0972631827    0.0969771519
  0.0966903701    0.0964025691    0.0961139098    0.0958243921    0.0955338821
  0.0952425137    0.0949502870    0.0946570948    0.0943628028    0.0940678403
  0.0937717780    0.0934746161    0.0931765422    0.0928775296    0.0925774440
  0.0922763392    0.0919743225    0.0916712597    0.0913670704    0.0910618350
  0.0907554731    0.0904481187    0.0901396647    0.0898300841    0.0895194039
  0.0892075166    0.0888945296    0.0885804966    0.0882651225    0.0879487291
  0.0876310214    0.0873120531    0.0869920388    0.0866706565    0.0863480404
  0.0860242978    0.0856990799    0.0853726551    0.0850449160    0.0847158626
  0.0843854144    0.0840536520    0.0840375856    0.0840375856    0.0840375856
  0.0840375856    0.0840375856    0.0840375856    0.0840375856    0.0840375856
  0.0840375856    0.0840375856    0.0840375856    0.0840375856    0.0840375856
  0.0840375856    0.0840375856    0.0840375856    0.0840375856    0.0840375856
  0.0840375856    0.0840375856    0.0840375856    0.0840375856    0.0840375856
  0.0840375856    0.0840375856    0.0840375856    0.0840375856    0.0840375856
  0.0840375856    0.0840375856    0.0840375856    0.0840375856    0.0840375856
  -0.0000002608    0.0013273522    0.0026556894    0.0039860383    0.0053189084
  0.0066545144    0.0079931781    0.0093350068    0.0106802955    0.0120292321
  0.0133819506    0.0147387460    0.0160997793    0.0174652651    0.0188354179
  0.0202104792    0.0215906635    0.0229761317    0.0243672326    0.0257640466
  0.0271669760    0.0285762087    0.0299919322    0.0314144954    0.0328440860
  0.0342811063    0.0357256636    0.0371781871    0.0386389181    0.0401081249
  0.0415862903    0.0430735752    0.0445703819    0.0460771665    0.0475940898
  0.0491217420    0.0506604984    0.0522107348    0.0537729606    0.0553475782
  0.0569350168    0.0585361347    0.0601510391    0.0617805615    0.0634252653
  0.0650859550    0.0667630598    0.0684575185    0.0701701358    0.0719016895
  0.0736531183    0.0754252002    0.0772194102    0.0790368482    0.0808783725
  0.0827458069    0.0846404657    0.0865642264    0.0885185376    0.0905057326
  0.0925280645    0.0945877865    0.0966880903    0.0988321140    0.1010232642
  0.1032662079    0.1055647537    0.1079250440    0.1084633097    0.1082154199
  0.1079669669    0.1077179238    0.1074683443    0.1072182283    0.1069674149
  0.1067160383    0.1064639911    0.1062114343    0.1059583142    0.1057045236
  0.1054500625    0.1051950917    0.1049393162    0.1046830311    0.1044261023
  0.1041685030    0.1039102867    0.1036511317    0.1033916280    0.1031314805
  0.1028705552    0.1026090398    0.1023468807    0.1020839706    0.1018203095
  0.1015560314    0.1012911633    0.1010254100    0.1007589057    0.1004918382
  0.1002240464    0.0999553695    0.0996861294    0.0994160578    0.0991452619
  0.0988737687    0.0986014441    0.0983282879    0.0980544612    0.0977798030
  0.0975043133    0.0972280458    0.0969511077    0.0966730967    0.0963944152
  0.0961149827    0.0958346114    0.0955534890    0.0952714279    0.0949885085
  0.0947046772    0.0944199607    0.0941345200    0.0938480601    0.0935606077
  0.0932724580    0.0929832891    0.0926931545    0.0924021885    0.0921101496
  0.0918172523    0.0915233091    0.0912284270    0.0909326062    0.0906355783
  0.0903376654    0.0900388405    0.0897388622    0.0894378647    0.0891358748
  0.0888327315    0.0885284886    0.0882231191    0.0879168108    0.0876092419
  0.0873007610    0.0869909391    0.0866800711    0.0863678887    0.0860546872
  0.0857403323    0.0854245827    0.0851078406    0.0847934589    0.0847934589
  0.0847934589    0.0847934589    0.0847934589    0.0847934589    0.0847934589
  0.0847934589    0.0847934589    0.0847934589    0.0847934589    0.0847934589
  0.0847934589    0.0847934589    0.0847934589    0.0847934589    0.0847934589
  0.0847934589    0.0847934589    0.0847934589    0.0847934589    0.0847934589
  0.0847934589    0.0847934589    0.0847934589    0.0847934589    0.0847934589
  -0.0000002608    0.0012799039    0.0025605783    0.0038430229    0.0051275864
  0.0064146176    0.0077043042    0.0089968339    0.0102923945    0.0115911469
  0.0128933057    0.0141990319    0.0155085132    0.0168219104    0.0181394652
  0.0194613382    0.0207876638    0.0221186832    0.0234546110    0.0247956619
  0.0261419699    0.0274938032    0.0288514033    0.0302148774    0.0315845475
  0.0329605743    0.0343433067    0.0357329056    0.0371296123    0.0385336950
  0.0399454758    0.0413651422    0.0427930430    0.0442293927    0.0456745937
  0.0471289411    0.0485927567    0.0500662819    0.0515499994    0.0530442312
  0.0545493796    0.0560658738    0.0575941160    0.0591345623    0.0606876686
  0.0622539446    0.0638338193    0.0654280439    0.0670369938    0.0686615542
  0.0703021005    0.0719593838    0.0736344501    0.0753278092    0.0770405337
  0.0787734285    0.0805275127    0.0823041007    0.0841039702    0.0859288111
  0.0877801254    0.0896592543    0.0915680483    0.0935082510    0.0954823837
  0.0974923238    0.0995409951    0.1016317233    0.1037673250    0.1059522256
  0.1081902876    0.1093342230    0.1090955064    0.1088561729    0.1086164907
  0.1083760843    0.1081353560    0.1078940377    0.1076519951    0.1074096307
  0.1071666762    0.1069231316    0.1066789970    0.1064342991    0.1061890379
  0.1059433207    0.1056969061    0.1054500625    0.1052025214    0.1049544170
  0.1047056422    0.1044561431    0.1042062417    0.1039558038    0.1037046954
  0.1034530237    0.1032006815    0.1029478028    0.1026942804    0.1024400875
  0.1021852240    0.1019296899    0.1016736731    0.1014170125    0.1011595473
  0.1009014383    0.1006427124    0.1003832087    0.1001232222    0.0998624578
  0.0996009693    0.0993388370    0.0990759537    0.0988123462    0.0985481218
  0.0982830390    0.0980173662    0.0977509692    0.0974837139    0.0972157344
  0.0969470575    0.0966776833    0.0964074507    0.0961363867    0.0958646521
  0.0955921128    0.0953187421    0.0950445667    0.0947695866    0.0944939628
  0.0942174003    0.0939397648    0.0936615124    0.0933825091    0.0931024328
  0.0928216323    0.0925399199    0.0922573492    0.0919737861    0.0916894719
  0.0914041653    0.0911180273    0.0908307895    0.0905426934    0.0902536586
  0.0899636850    0.0896727458    0.0893807605    0.0890878364    0.0887938932
  0.0884990111    0.0882031366    0.0879062429    0.0876081958    0.0873091564
  0.0870089903    0.0867078587    0.0864055201    0.0861022159    0.0857978389
  0.0855226979    0.0855226979    0.0855226979    0.0855226979    0.0855226979
  0.0855226979    0.0855226979    0.0855226979    0.0855226979    0.0855226979
  0.0855226979    0.0855226979    0.0855226979    0.0855226979    0.0855226979
  0.0855226979    0.0855226979    0.0855226979    0.0855226979    0.0855226979
  -0.0000002608    0.0012363985    0.0024734065    0.0037118897    0.0049522504
  0.0061947837    0.0074396506    0.0086870387    0.0099371627    0.0111901030
  0.0124460742    0.0137051836    0.0149676457    0.0162336215    0.0175032184
  0.0187766507    0.0200540528    0.0213356391    0.0226215437    0.0239119008
  0.0252069786    0.0265069380    0.0278119132    0.0291221187    0.0304377690
  0.0317589715    0.0330861017    0.0344191596    0.0357584402    0.0371042386
  0.0384567425    0.0398160324    0.0411825374    0.0425564185    0.0439379439
  0.0453273818    0.0467249736    0.0481309608    0.0495456383    0.0509693816
  0.0524025396    0.0538452998    0.0552980110    0.0567612097    0.0582350835
  0.0597199008    0.0612164661    0.0627248868    0.0642456457    0.0657793328
  0.0673262969    0.0688871279    0.0704624161    0.0720528319    0.0736590996
  0.0752814338    0.0769208267    0.0785782441    0.0802541420    0.0819497004
  0.0836658582    0.0854035541    0.0871639416    0.0889484957    0.0907584235
  0.0925947979    0.0944600597    0.0963556036    0.0982833073    0.1002456650
  0.1022452250    0.1042845890    0.1063670829    0.1084960863    0.1101698920
  0.1099395707    0.1097088739    0.1094775334    0.1092458174    0.1090135917
  0.1087808564    0.1085477725    0.1083140716    0.1080798611    0.1078451678
  0.1076099917    0.1073741719    0.1071380302    0.1069012716    0.1066640303
  0.1064263061    0.1061879918    0.1059490606    0.1057097808    0.1054699376
  0.1052292094    0.1049881592    0.1047466531    0.1045045570    0.1042620048
  0.1040187284    0.1037748888    0.1035306200    0.1032857612    0.1030402049
  0.1027941927    0.1025473759    0.1023001298    0.1020523205    0.1018038139
  0.1015547708    0.1013051644    0.1010548875    0.1008039400    0.1005524561
  0.1003003016    0.1000474766    0.0997941419    0.0995400026    0.0992853537
  0.0990299001    0.0987738296    0.0985170886    0.0982597306    0.0980015948
  0.0977428421    0.0974834725    0.0972232178    0.0969624802    0.0967008308
  0.0964386180    0.0961756542    0.0959118053    0.0956473932    0.0953821227
  0.0951161280    0.0948495701    0.0945820466    0.0943137988    0.0940447465
  0.0937750235    0.0935044423    0.0932329491    0.0929607853    0.0926876828
  0.0924137756    0.0921392515    0.0918637887    0.0915873066    0.0913102075
  0.0910321966    0.0907531932    0.0904734120    0.0901925310    0.0899109259
  0.0896285966    0.0893450066    0.0890607461    0.0887753859    0.0884891942
  0.0882019296    0.0879138872    0.0876247987    0.0873346373    0.0870437250
  0.0867515251    0.0864584401    0.0862274483    0.0862274483    0.0862274483
  0.0862274483    0.0862274483    0.0862274483    0.0862274483    0.0862274483
  0.0862274483    0.0862274483    0.0862274483    0.0862274483    0.0862274483
  -0.0000002608    0.0011963263    0.0023931012    0.0035911635    0.0047908887
  0.0059924915    0.0071961865    0.0084021345    0.0096104696    0.0108213529
  0.0120349184    0.0132513270    0.0144707128    0.0156932101    0.0169189528
  0.0181481019    0.0193808183    0.0206172094    0.0218574896    0.0231017128
  0.0243501469    0.0256028458    0.0268600240    0.0281218961    0.0293884620
  0.0306600437    0.0319367751    0.0332187638    0.0345063314    0.0357995048
  0.0370985791    0.0384037152    0.0397151276    0.0410329774    0.0423575327
  0.0436889276    0.0450274304    0.0463734165    0.0477268323    0.0490881607
  0.0504575089    0.0518351719    0.0532215521    0.0546168104    0.0560211614
  0.0574350879    0.0588588044    0.0602928743    0.0617372170    0.0631925836
  0.0646592423    0.0661374077    0.0676277503    0.0691306189    0.0706464693
  0.0721759453    0.0737192884    0.0752775446    0.0768507406    0.0784399495
  0.0800457612    0.0816687927    0.0833097950    0.0849698141    0.0866498157
  0.0883505508    0.0900731727    0.0918189421    0.0935891464    0.0953853145
  0.0972087875    0.0990611747    0.1009447560    0.1028613821    0.1048136815
  0.1068038538    0.1088354126    0.1109113082    0.1107508585    0.1105279401
  0.1103045925    0.1100808159    0.1098565295    0.1096317068    0.1094066158
  0.1091809884    0.1089549586    0.1087284192    0.1085013434    0.1082738653
  0.1080460116    0.1078176484    0.1075887755    0.1073593661    0.1071296081
  0.1068991795    0.1066685364    0.1064372227    0.1062054262    0.1059728518
  0.1057400629    0.1055069253    0.1052731439    0.1050387189    0.1048039719
  0.1045685813    0.1043328419    0.1040963784    0.1038595662    0.1036221370
  0.1033840910    0.1031457230    0.1029066309    0.1026669219    0.1024267569
  0.1021861359    0.1019448176    0.1017030165    0.1014606521    0.1012176976
  0.1009740189    0.1007299379    0.1004852667    0.1002398983    0.0999939665
  0.0997474715    0.0995002791    0.0992525503    0.0990041241    0.0987551883
  0.0985056892    0.0982553586    0.0980045453    0.0977530345    0.0975007460
  0.0972480550    0.0969944522    0.0967403397    0.0964855835    0.0962300494
  0.0959737644    0.0957169697    0.0954594240    0.0952011272    0.0949420795
  0.0946823075    0.0944220528    0.0941607788    0.0938990757    0.0936363533
  0.0933729336    0.0931088164    0.0928441092    0.0925784364    0.0923119321
  0.0920447573    0.0917767778    0.0915079668    0.0912383780    0.0909679845
  0.0906967863    0.0904247031    0.0901518419    0.0898780689    0.0896034107
  0.0893280283    0.0890517339    0.0887746081    0.0884963289    0.0882174864
  0.0879376516    0.0876568779    0.0873751119    0.0870924339    0.0869095340
  0.0869095340    0.0869095340    0.0869095340    0.0869095340    0.0869095340
  -0.0000002608    0.0011592850    0.0023189113    0.0034796104    0.0046417847
  0.0058056220    0.0069713101    0.0081390098    0.0093088552    0.0104809806
  0.0116555199    0.0128325805    0.0140123501    0.0151948556    0.0163802847
  0.0175687984    0.0187604234    0.0199554011    0.0211538121    0.0223558173
  0.0235614702    0.0247710124    0.0259844974    0.0272021934    0.0284240738
  0.0296504334    0.0308812723    0.0321169659    0.0333573803    0.0346028909
  0.0358536318    0.0371096835    0.0383713141    0.0396385774    0.0409117684
  0.0421910748    0.0434765235    0.0447684899    0.0460670277    0.0473724589
  0.0486849979    0.0500047788    0.0513320699    0.0526670054    0.0540100142
  0.0553612038    0.0567208692    0.0580893591    0.0594668344    0.0608536437
  0.0622500554    0.0636564717    0.0650732413    0.0665004984    0.0679387793
  0.0693885133    0.0708499417    0.0723237082    0.0738099739    0.0753095701
  0.0768227383    0.0783500955    0.0798923925    0.0814497367    0.0830233619
  0.0846136704    0.0862213597    0.0878473952    0.0894926623    0.0911580727
  0.0928444579    0.0945533469    0.0962855443    0.0980424717    0.0998259261
  0.1016373560    0.1034783170    0.1053511962    0.1072576836    0.1092009977
  0.1111832306    0.1115321591    0.1113164291    0.1111002430    0.1108837619
  0.1106668517    0.1104496196    0.1102318510    0.1100136265    0.1097951069
  0.1095761850    0.1093566999    0.1091369197    0.1089165762    0.1086959645
  0.1084747896    0.1082532123    0.1080312058    0.1078087971    0.1075859860
  0.1073626384    0.1071388617    0.1069145754    0.1066895917    0.1064645007
  0.1062388733    0.1060128704    0.1057861701    0.1055592552    0.1053316697
  0.1051036820    0.1048753187    0.1046463385    0.1044169560    0.1041870639
  0.1039565280    0.1037256166    0.1034942225    0.1032623187    0.1030299321
  0.1027969018    0.1025635228    0.1023295000    0.1020948872    0.1018598989
  0.1016243204    0.1013881251    0.1011515811    0.1009142861    0.1006765619
  0.1004381940    0.1001993969    0.0999600098    0.0997200057    0.0994794384
  0.0992382810    0.0989965335    0.0987542227    0.0985113218    0.0982677504
  0.0980237231    0.0977789983    0.0975337371    0.0972876444    0.0970411226
  0.0967940643    0.0965462014    0.0962976679    0.0960487321    0.0957988575
  0.0955484465    0.0952975526    0.0950457200    0.0947933778    0.0945402578
  0.0942864940    0.0940319791    0.0937769815    0.0935212329    0.0932645723
  0.0930073217    0.0927494809    0.0924906209    0.0922313049    0.0919711575
  0.0917102590    0.0914486900    0.0911861286    0.0909228697    0.0906590745
  0.0903941795    0.0901287481    0.0898625121    0.0895953372    0.0893273845
  0.0890586808    0.0887890384    0.0885186449    0.0882473394    0.0879753098
  -0.0000002608    0.0011249259    0.0022500858    0.0033761844    0.0045035437
  0.0056324050    0.0067629024    0.0078951970    0.0090294227    0.0101656869
  0.0113041505    0.0124448404    0.0135879442    0.0147335425    0.0158818230
  0.0170327589    0.0181866452    0.0193433747    0.0205033228    0.0216663823
  0.0228328213    0.0240026668    0.0251761064    0.0263532206    0.0275341704
  0.0287190631    0.0299080595    0.0311012134    0.0322987929    0.0335007712
  0.0347074434    0.0359188363    0.0371351913    0.0383565351    0.0395831630
  0.0408151552    0.0420526996    0.0432959303    0.0445449814    0.0458000675
  0.0470613495    0.0483291224    0.0496033862    0.0508845165    0.0521726206
  0.0534678861    0.0547705546    0.0560808405    0.0573989585    0.0587251768
  0.0600598708    0.0614029869    0.0627549276    0.0641162559    0.0654866770
  0.0668669954    0.0682574257    0.0696580485    0.0710695609    0.0724921510
  0.0739262477    0.0753721997    0.0768302485    0.0783014134    0.0797855869
  0.0812836543    0.0827959642    0.0843232945    0.0858660206    0.0874249205
  0.0890007183    0.0905941650    0.0922061190    0.0938376263    0.0954892501
  0.0971624389    0.0988581046    0.1005778298    0.1023226872    0.1040942863
  0.1058943436    0.1077246293    0.1095876649    0.1114854082    0.1122854039
  0.1120764598    0.1118671939    0.1116574720    0.1114474013    0.1112370089
  0.1110261604    0.1108149901    0.1106033370    0.1103913888    0.1101789579
  0.1099662319    0.1097530499    0.1095395461    0.1093256131    0.1091112241
  0.1088965133    0.1086813733    0.1084657773    0.1082497522    0.1080334321
  0.1078166828    0.1075994775    0.1073814675    0.1071634039    0.1069449112
  0.1067260161    0.1065066919    0.1062869385    0.1060666218    0.1058460370
  0.1056248888    0.1054033384    0.1051813856    0.1049588695    0.1047359511
  0.1045124963    0.1042886660    0.1040644065    0.1038396105    0.1036144391
  0.1033887312    0.1031623527    0.1029357329    0.1027086034    0.1024809644
  0.1022527888    0.1020241037    0.1017949089    0.1015653387    0.1013351247
  0.1011044279    0.1008732215    0.1006415322    0.1004093334    0.1001765177
  0.0999432191    0.0997094378    0.0994750395    0.0992401585    0.0990046605
  0.0987685725    0.0985321626    0.0982950017    0.0980572507    0.0978189096
  0.0975801125    0.0973407254    0.0971006140    0.0968599394    0.0966188356
  0.0963770345    0.0961346433    0.0958915547    0.0956479296    0.0954037413
  0.0951588824    0.0949131921    0.0946672603    0.0944203630    0.0941729560
  0.0939248785    0.0936762646    0.0934267655    0.0931767300    0.0929259166
  0.0926746204    0.0924224392    0.0921696141    0.0919160381    0.0916618451
  0.0914069280    0.0911512598    0.0908948675    0.0906378850    0.0903799370
  -0.0000002608    0.0010929272    0.0021860346    0.0032799467    0.0043749854
  0.0054713115    0.0065691128    0.0076685503    0.0087696776    0.0098726824
  0.0109776184    0.0120845929    0.0131937668    0.0143051937    0.0154189542
  0.0165352091    0.0176540390    0.0187755778    0.0198998526    0.0210269973
  0.0221571729    0.0232904866    0.0244269654    0.0255667701    0.0267099813
  0.0278567597    0.0290072396    0.0301614746    0.0313195720    0.0324817732
  0.0336480245    0.0348185673    0.0359935626    0.0371730104    0.0383570984
  0.0395460144    0.0407398656    0.0419388399    0.0431429103    0.0443523720
  0.0455674395    0.0467880860    0.0480146334    0.0492470011    0.0504856989
  0.0517306462    0.0529821113    0.0542403892    0.0555053994    0.0567776248
  0.0580570921    0.0593439892    0.0606386647    0.0619413063    0.0632519946
  0.0645712391    0.0658990398    0.0672358260    0.0685817316    0.0699372664
  0.0713026181    0.0726780549    0.0740638182    0.0754604980    0.0768683627
  0.0782877341    0.0797190681    0.0811627403    0.0826193944    0.0840891644
  0.0855730429    0.0870712712    0.0885842517    0.0901131913    0.0916582242
  0.0932202891    0.0948002711    0.0963991359    0.0980172858    0.0996562496
  0.1013168588    0.1030002400    0.1047079757    0.1064414337    0.1082019553
  0.1099915519    0.1118121549    0.1130130067    0.1128103927    0.1126074031
  0.1124040648    0.1122003511    0.1119962886    0.1117920116    0.1115872517
  0.1113821164    0.1111766592    0.1109708533    0.1107646987    0.1105581954
  0.1103512093    0.1101440087    0.1099363521    0.1097283468    0.1095198587
  0.1093112096    0.1091020510    0.1088924363    0.1086826339    0.1084723756
  0.1082616344    0.1080505982    0.1078389451    0.1076269701    0.1074148074
  0.1072022155    0.1069890067    0.1067756370    0.1065618381    0.1063475564
  0.1061328456    0.1059177056    0.1057022437    0.1054863527    0.1052698985
  0.1050531223    0.1048359439    0.1046181753    0.1044001117    0.1041816458
  0.1039626166    0.1037432924    0.1035234317    0.1033029810    0.1030822888
  0.1028610334    0.1026393756    0.1024171814    0.1021945581    0.1019714251
  0.1017478898    0.1015239522    0.1012993440    0.1010743335    0.1008488134
  0.1006229177    0.1003963515    0.1001694098    0.0999419585    0.0997138634
  0.0994853929    0.0992562786    0.0990268156    0.0987968430    0.0985662267
  0.0983349934    0.0981032774    0.0978712127    0.0976383969    0.0974050984
  0.0971713170    0.0969369456    0.0967019573    0.0964663789    0.0962303445
  0.0959937200    0.0957563713    0.0955185667    0.0952800378    0.0950411066
  0.0948014244    0.0945613399    0.0943204239    0.0940790787    0.0938370630
  0.0935943231    0.0933509395    0.0931070194    0.0928624019    0.0926171407
  -0.0000002608    0.0010630742    0.0021262750    0.0031901732    0.0042550370
  0.0053210542    0.0063884124    0.0074571922    0.0085275277    0.0095995262
  0.0106732950    0.0117489412    0.0128264919    0.0139061347    0.0149878964
  0.0160719112    0.0171582326    0.0182469949    0.0193382517    0.0204321101
  0.0215287313    0.0226281419    0.0237304494    0.0248357341    0.0259441301
  0.0270557180    0.0281706050    0.0292889252    0.0304107860    0.0315362409
  0.0326653704    0.0337983623    0.0349353239    0.0360762551    0.0372215047
  0.0383709386    0.0395248517    0.0406832442    0.0418463841    0.0430142179
  0.0441870674    0.0453649059    0.0465479210    0.0477363274    0.0489301518
  0.0501295552    0.0513347521    0.0525459841    0.0537631974    0.0549867406
  0.0562165871    0.0574531659    0.0586964771    0.0599466816    0.0612042084
  0.0624689505    0.0637412027    0.0650213137    0.0663094983    0.0676058099
  0.0689107314    0.0702242091    0.0715466991    0.0728784963    0.0742197886
  0.0755710587    0.0769323066    0.0783042833    0.0796869621    0.0810808793
  0.0824862763    0.0839038506    0.0853338435    0.0867767110    0.0882330701
  0.0897032693    0.0911878183    0.0926877365    0.0942033991    0.0957353160
  0.0972843453    0.0988518551    0.1004376039    0.1020433351    0.1036700144
  0.1053185806    0.1069904551    0.1086869791    0.1104092523    0.1121593669
  0.1137167111    0.1135200515    0.1133228555    0.1131254181    0.1129277393
  0.1127296850    0.1125313625    0.1123326913    0.1121336177    0.1119341955
  0.1117345050    0.1115344658    0.1113341853    0.1111333951    0.1109323904
  0.1107310101    0.1105292544    0.1103272840    0.1101248041    0.1099221095
  0.1097189322    0.1095155135    0.1093117461    0.1091074958    0.1089030042
  0.1086980566    0.1084924653    0.1082867935    0.1080807999    0.1078744307
  0.1076677397    0.1074605659    0.1072530702    0.1070452258    0.1068370327
  0.1066283837    0.1064192519    0.1062097982    0.1060000226    0.1057897642
  0.1055791840    0.1053681478    0.1051566556    0.1049448684    0.1047325984
  0.1045200065    0.1043069854    0.1040935084    0.1038796023    0.1036652401
  0.1034505561    0.1032353088    0.1030197665    0.1028036609    0.1025872603
  0.1023702696    0.1021530107    0.1019351885    0.1017167762    0.1014981225
  0.1012790397    0.1010593936    0.1008393452    0.1006187335    0.1003975853
  0.1001761690    0.0999542162    0.0997316197    0.0995087281    0.0992853269
  0.0990613893    0.0988370493    0.0986120656    0.0983865723    0.0981607035
  0.0979341641    0.0977072760    0.0974797443    0.0972518370    0.0970233127
  0.0967942789    0.0965646014    0.0963344678    0.0961038515    0.0958725914
  0.0956408754    0.0954085425    0.0951756194    0.0949422136    0.0947080836
  -0.0000002608    0.0010351524    0.0020703509    0.0031061664    0.0041428402
  0.0051805332    0.0062193796    0.0072595671    0.0083011493    0.0093442068
  0.0103888735    0.0114352301    0.0124833837    0.0135333613    0.0145852700
  0.0156392172    0.0166952834    0.0177535489    0.0188141212    0.0198770538
  0.0209424004    0.0220103487    0.0230808988    0.0241541579    0.0252302602
  0.0263092056    0.0273912355    0.0284762695    0.0295645222    0.0306560203
  0.0317508981    0.0328492358    0.0339511141    0.0350566670    0.0361660019
  0.0372791454    0.0383963391    0.0395175830    0.0406430379    0.0417727306
  0.0429068759    0.0440455541    0.0451888993    0.0463370189    0.0474899933
  0.0486479566    0.0498111501    0.0509796277    0.0521534964    0.0533328906
  0.0545179978    0.0557088986    0.0569058880    0.0581089929    0.0593184814
  0.0605344608    0.0617570922    0.0629864559    0.0642228737    0.0654665068
  0.0667175964    0.0679761693    0.0692427084    0.0705172673    0.0718000606
  0.0730913028    0.0743913963    0.0757004216    0.0770188615    0.0783468768
  0.0796847090    0.0810327068    0.0823910847    0.0837605402    0.0851413682
  0.0865336493    0.0879379466    0.0893548504    0.0907846823    0.0922278717
  0.0936852232    0.0951569244    0.0966439411    0.0981466755    0.0996660128
  0.1012026504    0.1027575538    0.1043313131    0.1059252426    0.1075400665
  0.1091770992    0.1108376011    0.1125229940    0.1142350212    0.1142069921
  0.1140154287    0.1138235703    0.1136314437    0.1134390488    0.1132462785
  0.1130532131    0.1128599063    0.1126661703    0.1124721929    0.1122779742
  0.1120833531    0.1118884638    0.1116933063    0.1114977732    0.1113018647
  0.1111056879    0.1109092698    0.1107124493    0.1105152532    0.1103178158
  0.1101200029    0.1099219218    0.1097234920    0.1095246598    0.1093254790
  0.1091257617    0.1089259639    0.1087257907    0.1085252419    0.1083244517
  0.1081233129    0.1079216644    0.1077198014    0.1075175628    0.1073149756
  0.1071118787    0.1069087014    0.1067048803    0.1065008715    0.1062963530
  0.1060916200    0.1058864310    0.1056807324    0.1054749534    0.1052685842
  0.1050618663    0.1048546657    0.1046472505    0.1044393793    0.1042310253
  0.1040225103    0.1038133517    0.1036038712    0.1033940956    0.1031837031
  0.1029731229    0.1027619526    0.1025504604    0.1023385122    0.1021261349
  0.1019133016    0.1017001465    0.1014865622    0.1012723878    0.1010579452
  0.1008428857    0.1006274238    0.1004116669    0.1001953200    0.0999785706
  0.0997613922    0.0995438114    0.0993255064    0.0991069600    0.0988879845
  0.0986683115    0.0984482631    0.0982279196    0.0980069324    0.0977855429
  0.0975634560    0.0973410204    0.0971180215    0.0968945399    0.0966706559
  -0.0000002876    0.0010089472    0.0020178869    0.0030273631    0.0040375903
  0.0050487295    0.0060609415    0.0070743069    0.0080889598    0.0091049269
  0.0101223692    0.0111413404    0.0121619478    0.0131841913    0.0142082319
  0.0152340963    0.0162619188    0.0172917530    0.0183235988    0.0193576708
  0.0203939155    0.0214325473    0.0224735126    0.0235169724    0.0245629802
  0.0256116435    0.0266629890    0.0277171776    0.0287742093    0.0298342720
  0.0308973387    0.0319635436    0.0330329940    0.0341057166    0.0351819530
  0.0362616494    0.0373448595    0.0384318247    0.0395225182    0.0406171277
  0.0417157605    0.0428184167    0.0439252838    0.0450364426    0.0461519733
  0.0472720370    0.0483967945    0.0495261654    0.0506603912    0.0517996863
  0.0529439434    0.0540935650    0.0552484170    0.0564088479    0.0575748309
  0.0587466344    0.0599242046    0.0611079976    0.0622979864    0.0634942785
  0.0646970615    0.0659066573    0.0671229854    0.0683464751    0.0695770994
  0.0708153144    0.0720611468    0.0733147040    0.0745763883    0.0758463070
  0.0771247551    0.0784118935    0.0797083393    0.0810137972    0.0823290184
  0.0836541101    0.0849893942    0.0863353536    0.0876919076    0.0890599415
  0.0904395625    0.0918312535    0.0932353362    0.0946527496    0.0960834399
  0.0975279704    0.0989874676    0.1004621997    0.1019525960    0.1034598634
  0.1049844578    0.1065271571    0.1080893025    0.1096714303    0.1112746671
  0.1129005685    0.1145503685    0.1148727968    0.1146865174    0.1144999430
  0.1143129393    0.1141258016    0.1139383689    0.1137506410    0.1135626450
  0.1133743539    0.1131857947    0.1129969403    0.1128076568    0.1126182660
  0.1124284193    0.1122384652    0.1120480821    0.1118574306    0.1116665110
  0.1114753231    0.1112837061    0.1110918477    0.1108997211    0.1107072994
  0.1105145022    0.1103214100    0.1101280764    0.1099343404    0.1097400948
  0.1095456883    0.1093510404    0.1091560170    0.1089607254    0.1087651655
  0.1085690960    0.1083728924    0.1081761792    0.1079793587    0.1077820286
  0.1075844303    0.1073864833    0.1071881339    0.1069894090    0.1067904428
  0.1065911010    0.1063913837    0.1061913177    0.1059908763    0.1057901934
  0.1055890009    0.1053875938    0.1051856771    0.1049835458    0.1047809318
  0.1045779422    0.1043746039    0.1041709170    0.1039668813    0.1037623361
  0.1035576031    0.1033522263    0.1031466618    0.1029406145    0.1027342454
  0.1025275007    0.1023203269    0.1021126434    0.1019046649    0.1016961768
  0.1014873937    0.1012781546    0.1010684326    0.1008585498    0.1006479159
  0.1004369870    0.1002257362    0.1000138953    0.0998017594    0.0995890334
  0.0993760124    0.0991624013    0.0989483878    0.0987340525    0.0985191539
  -0.0000002876    0.0009842977    0.0019685611    0.0029533073    0.0039386973
  0.0049248919    0.0059120521    0.0069002584    0.0078895912    0.0088801846
  0.0098720655    0.0108653411    0.0118600920    0.0128563717    0.0138542876
  0.0148538664    0.0158552155    0.0168583617    0.0178634122    0.0188704476
  0.0198795483    0.0208907142    0.0219041064    0.0229196981    0.0239376768
  0.0249580160    0.0259808764    0.0270062312    0.0280342683    0.0290649876
  0.0300984696    0.0311348483    0.0321740970    0.0332164302    0.0342618480
  0.0353105113    0.0363623127    0.0374174938    0.0384761080    0.0395382896
  0.0406040385    0.0416734353    0.0427466676    0.0438237891    0.0449048534
  0.0459900483    0.0470793203    0.0481729373    0.0492708459    0.0503733143
  0.0514803156    0.0525919840    0.0537085071    0.0548298046    0.0559563860
  0.0570879295    0.0582248107    0.0593669757    0.0605148003    0.0616683647
  0.0628275350    0.0639927402    0.0651639804    0.0663416043    0.0675255045
  0.0687159494    0.0699131802    0.0711173043    0.0723284021    0.0735468224
  0.0747725651    0.0760060862    0.0772472784    0.0784968123    0.0797546074
  0.0810207173    0.0822957590    0.0835797861    0.0848729864    0.0861759499
  0.0874887034    0.0888116762    0.0901454851    0.0914899155    0.0928455845
  0.0942130014    0.0955923006    0.0969844475    0.0983892545    0.0998078480
  0.1012405232    0.1026879236    0.1041502371    0.1056288585    0.1071240291
  0.1086369827    0.1101679876    0.1117185727    0.1132893816    0.1148814335
  0.1155189410    0.1153375432    0.1151558235    0.1149739429    0.1147917405
  0.1146092430    0.1144264504    0.1142434701    0.1140601948    0.1138767317
  0.1136928663    0.1135088131    0.1133244649    0.1131398216    0.1129548833
  0.1127697840    0.1125843897    0.1123985663    0.1122126088    0.1120263293
  0.1118397549    0.1116529122    0.1114657745    0.1112783417    0.1110906407
  0.1109026447    0.1107143536    0.1105256602    0.1103365377    0.1101472810
  0.1099578902    0.1097680703    0.1095779553    0.1093875989    0.1091969475
  0.1090058938    0.1088145718    0.1086228475    0.1084309891    0.1082387015
  0.1080461726    0.1078532413    0.1076600417    0.1074664667    0.1072725967
  0.1070784852    0.1068838373    0.1066890821    0.1064939246    0.1062983647
  0.1061024293    0.1059062526    0.1057098076    0.1055128530    0.1053156570
  0.1051180854    0.1049201384    0.1047219232    0.1045233592    0.1043242857
  0.1041249707    0.1039252803    0.1037250802    0.1035247996    0.1033240095
  0.1031227365    0.1029212222    0.1027193591    0.1025169864    0.1023142651
  0.1021113291    0.1019077763    0.1017040089    0.1014997587    0.1012951598
  0.1010900781    0.1008846745    0.1006789222    0.1004726872    0.1002659962
  -0.0000002876    0.0009610698    0.0019220784    0.0028834894    0.0038454905
  0.0048082426    0.0057717994    0.0067363217    0.0077018633    0.0086685315
  0.0096364066    0.0106055424    0.0115760192    0.0125478908    0.0135212377
  0.0144961402    0.0154726252    0.0164507732    0.0174306914    0.0184123799
  0.0193959460    0.0203814700    0.0213689521    0.0223585263    0.0233501926
  0.0243441120    0.0253403112    0.0263387635    0.0273396567    0.0283430442
  0.0293488994    0.0303574368    0.0313686296    0.0323825583    0.0333993569
  0.0344190523    0.0354416713    0.0364673212    0.0374961630    0.0385281965
  0.0395634755    0.0406021073    0.0416441724    0.0426897779    0.0437390044
  0.0447919056    0.0458485618    0.0469091341    0.0479736492    0.0490422145
  0.0501149371    0.0511917368    0.0522729620    0.0533586398    0.0544488505
  0.0555436745    0.0566432193    0.0577476725    0.0588570878    0.0599715188
  0.0610911265    0.0622159645    0.0633463815    0.0644821897    0.0656239524
  0.0667712942    0.0679247782    0.0690842703    0.0702500120    0.0714221105
  0.0726008609    0.0737862900    0.0749785319    0.0761780962    0.0773847148
  0.0785987899    0.0798205361    0.0810500070    0.0822877660    0.0835335985
  0.0847880408    0.0860512540    0.0873234525    0.0886047706    0.0898959592
  0.0911969915    0.0925080284    0.0938298479    0.0951622352    0.0965060487
  0.0978615031    0.0992290810    0.1006091312    0.1020021632    0.1034088746
  0.1048296675    0.1062651321    0.1077158049    0.1091826245    0.1106662080
  0.1121673331    0.1136870191    0.1152260438    0.1161466047    0.1159697935
  0.1157927945    0.1156154737    0.1154379383    0.1152601078    0.1150821969
  0.1149038568    0.1147253290    0.1145466134    0.1143675759    0.1141882166
  0.1140088037    0.1138289347    0.1136489049    0.1134685531    0.1132880405
  0.1131071791    0.1129261836    0.1127448395    0.1125632003    0.1123814002
  0.1121991441    0.1120168611    0.1118341222    0.1116512224    0.1114680275
  0.1112843767    0.1111006990    0.1109164581    0.1107320562    0.1105474934
  0.1103624746    0.1101773217    0.1099918738    0.1098061040    0.1096200660
  0.1094337329    0.1092472389    0.1090603158    0.1088731244    0.1086856380
  0.1084978566    0.1083096728    0.1081213281    0.1079325542    0.1077435121
  0.1075542018    0.1073645964    0.1071747229    0.1069844469    0.1067938760
  0.1066030368    0.1064117953    0.1062202856    0.1060283735    0.1058363274
  0.1056437448    0.1054510549    0.1052578017    0.1050643072    0.1048705444
  0.1046763793    0.1044818386    0.1042870298    0.1040918455    0.1038963929
  0.1037004307    0.1035042271    0.1033076212    0.1031106398    0.1029134437
  0.1027158454    0.1025178716    0.1023195490    0.1021208242    0.1019216165
  -0.0000002876    0.0009391293    0.0018781975    0.0028176144    0.0037575409
  0.0046981111    0.0056394324    0.0065816388    0.0075247571    0.0084688947
  0.0094141319    0.0103605226    0.0113081202    0.0122570053    0.0132072315
  0.0141588792    0.0151120022    0.0160666540    0.0170228884    0.0179807857
  0.0189403728    0.0199017569    0.0208649918    0.0218301043    0.0227971748
  0.0237662300    0.0247373506    0.0257106707    0.0266861632    0.0276639089
  0.0286439881    0.0296264812    0.0306113616    0.0315988436    0.0325888738
  0.0335815325    0.0345769271    0.0355750844    0.0365761653    0.0375801429
  0.0385870442    0.0395971105    0.0406102076    0.0416266039    0.0426462457
  0.0436692402    0.0446956947    0.0457256362    0.0467591718    0.0477963284
  0.0488374010    0.0498821214    0.0509308919    0.0519836590    0.0530404493
  0.0541015044    0.0551666632    0.0562364355    0.0573105797    0.0583892569
  0.0594726279    0.0605607733    0.0616539076    0.0627518967    0.0638549820
  0.0649632171    0.0660768703    0.0671960220    0.0683206990    0.0694509283
  0.0705871925    0.0717293575    0.0728776112    0.0740320340    0.0751930013
  0.0763605401    0.0775345966    0.0787157074    0.0799038187    0.0810991451
  0.0823019013    0.0835124627    0.0847305074    0.0859568402    0.0871913537
  0.0884344503    0.0896860763    0.0909468487    0.0922168210    0.0934963152
  0.0947857603    0.0960852638    0.0973954156    0.0987164304    0.1000484422
  0.1013922021    0.1027481660    0.1041165754    0.1054978058    0.1068927422
  0.1083018139    0.1097257182    0.1111646965    0.1126198485    0.1140920594
  0.1155816779    0.1167569414    0.1165844753    0.1164117679    0.1162388727
  0.1160657629    0.1158924654    0.1157188192    0.1155450925    0.1153710440
  0.1151967809    0.1150221959    0.1148473963    0.1146725431    0.1144972339
  0.1143218443    0.1141461328    0.1139702335    0.1137939855    0.1136175498
  0.1134407923    0.1132639542    0.1130868211    0.1129093394    0.1127316967
  0.1125537053    0.1123755261    0.1121970519    0.1120183632    0.1118395135
  0.1116601810    0.1114805534    0.1113007382    0.1111207351    0.1109405711
  0.1107599244    0.1105792776    0.1103981480    0.1102168575    0.1100351378
  0.1098533645    0.1096711352    0.1094887450    0.1093060598    0.1091230527
  0.1089397505    0.1087561533    0.1085723683    0.1083881810    0.1082038060
  0.1080191359    0.1078340366    0.1076489106    0.1074632213    0.1072773978
  0.1070912525    0.1069046780    0.1067179695    0.1065309659    0.1063435599
  0.1061558321    0.1059678361    0.1057794377    0.1055908784    0.1054019168
  0.1052127942    0.1050231352    0.1048332080    0.1046429858    0.1044525221
  0.1042616293    0.1040704682    0.1038789049    0.1036870733    0.1034948662
  -0.0000002876    0.0009183958    0.0018366769    0.0027552798    0.0036743388
  0.0045939878    0.0055142805    0.0064353779    0.0073573068    0.0082801744
  0.0092040345    0.0101289406    0.0110549465    0.0119821593    0.0129105791
  0.0138403133    0.0147713885    0.0157038853    0.0166378036    0.0175732777
  0.0185103074    0.0194489732    0.0203893557    0.0213314548    0.0222753510
  0.0232210711    0.0241687492    0.0251183584    0.0260700062    0.0270237193
  0.0279795513    0.0289375827    0.0298978940    0.0308605120    0.0318255171
  0.0327929363    0.0337628499    0.0347353116    0.0357104018    0.0366881743
  0.0376687095    0.0386519805    0.0396381751    0.0406272933    0.0416193619
  0.0426145419    0.0436129138    0.0446144238    0.0456192061    0.0466273144
  0.0476389095    0.0486539111    0.0496725872    0.0506948307    0.0517208561
  0.0527506903    0.0537843063    0.0548219994    0.0558637157    0.0569094822
  0.0579595938    0.0590138897    0.0600727186    0.0611359730    0.0622038409
  0.0632762954    0.0643536583    0.0654358491    0.0665231094    0.0676153585
  0.0687129989    0.0698158160    0.0709241852    0.0720380530    0.0731577680
  0.0742830619    0.0754145250    0.0765519693    0.0776957169    0.0788458213
  0.0800023898    0.0811657175    0.0823358849    0.0835131600    0.0846975699
  0.0858894363    0.0870888665    0.0882960215    0.0895111158    0.0907345250
  0.0919664636    0.0932071194    0.0944567874    0.0957152799    0.0969837502
  0.0982617959    0.0995499000    0.1008486524    0.1021581069    0.1034788534
  0.1048111603    0.1061554834    0.1075122252    0.1088822171    0.1102656469
  0.1116630241    0.1130753681    0.1145031080    0.1159467533    0.1173507825
  0.1171825007    0.1170140043    0.1168452665    0.1166763142    0.1165071741
  0.1163377658    0.1161681697    0.1159983590    0.1158283070    0.1156582013
  0.1154877469    0.1153169170    0.1151461676    0.1149749085    0.1148035958
  0.1146320686    0.1144601926    0.1142881021    0.1141157970    0.1139433041
  0.1137705967    0.1135976747    0.1134244040    0.1132509455    0.1130772725
  0.1129034117    0.1127292022    0.1125548050    0.1123801932    0.1122052327
  0.1120298162    0.1118544802    0.1116787955    0.1115029231    0.1113268629
  0.1111504808    0.1109738842    0.1107969657    0.1106198594    0.1104424044
  0.1102647886    0.1100868508    0.1099085644    0.1097301170    0.1095514551
  0.1093724981    0.1091932192    0.1090137526    0.1088339642    0.1086540148
  0.1084736094    0.1082930163    0.1081121013    0.1079310253    0.1077495202
  0.1075678006    0.1073858127    0.1072036371    0.1070210055    0.1068380788
  0.1066549912    0.1064716086    0.1062879309    0.1061037973    0.1059195027
  0.1057349399    0.1055500552    0.1053647414    0.1051792666    0.1049935237
  -0.0000002876    0.0008987352    0.0017973289    0.0026962176    0.0035955086
  0.0044953361    0.0053957269    0.0062968418    0.0071987346    0.0081014588
  0.0090050682    0.0099096701    0.0108152911    0.0117219850    0.0126298055
  0.0135388061    0.0144490942    0.0153606161    0.0162735328    0.0171878174
  0.0181035772    0.0190208122    0.0199396029    0.0208600029    0.0217820659
  0.0227058187    0.0236313686    0.0245586619    0.0254878595    0.0264189884
  0.0273520485    0.0282871202    0.0292243376    0.0301635936    0.0311051026
  0.0320487842    0.0329948261    0.0339431748    0.0348939374    0.0358471945
  0.0368029192    0.0377612457    0.0387222007    0.0396858647    0.0406522647
  0.0416214809    0.0425935671    0.0435685501    0.0445465907    0.0455277160
  0.0465118185    0.0474992737    0.0484899208    0.0494839206    0.0504813269
  0.0514821932    0.0524865732    0.0534945741    0.0545062765    0.0555217341
  0.0565409735    0.0575641558    0.0585913345    0.0596226439    0.0606580570
  0.0616977617    0.0627416775    0.0637901530    0.0648430005    0.0659005955
  0.0669628575    0.0680298403    0.0691017851    0.0701786116    0.0712607756
  0.0723479822    0.0734404191    0.0745385155    0.0756420299    0.0767512575
  0.0778663322    0.0789873883    0.0801144257    0.0812476590    0.0823873296
  0.0835334107    0.0846863046    0.0858459041    0.0870125309    0.0881861851
  0.0893675104    0.0905562118    0.0917525306    0.0929569766    0.0941696033
  0.0953905717    0.0966201499    0.0978587940    0.0991064504    0.1003636017
  0.1016305164    0.1029075697    0.1041951373    0.1054932460    0.1068027273
  0.1081236884    0.1094564781    0.1108019277    0.1121603057    0.1135324433
  0.1149182871    0.1163188562    0.1177349821    0.1177648887    0.1176003352
  0.1174355403    0.1172705039    0.1171053872    0.1169400021    0.1167744294
  0.1166085884    0.1164426669    0.1162763968    0.1161100194    0.1159434006
  0.1157765672    0.1156094924    0.1154423371    0.1152748063    0.1151072219
  0.1149392352    0.1147711948    0.1146027789    0.1144342557    0.1142655447
  0.1140965924    0.1139272913    0.1137579098    0.1135881528    0.1134183422
  0.1132483169    0.1130779162    0.1129073009    0.1127364710    0.1125653192
  0.1123940602    0.1122224793    0.1120507911    0.1118787810    0.1117066905
  0.1115342513    0.1113614634    0.1111886218    0.1110154048    0.1108420268
  0.1106684074    0.1104944661    0.1103203103    0.1101459667    0.1099712744
  0.1097963944    0.1096213266    0.1094459102    0.1092702791    0.1090943530
  0.1089182124    0.1087417230    0.1085650727    0.1083880737    0.1082108870
  0.1080334052    0.1078557089    0.1076776907    0.1074994847    0.1073209569
  0.1071421072    0.1069629356    0.1067836031    0.1066039488    0.1064239725
  -0.0000002876    0.0008800671    0.0017599925    0.0026401594    0.0035207018
  0.0044017002    0.0052832350    0.0061654136    0.0070482895    0.0079319164
  0.0088163748    0.0097017184    0.0105880275    0.0114753023    0.0123635963
  0.0132529899    0.0141435638    0.0150353178    0.0159282789    0.0168225542
  0.0177181706    0.0186151281    0.0195135608    0.0204134688    0.0213149056
  0.0222178981    0.0231225803    0.0240288451    0.0249368533    0.0258466586
  0.0267582610    0.0276717409    0.0285871252    0.0295044944    0.0304238752
  0.0313452676    0.0322688326    0.0331945166    0.0341224268    0.0350526437
  0.0359851405    0.0369199976    0.0378573492    0.0387970880    0.0397394553
  0.0406842902    0.0416318879    0.0425820604    0.0435350761    0.0444909081
  0.0454495564    0.0464111820    0.0473757848    0.0483434454    0.0493141904
  0.0502881274    0.0512652561    0.0522457376    0.0532295719    0.0542168930
  0.0552076206    0.0562018886    0.0571998850    0.0582016096    0.0592070356
  0.0602162972    0.0612296358    0.0622468367    0.0632681951    0.0642937645
  0.0653235450    0.0663575903    0.0673962221    0.0684391990    0.0694869503
  0.0705393150    0.0715963736    0.0726584479    0.0737254575    0.0747976169
  0.0758748993    0.0769574657    0.0780455843    0.0791391477    0.0802382901
  0.0813434139    0.0824541971    0.0835712031    0.0846943244    0.0858238026
  0.0869596109    0.0881022856    0.0892515853    0.0904079393    0.0915712669
  0.0927419171    0.0939200774    0.0951059356    0.0962998137    0.0975017920
  0.0987118170    0.0999309078    0.1011585817    0.1023952946    0.1036417440
  0.1048975274    0.1061635569    0.1074397251    0.1087268904    0.1100250527
  0.1113346145    0.1126562998    0.1139902696    0.1153371677    0.1166978255
  0.1180722699    0.1183323637    0.1181715384    0.1180105522    0.1178493515
  0.1176880166    0.1175264403    0.1173646227    0.1172026977    0.1170405045
  0.1168780968    0.1167155817    0.1165527984    0.1163898006    0.1162266955
  0.1160633221    0.1158997342    0.1157360390    0.1155721024    0.1154079244
  0.1152435049    0.1150790051    0.1149142370    0.1147492543    0.1145840570
  0.1144185916    0.1142530456    0.1140871242    0.1139210954    0.1137548521
  0.1135883942    0.1134216681    0.1132548884    0.1130874380    0.1129200414
  0.1127525643    0.1125848725    0.1124168053    0.1122484967    0.1120801345
  0.1119113967    0.1117425516    0.1115733847    0.1114041105    0.1112344876
  0.1110646501    0.1108945981    0.1107243314    0.1105538234    0.1103829935
  0.1102120832    0.1100407973    0.1098693237    0.1096975014    0.1095255986
  0.1093533471    0.1091810152    0.1090082273    0.1088351980    0.1086621419
  0.1084885761    0.1083149567    0.1081409886    0.1079666987    0.1077923283
  -0.0000002876    0.0008623376    0.0017245069    0.0025868908    0.0034495965
  0.0043127045    0.0051763222    0.0060405031    0.0069053277    0.0077708229
  0.0086370960    0.0095041737    0.0103721365    0.0112409845    0.0121107981
  0.0129816040    0.0138534829    0.0147264346    0.0156005397    0.0164758250
  0.0173523709    0.0182302043    0.0191093519    0.0199898407    0.0208717778
  0.0217551365    0.0226400241    0.0235264406    0.0244144395    0.0253041282
  0.0261954263    0.0270884946    0.0279833063    0.0288799420    0.0297784284
  0.0306788459    0.0315812483    0.0324856356    0.0333920345    0.0343005255
  0.0352111891    0.0361240789    0.0370391145    0.0379564837    0.0388761595
  0.0397983029    0.0407228068    0.0416498050    0.0425792977    0.0435114458
  0.0444462493    0.0453836545    0.0463239029    0.0472669676    0.0482128218
  0.0491615996    0.0501133814    0.0510681674    0.0520259842    0.0529871002
  0.0539513007    0.0549187198    0.0558896795    0.0568638310    0.0578415498
  0.0588227019    0.0598075017    0.0607959226    0.0617880985    0.0627840832
  0.0637839571    0.0647876933    0.0657955065    0.0668073162    0.0678234175
  0.0688436761    0.0698683068    0.0708973363    0.0719310328    0.0729691014
  0.0740119711    0.0750594810    0.0761120602    0.0771695480    0.0782319978
  0.0792998120    0.0803726688    0.0814510778    0.0825349316    0.0836243913
  0.0847195372    0.0858207986    0.0869277731    0.0880411312    0.0891606048
  0.0902864352    0.0914189175    0.0925581589    0.0937043205    0.0948574826
  0.0960179403    0.0971856669    0.0983612791    0.0995445356    0.1007359996
  0.1019356713    0.1031437919    0.1043609515    0.1055870160    0.1068222538
  0.1080672279    0.1093220726    0.1105873778    0.1118632510    0.1131503358
  0.1144486055    0.1157587305    0.1170816228    0.1184169069    0.1188859984
  0.1187287673    0.1185712680    0.1184136346    0.1182558671    0.1180978581
  0.1179397151    0.1177813306    0.1176228121    0.1174640521    0.1173051581
  0.1171461299    0.1169868872    0.1168273494    0.1166677311    0.1165079519
  0.1163478240    0.1161876962    0.1160273269    0.1158666894    0.1157058373
  0.1155448511    0.1153835967    0.1152222618    0.1150606588    0.1148989484
  0.1147369966    0.1145748034    0.1144123688    0.1142498270    0.1140870169
  0.1139239922    0.1137608334    0.1135971919    0.1134335503    0.1132696941
  0.1131057307    0.1129415259    0.1127770796    0.1126123920    0.1124474898
  0.1122823194    0.1121170685    0.1119515762    0.1117858693    0.1116199210
  0.1114537314    0.1112873003    0.1111206546    0.1109539285    0.1107866928
  0.1106194839    0.1104519263    0.1102842882    0.1101161405    0.1099480465
  0.1097795770    0.1096108928    0.1094419941    0.1092728809    0.1091035530
  -0.0000002876    0.0008454397    0.0016906843    0.0025361434    0.0033818975
  0.0042280003    0.0050745592    0.0059216276    0.0067692861    0.0076175615
  0.0084665343    0.0093162313    0.0101667598    0.0110180929    0.0118703380
  0.0127234951    0.0135775909    0.0144327596    0.0152889207    0.0161462352
  0.0170046762    0.0178642973    0.0187251523    0.0195872679    0.0204506978
  0.0213154688    0.0221816346    0.0230491951    0.0239183113    0.0247889027
  0.0256610230    0.0265347525    0.0274101451    0.0282872543    0.0291660532
  0.0300465688    0.0309289619    0.0318131521    0.0326993272    0.0335873529
  0.0344773635    0.0353694662    0.0362636343    0.0371598139    0.0380583271
  0.0389589056    0.0398617640    0.0407669559    0.0416744277    0.0425843671
  0.0434966937    0.0444115147    0.0453288570    0.0462488279    0.0471713737
  0.0480966553    0.0490246728    0.0499554798    0.0508890763    0.0518255964
  0.0527650669    0.0537075683    0.0546530202    0.0556016639    0.0565535262
  0.0575085267    0.0584668800    0.0594285324    0.0603935644    0.0613620564
  0.0623342499    0.0633098766    0.0642892048    0.0652723417    0.0662591800
  0.0672499076    0.0682446316    0.0692432180    0.0702460423    0.0712529972
  0.0722641364    0.0732797280    0.0742995575    0.0753238931    0.0763529226
  0.0773866728    0.0784249291    0.0794682279    0.0805163816    0.0815694973
  0.0826279238    0.0836914465    0.0847605214    0.0858348534    0.0869147375
  0.0880004153    0.0890919402    0.0901893124    0.0912927732    0.0924024567
  0.0935187384    0.0946411893    0.0957705602    0.0969066098    0.0980497137
  0.0991999522    0.1003577277    0.1015228525    0.1026957825    0.1038768128
  0.1050659165    0.1062634960    0.1074697390    0.1086849675    0.1099096641
  0.1111437216    0.1123875961    0.1136418775    0.1149066195    0.1161822781
  0.1174692824    0.1187681422    0.1194263026    0.1192724511    0.1191183046
  0.1189641848    0.1188097700    0.1186552212    0.1185004309    0.1183456138
  0.1181905285    0.1180353358    0.1178798482    0.1177242532    0.1175685242
  0.1174126342    0.1172563687    0.1171001032    0.1169435963    0.1167869285
  0.1166301534    0.1164731100    0.1163159326    0.1161585137    0.1160009608
  0.1158431396    0.1156851843    0.1155271217    0.1153686568    0.1152102187
  0.1150515124    0.1148926988    0.1147336170    0.1145742670    0.1144148096
  0.1142551109    0.1140950099    0.1139349356    0.1137747273    0.1136142775
  0.1134535864    0.1132927611    0.1131316945    0.1129703864    0.1128089711
  0.1126472875    0.1124854967    0.1123233303    0.1121610567    0.1119985417
  0.1118359193    0.1116730288    0.1115099236    0.1113465503    0.1111829624
  0.1110192671    0.1108553037    0.1106911257    0.1105267063    0.1103620455
  -0.0000002876    0.0008293197    0.0016584709    0.0024877831    0.0033173367
  0.0041472390    0.0049775437    0.0058083311    0.0066396281    0.0074714884
  0.0083040193    0.0091371939    0.0099710926    0.0108057961    0.0116412774
  0.0124776438    0.0133148685    0.0141530588    0.0149922416    0.0158324167
  0.0166736647    0.0175160125    0.0183594599    0.0192041144    0.0200499758
  0.0208970979    0.0217455074    0.0225952581    0.0234463498    0.0242988631
  0.0251528516    0.0260082886    0.0268652812    0.0277237758    0.0285839334
  0.0294457003    0.0303091303    0.0311743036    0.0320412740    0.0329099610
  0.0337805524    0.0346529678    0.0355273947    0.0364036992    0.0372820154
  0.0381623968    0.0390448973    0.0399295166    0.0408162549    0.0417051658
  0.0425964370    0.0434899613    0.0443858191    0.0452841446    0.0461848304
  0.0470880106    0.0479937121    0.0489020154    0.0498128399    0.0507264540
  0.0516426697    0.0525617555    0.0534836039    0.0544083223    0.0553359911
  0.0562666371    0.0572002873    0.0581370220    0.0590767875    0.0600198254
  0.0609661624    0.0619156107    0.0628686264    0.0638249412    0.0647847429
  0.0657480583    0.0667149410    0.0676856056    0.0686600789    0.0696380392
  0.0706201032    0.0716059491    0.0725958988    0.0735898986    0.0745880291
  0.0755903438    0.0765970036    0.0776080623    0.0786235735    0.0796435907
  0.0806682482    0.0816976264    0.0827318594    0.0837709740    0.0848150238
  0.0858641967    0.0869185999    0.0879783675    0.0890433654    0.0901139960
  0.0911903128    0.0922723427    0.0933602199    0.0944541052    0.0955542400
  0.0966606781    0.0977734998    0.0988928393    0.1000190184    0.1011522785
  0.1022920564    0.1034398809    0.1045950010    0.1057574973    0.1069280401
  0.1081068441    0.1092938021    0.1104894236    0.1116941109    0.1129076228
  0.1141306028    0.1153637215    0.1166069791    0.1178606167    0.1191250369
  0.1199539199    0.1198033676    0.1196525201    0.1195016727    0.1193505302
  0.1191992536    0.1190478429    0.1188961372    0.1187444046    0.1185924307
  0.1184404299    0.1182881340    0.1181355968    0.1179830328    0.1178303346
  0.1176773414    0.1175242409    0.1173709795    0.1172174498    0.1170639202
  0.1169100955    0.1167560294    0.1166019365    0.1164476022    0.1162931070
  0.1161384776    0.1159835801    0.1158285484    0.1156734094    0.1155179754
  0.1153624073    0.1152067050    0.1150507614    0.1148946568    0.1147383109
  0.1145815358    0.1144249216    0.1142680392    0.1141110495    0.1139537647
  0.1137963727    0.1136387125    0.1134809181    0.1133228824    0.1131647125
  0.1130064085    0.1128477290    0.1126890495    0.1125299945    0.1123708054
  0.1122115090    0.1120519444    0.1118921384    0.1117321983    0.1115720168
  -0.0000002876    0.0008139506    0.0016277060    0.0024415955    0.0032557264
  0.0040701792    0.0048849806    0.0057001844    0.0065158978    0.0073321208
  0.0081489339    0.0089663640    0.0097844645    0.0106032625    0.0114228383
  0.0122431651    0.0130643234    0.0138863936    0.0147093222    0.0155332163
  0.0163581029    0.0171839818    0.0180109337    0.0188389853    0.0196681365
  0.0204984680    0.0213300064    0.0221627519    0.0229967847    0.0238321856
  0.0246688470    0.0255069032    0.0263464078    0.0271873876    0.0280297890
  0.0288737461    0.0297192857    0.0305663809    0.0314151391    0.0322655872
  0.0331177250    0.0339716330    0.0348273113    0.0356847867    0.0365441665
  0.0374053702    0.0382685855    0.0391337857    0.0400009170    0.0408701405
  0.0417414829    0.0426149175    0.0434905514    0.0443683580    0.0452484980
  0.0461309180    0.0470156446    0.0479027852    0.0487923130    0.0496843353
  0.0505788788    0.0514759168    0.0523755834    0.0532779858    0.0541830167
  0.0550907299    0.0560013130    0.0569146857    0.0578309551    0.0587500945
  0.0596722916    0.0605974391    0.0615258589    0.0624572560    0.0633918986
  0.0643297330    0.0652709201    0.0662154064    0.0671633527    0.0681147054
  0.0690697059    0.0700281933    0.0709905162    0.0719562456    0.0729258642
  0.0738995329    0.0748768762    0.0758582428    0.0768437132    0.0778332874
  0.0788270459    0.0798251227    0.0808275446    0.0818343386    0.0828457192
  0.0838615790    0.0848821864    0.0859074607    0.0869378313    0.0879728958
  0.0890131369    0.0900583670    0.0911090687    0.0921649739    0.0932262972
  0.0942932531    0.0953659490    0.0964445189    0.0975290969    0.0986195222
  0.0997164115    0.1008196041    0.1019291267    0.1030455157    0.1041686639
  0.1052988395    0.1064361766    0.1075811848    0.1087334886    0.1098937050
  0.1110619143    0.1122383043    0.1134231970    0.1146171018    0.1158199921
  0.1170322970    0.1182540432    0.1194860086    0.1204697087    0.1203222409
  0.1201744780    0.1200267151    0.1198786303    0.1197305188    0.1195821390
  0.1194335982    0.1192850575    0.1191361949    0.1189873323    0.1188381746
  0.1186890170    0.1185395375    0.1183899507    0.1182403103    0.1180904016
  0.1179403320    0.1177901283    0.1176397637    0.1174891308    0.1173384711
  0.1171876773    0.1170365885    0.1168853655    0.1167339817    0.1165824637
  0.1164307848    0.1162789717    0.1161268905    0.1159746483    0.1158222720
  0.1156697348    0.1155169293    0.1153639898    0.1152109161    0.1150574133
  0.1149040714    0.1147504345    0.1145965025    0.1144425973    0.1142884240
  0.1141340896    0.1139796212    0.1138248846    0.1136700407    0.1135150358
  0.1133597627    0.1132043555    0.1130486801    0.1128928706    0.1127369270
  -0.0000002876    0.0007992521    0.0015982822    0.0023974732    0.0031968519
  0.0039964989    0.0047964945    0.0055968657    0.0063976660    0.0071989760
  0.0080007687    0.0088031784    0.0096061781    0.0104098216    0.0112141624
  0.0120192274    0.0128250971    0.0136317447    0.0144392237    0.0152475879
  0.0160568640    0.0168671057    0.0176782861    0.0184905127    0.0193037853
  0.0201181307    0.0209335759    0.0217502013    0.0225680068    0.0233870462
  0.0242073193    0.0250288531    0.0258517280    0.0266759709    0.0275016084
  0.0283286408    0.0291570947    0.0299870774    0.0308186159    0.0316516832
  0.0324863598    0.0333226189    0.0341605410    0.0350002334    0.0358416155
  0.0366847143    0.0375296906    0.0383764639    0.0392251149    0.0400757238
  0.0409282103    0.0417827353    0.0426392451    0.0434978202    0.0443584874
  0.0452213004    0.0460862592    0.0469534710    0.0478228822    0.0486946270
  0.0495686516    0.0504450634    0.0513239160    0.0522051826    0.0530889437
  0.0539752796    0.0548641101    0.0557556495    0.0566498443    0.0575466946
  0.0584463879    0.0593487903    0.0602541164    0.0611622050    0.0620733246
  0.0629874483    0.0639044687    0.0648246810    0.0657481119    0.0666745737
  0.0676044419    0.0685374215    0.0694738612    0.0704136536    0.0713569865
  0.0723038062    0.0732542202    0.0742081746    0.0751658574    0.0761273488
  0.0770926222    0.0780618116    0.0790348902    0.0800121263    0.0809932783
  0.0819786951    0.0829682961    0.0839622423    0.0849605337    0.0859633848
  0.0869706079    0.0879825786    0.0889992967    0.0900207356    0.0910471365
  0.0920784190    0.0931148246    0.0941564873    0.0952034071    0.0962557718
  0.0973134473    0.0983769432    0.0994460449    0.1005212352    0.1016022459
  0.1026895866    0.1037828550    0.1048828825    0.1059893474    0.1071025446
  0.1082229033    0.1093501553    0.1104848102    0.1116268679    0.1127765968
  0.1139343187    0.1151004896    0.1162746802    0.1174576148    0.1186494008
  0.1198508963    0.1209741250    0.1208295271    0.1206847683    0.1205398485
  0.1203949019    0.1202496603    0.1201043651    0.1199588016    0.1198133186
  0.1196674064    0.1195216015    0.1193755016    0.1192292675    0.1190829799
  0.1189363971    0.1187897876    0.1186428830    0.1184959516    0.1183488593
  0.1182014987    0.1180540845    0.1179065362    0.1177588001    0.1176109299
  0.1174627647    0.1173145726    0.1171662197    0.1170177326    0.1168689236
  0.1167201146    0.1165710375    0.1164219067    0.1162725076    0.1161230817
  0.1159733608    0.1158235058    0.1156734899    0.1155230716    0.1153727606
  0.1152221546    0.1150715485    0.1149206474    0.1147696123    0.1146184161
  0.1144670591    0.1143155947    0.1141638085    0.1140119150    0.1138598606
  -0.0000002876    0.0007851705    0.0015701458    0.0023552284    0.0031404987
  0.0039260104    0.0047118440    0.0054979995    0.0062845841    0.0070715711
  0.0078590408    0.0086470738    0.0094356433    0.0102248296    0.0110146329
  0.0118051335    0.0125963584    0.0133882806    0.0141810074    0.0149745658
  0.0157689556    0.0165642038    0.0173604175    0.0181575164    0.0189556345
  0.0197547451    0.0205548748    0.0213561311    0.0221584335    0.0229619160
  0.0237665519    0.0245723680    0.0253794178    0.0261877283    0.0269973531
  0.0278083459    0.0286206529    0.0294343010    0.0302494511    0.0310660228
  0.0318840697    0.0327036187    0.0335247502    0.0343474910    0.0351717606
  0.0359977737    0.0368253961    0.0376547620    0.0384859249    0.0393188313
  0.0401534811    0.0409900352    0.0418284401    0.0426688030    0.0435111240
  0.0443554029    0.0452016935    0.0460500494    0.0469004706    0.0477531180
  0.0486078307    0.0494647965    0.0503239885    0.0511854336    0.0520492390
  0.0529153511    0.0537837967    0.0546547636    0.0555281714    0.0564040735
  0.0572825506    0.0581635758    0.0590472832    0.0599337265    0.0608227983
  0.0617145523    0.0626092300    0.0635066971    0.0644070610    0.0653104290
  0.0662167206    0.0671260163    0.0680384770    0.0689539954    0.0698727056
  0.0707947150    0.0717199966    0.0726486310    0.0735805109    0.0745158777
  0.0754548118    0.0763972864    0.0773432478    0.0782930449    0.0792464629
  0.0802036360    0.0811647788    0.0821297839    0.0830988392    0.0840718374
  0.0850491002    0.0860304669    0.0870160446    0.0880059138    0.0890004233
  0.0899992242    0.0910025582    0.0920106933    0.0930235222    0.0940412059
  0.0950638518    0.0960914865    0.0971241638    0.0981619909    0.0992052630
  0.1002539530    0.1013082758    0.1023680702    0.1034338459    0.1045054421
  0.1055832341    0.1066670343    0.1077571645    0.1088540271    0.1099573538
  0.1110675737    0.1121846601    0.1133090690    0.1144409075    0.1155801758
  0.1167274103    0.1178827181    0.1190461263    0.1202183053    0.1213990405
  0.1213257894    0.1211838737    0.1210418776    0.1208996937    0.1207573757
  0.1206148699    0.1204723105    0.1203295901    0.1201866820    0.1200436130
  0.1199005172    0.1197571263    0.1196136817    0.1194700494    0.1193264171
  0.1191824630    0.1190384820    0.1188943133    0.1187499836    0.1186054930
  0.1184609756    0.1183161631    0.1181711629    0.1180261359    0.1178809479
  0.1177355990    0.1175900891    0.1174443915    0.1172985330    0.1171526745
  0.1170064941    0.1168601528    0.1167137846    0.1165671214    0.1164204314
  0.1162734464    0.1161264345    0.1159790203    0.1158315524    0.1156840578
  0.1155362681    0.1153884783    0.1152403668    0.1150922552    0.1149438217
  -0.0000002876    0.0007717058    0.0015431628    0.0023147807    0.0030865327
  0.0038584992    0.0046307608    0.0054033175    0.0061762497    0.0069495574
  0.0077233478    0.0084975943    0.0092723772    0.0100477234    0.0108236328
  0.0116001859    0.0123773828    0.0131552771    0.0139339224    0.0147132918
  0.0154934391    0.0162744448    0.0170562550    0.0178389773    0.0186225846
  0.0194071308    0.0201926962    0.0209792271    0.0217667773    0.0225554004
  0.0233451232    0.0241359726    0.0249279484    0.0257211313    0.0265154943
  0.0273110911    0.0281079754    0.0289061740    0.0297056600    0.0305065408
  0.0313087896    0.0321125403    0.0329176322    0.0337242261    0.0345323220
  0.0353419736    0.0361532077    0.0369660512    0.0377804771    0.0385965928
  0.0394143716    0.0402339205    0.0410552397    0.0418782756    0.0427032158
  0.0435299531    0.0443586215    0.0451890871    0.0460216448    0.0468561336
  0.0476926342    0.0485311195    0.0493717775    0.0502145007    0.0510594234
  0.0519064918    0.0527558401    0.0536073878    0.0544612423    0.0553174838
  0.0561759785    0.0570369676    0.0579003170    0.0587661341    0.0596346065
  0.0605055735    0.0613791421    0.0622552320    0.0631341115    0.0640156195
  0.0649000242    0.0657871917    0.0666772291    0.0675701365    0.0684658334
  0.0693646416    0.0702664271    0.0711712971    0.0720793054    0.0729904249
  0.0739048168    0.0748224273    0.0757433102    0.0766676262    0.0775953218
  0.0785264507    0.0794613346    0.0803994641    0.0813414022    0.0822870150
  0.0832364365    0.0841896400    0.0851467058    0.0861077145    0.0870727465
  0.0880416945    0.0890150413    0.0899923310    0.0909742072    0.0919601336
  0.0929506734    0.0939457998    0.0949452981    0.0959496245    0.0969586447
  0.0979724392    0.0989913031    0.1000152096    0.1010442123    0.1020784989
  0.1031181768    0.1041632190    0.1052137867    0.1062703088    0.1073322758
  0.1084006533    0.1094747439    0.1105552450    0.1116421834    0.1127356932
  0.1138356671    0.1149428830    0.1160569921    0.1171781823    0.1183072314
  0.1194436833    0.1205883965    0.1217408076    0.1218116984    0.1216724917
  0.1215330973    0.1213936493    0.1212540403    0.1211143777    0.1209745273
  0.1208344892    0.1206944242    0.1205541715    0.1204137310    0.1202732369
  0.1201325819    0.1199917391    0.1198508695    0.1197098121    0.1195685670
  0.1194271609    0.1192857012    0.1191440806    0.1190022722    0.1188604102
  0.1187183872    0.1185761765    0.1184338048    0.1182914063    0.1181486860
  0.1180059120    0.1178631112    0.1177200153    0.1175767317    0.1174334213
  0.1172899231    0.1171462640    0.1170025781    0.1168585703    0.1167144015
  0.1165702060    0.1164255545    0.1162810102    0.1161363050    0.1159914121
  -0.0000002876    0.0007587776    0.0015173063    0.0022759691    0.0030347660
  0.0037937507    0.0045530036    0.0053125247    0.0060723677    0.0068326131
  0.0075932339    0.0083543107    0.0091158703    0.0098779395    0.0106405452
  0.0114037678    0.0121675536    0.0129320100    0.0136971369    0.0144629344
  0.0152295098    0.0159968093    0.0167649135    0.0175338492    0.0183035895
  0.0190742686    0.0198458329    0.0206183091    0.0213918045    0.0221662387
  0.0229417458    0.0237182721    0.0244958714    0.0252745166    0.0260543689
  0.0268353477    0.0276175067    0.0284009263    0.0291855529    0.0299714938
  0.0307587221    0.0315472379    0.0323370948    0.0331283465    0.0339210466
  0.0347152218    0.0355107918    0.0363078639    0.0371064648    0.0379066482
  0.0387084410    0.0395117357    0.0403167740    0.0411234751    0.0419318661
  0.0427419201    0.0435538515    0.0443675265    0.0451830253    0.0460002944
  0.0468195215    0.0476406261    0.0484637156    0.0492887899    0.0501158759
  0.0509449467    0.0517761096    0.0526093379    0.0534447119    0.0542822853
  0.0551220581    0.0559640840    0.0568083361    0.0576549754    0.0585038945
  0.0593551472    0.0602089211    0.0610649750    0.0619236305    0.0627848610
  0.0636485592    0.0645149395    0.0653838143    0.0662554786    0.0671297982
  0.0680068538    0.0688866720    0.0697694674    0.0706550255    0.0715435341
  0.0724350199    0.0733295098    0.0742269501    0.0751276359    0.0760313258
  0.0769383684    0.0778485760    0.0787619218    0.0796788618    0.0805989668
  0.0815226659    0.0824498251    0.0833803371    0.0843146577    0.0852525190
  0.0861941889    0.0871395603    0.0880888477    0.0890418097    0.0899989828
  0.0909600720    0.0919253722    0.0928945616    0.0938681230    0.0948459491
  0.0958282545    0.0968148246    0.0978060618    0.0988016978    0.0998022690
  0.1008074269    0.1018175736    0.1028325751    0.1038526461    0.1048779204
  0.1059085593    0.1069444284    0.1079859301    0.1090330645    0.1100856707
  0.1111442581    0.1122089610    0.1132796988    0.1143566325    0.1154400840
  0.1165301338    0.1176269963    0.1187306717    0.1198417231    0.1209600702
  0.1220856324    0.1222875223    0.1221508905    0.1220141515    0.1218772516
  0.1217402980    0.1216032639    0.1214660689    0.1213286862    0.1211912230
  0.1210535988    0.1209158942    0.1207780287    0.1206399754    0.1205018416
  0.1203636810    0.1202253327    0.1200867966    0.1199482068    0.1198094293
  0.1196704641    0.1195313379    0.1193922654    0.1192528978    0.1191134766
  0.1189738676    0.1188342050    0.1186943546    0.1185543433    0.1184141442
  0.1182738915    0.1181334779    0.1179929838    0.1178523287    0.1177115127
  0.1175704822    0.1174294248    0.1172880724    0.1171467736    0.1170051798
  -0.0000002876    0.0007463589    0.0014924958    0.0022387132    0.0029850647
  0.0037316039    0.0044783577    0.0052253798    0.0059726968    0.0067203626
  0.0074683771    0.0082168207    0.0089657202    0.0097150758    0.0104649141
  0.0112153158    0.0119662806    0.0127178356    0.0134700343    0.0142228499
  0.0149763629    0.0157306001    0.0164855883    0.0172413006    0.0179978177
  0.0187551662    0.0195133463    0.0202724114    0.0210323885    0.0217932776
  0.0225551590    0.0233179793    0.0240818456    0.0248467043    0.0256126359
  0.0263796404    0.0271477982    0.0279170290    0.0286874667    0.0294591382
  0.0302319631    0.0310060486    0.0317814216    0.0325580552    0.0333360568
  0.0341153994    0.0348960564    0.0356781617    0.0364617422    0.0372467175
  0.0380332217    0.0388212278    0.0396107361    0.0404018536    0.0411944732
  0.0419887826    0.0427847281    0.0435824171    0.0443817154    0.0451827303
  0.0459855959    0.0467901781    0.0475966111    0.0484048948    0.0492150828
  0.0500270948    0.0508410648    0.0516570196    0.0524749592    0.0532948837
  0.0541169539    0.0549410090    0.0557672635    0.0565956637    0.0574261293
  0.0582589552    0.0590939805    0.0599312857    0.0607708439    0.0616127625
  0.0624570414    0.0633038148    0.0641529486    0.0650046304    0.0658588335
  0.0667155042    0.0675748035    0.0684368655    0.0693013951    0.0701686606
  0.0710386619    0.0719115332    0.0727871940    0.0736656979    0.0745471522
  0.0754314497    0.0763187781    0.0772090569    0.0781026348    0.0789991364
  0.0798987761    0.0808017150    0.0817078456    0.0826173559    0.0835301116
  0.0844462737    0.0853659764    0.0862891659    0.0872158691    0.0881462201
  0.0890801117    0.0900178656    0.0909592941    0.0919045314    0.0928538993
  0.0938069955    0.0947641954    0.0957254186    0.0966909066    0.0976605520
  0.0986345425    0.0996127710    0.1005956396    0.1015830144    0.1025748953
  0.1035715237    0.1045728728    0.1055792108    0.1065904036    0.1076066926
  0.1086280242    0.1096549615    0.1106870487    0.1117246345    0.1127679333
  0.1138168916    0.1148720458    0.1159326181    0.1169996545    0.1180731282
  0.1191530928    0.1202397361    0.1213327631    0.1224333271    0.1227536902
  0.1226196602    0.1224854425    0.1223510101    0.1222166583    0.1220820919
  0.1219473377    0.1218125299    0.1216776684    0.1215425923    0.1214073285
  0.1212720111    0.1211366132    0.1210010275    0.1208654150    0.1207295612
  0.1205936804    0.1204576120    0.1203214630    0.1201851264    0.1200487360
  0.1199121580    0.1197755262    0.1196386799    0.1195018068    0.1193647191
  0.1192274436    0.1190901414    0.1189527586    0.1188150540    0.1186772957
  0.1185394838    0.1184014842    0.1182634577    0.1181250826    0.1179866537
  -0.0000002876    0.0007344231    0.0014686242    0.0022029057    0.0029372945
  0.0036718711    0.0044066355    0.0051416412    0.0058769152    0.0066125110
  0.0073484287    0.0080847487    0.0088214710    0.0095586225    0.0102962300
  0.0110343471    0.0117729738    0.0125121638    0.0132519707    0.0139923409
  0.0147333547    0.0154750392    0.0162174210    0.0169605002    0.0177043304
  0.0184489116    0.0191942975    0.0199404880    0.0206875637    0.0214354709
  0.0221842900    0.0229340211    0.0236847177    0.0244363263    0.0251889542
  0.0259426281    0.0266972944    0.0274531141    0.0282099530    0.0289679453
  0.0297270373    0.0304873362    0.0312488690    0.0320115820    0.0327755287
  0.0335407093    0.0343072042    0.0350750133    0.0358441636    0.0366147622
  0.0373866215    0.0381600097    0.0389347658    0.0397109434    0.0404887035
  0.0412679926    0.0420487836    0.0428311840    0.0436151400    0.0444007322
  0.0451879606    0.0459769055    0.0467674866    0.0475598648    0.0483539060
  0.0491498515    0.0499475405    0.0507469997    0.0515484169    0.0523517117
  0.0531569645    0.0539640144    0.0547732100    0.0555843636    0.0563975558
  0.0572127059    0.0580300823    0.0588495508    0.0596712455    0.0604949519
  0.0613209382    0.0621492580    0.0629797235    0.0638126835    0.0646478161
  0.0654853627    0.0663253501    0.0671678051    0.0680126473    0.0688601181
  0.0697100833    0.0705625966    0.0714177117    0.0722753480    0.0731358811
  0.0739990965    0.0748650745    0.0757336810    0.0766053721    0.0774797723
  0.0783572301    0.0792375848    0.0801208094    0.0810071990    0.0818966195
  0.0827892318    0.0836850628    0.0845839784    0.0854861394    0.0863917604
  0.0873006001    0.0882129535    0.0891284719    0.0900478259    0.0909706131
  0.0918970212    0.0928271040    0.0937610224    0.0946984544    0.0956399903
  0.0965852275    0.0975345150    0.0984878793    0.0994451061    0.1004065976
  0.1013724878    0.1023424819    0.1033168212    0.1042956933    0.1052790180
  0.1062670097    0.1072596416    0.1082571283    0.1092595235    0.1102667466
  0.1112789854    0.1122966960    0.1133195564    0.1143474594    0.1153813437
  0.1164207801    0.1174657419    0.1185168996    0.1195738778    0.1206372932
  0.1217066899    0.1227828190    0.1232108191    0.1230790958    0.1229472920
  0.1228153005    0.1226833627    0.1225512102    0.1224188700    0.1222865835
  0.1221541092    0.1220214203    0.1218886778    0.1217558548    0.1216229513
  0.1214898601    0.1213565812    0.1212232217    0.1210898086    0.1209563151
  0.1208226338    0.1206888720    0.1205549225    0.1204209194    0.1202867016
  0.1201524034    0.1200179443    0.1198834047    0.1197487846    0.1196140036
  0.1194791421    0.1193440661    0.1192089364    0.1190736189    0.1189382479
