  0.0000000000    0.0036000000
  0.0000500000    0.0006000000    299    19
  -0.0000004891    -0.0000575033    -0.0001152769    -0.0001738718    -0.0002333269
  -0.0002936575    -0.0003549102    -0.0004171160    -0.0004803059    -0.0005445263
  -0.0006098160    -0.0006762138    -0.0007437661    -0.0008125117    -0.0008825126
  -0.0009538153    -0.0010264662    -0.0011005351    -0.0011760762    -0.0012531593
  -0.0013318542    -0.0014122227    -0.0014943501    -0.0015783218    -0.0016642228
  -0.0017521384    -0.0018421772    -0.0019344476    -0.0020290425    -0.0021261093
  -0.0022257641    -0.0023281464    -0.0024334112    -0.0025417057    -0.0026532236
  -0.0027681354    -0.0028866503    -0.0030089697    -0.0031353495    -0.0032660142
  -0.0034013048    -0.0035414538    -0.0036868253    -0.0038377759    -0.0039947006
  -0.0041580102    -0.0043282238    -0.0045058140    -0.0046913776    -0.0048855653
  -0.0050890282    -0.0053026107    -0.0055271497    -0.0057635984    -0.0060130337
  -0.0062766954    -0.0065558466    -0.0068520060    -0.0071668628    -0.0075018969
  -0.0078598747    -0.0082423767    -0.0086517432    -0.0090903142    -0.0095602825
  -0.0100630507    -0.0105987814    -0.0111649409    -0.0117527035    -0.0123416981
  -0.0128872773    -0.0132912120    -0.0133385560    -0.0125705376    -0.0103801236
  -0.0080438265    -0.0076891884    -0.0073373631    -0.0069883195    -0.0066419724
  -0.0062982598    -0.0059568408    -0.0056181803    -0.0052816972    -0.0049473217
  -0.0046152708    -0.0042854825    -0.0039579025    -0.0036319575    -0.0033081356
  -0.0029863670    -0.0026661095    -0.0023475644    -0.0020312122    -0.0017159912
  -0.0014026222    -0.0010908183    -0.0007805410    -0.0004715112    -0.0001641938
  0.0001431856    0.0004481551    0.0007517609    0.0010542586    0.0013559350
  0.0016560617    0.0019551656    0.0022537425    0.0025510952    0.0028472391
  0.0031429258    0.0034374347    0.0037315175    0.0040249416    0.0043177149
  0.0046093956    0.0049009290    0.0051916257    0.0054819658    0.0057717171
  0.0060613677    0.0063504449    0.0066392043    0.0069276384    0.0072159871
  0.0075042585    0.0077919951    0.0080798867    0.0083681425    0.0086558792
  0.0089437631    0.0092322436    0.0095206389    0.0098091736    0.0100982895
  0.0103870878    0.0106771103    0.0109672412    0.0112576899    0.0115493241
  0.0118414697    0.0121341190    0.0124278918    0.0127221373    0.0130176845
  0.0133145103    0.0136125913    0.0139116874    0.0142121938    0.0145138702
  0.0148177239    0.0151228872    0.0154301503    0.0157390639    0.0160501859
  0.0163638726    0.0166794732    0.0169981268    0.0173193762    0.0176435545
  0.0179713669    0.0183021548    0.0186366078    0.0189748344    0.0193182603
  0.0196654364    0.0200179514    0.0203760454    0.0207397494    0.0211100164
  0.0214874044    0.0218722388    0.0222657439    0.0226681909    0.0230812457
  0.0235054430    0.0239428285    0.0243951765    0.0248634711    0.0253507808
  0.0258604762    0.0263956800    0.0269629708    0.0275665560    0.0282180277
  0.0289297214    0.0297252086    0.0306360027    0.0317317095    0.0331672624
  0.0354835758    0.0397801533    0.0402273020    0.0402273020    0.0402273020
  0.0402273020    0.0402273020    0.0402273020    0.0402273020    0.0402273020
  0.0402273020    0.0402273020    0.0402273020    0.0402273020    0.0402273020
  0.0402273020    0.0402273020    0.0402273020    0.0402273020    0.0402273020
  0.0402273020    0.0402273020    0.0402273020    0.0402273020    0.0402273020
  0.0402273020    0.0402273020    0.0402273020    0.0402273020    0.0402273020
  0.0402273020    0.0402273020    0.0402273020    0.0402273020    0.0402273020
  0.0402273020    0.0402273020    0.0402273020    0.0402273020    0.0402273020
  0.0402273020    0.0402273020    0.0402273020    0.0402273020    0.0402273020
  0.0402273020    0.0402273020    0.0402273020    0.0402307811    0.0402369955
  0.0402431789    0.0402493390    0.0402555844    0.0402616903    0.0402677730
  0.0402739486    0.0402799770    0.0402859899    0.0402919796    0.0402980468
  0.0403039899    0.0403099021    0.0403159073    0.0403217730    0.0403276154
  0.0403334424    0.0403393468    0.0403451273    0.0403508845    0.0403566107
  0.0403624377    0.0403681251    0.0403737894    0.0403795466    0.0403851721
  0.0403907743    0.0403963533    0.0404020330    0.0404075733    0.0404130903
  0.0404185918    0.0404241863    0.0404296413    0.0404350808    0.0404404971
  0.0404460141    0.0404513916    0.0404567537    0.0404620925    0.0404675320
  0.0404728320    0.0404781166    0.0404833856    0.0404887477    0.0404939780
  0.0404991850    0.0405043766    0.0405096689    0.0405148217    0.0405199590
  0.0405250809    0.0405303034    0.0405353865    0.0405404541    0.0405455062
  0.0405506590    0.0405556801    0.0405606779    0.0405656603    0.0405707434
  -0.0000004891    -0.0000523272    -0.0001047233    -0.0001577392    -0.0002113906
  -0.0002656928    -0.0003206691    -0.0003763506    -0.0004327449    -0.0004898909
  -0.0005477962    -0.0006064996    -0.0006660244    -0.0007263938    -0.0007876387
  -0.0008497980    -0.0009128872    -0.0009769526    -0.0010420254    -0.0011081442
  -0.0011753401    -0.0012436596    -0.0013131413    -0.0013838241    -0.0014557698
  -0.0015290174    -0.0016036132    -0.0016796270    -0.0017571053    -0.0018361101
  -0.0019166955    -0.0019989547    -0.0020829341    -0.0021687189    -0.0022563866
  -0.0023460302    -0.0024377349    -0.0025315937    -0.0026277152    -0.0027261922
  -0.0028271642    -0.0029307398    -0.0030370507    -0.0031462362    -0.0032584748
  -0.0033738902    -0.0034926686    -0.0036150035    -0.0037411043    -0.0038711646
  -0.0040054092    -0.0041441402    -0.0042875978    -0.0044360456    -0.0045898476
  -0.0047493449    -0.0049149093    -0.0050869128    -0.0052658746    -0.0054522362
  -0.0056465247    -0.0058493367    -0.0060612920    -0.0062831345    -0.0065156314
  -0.0067595574    -0.0070158580    -0.0072854707    -0.0075696507    -0.0078694442
  -0.0081860831    -0.0085209700    -0.0088755152    -0.0092509428    -0.0096487483
  -0.0100697687    -0.0105143991    -0.0109822443    -0.0114704838    -0.0119734380
  -0.0124788174    -0.0129629967    -0.0133809951    -0.0136464080    -0.0135922065
  -0.0129089424    -0.0111999181    -0.0086419335    -0.0080894813    -0.0077746943
  -0.0074618909    -0.0071512958    -0.0068428627    -0.0065362892    -0.0062315366
  -0.0059290621    -0.0056283233    -0.0053292736    -0.0050318745    -0.0047363505
  -0.0044426629    -0.0041502616    -0.0038596269    -0.0035702243    -0.0032827744
  -0.0029967347    -0.0027118418    -0.0024283049    -0.0021463564    -0.0018654695
  -0.0015858611    -0.0013077638    -0.0010306504    -0.0007547536    -0.0004800424
  -0.0002062610    0.0000676057    0.0003391090    0.0006097522    0.0008792952
  0.0011482492    0.0014161494    0.0016830114    0.0019493154    0.0022146198
  0.0024791649    0.0027429739    0.0030062792    0.0032686314    0.0035302785
  0.0037912360    0.0040519688    0.0043120274    0.0045714197    0.0048301610
  0.0050884840    0.0053464040    0.0056041381    0.0058614847    0.0061179867
  0.0063745585    0.0066305259    0.0068865708    0.0071420190    0.0073973277
  0.0076527140    0.0079075190    0.0081624171    0.0084171757    0.0086720195
  0.0089269486    0.0091813120    0.0094359699    0.0096911469    0.0099457583
  0.0102008656    0.0104560503    0.0107117310    0.0109674814    0.0112234953
  0.0114797726    0.0117365226    0.0119939390    0.0122513863    0.0125094923
  0.0127682337    0.0130273935    0.0132871655    0.0135479602    0.0138093361
  0.0140714869    0.0143348077    0.0145986632    0.0148638514    0.0151297447
  0.0153973272    0.0156655607    0.0159356305    0.0162067077    0.0164791563
  0.0167533484    0.0170296326    0.0173068079    0.0175865713    0.0178679308
  0.0181516072    0.0184375384    0.0187256935    0.0190161964    0.0193095586
  0.0196060821    0.0199051473    0.0202081642    0.0205141178    0.0208243951
  0.0211379811    0.0214565960    0.0217797437    0.0221073160    0.0224409398
  0.0227804604    0.0231253585    0.0234782377    0.0238381681    0.0242066374
  0.0245840409    0.0249724087    0.0253710434    0.0257826802    0.0262092486
  0.0266520891    0.0271127126    0.0275968996    0.0281053630    0.0286460993
  0.0292238274    0.0298483571    0.0305355653    0.0313062260    0.0322002056
  0.0332907364    0.0347657529    0.0372967568    0.0404183671    0.0405283740
  0.0405283740    0.0405283740    0.0405283740    0.0405283740    0.0405283740
  0.0405283740    0.0405283740    0.0405283740    0.0405283740    0.0405283740
  0.0405283740    0.0405283740    0.0405283740    0.0405283740    0.0405283740
  0.0405283740    0.0405283740    0.0405283740    0.0405283740    0.0405283740
  0.0405283740    0.0405283740    0.0405283740    0.0405283740    0.0405283740
  0.0405283740    0.0405283740    0.0405283740    0.0405283740    0.0405283740
  0.0405283740    0.0405283740    0.0405283740    0.0405283740    0.0405283740
  0.0405283740    0.0405283740    0.0405283740    0.0405283740    0.0405283740
  0.0405283740    0.0405283740    0.0405283740    0.0405283740    0.0405283740
  0.0405283740    0.0405283740    0.0405283740    0.0405283740    0.0405283740
  0.0405283740    0.0405283740    0.0405283740    0.0405283740    0.0405283740
  0.0405283740    0.0405283740    0.0405283740    0.0405283740    0.0405283740
  0.0405283740    0.0405283740    0.0405283740    0.0405283740    0.0405283740
  0.0405283740    0.0405303034    0.0405353865    0.0405404541    0.0405455062
  0.0405506590    0.0405556801    0.0405606779    0.0405656603    0.0405707434
  -0.0000004891    -0.0000482824    -0.0000965020    -0.0001452020    -0.0001943901
  -0.0002440819    -0.0002943006    -0.0003450462    -0.0003963497    -0.0004482111
  -0.0005006537    -0.0005537006    -0.0006073520    -0.0006616464    -0.0007165840
  -0.0007721958    -0.0008284971    -0.0008855113    -0.0009432539    -0.0010017559
  -0.0010610327    -0.0011211231    -0.0011820349    -0.0012437990    -0.0013064542
  -0.0013700083    -0.0014345232    -0.0014999989    -0.0015664819    -0.0016340110
  -0.0017026171    -0.0017723313    -0.0018432078    -0.0019152775    -0.0019885948
  -0.0020631906    -0.0021391270    -0.0022164270    -0.0022951916    -0.0023754361
  -0.0024572381    -0.0025406364    -0.0026257315    -0.0027125779    -0.0028012374
  -0.0028917953    -0.0029843447    -0.0030789474    -0.0031757119    -0.0032747313
  -0.0033761063    -0.0034799454    -0.0035863724    -0.0036955038    -0.0038074711
  -0.0039224061    -0.0040404794    -0.0041618535    -0.0042866603    -0.0044151166
  -0.0045474085    -0.0046837452    -0.0048243436    -0.0049694982    -0.0051193795
  -0.0052743128    -0.0054346237    -0.0056005988    -0.0057726023    -0.0059510061
  -0.0061362675    -0.0063287738    -0.0065290132    -0.0067375436    -0.0069548687
  -0.0071816006    -0.0074184445    -0.0076659814    -0.0079251102    -0.0081965747
  -0.0084810880    -0.0087797424    -0.0090932432    -0.0094224969    -0.0097683635
  -0.0101313856    -0.0105121365    -0.0109103993    -0.0113253370    -0.0117548034
  -0.0121943584    -0.0126360598    -0.0130656657    -0.0134587756    -0.0137728575
  -0.0139331374    -0.0138088420    -0.0131823286    -0.0117858675    -0.0096512821
  -0.0084329537    -0.0081468907    -0.0078625247    -0.0075798556    -0.0072991005
  -0.0070197168    -0.0067419216    -0.0064659473    -0.0061912516    -0.0059183148
  -0.0056466022    -0.0053763309    -0.0051077333    -0.0048405382    -0.0045742032
  -0.0043094721    -0.0040460584    -0.0037836984    -0.0035226169    -0.0032630387
  -0.0030044523    -0.0027468267    -0.0024904022    -0.0022351554    -0.0019808152
  -0.0017276141    -0.0014755443    -0.0012240866    -0.0009739617    -0.0007244256
  -0.0004759511    -0.0002285150    0.0000191072    0.0002649781    0.0005098495
  0.0007544497    0.0009978333    0.0012404963    0.0014824465    0.0017236915
  0.0019642469    0.0022041205    0.0024433199    0.0026820931    0.0029202154
  0.0031574622    0.0033942983    0.0036307469    0.0038663432    0.0041017845
  0.0043366215    0.0045708695    0.0048047456    0.0050382730    0.0052712116
  0.0055038092    0.0057362905    0.0059679893    0.0061997965    0.0064310536
  0.0066619852    0.0068928161    0.0071233293    0.0073535249    0.0075836274
  0.0078136292    0.0080431119    0.0082725093    0.0085020307    0.0087312421
  0.0089605853    0.0091898355    0.0094187912    0.0096480724    0.0098770592
  0.0101061621    0.0103355983    0.0105649337    0.0107943776    0.0110239378
  0.0112536064    0.0114833680    0.0117134395    0.0119438133    0.0121744737
  0.0124052194    0.0126366624    0.0128679660    0.0130997422    0.0133323863
  0.0135650846    0.0137984261    0.0140323952    0.0142664030    0.0145016119
  0.0147370300    0.0149736258    0.0152104077    0.0154481426    0.0156870088
  0.0159262159    0.0161665234    0.0164077142    0.0166499665    0.0168934509
  0.0171379581    0.0173834571    0.0176306918    0.0178788719    0.0181285319
  0.0183800361    0.0186324003    0.0188870892    0.0191429481    0.0194008759
  0.0196611902    0.0199227443    0.0201867858    0.0204534307    0.0207219121
  0.0209934309    0.0212673828    0.0215446046    0.0218246546    0.0221079978
  0.0223950759    0.0226857802    0.0229803744    0.0232796100    0.0235833552
  0.0238918272    0.0242057231    0.0245250663    0.0248513290    0.0251843020
  0.0255242643    0.0258729205    0.0262304488    0.0265979496    0.0269772670
  0.0273685560    0.0277737692    0.0281956497    0.0286361268    0.0290978274
  0.0295853075    0.0301043710    0.0306603333    0.0312654141    0.0319325688
  0.0326874378    0.0335687253    0.0346658191    0.0361928520    0.0388470510
  0.0407891843    0.0407891843    0.0407891843    0.0407891843    0.0407891843
  0.0407891843    0.0407891843    0.0407891843    0.0407891843    0.0407891843
  0.0407891843    0.0407891843    0.0407891843    0.0407891843    0.0407891843
  0.0407891843    0.0407891843    0.0407891843    0.0407891843    0.0407891843
  0.0407891843    0.0407891843    0.0407891843    0.0407891843    0.0407891843
  0.0407891843    0.0407891843    0.0407891843    0.0407891843    0.0407891843
  0.0407891843    0.0407891843    0.0407891843    0.0407891843    0.0407891843
  0.0407891843    0.0407891843    0.0407891843    0.0407891843    0.0407891843
  0.0407891843    0.0407891843    0.0407891843    0.0407891843    0.0407891843
  -0.0000004891    -0.0000450203    -0.0000898769    -0.0001351210    -0.0001807526
  -0.0002267870    -0.0002732399    -0.0003201112    -0.0003674164    -0.0004151633
  -0.0004633752    -0.0005120441    -0.0005611935    -0.0006108388    -0.0006609878
  -0.0007116482    -0.0007628432    -0.0008145806    -0.0008668759    -0.0009197447
  -0.0009732023    -0.0010272720    -0.0010819539    -0.0011372790    -0.0011932626
  -0.0012499127    -0.0013072678    -0.0013653359    -0.0014241400    -0.0014836958
  -0.0015440264    -0.0016051707    -0.0016671363    -0.0017299464    -0.0017936477
  -0.0018582478    -0.0019237855    -0.0019902918    -0.0020577899    -0.0021263108
  -0.0021958932    -0.0022665760    -0.0023383978    -0.0024113896    -0.0024855903
  -0.0025610539    -0.0026378116    -0.0027159098    -0.0027954027    -0.0028763601
  -0.0029588130    -0.0030428156    -0.0031284454    -0.0032157490    -0.0033047882
  -0.0033956715    -0.0034884223    -0.0035831258    -0.0036799058    -0.0037787935
  -0.0038799283    -0.0039833644    -0.0040892181    -0.0041976133    -0.0043086585
  -0.0044224623    -0.0045391408    -0.0046588644    -0.0047817883    -0.0049080053
  -0.0050377247    -0.0051711169    -0.0053083834    -0.0054497334    -0.0055952910
  -0.0057453582    -0.0059001908    -0.0060600522    -0.0062251517    -0.0063958457
  -0.0065724519    -0.0067552724    -0.0069446716    -0.0071411684    -0.0073450109
  -0.0075567570    -0.0077768484    -0.0080057034    -0.0082439575    -0.0084922150
  -0.0087510028    -0.0090208480    -0.0093023857    -0.0095961896    -0.0099027398
  -0.0102226332    -0.0105561718    -0.0109032550    -0.0112636271    -0.0116363582
  -0.0120196429    -0.0124100098    -0.0128017095    -0.0131857613    -0.0135473576
  -0.0138622221    -0.0140912554    -0.0141706398    -0.0139968851    -0.0134110984
  -0.0122288474    -0.0104290792    -0.0087346455    -0.0084718826    -0.0082101735
  -0.0079500452    -0.0076914588    -0.0074343911    -0.0071783152    -0.0069237193
  -0.0066703168    -0.0064183477    -0.0061675331    -0.0059181055    -0.0056697938
  -0.0054225746    -0.0051764402    -0.0049316075    -0.0046878132    -0.0044450495
  -0.0042035332    -0.0039627686    -0.0037229726    -0.0034843776    -0.0032469758
  -0.0030100158    -0.0027744505    -0.0025395438    -0.0023057684    -0.0020726284
  -0.0018403408    -0.0016089055    -0.0013785395    -0.0011490026    -0.0009197989
  -0.0006916335    -0.0004642585    -0.0002376583    -0.0000115928    0.0002144495
  0.0004390040    0.0006628302    0.0008861527    0.0011087546    0.0013306436
  0.0015520677    0.0017725620    0.0019925991    0.0022124192    0.0024315730
  0.0026498279    0.0028676566    0.0030852917    0.0033022836    0.0035188648
  0.0037348107    0.0039503691    0.0041655245    0.0043802926    0.0045946810
  0.0048084649    0.0050218692    0.0052351341    0.0054480270    0.0056603387
  0.0058727357    0.0060843346    0.0062960187    0.0065071371    0.0067181239
  0.0069292036    0.0071397254    0.0073496971    0.0075599787    0.0077697101
  0.0079795423    0.0081892505    0.0083986333    0.0086078998    0.0088168409
  0.0090258750    0.0092350098    0.0094438192    0.0096527293    0.0098615155
  0.0100701931    0.0102789637    0.0104878196    0.0106963500    0.0109053764
  0.0111142865    0.0113232741    0.0115323469    0.0117414895    0.0119507095
  0.0121602008    0.0123697540    0.0125795707    0.0127898523    0.0129999867
  0.0132103691    0.0134213868    0.0136326447    0.0138439414    0.0140556565
  0.0142673948    0.0144801328    0.0146928707    0.0149063990    0.0151201132
  0.0153345868    0.0155496183    0.0157650062    0.0159811148    0.0161977580
  0.0164149049    0.0166329429    0.0168516549    0.0170710257    0.0172914270
  0.0175126418    0.0177348563    0.0179580316    0.0181816176    0.0184070554
  0.0186328575    0.0188602868    0.0190885839    0.0193182835    0.0195491686
  0.0197817507    0.0200154719    0.0202508280    0.0204877958    0.0207263443
  0.0209669539    0.0212094155    0.0214533415    0.0216999021    0.0219483611
  0.0221990129    0.0224519816    0.0227080652    0.0229666749    0.0232277563
  0.0234920767    0.0237604031    0.0240311393    0.0243063465    0.0245856062
  0.0248687866    0.0251564381    0.0254493895    0.0257471606    0.0260510454
  0.0263609895    0.0266772798    0.0270015588    0.0273333851    0.0276747653
  0.0280251959    0.0283878848    0.0287621811    0.0291499057    0.0295544371
  0.0299769530    0.0304216453    0.0308916447    0.0313934520    0.0319315770
  0.0325198200    0.0331712374    0.0339142743    0.0347910365    0.0359032479
  0.0374945167    0.0400163230    0.0410192326    0.0410192326    0.0410192326
  0.0410192326    0.0410192326    0.0410192326    0.0410192326    0.0410192326
  0.0410192326    0.0410192326    0.0410192326    0.0410192326    0.0410192326
  -0.0000004891    -0.0000423238    -0.0000844064    -0.0001268068    -0.0001695248
  -0.0002125683    -0.0002559528    -0.0002996781    -0.0003437522    -0.0003881904
  -0.0004330006    -0.0004781750    -0.0005237368    -0.0005696937    -0.0006160536
  -0.0006628242    -0.0007100132    -0.0007576361    -0.0008057007    -0.0008542070
  -0.0009031859    -0.0009526297    -0.0010025617    -0.0010529897    -0.0011039212
  -0.0011553797    -0.0012073651    -0.0012599084    -0.0013130018    -0.0013666764
  -0.0014209399    -0.0014758077    -0.0015313032    -0.0015874341    -0.0016442159
  -0.0017016718    -0.0017598251    -0.0018186834    -0.0018782780    -0.0019386241
  -0.0019997296    -0.0020616487    -0.0021243736    -0.0021879354    -0.0022523728
  -0.0023177013    -0.0023839286    -0.0024511245    -0.0025192967    -0.0025884685
  -0.0026586786    -0.0027299502    -0.0028023455    -0.0028758642    -0.0029505762
  -0.0030264971    -0.0031036809    -0.0031821665    -0.0032620004    -0.0033432212
  -0.0034258834    -0.0035100409    -0.0035957482    -0.0036830673    -0.0037720445
  -0.0038627419    -0.0039552370    -0.0040495917    -0.0041458836    -0.0042441902
  -0.0043445578    -0.0044471261    -0.0045519647    -0.0046591279    -0.0047687706
  -0.0048809627    -0.0049958590    -0.0051135138    -0.0052341130    -0.0053577188
  -0.0054845402    -0.0056146780    -0.0057483104    -0.0058855924    -0.0060266945
  -0.0061718413    -0.0063211569    -0.0064749435    -0.0066333792    -0.0067966732
  -0.0069651434    -0.0071389988    -0.0073185882    -0.0075041595    -0.0076959994
  -0.0078945652    -0.0081000116    -0.0083129743    -0.0085336545    -0.0087624553
  -0.0089999655    -0.0092463711    -0.0095021835    -0.0097679064    -0.0100437179
  -0.0103300753    -0.0106272498    -0.0109350941    -0.0112537786    -0.0115825906
  -0.0119208327    -0.0122666839    -0.0126175639    -0.0129694822    -0.0133158758
  -0.0136471674    -0.0139480457    -0.0141957918    -0.0143550256    -0.0143713829
  -0.0141620001    -0.0136085406    -0.0125790843    -0.0110369805    -0.0091882488
  -0.0087608668    -0.0085180333    -0.0082767108    -0.0080364111    -0.0077973589
  -0.0075595388    -0.0073226795    -0.0070870212    -0.0068525484    -0.0066189823
  -0.0063865629    -0.0061550269    -0.0059248546    -0.0056952867    -0.0054668114
  -0.0052393976    -0.0050128052    -0.0047874913    -0.0045627198    -0.0043389711
  -0.0041159818    -0.0038939765    -0.0036729553    -0.0034524223    -0.0032330748
  -0.0030144402    -0.0027964875    -0.0025792244    -0.0023628756    -0.0021471855
  -0.0019323865    -0.0017179903    -0.0015044698    -0.0012920418    -0.0010795364
  -0.0008683327    -0.0006572607    -0.0004472503    -0.0002378288    -0.0000289729
  0.0001804951    0.0003882119    0.0005953786    0.0008019951    0.0010080692
  0.0012133840    0.0014183965    0.0016226575    0.0018266317    0.0020303193
  0.0022330615    0.0024355170    0.0026374921    0.0028389713    0.0030399701
  0.0032407132    0.0034409836    0.0036407891    0.0038401297    0.0040392300
  0.0042378810    0.0044362995    0.0046340439    0.0048317882    0.0050290987
  0.0052259675    0.0054226193    0.0056188449    0.0058148614    0.0060104594
  0.0062058482    0.0064012447    0.0065960214    0.0067908135    0.0069851872
  0.0071793750    0.0073735783    0.0075671694    0.0077607837    0.0079542044
  0.0081476483    0.0083407047    0.0085337767    0.0087266627    0.0089193705
  0.0091118923    0.0093044373    0.0094969979    0.0096891788    0.0098815921
  0.0100736102    0.0102656516    0.0104579177    0.0106499979    0.0108418921
  0.0110342124    0.0112263468    0.0114184889    0.0116108480    0.0118030134
  0.0119951943    0.0121875766    0.0123799589    0.0125729379    0.0127655217
  0.0129584929    0.0131514564    0.0133447996    0.0135379335    0.0137318268
  0.0139255109    0.0141193578    0.0143135610    0.0145081207    0.0147030213
  0.0148984566    0.0150938454    0.0152897456    0.0154855838    0.0156824991
  0.0158791587    0.0160764846    0.0162742987    0.0164727715    0.0166713217
  0.0168708947    0.0170705375    0.0172711644    0.0174720314    0.0176738593
  0.0178760901    0.0180792585    0.0182829848    0.0184870830    0.0186926147
  0.0188986579    0.0191055766    0.0193133321    0.0195222810    0.0197320357
  0.0199425885    0.0201546213    0.0203674057    0.0205816314    0.0207970890
  0.0210135773    0.0212317702    0.0214509550    0.0216721234    0.0218942216
  0.0221182337    0.0223438033    0.0225717208    0.0228007695    0.0230324218
  0.0232659569    0.0235010108    0.0237390092    0.0239795724    0.0242221424
  0.0244679669    0.0247161701    0.0249679533    0.0252222934    0.0254805234
  0.0257427052    0.0260082731    0.0262782034    0.0265526900    0.0268318877
  0.0271167341    0.0274062839    0.0277033809    0.0280057004    0.0283159855
  -0.0000004891    -0.0000400457    -0.0000797960    -0.0001198021    -0.0001600793
  -0.0002006277    -0.0002414551    -0.0002825692    -0.0003239700    -0.0003656730
  -0.0004076704    -0.0004499856    -0.0004926106    -0.0005355611    -0.0005788293
  -0.0006224462    -0.0006663963    -0.0007107028    -0.0007553580    -0.0008003852
  -0.0008457765    -0.0008915552    -0.0009377137    -0.0009842750    -0.0010312471
  -0.0010786220    -0.0011264309    -0.0011746660    -0.0012233427    -0.0012724766
  -0.0013220754    -0.0013721392    -0.0014226988    -0.0014737466    -0.0015253058
  -0.0015773842    -0.0016299972    -0.0016831526    -0.0017368737    -0.0017911682
  -0.0018460438    -0.0019015238    -0.0019576159    -0.0020143434    -0.0020717296
  -0.0021297744    -0.0021885011    -0.0022479329    -0.0023080853    -0.0023689738
  -0.0024306294    -0.0024930522    -0.0025562808    -0.0026203385    -0.0026852486
  -0.0027510419    -0.0028177032    -0.0028853098    -0.0029538617    -0.0030233976
  -0.0030939332    -0.0031654993    -0.0032381579    -0.0033119169    -0.0033868071
  -0.0034628752    -0.0035401520    -0.0036186841    -0.0036985025    -0.0037796691
  -0.0038621995    -0.0039461789    -0.0040316227    -0.0041185853    -0.0042071441
  -0.0042973301    -0.0043892130    -0.0044828394    -0.0045782945    -0.0046756634
  -0.0047749540    -0.0048762903    -0.0049797419    -0.0050853786    -0.0051933166
  -0.0053036180    -0.0054163679    -0.0055317214    -0.0056497017    -0.0057705256
  -0.0058942088    -0.0060209218    -0.0061508349    -0.0062840179    -0.0064206567
  -0.0065608832    -0.0067048678    -0.0068527964    -0.0070048550    -0.0071612141
  -0.0073220518    -0.0074876317    -0.0076581785    -0.0078339168    -0.0080150947
  -0.0082018593    -0.0083946833    -0.0085936752    -0.0087992534    -0.0090116891
  -0.0092311451    -0.0094581947    -0.0096928534    -0.0099356094    -0.0101866177
  -0.0104462114    -0.0107144448    -0.0109914109    -0.0112771019    -0.0115713087
  -0.0118735352    -0.0121829292    -0.0124979410    -0.0128165945    -0.0131358138
  -0.0134508488    -0.0137548265    -0.0140377823    -0.0142850325    -0.0144753304
  -0.0145770851    -0.0145438436    -0.0143088207    -0.0137818071    -0.0128654805
  -0.0115230891    -0.0098799434    -0.0090217158    -0.0087950382    -0.0085691586
  -0.0083443329    -0.0081208012    -0.0078980443    -0.0076763025    -0.0074555603
  -0.0072358021    -0.0070167723    -0.0067989436    -0.0065818200    -0.0063656339
  -0.0061503622    -0.0059360048    -0.0057223061    -0.0055094984    -0.0052977988
  -0.0050864944    -0.0048762825    -0.0046666750    -0.0044578966    -0.0042499474
  -0.0040425792    -0.0038360170    -0.0036302450    -0.0034252635    -0.0032208243
  -0.0030171600    -0.0028142473    -0.0026116291    -0.0024099794    -0.0022090736
  -0.0020086637    -0.0018087342    -0.0016095254    -0.0014107892    -0.0012129906
  -0.0010154167    -0.0008187571    -0.0006223145    -0.0004265538    -0.0002312192
  -0.0000365511    0.0001584193    0.0003522429    0.0005451986    0.0007379684
  0.0009298858    0.0011218497    0.0013129768    0.0015039334    0.0016938362
  0.0018840256    0.0020731768    0.0022623977    0.0024508050    0.0026390728
  0.0028269765    0.0030143145    0.0032012960    0.0033881459    0.0035742131
  0.0037601641    0.0039457741    0.0041310510    0.0043159947    0.0045001790
  0.0046846810    0.0048684391    0.0050520888    0.0052354208    0.0054186520
  0.0056013563    0.0057839677    0.0059660599    0.0061480591    0.0063299653
  0.0065113601    0.0066928789    0.0068738863    0.0070546070    0.0072352347
  0.0074155757    0.0075958392    0.0077762190    0.0079556999    0.0081357154
  0.0083152428    0.0084944835    0.0086740574    0.0088531432    0.0090323606
  0.0092110899    0.0093899509    0.0095687267    0.0097474328    0.0099256584
  0.0101042095    0.0102824816    0.0104610792    0.0106393978    0.0108176389
  0.0109956011    0.0111738810    0.0113522771    0.0115303943    0.0117086276
  0.0118867758    0.0120650324    0.0122435990    0.0124218789    0.0126002672
  0.0127789500    0.0129571447    0.0131360289    0.0133148125    0.0134934953
  0.0136728445    0.0138518992    0.0140308455    0.0142106363    0.0143901172
  0.0145698693    0.0147498849    0.0149301484    0.0151106676    0.0152914271
  0.0154722485    0.0156534883    0.0158349606    0.0160166577    0.0161989513
  0.0163812682    0.0165641740    0.0167474595    0.0169307527    0.0171144256
  0.0172991988    0.0174841425    0.0176690707    0.0178548899    0.0180408564
  0.0182276908    0.0184150210    0.0186028394    0.0187913087    0.0189802507
  0.0191699907    0.0193603584    0.0195513228    0.0197430697    0.0199359170
  0.0201288107    0.0203229520    0.0205181548    0.0207137063    0.0209104511
  0.0211082110    0.0213071254    0.0215070006    0.0217078289    0.0219095871
  -0.0000004891    -0.0000380930    -0.0000758442    -0.0001138124    -0.0001520053
  -0.0001904228    -0.0002290806    -0.0002679864    -0.0003071246    -0.0003465185
  -0.0003861603    -0.0004260656    -0.0004662344    -0.0005066666    -0.0005473778
  -0.0005883679    -0.0006296369    -0.0006712005    -0.0007130584    -0.0007552108
  -0.0007976732    -0.0008404532    -0.0008835432    -0.0009269586    -0.0009707150
  -0.0010147968    -0.0010592273    -0.0011040142    -0.0011491498    -0.0011946651
  -0.0012405446    -0.0012868038    -0.0013334581    -0.0013805076    -0.0014279601
  -0.0014758310    -0.0015241203    -0.0015728435    -0.0016220161    -0.0016716304
  -0.0017217174    -0.0017722693    -0.0018233016    -0.0018748376    -0.0019268695
  -0.0019794205    -0.0020324984    -0.0020861188    -0.0021402970    -0.0021950331
  -0.0022503504    -0.0023062721    -0.0023627982    -0.0024199441    -0.0024777332
  -0.0025361732    -0.0025952873    -0.0026550910    -0.0027155998    -0.0027768448
  -0.0028388181    -0.0029015586    -0.0029650971    -0.0030294260    -0.0030945840
  -0.0031605944    -0.0032274726    -0.0032952496    -0.0033639410    -0.0034336010
  -0.0035042217    -0.0035758498    -0.0036485162    -0.0037222520    -0.0037970725
  -0.0038730243    -0.0039501539    -0.0040284768    -0.0041080239    -0.0041888651
  -0.0042710003    -0.0043545070    -0.0044394162    -0.0045257822    -0.0046136358
  -0.0047030547    -0.0047940466    -0.0048866966    -0.0049810591    -0.0050772116
  -0.0051751849    -0.0052750722    -0.0053769043    -0.0054807666    -0.0055867752
  -0.0056949767    -0.0058054486    -0.0059182993    -0.0060335907    -0.0061514315
  -0.0062719455    -0.0063952103    -0.0065213344    -0.0066504338    -0.0067826250
  -0.0069181094    -0.0070569256    -0.0071993217    -0.0073453131    -0.0074951091
  -0.0076489577    -0.0078068432    -0.0079691765    -0.0081359652    -0.0083074495
  -0.0084839240    -0.0086654505    -0.0088523158    -0.0090447912    -0.0092430469
  -0.0094473234    -0.0096577832    -0.0098747674    -0.0100983766    -0.0103289905
  -0.0105664852    -0.0108112094    -0.0110632017    -0.0113223460    -0.0115885183
  -0.0118616256    -0.0121410093    -0.0124257937    -0.0127150491    -0.0130068150
  -0.0132987127    -0.0135871699    -0.0138672665    -0.0141319743    -0.0143713674
  -0.0145714131    -0.0147125307    -0.0147665307    -0.0146938798    -0.0144404152
  -0.0139355627    -0.0131063071    -0.0119211581    -0.0104548511    -0.0092602566
  -0.0090467516    -0.0088346103    -0.0086231121    -0.0084124896    -0.0082027349
  -0.0079940727    -0.0077860150    -0.0075787863    -0.0073723790    -0.0071667776
  -0.0069622222    -0.0067582169    -0.0065552267    -0.0063525388    -0.0061510828
  -0.0059503785    -0.0057499453    -0.0055507210    -0.0053517523    -0.0051539692
  -0.0049564263    -0.0047598210    -0.0045639053    -0.0043686792    -0.0041738948
  -0.0039797768    -0.0037865654    -0.0035935321    -0.0034013900    -0.0032098833
  -0.0030187872    -0.0028285435    -0.0026386949    -0.0024494585    -0.0022610667
  -0.0020725819    -0.0018851587    -0.0016980997    -0.0015116218    -0.0013254926
  -0.0011401692    -0.0009551945    -0.0007705453    -0.0005866864    -0.0004033777
  -0.0002201697    -0.0000377288    0.0001453474    0.0003273931    0.0005084547
  0.0006892219    0.0008696869    0.0010494158    0.0012290749    0.0014082304
  0.0015868822    0.0017652550    0.0019431320    0.0021205130    0.0022978476
  0.0024747017    0.0026510754    0.0028269687    0.0030028233    0.0031784299
  0.0033533469    0.0035282329    0.0037024447    0.0038768426    0.0040503570
  0.0042238483    0.0043973240    0.0045701334    0.0047427103    0.0049150625
  0.0050871900    0.0052588835    0.0054305616    0.0056015965    0.0057728407
  0.0059436509    0.0061142519    0.0062844267    0.0064546016    0.0066245672
  0.0067943159    0.0069638631    0.0071332088    0.0073021361    0.0074712726
  0.0076397970    0.0078085306    0.0079770550    0.0081451842    0.0083135226
  0.0084812489    0.0086491922    0.0088169339    0.0089844820    0.0091518286
  0.0093191907    0.0094863513    0.0096535197    0.0098204944    0.0099874768
  0.0101540640    0.0103212556    0.0104878506    0.0106544533    0.0108210638
  0.0109876665    0.0111540833    0.0113205001    0.0114871106    0.0116537288
  0.0118199441    0.0119863608    0.0121525761    0.0123191711    0.0124855724
  0.0126519582    0.0128187236    0.0129854813    0.0131518438    0.0133187565
  0.0134850881    0.0136519775    0.0138188437    0.0139862522    0.0141530719
  0.0143204340    0.0144875792    0.0146552512    0.0148228922    0.0149904945
  0.0151584300    0.0153266987    0.0154947349    0.0156630889    0.0158319542
  0.0160005715    0.0161696848    0.0163392863    0.0165086398    0.0166784659
  0.0168485865    0.0170191643    0.0171898505    0.0173606220    0.0175322071
  -0.0000004813    -0.0000363961    -0.0000724116    -0.0001086131    -0.0001450005
  -0.0001815894    -0.0002183798    -0.0002553716    -0.0002925727    -0.0003299829
  -0.0003676179    -0.0004054698    -0.0004435387    -0.0004818401    -0.0005203739
  -0.0005591401    -0.0005981466    -0.0006374010    -0.0006768957    -0.0007166460
  -0.0007566521    -0.0007969216    -0.0008374545    -0.0008782664    -0.0009193417
  -0.0009607038    -0.0010023525    -0.0010442880    -0.0010865256    -0.0011290655
  -0.0011719075    -0.0012150672    -0.0012585446    -0.0013023475    -0.0013464835
  -0.0013909528    -0.0014357784    -0.0014809451    -0.0015264681    -0.0015723631
  -0.0016186300    -0.0016652766    -0.0017123106    -0.0017597398    -0.0018075797
  -0.0018558225    -0.0019044915    -0.0019535866    -0.0020031157    -0.0020531097
  -0.0021035454    -0.0021544614    -0.0022058424    -0.0022577193    -0.0023100999
  -0.0023629764    -0.0024163875    -0.0024703255    -0.0025248137    -0.0025798598
  -0.0026354715    -0.0026916644    -0.0027484617    -0.0028058788    -0.0028639081
  -0.0029225960    -0.0029819193    -0.0030419323    -0.0031026348    -0.0031640503
  -0.0032261786    -0.0032890585    -0.0033526978    -0.0034171274    -0.0034823474
  -0.0035484043    -0.0036152980    -0.0036830595    -0.0037517199    -0.0038212869
  -0.0038918069    -0.0039632955    -0.0040357760    -0.0041092637    -0.0041838208
  -0.0042594627    -0.0043362048    -0.0044141093    -0.0044931760    -0.0045734671
  -0.0046550366    -0.0047378615    -0.0048220345    -0.0049075869    -0.0049945340
  -0.0050829765    -0.0051728758    -0.0052643713    -0.0053574553    -0.0054522052
  -0.0055486986    -0.0056469277    -0.0057470319    -0.0058490035    -0.0059529355
  -0.0060589054    -0.0061669907    -0.0062772378    -0.0063897708    -0.0065046129
  -0.0066218880    -0.0067416891    -0.0068641403    -0.0069892415    -0.0071171865
  -0.0072480449    -0.0073819330    -0.0075189206    -0.0076592866    -0.0078029689
  -0.0079502234    -0.0081011197    -0.0082559291    -0.0084143803    -0.0085774341
  -0.0087445328    -0.0089160869    -0.0090922901    -0.0092731890    -0.0094591478
  -0.0096502361    -0.0098466012    -0.0100483671    -0.0102558669    -0.0104691550
  -0.0106883243    -0.0109134910    -0.0111446860    -0.0113820025    -0.0116251847
  -0.0118743256    -0.0121287665    -0.0123883680    -0.0126522079    -0.0129193953
  -0.0131883416    -0.0134571639    -0.0137230030    -0.0139822480    -0.0142296609
  -0.0144582680    -0.0146583369    -0.0148168889    -0.0149157378    -0.0149300185
  -0.0148259470    -0.0145588604    -0.0140735653    -0.0133135745    -0.0122526667
  -0.0109354892    -0.0094874844    -0.0092783806    -0.0090778700    -0.0088778397
  -0.0086785457    -0.0084799954    -0.0082826462    -0.0080855373    -0.0078893736
  -0.0076938996    -0.0074993631    -0.0073052683    -0.0071120879    -0.0069193336
  -0.0067274705    -0.0065362582    -0.0063456890    -0.0061557630    -0.0059664568
  -0.0057777706    -0.0055899367    -0.0054027072    -0.0052158418    -0.0050295731
  -0.0048441258    -0.0046590194    -0.0044747266    -0.0042909995    -0.0041078380
  -0.0039250019    -0.0037429407    -0.0035614297    -0.0033802208    -0.0031995544
  -0.0030198720    -0.0028402516    -0.0026613829    -0.0024830255    -0.0023049471
  -0.0021273723    -0.0019502935    -0.0017739353    -0.0015978405    -0.0014222339
  -0.0012468752    -0.0010724464    -0.0008980408    -0.0007243171    -0.0005508414
  -0.0003778228    -0.0002054784    -0.0000331417    0.0001396909    0.0003106949
  0.0004819158    0.0006524858    0.0008226296    0.0009921148    0.0011616233
  0.0013307056    0.0014993617    0.0016678318    0.0018356666    0.0020035246
  0.0021707627    0.0023378149    0.0025044641    0.0026707181    0.0028367940
  0.0030022576    0.0031679848    0.0033330998    0.0034976259    0.0036621985
  0.0038263837    0.0039904061    0.0041540566    0.0043173352    0.0044806680
  0.0046434197    0.0048060164    0.0049684581    0.0051307526    0.0052924737
  0.0054540476    0.0056154743    0.0057767537    0.0059376845    0.0060982588
  0.0062586936    0.0064194074    0.0065795556    0.0067391613    0.0068990460
  0.0070585820    0.0072177771    0.0073772511    0.0075361827    0.0076951763
  0.0078540459    0.0080123809    0.0081707779    0.0083288494    0.0084871921
  0.0086450079    0.0088028935    0.0089606473    0.0091182771    0.0092757753
  0.0094331494    0.0095901981    0.0097477195    0.0099047062    0.0100615767
  0.0102185169    0.0103755191    0.0105320099    0.0106889579    0.0108453867
  0.0110018852    0.0111582598    0.0113148901    0.0114712027    0.0116277710
  0.0117840138    0.0119403264    0.0120965073    0.0122527501    0.0124092409
  0.0125654063    0.0127216336    0.0128781089    0.0130344447    0.0131908348
  0.0133472714    0.0135035762    0.0136601213    0.0138165191    0.0139733353
  -0.0000004813    -0.0000349006    -0.0000693974    -0.0001040491    -0.0001388636
  -0.0001738408    -0.0002089962    -0.0002443376    -0.0002798417    -0.0003155395
  -0.0003514233    -0.0003874931    -0.0004237565    -0.0004602215    -0.0004968724
  -0.0005337325    -0.0005707940    -0.0006080648    -0.0006455448    -0.0006832418
  -0.0007211557    -0.0007592943    -0.0007976577    -0.0008362535    -0.0008750740
  -0.0009141424    -0.0009534433    -0.0009929922    -0.0010327891    -0.0010728416
  -0.0011131498    -0.0011537215    -0.0011945644    -0.0012356707    -0.0012770560
  -0.0013187280    -0.0013606790    -0.0014029244    -0.0014454642    -0.0014883140
  -0.0015314582    -0.0015749201    -0.0016187075    -0.0016628125    -0.0017072508
  -0.0017520222    -0.0017971423    -0.0018426111    -0.0018884364    -0.0019346181
  -0.0019811794    -0.0020281127    -0.0020754334    -0.0021231416    -0.0021712604
  -0.0022197899    -0.0022687146    -0.0023180887    -0.0023678812    -0.0024181232
  -0.0024688068    -0.0025199631    -0.0025715920    -0.0026236936    -0.0026762912
  -0.0027294001    -0.0027830049    -0.0028371367    -0.0028918108    -0.0029470274
  -0.0030028096    -0.0030591652    -0.0031161019    -0.0031736353    -0.0032317808
  -0.0032905540    -0.0033499780    -0.0034100452    -0.0034707788    -0.0035322252
  -0.0035943612    -0.0036572257    -0.0037208340    -0.0037851861    -0.0038503209
  -0.0039162615    -0.0039830157    -0.0040506145    -0.0041190502    -0.0041884002
  -0.0042586336    -0.0043298045    -0.0044019362    -0.0044750598    -0.0045491520
  -0.0046243212    -0.0047005364    -0.0047778365    -0.0048562834    -0.0049358693
  -0.0050166640    -0.0050986752    -0.0051819572    -0.0052665254    -0.0053524342
  -0.0054397222    -0.0055284360    -0.0056186065    -0.0057103035    -0.0058035114
  -0.0058983776    -0.0059948710    -0.0060930690    -0.0061930802    -0.0062948427
  -0.0063985655    -0.0065042022    -0.0066118535    -0.0067215815    -0.0068334481
  -0.0069475308    -0.0070639303    -0.0071827552    -0.0073039666    -0.0074277970
  -0.0075542232    -0.0076834235    -0.0078154287    -0.0079503784    -0.0080882415
  -0.0082295838    -0.0083740100    -0.0085218146    -0.0086731371    -0.0088281479
  -0.0089868084    -0.0091493896    -0.0093160388    -0.0094868180    -0.0096619210
  -0.0098414561    -0.0100255862    -0.0102143344    -0.0104078558    -0.0106064603
  -0.0108100161    -0.0110185930    -0.0112324390    -0.0114513138    -0.0116753259
  -0.0119043049    -0.0121380106    -0.0123762646    -0.0126185092    -0.0128641632
  -0.0131123045    -0.0133617011    -0.0136106327    -0.0138570616    -0.0140980586
  -0.0143296334    -0.0145465943    -0.0147421768    -0.0149069974    -0.0150289527
  -0.0150914451    -0.0150725695    -0.0149433616    -0.0146665660    -0.0141986200
  -0.0134953102    -0.0125338790    -0.0113438872    -0.0100147149    -0.0094930634
  -0.0093024865    -0.0091125217    -0.0089234325    -0.0087349710    -0.0085468969
  -0.0083598998    -0.0081732747    -0.0079874864    -0.0078022870    -0.0076179090
  -0.0074336317    -0.0072504005    -0.0070679751    -0.0068856272    -0.0067043021
  -0.0065235195    -0.0063430467    -0.0061633411    -0.0059843948    -0.0058057353
  -0.0056278273    -0.0054501984    -0.0052732977    -0.0050969085    -0.0049210075
  -0.0047458193    -0.0045708945    -0.0043966749    -0.0042227033    -0.0040494290
  -0.0038766196    -0.0037042674    -0.0035325971    -0.0033611515    -0.0031901553
  -0.0030198255    -0.0028497127    -0.0026802507    -0.0025112227    -0.0023426208
  -0.0021742126    -0.0020066723    -0.0018393257    -0.0016723821    -0.0015058491
  -0.0013397190    -0.0011737594    -0.0010086444    -0.0008436999    -0.0006793675
  -0.0005151978    -0.0003511831    -0.0001877728    -0.0000247422    0.0001388618
  0.0003013656    0.0004632959    0.0006246373    0.0007860562    0.0009469017
  0.0011076078    0.0012679574    0.0014277491    0.0015874013    0.0017469296
  0.0019058999    0.0020643124    0.0022228256    0.0023809978    0.0025386199
  0.0026963428    0.0028535309    0.0030103859    0.0031669232    0.0033233443
  0.0034796646    0.0036352411    0.0037909260    0.0039463010    0.0041013584
  0.0042563149    0.0044109693    0.0045651045    0.0047193560    0.0048730960
  0.0050269523    0.0051802972    0.0053335568    0.0054863128    0.0056393942
  0.0057917628    0.0059442630    0.0060964611    0.0062485817    0.0064002064
  0.0065517536    0.0067032155    0.0068546000    0.0070054963    0.0071565166
  0.0073070487    0.0074579141    0.0076082990    0.0077585986    0.0079086348
  0.0080585858    0.0082084593    0.0083580694    0.0085075942    0.0086570570
  0.0088064346    0.0089555487    0.0091045853    0.0092535523    0.0094022480
  0.0095510677    0.0096996239    0.0098482963    0.0099967054    0.0101448432
  0.0102931049    0.0104414907    0.0105892256    0.0107374641    0.0108852455
  -0.0000004813    -0.0000335756    -0.0000667241    -0.0001000044    -0.0001334164
  -0.0001669833    -0.0002007052    -0.0002345744    -0.0002685985    -0.0003027853
  -0.0003371349    -0.0003716472    -0.0004063299    -0.0004411754    -0.0004761991
  -0.0005113932    -0.0005467656    -0.0005823162    -0.0006180528    -0.0006539753
  -0.0006900761    -0.0007263705    -0.0007628664    -0.0007995561    -0.0008364472
  -0.0008735320    -0.0009108338    -0.0009483370    -0.0009860572    -0.0010239944
  -0.0010621485    -0.0011005273    -0.0011391309    -0.0011779669    -0.0012170276
  -0.0012563363    -0.0012958851    -0.0013356742    -0.0013757113    -0.0014160118
  -0.0014565602    -0.0014973721    -0.0015384552    -0.0015798095    -0.0016214350
  -0.0016633472    -0.0017055383    -0.0017480239    -0.0017908040    -0.0018338785
  -0.0018772629    -0.0019209650    -0.0019649771    -0.0020093146    -0.0020539775
  -0.0020989737    -0.0021443108    -0.0021899965    -0.0022360310    -0.0022824296
  -0.0023292002    -0.0023763350    -0.0024238572    -0.0024717590    -0.0025200638
  -0.0025687715    -0.0026178822    -0.0026674190    -0.0027173820    -0.0027677789
  -0.0028186175    -0.0028699210    -0.0029216817    -0.0029739150    -0.0030266288
  -0.0030798307    -0.0031335440    -0.0031877688    -0.0032425204    -0.0032977989
  -0.0033536199    -0.0034100220    -0.0034669819    -0.0035245231    -0.0035826686
  -0.0036414185    -0.0037007883    -0.0037608090    -0.0038214806    -0.0038828030
  -0.0039448383    -0.0040075555    -0.0040709856    -0.0041351518    -0.0042000774
  -0.0042657778    -0.0043322530    -0.0043995497    -0.0044676676    -0.0045366302
  -0.0046064606    -0.0046771821    -0.0047488412    -0.0048214224    -0.0048949876
  -0.0049695060    -0.0050450704    -0.0051216653    -0.0051993141    -0.0052781019
  -0.0053580055    -0.0054390714    -0.0055213305    -0.0056047985    -0.0056895682
  -0.0057756087    -0.0058629975    -0.0059517732    -0.0060419515    -0.0061335865
  -0.0062267402    -0.0063214049    -0.0064177278    -0.0065156546    -0.0066152474
  -0.0067168161    -0.0068198338    -0.0069248506    -0.0070318279    -0.0071407422
  -0.0072517410    -0.0073648241    -0.0074801078    -0.0075975922    -0.0077174553
  -0.0078396973    -0.0079644343    -0.0080917129    -0.0082216647    -0.0083543131
  -0.0084898439    -0.0086282882    -0.0087696925    -0.0089143124    -0.0090620783
  -0.0092132226    -0.0093677685    -0.0095258167    -0.0096875533    -0.0098530325
  -0.0100223860    -0.0101957068    -0.0103730723    -0.0105546066    -0.0107403949
  -0.0109304526    -0.0111249116    -0.0113237253    -0.0115270486    -0.0117347112
  -0.0119467285    -0.0121628603    -0.0123828509    -0.0126066539    -0.0128336880
  -0.0130633411    -0.0132947686    -0.0135271648    -0.0137589797    -0.0139884546
  -0.0142132649    -0.0144304737    -0.0146360597    -0.0148249474    -0.0149903569
  -0.0151237103    -0.0152134547    -0.0152446428    -0.0151979342    -0.0150482777
  -0.0147650275    -0.0143122455    -0.0136557993    -0.0127765575    -0.0116932562
  -0.0104713789    -0.0096932253    -0.0095115826    -0.0093304589    -0.0091503504
  -0.0089705440    -0.0087915125    -0.0086127678    -0.0084350148    -0.0082575330
  -0.0080808029    -0.0079045686    -0.0077290705    -0.0075538281    -0.0073793063
  -0.0072054973    -0.0070321611    -0.0068592975    -0.0066868988    -0.0065151897
  -0.0063439301    -0.0061731276    -0.0060029992    -0.0058330801    -0.0056638274
  -0.0054952332    -0.0053268406    -0.0051590988    -0.0049917677    -0.0048248550
  -0.0046585855    -0.0044927111    -0.0043272474    -0.0041621789    -0.0039974979
  -0.0038334367    -0.0036697629    -0.0035062441    -0.0033435544    -0.0031812444
  -0.0030192986    -0.0028575000    -0.0026962903    -0.0025354370    -0.0023751649
  -0.0022150245    -0.0020552406    -0.0018960223    -0.0017373696    -0.0015786240
  -0.0014204285    -0.0012627909    -0.0011052695    -0.0009482983    -0.0007916525
  -0.0006351152    -0.0004793295    -0.0003234354    -0.0001682851    -0.0000130185
  0.0001426509    0.0002968636    0.0004509833    0.0006048009    0.0007583162
  0.0009113201    0.0010640219    0.0012166539    0.0013687667    0.0015208098
  0.0016725662    0.0018238190    0.0019747850    0.0021256891    0.0022763065
  0.0024264356    0.0025762936    0.0027260819    0.0028755990    0.0030248448
  0.0031736180    0.0033225384    0.0034711954    0.0036191705    0.0037672928
  0.0039149579    0.0040625611    0.0042099163    0.0043567988    0.0045036426
  0.0046504322    0.0047967723    0.0049430582    0.0050891039    0.0052348939
  0.0053804436    0.0055259469    0.0056710085    0.0058160314    0.0059608063
  0.0061055502    0.0062500462    0.0063943097    0.0065383407    0.0066823253
  0.0068262866    0.0069698063    0.0071130934    0.0072565511    0.0073995748
  0.0075425676    0.0076855293    0.0078282663    0.0079705694    0.0081130430
  -0.0000004813    -0.0000323901    -0.0000643376    -0.0000963858    -0.0001285580
  -0.0001608619    -0.0001932976    -0.0002258649    -0.0002585718    -0.0002914259
  -0.0003244117    -0.0003575447    -0.0003908250    -0.0004242525    -0.0004578349
  -0.0004915646    -0.0005254492    -0.0005594888    -0.0005936912    -0.0006280485
  -0.0006625763    -0.0006972668    -0.0007321277    -0.0007671592    -0.0008023611
  -0.0008377412    -0.0008732995    -0.0009090361    -0.0009449586    -0.0009810671
  -0.0010173616    -0.0010538498    -0.0010905316    -0.0011274150    -0.0011644921
  -0.0012017784    -0.0012392661    -0.0012769631    -0.0013148692    -0.0013530001
  -0.0013913557    -0.0014299205    -0.0014687178    -0.0015077397    -0.0015470019
  -0.0015864965    -0.0016262391    -0.0016662219    -0.0017064527    -0.0017469314
  -0.0017876735    -0.0018286714    -0.0018699327    -0.0019114730    -0.0019532844
  -0.0019953671    -0.0020377442    -0.0020804003    -0.0021233508    -0.0021666035
  -0.0022101584    -0.0022540233    -0.0022981980    -0.0023426905    -0.0023875162
  -0.0024326673    -0.0024781439    -0.0025239769    -0.0025701585    -0.0026166967
  -0.0026635912    -0.0027108577    -0.0027584884    -0.0028065142    -0.0028549197
  -0.0029037359    -0.0029529473    -0.0030025616    -0.0030526021    -0.0031030843
  -0.0031539848    -0.0032053426    -0.0032571498    -0.0033094141    -0.0033621588
  -0.0034153762    -0.0034690896    -0.0035233065    -0.0035780427    -0.0036332902
  -0.0036890724    -0.0037454048    -0.0038022873    -0.0038597509    -0.0039177802
  -0.0039764062    -0.0040356520    -0.0040954944    -0.0041559723    -0.0042171088
  -0.0042789039    -0.0043413731    -0.0044045475    -0.0044684193    -0.0045330271
  -0.0045983633    -0.0046644589    -0.0047313449    -0.0047990212    -0.0048675111
  -0.0049368301    -0.0050070092    -0.0050780717    -0.0051500407    -0.0052228853
  -0.0052967218    -0.0053714958    -0.0054472849    -0.0055240968    -0.0056019393
  -0.0056808588    -0.0057608786    -0.0058420452    -0.0059243587    -0.0060078421
  -0.0060926118    -0.0061786059    -0.0062659016    -0.0063545379    -0.0064444992
  -0.0065358940    -0.0066287532    -0.0067230693    -0.0068189505    -0.0069164047
  -0.0070154318    -0.0071161792    -0.0072186467    -0.0073228499    -0.0074289128
  -0.0075368431    -0.0076467648    -0.0077586004    -0.0078725746    -0.0079886332
  -0.0081068769    -0.0082273754    -0.0083501676    -0.0084754005    -0.0086031440
  -0.0087333903    -0.0088662478    -0.0090018329    -0.0091401997    -0.0092814490
  -0.0094256273    -0.0095729282    -0.0097232977    -0.0098768285    -0.0100337842
  -0.0101940253    -0.0103577921    -0.0105251542    -0.0106960651    -0.0108706644
  -0.0110490528    -0.0112312302    -0.0114172122    -0.0116070220    -0.0118005666
  -0.0119979158    -0.0121989611    -0.0124034157    -0.0126112875    -0.0128220883
  -0.0130355546    -0.0132510355    -0.0134679654    -0.0136853293    -0.0139020267
  -0.0141167018    -0.0143273631    -0.0145314923    -0.0147262844    -0.0149076173
  -0.0150705239    -0.0152085808    -0.0153135976    -0.0153749821    -0.0153791818
  -0.0153089330    -0.0151430121    -0.0148551825    -0.0144166890    -0.0137993577
  -0.0129885671    -0.0119953975    -0.0108684406    -0.0098811522    -0.0097075525
  -0.0095344022    -0.0093619570    -0.0091899690    -0.0090186861    -0.0088478449
  -0.0086774531    -0.0085077432    -0.0083387074    -0.0081698653    -0.0080016896
  -0.0078341648    -0.0076668260    -0.0075003704    -0.0073340932    -0.0071684512
  -0.0070032123    -0.0068386009    -0.0066741523    -0.0065105483    -0.0063470992
  -0.0061844948    -0.0060220376    -0.0058601770    -0.0056986883    -0.0055377963
  -0.0053770360    -0.0052168569    -0.0050572667    -0.0048977926    -0.0047391245
  -0.0045805725    -0.0044225785    -0.0042649332    -0.0041076133    -0.0039508513
  -0.0037944224    -0.0036383113    -0.0034825256    -0.0033272746    -0.0031723490
  -0.0030177256    -0.0028636369    -0.0027098581    -0.0025563815    -0.0024032071
  -0.0022503272    -0.0020979664    -0.0019459000    -0.0017941204    -0.0016428521
  -0.0014918628    -0.0013411602    -0.0011907443    -0.0010405996    -0.0008909509
  -0.0007415733    -0.0005922499    -0.0004436240    -0.0002950600    -0.0001469687
  0.0000020060    0.0001495704    0.0002968791    0.0004441491    0.0005909464
  0.0007372788    0.0008833554    0.0010291919    0.0011747804    0.0013201210
  0.0014652213    0.0016102907    0.0017546937    0.0018988642    0.0020432207
  0.0021869186    0.0023306009    0.0024736246    0.0026168421    0.0027596256
  0.0029023859    0.0030447122    0.0031868139    0.0033286986    0.0034701493
  0.0036118016    0.0037528184    0.0038940367    0.0040348288    0.0041754040
  0.0043159792    0.0044559267    0.0045958742    0.0047358140    0.0048753354
  0.0050146553    0.0051537737    0.0052928844    0.0054317936    0.0055705014
  -0.0000004813    -0.0000313208    -0.0000621834    -0.0000931314    -0.0001241878
  -0.0001553527    -0.0001866415    -0.0002180466    -0.0002495679    -0.0002812210
  -0.0003129902    -0.0003448990    -0.0003769240    -0.0004090884    -0.0004413846
  -0.0004738125    -0.0005063799    -0.0005390790    -0.0005719176    -0.0006049034
  -0.0006380364    -0.0006713089    -0.0007047287    -0.0007382956    -0.0007720175
  -0.0008058944    -0.0008399263    -0.0008741131    -0.0009084627    -0.0009429672
  -0.0009776422    -0.0010124877    -0.0010474959    -0.0010826746    -0.0011180314
  -0.0011535588    -0.0011892644    -0.0012251559    -0.0012612334    -0.0012974891
  -0.0013339385    -0.0013705739    -0.0014074108    -0.0014444414    -0.0014816734
  -0.0015191147    -0.0015567496    -0.0015946016    -0.0016326627    -0.0016709408
  -0.0017094359    -0.0017481557    -0.0017871001    -0.0018262616    -0.0018656710
  -0.0019053128    -0.0019451872    -0.0019853094    -0.0020256796    -0.0020663056
  -0.0021071717    -0.0021483091    -0.0021897098    -0.0022313741    -0.0022733173
  -0.0023155239    -0.0023580095    -0.0024007896    -0.0024438563    -0.0024872252
  -0.0025308809    -0.0025748542    -0.0026191297    -0.0026637229    -0.0027086338
  -0.0027538779    -0.0027994475    -0.0028453580    -0.0028916094    -0.0029382017
  -0.0029851660    -0.0030324945    -0.0030801794    -0.0031282440    -0.0031766960
  -0.0032255277    -0.0032747701    -0.0033243999    -0.0033744559    -0.0034249148
  -0.0034758154    -0.0035271421    -0.0035789183    -0.0036311516    -0.0036838344
  -0.0037369898    -0.0037906334    -0.0038447651    -0.0038993773    -0.0039545164
  -0.0040101746    -0.0040663520    -0.0041230950    -0.0041803727    -0.0042382082
  -0.0042966327    -0.0043556228    -0.0044152328    -0.0044754472    -0.0045362970
  -0.0045977822    -0.0046599260    -0.0047227207    -0.0047862205    -0.0048503867
  -0.0049153045    -0.0049809429    -0.0050473097    -0.0051144668    -0.0051823756
  -0.0052511135    -0.0053206572    -0.0053910455    -0.0054622707    -0.0055343947
  -0.0056074175    -0.0056813625    -0.0057562682    -0.0058321425    -0.0059089699
  -0.0059868667    -0.0060657707    -0.0061457440    -0.0062268487    -0.0063090613
  -0.0063924131    -0.0064769813    -0.0065627429    -0.0066497675    -0.0067380628
  -0.0068276986    -0.0069187060    -0.0070110849    -0.0071048585    -0.0072001663
  -0.0072969154    -0.0073952296    -0.0074951944    -0.0075967476    -0.0076999977
  -0.0078049836    -0.0079117826    -0.0080204180    -0.0081308821    -0.0082433531
  -0.0083577690    -0.0084743235    -0.0085929546    -0.0087137321    -0.0088367411
  -0.0089621291    -0.0090898028    -0.0092199406    -0.0093526664    -0.0094879028
  -0.0096257582    -0.0097661552    -0.0099097523    -0.0100560072    -0.0102051291
  -0.0103573272    -0.0105126324    -0.0106710216    -0.0108324638    -0.0109972998
  -0.0111653903    -0.0113367274    -0.0115114662    -0.0116894671    -0.0118709084
  -0.0120555887    -0.0122434691    -0.0124343792    -0.0126284197    -0.0128251722
  -0.0130243734    -0.0132256588    -0.0134285638    -0.0136324760    -0.0138366827
  -0.0140401146    -0.0142415860    -0.0144395939    -0.0146319994    -0.0148165867
  -0.0149901554    -0.0151488546    -0.0152879885    -0.0154011568    -0.0154808512
  -0.0155172154    -0.0154980144    -0.0154080996    -0.0152289906    -0.0149384722
  -0.0145128956    -0.0139296505    -0.0131759748    -0.0122600356    -0.0112166706
  -0.0101026228    -0.0098918685    -0.0097259554    -0.0095606467    -0.0093957409
  -0.0092312303    -0.0090673473    -0.0089038518    -0.0087409684    -0.0085784647
  -0.0084165654    -0.0082550380    -0.0080941072    -0.0079335406    -0.0077733305
  -0.0076139417    -0.0074546692    -0.0072959700    -0.0071376196    -0.0069798347
  -0.0068223909    -0.0066655049    -0.0065087196    -0.0063527170    -0.0061968073
  -0.0060416725    -0.0058866307    -0.0057321236    -0.0055779341    -0.0054244962
  -0.0052711359    -0.0051183024    -0.0049657634    -0.0048135266    -0.0046618012
  -0.0045103624    -0.0043592104    -0.0042085698    -0.0040582082    -0.0039083424
  -0.0037587556    -0.0036094478    -0.0034604034    -0.0033118472    -0.0031637791
  -0.0030157498    -0.0028682086    -0.0027211401    -0.0025743273    -0.0024277702
  -0.0022814611    -0.0021356168    -0.0019898114    -0.0018444553    -0.0016995719
  -0.0015549210    -0.0014105102    -0.0012665489    -0.0011226109    -0.0009791145
  -0.0008360675    -0.0006932452    -0.0005504385    -0.0004080734    -0.0002659252
  -0.0001244280    0.0000184175    0.0001594809    0.0003005365    0.0004411659
  0.0005818030    0.0007220140    0.0008620080    0.0010018006    0.0011411825
  0.0012803552    0.0014193186    0.0015578791    0.0016964474    0.0018346128
  0.0019725767    0.0021103469    0.0022479156    0.0023850891    0.0025222781
  0.0026590720    0.0027958891    0.0029320940    0.0030685315    0.0032043722
  -0.0000004813    -0.0000303522    -0.0000602230    -0.0000901791    -0.0001202205
  -0.0001503626    -0.0001806131    -0.0002109644    -0.0002414241    -0.0002719924
  -0.0003026691    -0.0003334698    -0.0003643790    -0.0003954044    -0.0004265460
  -0.0004578039    -0.0004891858    -0.0005206916    -0.0005523214    -0.0005840752
  -0.0006159607    -0.0006479701    -0.0006801113    -0.0007123765    -0.0007447889
  -0.0007773253    -0.0008100012    -0.0008428243    -0.0008757791    -0.0009088734
  -0.0009421226    -0.0009755036    -0.0010090473    -0.0010427305    -0.0010765687
  -0.0011105618    -0.0011447099    -0.0011790207    -0.0012134865    -0.0012481150
  -0.0012829062    -0.0013178679    -0.0013529924    -0.0013882950    -0.0014237681
  -0.0014594194    -0.0014952412    -0.0015312490    -0.0015674427    -0.0016038147
  -0.0016403803    -0.0016771397    -0.0017140850    -0.0017512318    -0.0017885801
  -0.0018261221    -0.0018638733    -0.0019018337    -0.0019400033    -0.0019783899
  -0.0020169935    -0.0020558217    -0.0020948669    -0.0021341369    -0.0021736392
  -0.0022133818    -0.0022533569    -0.0022935721    -0.0023340353    -0.0023747388
  -0.0024157056    -0.0024569204    -0.0024984065    -0.0025401482    -0.0025821611
  -0.0026244453    -0.0026670083    -0.0027098504    -0.0027529714    -0.0027964023
  -0.0028401199    -0.0028841397    -0.0029284617    -0.0029730937    -0.0030180433
  -0.0030633184    -0.0031089190    -0.0031548449    -0.0032011119    -0.0032477197
  -0.0032946762    -0.0033419970    -0.0033896741    -0.0034377155    -0.0034861442
  -0.0035349450    -0.0035841331    -0.0036337164    -0.0036837104    -0.0037341073
  -0.0037849304    -0.0038361797    -0.0038878551    -0.0039399722    -0.0039925310
  -0.0040455547    -0.0040990511    -0.0041530278    -0.0042074773    -0.0042624226
  -0.0043178716    -0.0043738398    -0.0044303504    -0.0044873646    -0.0045449445
  -0.0046030667    -0.0046617779    -0.0047210625    -0.0047809359    -0.0048414215
  -0.0049025115    -0.0049642524    -0.0050266209    -0.0050896481    -0.0051533493
  -0.0052177325    -0.0052828363    -0.0053486374    -0.0054151824    -0.0054824790
  -0.0055505273    -0.0056193814    -0.0056890181    -0.0057594839    -0.0058307943
  -0.0059029570    -0.0059759954    -0.0060499635    -0.0061247918    -0.0062005886
  -0.0062773928    -0.0063551500    -0.0064339301    -0.0065137252    -0.0065946206
  -0.0066766086    -0.0067596582    -0.0068438932    -0.0069293061    -0.0070159432
  -0.0071037737    -0.0071929058    -0.0072833011    -0.0073750600    -0.0074681905
  -0.0075627312    -0.0076586899    -0.0077561519    -0.0078551558    -0.0079557249
  -0.0080578670    -0.0081616130    -0.0082671413    -0.0083743510    -0.0084833428
  -0.0085942098    -0.0087068745    -0.0088215771    -0.0089381936    -0.0090569022
  -0.0091776875    -0.0093005881    -0.0094257435    -0.0095530996    -0.0096828112
  -0.0098149326    -0.0099494949    -0.0100864592    -0.0102260658    -0.0103682294
  -0.0105131361    -0.0106606695    -0.0108110079    -0.0109641823    -0.0111202314
  -0.0112791553    -0.0114409539    -0.0116057900    -0.0117734697    -0.0119442180
  -0.0121177402    -0.0122941449    -0.0124733469    -0.0126551136    -0.0128395614
  -0.0130261245    -0.0132148650    -0.0134052172    -0.0135968480    -0.0137891760
  -0.0139815661    -0.0141731659    -0.0143629447    -0.0145495465    -0.0147314295
  -0.0149065712    -0.0150725308    -0.0152263328    -0.0153641185    -0.0154812697
  -0.0155718896    -0.0156290898    -0.0156430838    -0.0156037131    -0.0154971310
  -0.0153073600    -0.0150153616    -0.0146017179    -0.0140480569    -0.0133433679
  -0.0124940124    -0.0115247086    -0.0104815295    -0.0100662121    -0.0099065831
  -0.0097475120    -0.0095890144    -0.0094308576    -0.0092735067    -0.0091162643
  -0.0089595720    -0.0088032129    -0.0086474118    -0.0084919283    -0.0083369872
  -0.0081823638    -0.0080282828    -0.0078745040    -0.0077212599    -0.0075683179
  -0.0074159029    -0.0072637746    -0.0071121654    -0.0069608507    -0.0068100473
  -0.0066595230    -0.0065092775    -0.0063597605    -0.0062102899    -0.0060613152
  -0.0059126118    -0.0057643965    -0.0056166694    -0.0054689810    -0.0053217730
  -0.0051750377    -0.0050287828    -0.0048825511    -0.0047367921    -0.0045912811
  -0.0044462273    -0.0043016383    -0.0041570726    -0.0040131733    -0.0038692972
  -0.0037258705    -0.0035828856    -0.0034401330    -0.0032976052    -0.0031553021
  -0.0030134329    -0.0028720054    -0.0027305701    -0.0025895765    -0.0024490091
  -0.0023086509    -0.0021685019    -0.0020287791    -0.0018892577    -0.0017499456
  -0.0016110441    -0.0014725611    -0.0013340548    -0.0011959669    -0.0010580727
  -0.0009205815    -0.0007832840    -0.0006461802    -0.0005094716    -0.0003729567
  -0.0002366200    -0.0001004693    0.0000362083    0.0001717857    0.0003069678
  0.0004421809    0.0005770144    0.0007114604    0.0008459452    0.0009800425
  -0.0000004813    -0.0000294611    -0.0000584409    -0.0000874904    -0.0001166096
  -0.0001458219    -0.0001751193    -0.0002045175    -0.0002340087    -0.0002636006
  -0.0002932933    -0.0003230789    -0.0003529730    -0.0003829756    -0.0004130790
  -0.0004432830    -0.0004736033    -0.0005040321    -0.0005345616    -0.0005652151
  -0.0005959770    -0.0006268474    -0.0006578419    -0.0006889525    -0.0007201794
  -0.0007515225    -0.0007829896    -0.0008145806    -0.0008463034    -0.0008781424
  -0.0009101132    -0.0009422079    -0.0009744421    -0.0010068002    -0.0010392979
  -0.0010719272    -0.0011046961    -0.0011376044    -0.0011706522    -0.0012038395
  -0.0012371740    -0.0012706557    -0.0013042846    -0.0013380608    -0.0013719919
  -0.0014060780    -0.0014403191    -0.0014747152    -0.0015092739    -0.0015439877
  -0.0015788719    -0.0016139188    -0.0016491362    -0.0016845241    -0.0017200825
  -0.0017558190    -0.0017917338    -0.0018278268    -0.0018640980    -0.0019005552
  -0.0019372061    -0.0019740430    -0.0020110735    -0.0020482978    -0.0020857158
  -0.0021233431    -0.0021611717    -0.0021992019    -0.0022374490    -0.0022759053
  -0.0023145708    -0.0023534611    -0.0023925683    -0.0024319080    -0.0024714646
  -0.0025112692    -0.0025512984    -0.0025915602    -0.0026320776    -0.0026728275
  -0.0027138332    -0.0027550945    -0.0027966115    -0.0028383920    -0.0028804359
  -0.0029227433    -0.0029653296    -0.0030081871    -0.0030513391    -0.0030947623
  -0.0031384876    -0.0031825075    -0.0032268372    -0.0032714537    -0.0033163878
  -0.0033616474    -0.0034072092    -0.0034531042    -0.0034993401    -0.0035458937
  -0.0035928038    -0.0036400703    -0.0036876622    -0.0037356570    -0.0037839851
  -0.0038326928    -0.0038817957    -0.0039312705    -0.0039811406    -0.0040314290
  -0.0040820971    -0.0041331992    -0.0041847119    -0.0042366585    -0.0042890468
  -0.0043418768    -0.0043951640    -0.0044489083    -0.0045031330    -0.0045578381
  -0.0046130237    -0.0046687207    -0.0047249213    -0.0047816488    -0.0048388878
  -0.0048966768    -0.0049550238    -0.0050139210    -0.0050733760    -0.0051334432
  -0.0051940915    -0.0052553442    -0.0053172246    -0.0053797480    -0.0054428837
  -0.0055067089    -0.0055712083    -0.0056363973    -0.0057022604    -0.0057688752
  -0.0058362183    -0.0059043053    -0.0059731284    -0.0060427961    -0.0061132231
  -0.0061844715    -0.0062565801    -0.0063295099    -0.0064033464    -0.0064780816
  -0.0065537235    -0.0066302720    -0.0067078355    -0.0067863289    -0.0068658528
  -0.0069463995    -0.0070280543    -0.0071107164    -0.0071945098    -0.0072794500
  -0.0073654905    -0.0074527863    -0.0075412831    -0.0076309964    -0.0077220193
  -0.0078143826    -0.0079080632    -0.0080031231    -0.0080995855    -0.0081974891
  -0.0082968804    -0.0083977905    -0.0085002735    -0.0086044070    -0.0087101677
  -0.0088175711    -0.0089266869    -0.0090376082    -0.0091503426    -0.0092649290
  -0.0093814060    -0.0094999132    -0.0096203730    -0.0097428706    -0.0098674527
  -0.0099942121    -0.0101232496    -0.0102544025    -0.0103878954    -0.0105237672
  -0.0106619713    -0.0108025929    -0.0109457251    -0.0110913602    -0.0112395754
  -0.0113903323    -0.0115436462    -0.0116996256    -0.0118581232    -0.0120192787
  -0.0121830377    -0.0123493615    -0.0125180563    -0.0126891920    -0.0128626600
  -0.0130381194    -0.0132156089    -0.0133947256    -0.0135752758    -0.0137566784
  -0.0139386621    -0.0141204831    -0.0143014595    -0.0144807002    -0.0146571359
  -0.0148294416    -0.0149958739    -0.0151545343    -0.0153030130    -0.0154382029
  -0.0155565241    -0.0156536064    -0.0157237002    -0.0157602814    -0.0157550898
  -0.0156981531    -0.0155775228    -0.0153788719    -0.0150870439    -0.0146844497
  -0.0141568473    -0.0134945121    -0.0127016595    -0.0117983118    -0.0108201435
  -0.0102314821    -0.0100777575    -0.0099245366    -0.0097718427    -0.0096196756
  -0.0094675782    -0.0093159923    -0.0091651580    -0.0090143779    -0.0088641015
  -0.0087141040    -0.0085646102    -0.0084156123    -0.0082668933    -0.0081184301
  -0.0079704627    -0.0078232005    -0.0076759771    -0.0075290015    -0.0073827311
  -0.0072364917    -0.0070909420    -0.0069454154    -0.0068005785    -0.0066559741
  -0.0065118423    -0.0063679352    -0.0062242606    -0.0060810432    -0.0059380504
  -0.0057955071    -0.0056534055    -0.0055115208    -0.0053698608    -0.0052286348
  -0.0050876257    -0.0049470428    -0.0048068938    -0.0046667370    -0.0045272157
  -0.0043876866    -0.0042487928    -0.0041101006    -0.0039716020    -0.0038333049
  -0.0036956277    -0.0035581520    -0.0034206453    -0.0032837662    -0.0031470653
  -0.0030105582    -0.0028744385    -0.0027387294    -0.0026029739    -0.0024678305
  -0.0023326483    -0.0021980706    -0.0020634541    -0.0019290081    -0.0017951587
  -0.0016614798    -0.0015279636    -0.0013946179    -0.0012618610    -0.0011290500
  -0.0000004813    -0.0000286475    -0.0000568059    -0.0000850186    -0.0001133010
  -0.0001416609    -0.0001700982    -0.0001986209    -0.0002272287    -0.0002559295
  -0.0002847156    -0.0003135946    -0.0003425589    -0.0003716239    -0.0004007819
  -0.0004300329    -0.0004593846    -0.0004888293    -0.0005183825    -0.0005480286
  -0.0005777755    -0.0006076232    -0.0006375793    -0.0006676361    -0.0006978014
  -0.0007280752    -0.0007584497    -0.0007889482    -0.0008195475    -0.0008502552
  -0.0008810869    -0.0009120271    -0.0009430835    -0.0009742638    -0.0010055527
  -0.0010369655    -0.0010685024    -0.0011001632    -0.0011319479    -0.0011638644
  -0.0011958972    -0.0012280694    -0.0012603655    -0.0012927935    -0.0013253608
  -0.0013580522    -0.0013908908    -0.0014238688    -0.0014569864    -0.0014902356
  -0.0015236399    -0.0015571836    -0.0015908822    -0.0016247281    -0.0016587213
  -0.0016928771    -0.0017271802    -0.0017616382    -0.0017962590    -0.0018310425
  -0.0018659809    -0.0019010898    -0.0019363692    -0.0019718114    -0.0020074394
  -0.0020432302    -0.0020791993    -0.0021153465    -0.0021516719    -0.0021881834
  -0.0022248808    -0.0022617719    -0.0022988489    -0.0023361120    -0.0023735842
  -0.0024112424    -0.0024491176    -0.0024871865    -0.0025254646    -0.0025639597
  -0.0026026562    -0.0026415697    -0.0026807156    -0.0027200785    -0.0027596584
  -0.0027994707    -0.0028395233    -0.0028798005    -0.0029203257    -0.0029610834
  -0.0030021045    -0.0030433580    -0.0030848750    -0.0031266323    -0.0031686684
  -0.0032109681    -0.0032535312    -0.0032963732    -0.0033394864    -0.0033828864
  -0.0034265730    -0.0034705386    -0.0035148063    -0.0035593840    -0.0036042562
  -0.0036494461    -0.0036949381    -0.0037407634    -0.0037869063    -0.0038333747
  -0.0038801917    -0.0039273342    -0.0039748409    -0.0040226886    -0.0040709004
  -0.0041194686    -0.0041684088    -0.0042177287    -0.0042674360    -0.0043175229
  -0.0043680206    -0.0044189134    -0.0044702324    -0.0045219621    -0.0045741102
  -0.0046266922    -0.0046797237    -0.0047332123    -0.0047871426    -0.0048415533
  -0.0048964366    -0.0049517772    -0.0050076523    -0.0050639924    -0.0051208749
  -0.0051782611    -0.0052361819    -0.0052946296    -0.0053536585    -0.0054132298
  -0.0054733822    -0.0055341157    -0.0055954614    -0.0056573960    -0.0057199815
  -0.0057831714    -0.0058470199    -0.0059115425    -0.0059767160    -0.0060425869
  -0.0061091629    -0.0061764440    -0.0062444612    -0.0063131991    -0.0063827661
  -0.0064530924    -0.0065242013    -0.0065961006    -0.0066688523    -0.0067424795
  -0.0068169668    -0.0068923143    -0.0069686148    -0.0070458296    -0.0071239743
  -0.0072030953    -0.0072832236    -0.0073643747    -0.0074465719    -0.0075297764
  -0.0076141432    -0.0076996025    -0.0077861932    -0.0078739616    -0.0079629001
  -0.0080531093    -0.0081445429    -0.0082372782    -0.0083312842    -0.0084266695
  -0.0085234419    -0.0086216399    -0.0087212327    -0.0088223442    -0.0089249745
  -0.0090291312    -0.0091348687    -0.0092423031    -0.0093513724    -0.0094620535
  -0.0095746097    -0.0096888784    -0.0098049989    -0.0099229714    -0.0100428966
  -0.0101646426    -0.0102885041    -0.0104143879    -0.0105422863    -0.0106723389
  -0.0108044913    -0.0109388134    -0.0110754600    -0.0112142840    -0.0113553783
  -0.0114986965    -0.0116445097    -0.0117925236    -0.0119428465    -0.0120954785
  -0.0122505900    -0.0124077860    -0.0125672135    -0.0127288803    -0.0128926238
  -0.0130582425    -0.0132256743    -0.0133947334    -0.0135651639    -0.0137367103
  -0.0139089075    -0.0140815696    -0.0142538598    -0.0144252202    -0.0145950386
  -0.0147621992    -0.0149257568    -0.0150841847    -0.0152359489    -0.0153789571
  -0.0155109003    -0.0156287488    -0.0157291242    -0.0158076563    -0.0158594248
  -0.0158775720    -0.0158552250    -0.0157829461    -0.0156504372    -0.0154451534
  -0.0151535347    -0.0147614864    -0.0142565951    -0.0136316934    -0.0128882846
  -0.0120425943    -0.0111237338    -0.0103890035    -0.0102406177    -0.0100926891
  -0.0099452487    -0.0097980639    -0.0096515921    -0.0095051357    -0.0093591598
  -0.0092136565    -0.0090683934    -0.0089235952    -0.0087790373    -0.0086349443
  -0.0084913006    -0.0083481219    -0.0082049355    -0.0080622062    -0.0079201433
  -0.0077780727    -0.0076364514    -0.0074950472    -0.0073542938    -0.0072137573
  -0.0070734301    -0.0069335291    -0.0067938295    -0.0066545561    -0.0065154842
  -0.0063768306    -0.0062385955    -0.0061005542    -0.0059629235    -0.0058254865
  -0.0056884524    -0.0055516121    -0.0054151669    -0.0052789077    -0.0051430514
  -0.0050073656    -0.0048722997    -0.0047371873    -0.0046024701    -0.0044681326
  -0.0043339732    -0.0041999766    -0.0040663674    -0.0039331380    -0.0038000712
  -0.0036671671    -0.0035348597    -0.0034024826    -0.0032704851    -0.0031388596
  -0.0000004813    -0.0000278959    -0.0000553027    -0.0000827482    -0.0001102558
  -0.0001378331    -0.0001654801    -0.0001931968    -0.0002209988    -0.0002488783
  -0.0002768353    -0.0003048775    -0.0003330049    -0.0003612098    -0.0003895077
  -0.0004178831    -0.0004463515    -0.0004749051    -0.0005035517    -0.0005322835
  -0.0005611083    -0.0005900338    -0.0006190446    -0.0006481484    -0.0006773451
  -0.0007066426    -0.0007360408    -0.0007655320    -0.0007951239    -0.0008248165
  -0.0008546099    -0.0008845118    -0.0009145144    -0.0009446177    -0.0009748295
  -0.0010051498    -0.0010355785    -0.0010661158    -0.0010967693    -0.0011275312
  -0.0011584017    -0.0011893961    -0.0012205067    -0.0012517259    -0.0012830767
  -0.0013145360    -0.0013461271    -0.0013778344    -0.0014096656    -0.0014416286
  -0.0014737156    -0.0015059265    -0.0015382770    -0.0015707514    -0.0016033575
  -0.0016361031    -0.0016689882    -0.0017020127    -0.0017351690    -0.0017684725
  -0.0018019155    -0.0018355134    -0.0018692508    -0.0019031355    -0.0019371751
  -0.0019713619    -0.0020057037    -0.0020402083    -0.0020748678    -0.0021096745
  -0.0021446595    -0.0021797994    -0.0022151098    -0.0022505906    -0.0022862419
  -0.0023220637    -0.0023580560    -0.0023942265    -0.0024305829    -0.0024671176
  -0.0025038305    -0.0025407371    -0.0025778374    -0.0026151237    -0.0026526037
  -0.0026902774    -0.0027281526    -0.0027662370    -0.0028045228    -0.0028430101
  -0.0028817144    -0.0029206201    -0.0029597583    -0.0029991058    -0.0030386856
  -0.0030784824    -0.0031185195    -0.0031587735    -0.0031992599    -0.0032400021
  -0.0032809845    -0.0033221993    -0.0033636776    -0.0034053960    -0.0034473780
  -0.0034896234    -0.0035321322    -0.0035749123    -0.0036179557    -0.0036612859
  -0.0037048951    -0.0037487754    -0.0037929657    -0.0038374427    -0.0038822219
  -0.0039272878    -0.0039726791    -0.0040183726    -0.0040644071    -0.0041107282
  -0.0041573980    -0.0042043933    -0.0042517295    -0.0042994222    -0.0043474481
  -0.0043958458    -0.0044446000    -0.0044937107    -0.0045432243    -0.0045930865
  -0.0046433517    -0.0046939966    -0.0047450599    -0.0047965106    -0.0048483953
  -0.0049006751    -0.0049534199    -0.0050065753    -0.0050601879    -0.0051142421
  -0.0051687613    -0.0052237609    -0.0052792177    -0.0053351703    -0.0053916189
  -0.0054485711    -0.0055060270    -0.0055640021    -0.0056225273    -0.0056815872
  -0.0057411972    -0.0058013806    -0.0058621296    -0.0059234753    -0.0059854022
  -0.0060479334    -0.0061111078    -0.0061749175    -0.0062393472    -0.0063044509
  -0.0063702288    -0.0064367118    -0.0065038612    -0.0065717158    -0.0066403374
  -0.0067096719    -0.0067797735    -0.0068506733    -0.0069223323    -0.0069948128
  -0.0070681146    -0.0071422765    -0.0072172984    -0.0072931728    -0.0073699769
  -0.0074476722    -0.0075263670    -0.0076059607    -0.0076865461    -0.0077681080
  -0.0078505608    -0.0079344007    -0.0080191317    -0.0081049708    -0.0081919178
  -0.0082800350    -0.0083692911    -0.0084597561    -0.0085514531    -0.0086444208
  -0.0087386516    -0.0088341686    -0.0089310494    -0.0090293017    -0.0091289642
  -0.0092300758    -0.0093325433    -0.0094366381    -0.0095421895    -0.0096493605
  -0.0097581121    -0.0098684987    -0.0099805591    -0.0100943163    -0.0102097860
  -0.0103270844    -0.0104461339    -0.0105670431    -0.0106898740    -0.0108146188
  -0.0109412542    -0.0110697803    -0.0112004063    -0.0113330391    -0.0114677951
  -0.0116044727    -0.0117433742    -0.0118842283    -0.0120271823    -0.0121722981
  -0.0123194286    -0.0124685892    -0.0126197800    -0.0127729157    -0.0129279187
  -0.0130847427    -0.0132432094    -0.0134032491    -0.0135645518    -0.0137269625
  -0.0138903263    -0.0140542558    -0.0142184332    -0.0143818745    -0.0145446727
  -0.0147058049    -0.0148647597    -0.0150202432    -0.0151713488    -0.0153164801
  -0.0154541418    -0.0155823502    -0.0156987342    -0.0158005044    -0.0158841971
  -0.0159458682    -0.0159805742    -0.0159823719    -0.0159448764    -0.0158596727
  -0.0157168350    -0.0155061504    -0.0152157947    -0.0148334631    -0.0143491986
  -0.0137566552    -0.0130570027    -0.0122627708    -0.0113975307    -0.0105392799
  -0.0103959307    -0.0102530077    -0.0101103094    -0.0099680528    -0.0098260209
  -0.0096846554    -0.0095435068    -0.0094023427    -0.0092620620    -0.0091217580
  -0.0089818880    -0.0088424441    -0.0087034264    -0.0085646102    -0.0084259799
  -0.0082877758    -0.0081499824    -0.0080125996    -0.0078754106    -0.0077383998
  -0.0076020166    -0.0074655947    -0.0073298004    -0.0071941766    -0.0070587310
  -0.0069238976    -0.0067892423    -0.0066547498    -0.0065206525    -0.0063867179
  -0.0062533799    -0.0061199954    -0.0059869906    -0.0058543578    -0.0057221046
  -0.0055900064    -0.0054580632    -0.0053264919    -0.0051952848    -0.0050644496
  -0.0000004813    -0.0000272062    -0.0000539079    -0.0000806484    -0.0001074430
  -0.0001342919    -0.0001612106    -0.0001881990    -0.0002152494    -0.0002423695
  -0.0002695748    -0.0002968422    -0.0003241870    -0.0003516093    -0.0003791168
  -0.0004066941    -0.0004343489    -0.0004620889    -0.0004899064    -0.0005178013
  -0.0005457893    -0.0005738547    -0.0006020054    -0.0006302413    -0.0006585547
  -0.0006869689    -0.0007154605    -0.0007440451    -0.0007727227    -0.0008014855
  -0.0008303413    -0.0008592901    -0.0008883318    -0.0009174743    -0.0009467021
  -0.0009760383    -0.0010054597    -0.0010349819    -0.0010646126    -0.0010943362
  -0.0011241683    -0.0011540934    -0.0011841348    -0.0012142691    -0.0012445119
  -0.0012748709    -0.0013053307    -0.0013359067    -0.0013665912    -0.0013973841
  -0.0014282933    -0.0014593187    -0.0014904526    -0.0015217105    -0.0015530846
  -0.0015845826    -0.0016161969    -0.0016479430    -0.0016797975    -0.0017117915
  -0.0017439094    -0.0017761514    -0.0018085250    -0.0018410304    -0.0018736675
  -0.0019064364    -0.0019393447    -0.0019723925    -0.0020055798    -0.0020389065
  -0.0020723727    -0.0021059862    -0.0021397391    -0.0021736470    -0.0022077021
  -0.0022419122    -0.0022762695    -0.0023107818    -0.0023454490    -0.0023802790
  -0.0024152717    -0.0024504349    -0.0024857453    -0.0025212261    -0.0025568852
  -0.0025927070    -0.0026286992    -0.0026648775    -0.0027012339    -0.0027377608
  -0.0027744660    -0.0028113726    -0.0028484496    -0.0028857204    -0.0029231927
  -0.0029608431    -0.0029987028    -0.0030367640    -0.0030750188    -0.0031134829
  -0.0031521562    -0.0031910387    -0.0032301381    -0.0032694468    -0.0033089647
  -0.0033487305    -0.0033887056    -0.0034289131    -0.0034693530    -0.0035100254
  -0.0035509303    -0.0035920909    -0.0036334917    -0.0036751404    -0.0037170371
  -0.0037591895    -0.0038016054    -0.0038442925    -0.0038872275    -0.0039304569
  -0.0039739421    -0.0040177217    -0.0040617803    -0.0041061255    -0.0041507575
  -0.0041956994    -0.0042409280    -0.0042864820    -0.0043323228    -0.0043784890
  -0.0044249806    -0.0044717899    -0.0045189402    -0.0045664081    -0.0046142402
  -0.0046624210    -0.0047109273    -0.0047598055    -0.0048090634    -0.0048586699
  -0.0049086717    -0.0049590531    -0.0050097987    -0.0050609705    -0.0051125297
  -0.0051644918    -0.0052168879    -0.0052696946    -0.0053229275    -0.0053766021
  -0.0054307261    -0.0054853073    -0.0055403456    -0.0055958334    -0.0056518480
  -0.0057083121    -0.0057652721    -0.0058227435    -0.0058807263    -0.0059392437
  -0.0059982958    -0.0060578749    -0.0061179885    -0.0061786911    -0.0062399670
  -0.0063018087    -0.0063642702    -0.0064273283    -0.0064910373    -0.0065553352
  -0.0066202840    -0.0066858760    -0.0067521808    -0.0068191132    -0.0068867740
  -0.0069551244    -0.0070242420    -0.0070940569    -0.0071646157    -0.0072359803
  -0.0073081121    -0.0073810342    -0.0074547777    -0.0075293657    -0.0076047984
  -0.0076811221    -0.0077582982    -0.0078363886    -0.0079153934    -0.0079953435
  -0.0080763164    -0.0081582192    -0.0082411060    -0.0083250621    -0.0084100798
  -0.0084961203    -0.0085832921    -0.0086716107    -0.0087610218    -0.0088516185
  -0.0089434394    -0.0090364227    -0.0091306767    -0.0092261627    -0.0093230280
  -0.0094212028    -0.0095207104    -0.0096216127    -0.0097238943    -0.0098276249
  -0.0099328896    -0.0100396577    -0.0101478979    -0.0102576724    -0.0103690508
  -0.0104821184    -0.0105967900    -0.0107131121    -0.0108312008    -0.0109510407
  -0.0110726163    -0.0111959586    -0.0113210598    -0.0114480284    -0.0115769342
  -0.0117075911    -0.0118401465    -0.0119745615    -0.0121109059    -0.0122490945
  -0.0123891196    -0.0125310507    -0.0126748028    -0.0128202286    -0.0129675296
  -0.0131162331    -0.0132666799    -0.0134185216    -0.0135715953    -0.0137258467
  -0.0138809738    -0.0140367904    -0.0141929170    -0.0143491444    -0.0145049766
  -0.0146599331    -0.0148132858    -0.0149645153    -0.0151128003    -0.0152570251
  -0.0153960505    -0.0155285516    -0.0156529167    -0.0157671389    -0.0158689943
  -0.0159557244    -0.0160240749    -0.0160704425    -0.0160895815    -0.0160766181
  -0.0160257331    -0.0159287593    -0.0157775918    -0.0155625758    -0.0152737388
  -0.0149010077    -0.0144354019    -0.0138712260    -0.0132102314    -0.0124619409
  -0.0116454318    -0.0107840428    -0.0105444792    -0.0104058799    -0.0102678928
  -0.0101298746    -0.0099924919    -0.0098553029    -0.0097182843    -0.0095819089
  -0.0094457039    -0.0093099019    -0.0091742781    -0.0090390494    -0.0089039990
  -0.0087695530    -0.0086352775    -0.0085011724    -0.0083674547    -0.0082341167
  -0.0081011584    -0.0079683629    -0.0078357223    -0.0077036783    -0.0075717893
  -0.0074400476    -0.0073086777    -0.0071776721    -0.0070468214    -0.0069163272
  -0.0000004813    -0.0000265631    -0.0000526139    -0.0000787035    -0.0001048318
  -0.0001310143    -0.0001572588    -0.0001835576    -0.0002099183    -0.0002363488
  -0.0002628413    -0.0002894035    -0.0003160354    -0.0003427294    -0.0003695008
  -0.0003963420    -0.0004232529    -0.0004502335    -0.0004772916    -0.0005044273
  -0.0005316326    -0.0005589154    -0.0005862758    -0.0006137136    -0.0006412211
  -0.0006688139    -0.0006964919    -0.0007242396    -0.0007520726    -0.0007799909
  -0.0008079943    -0.0008360752    -0.0008642414    -0.0008925006    -0.0009208372
  -0.0009492669    -0.0009777817    -0.0010063818    -0.0010350749    -0.0010638610
  -0.0010927400    -0.0011217043    -0.0011507693    -0.0011799195    -0.0012091783
  -0.0012385300    -0.0012679669    -0.0012975201    -0.0013271585    -0.0013569054
  -0.0013867530    -0.0014167014    -0.0014467582    -0.0014769158    -0.0015071818
  -0.0015375486    -0.0015680316    -0.0015986231    -0.0016293231    -0.0016601315
  -0.0016910639    -0.0017221048    -0.0017532542    -0.0017845276    -0.0018159172
  -0.0018474230    -0.0018790528    -0.0019108066    -0.0019426766    -0.0019746783
  -0.0020068118    -0.0020390615    -0.0020714429    -0.0021039560    -0.0021366087
  -0.0021693853    -0.0022022936    -0.0022353491    -0.0022685286    -0.0023018554
  -0.0023353371    -0.0023689505    -0.0024027035    -0.0024366036    -0.0024706587
  -0.0025048611    -0.0025392106    -0.0025737152    -0.0026083747    -0.0026432046
  -0.0026781818    -0.0027133217    -0.0027486244    -0.0027840897    -0.0028197178
  -0.0028555241    -0.0028915009    -0.0029276481    -0.0029639658    -0.0030004773
  -0.0030371514    -0.0030740193    -0.0031110653    -0.0031483051    -0.0031857231
  -0.0032233426    -0.0032611480    -0.0032991627    -0.0033373633    -0.0033757654
  -0.0034143844    -0.0034532049    -0.0034922346    -0.0035314813    -0.0035709450
  -0.0036106101    -0.0036505154    -0.0036906454    -0.0037310001    -0.0037715796
  -0.0038123992    -0.0038534513    -0.0038947436    -0.0039362916    -0.0039780799
  -0.0040201083    -0.0040624079    -0.0041049632    -0.0041477665    -0.0041908565
  -0.0042341945    -0.0042778346    -0.0043217227    -0.0043659130    -0.0044103745
  -0.0044551381    -0.0045001963    -0.0045455411    -0.0045912114    -0.0046371529
  -0.0046834430    -0.0047300354    -0.0047769609    -0.0048242041    -0.0048717883
  -0.0049196979    -0.0049679485    -0.0050165555    -0.0050655267    -0.0051148620
  -0.0051645383    -0.0052146176    -0.0052650455    -0.0053158686    -0.0053670713
  -0.0054186925    -0.0054707012    -0.0055231205    -0.0055759659    -0.0056292376
  -0.0056829122    -0.0057370517    -0.0057916328    -0.0058466634    -0.0059021589
  -0.0059581271    -0.0060145602    -0.0060714814    -0.0061289141    -0.0061868659
  -0.0062452826    -0.0063042495    -0.0063637510    -0.0064237872    -0.0064843735
  -0.0065455177    -0.0066072354    -0.0066695341    -0.0067324141    -0.0067959371
  -0.0068600336    -0.0069247809    -0.0069901636    -0.0070561817    -0.0071228740
  -0.0071902403    -0.0072583041    -0.0073270807    -0.0073965624    -0.0074667647
  -0.0075377032    -0.0076094398    -0.0076818970    -0.0077551988    -0.0078292909
  -0.0079041967    -0.0079799238    -0.0080565420    -0.0081339893    -0.0082123896
  -0.0082916501    -0.0083718482    -0.0084529993    -0.0085350958    -0.0086181995
  -0.0087023106    -0.0087874135    -0.0088736477    -0.0089608893    -0.0090492079
  -0.0091386810    -0.0092292467    -0.0093210134    -0.0094139579    -0.0095080957
  -0.0096034423    -0.0097001061    -0.0097979787    -0.0098972538    -0.0099977145
  -0.0100996706    -0.0102029207    -0.0103076509    -0.0104137912    -0.0105213729
  -0.0106304112    -0.0107410458    -0.0108531138    -0.0109668633    -0.0110820696
  -0.0111989805    -0.0113174257    -0.0114375755    -0.0115593758    -0.0116828188
  -0.0118079588    -0.0119347802    -0.0120633915    -0.0121936765    -0.0123255733
  -0.0124592832    -0.0125946203    -0.0127315769    -0.0128701606    -0.0130103251
  -0.0131518611    -0.0132949701    -0.0134393576    -0.0135850081    -0.0137317434
  -0.0138793620    -0.0140277788    -0.0141766992    -0.0143255576    -0.0144748887
  -0.0146235535    -0.0147711876    -0.0149175665    -0.0150617447    -0.0152033195
  -0.0153409269    -0.0154744431    -0.0156017992    -0.0157224295    -0.0158338621
  -0.0159351829    -0.0160234007    -0.0160961214    -0.0161502919    -0.0161822471
  -0.0161877486    -0.0161616436    -0.0160987404    -0.0159917554    -0.0158334360
  -0.0156153050    -0.0153284207    -0.0149642906    -0.0145153674    -0.0139777306
  -0.0133509305    -0.0126429406    -0.0118697926    -0.0110525319    -0.0106870922
  -0.0105525610    -0.0104186264    -0.0102846220    -0.0101512298    -0.0100182173
  -0.0098853675    -0.0097528896    -0.0096207914    -0.0094888481    -0.0093572691
  -0.0092258450    -0.0090950099    -0.0089643142    -0.0088337657    -0.0087035814
  -0.0000004813    -0.0000259587    -0.0000514051    -0.0000768903    -0.0001023987
  -0.0001279613    -0.0001535782    -0.0001792416    -0.0002049670    -0.0002307466
  -0.0002565882    -0.0002824917    -0.0003084573    -0.0003344771    -0.0003605744
  -0.0003867260    -0.0004129472    -0.0004392383    -0.0004655913    -0.0004920217
  -0.0005185065    -0.0005450687    -0.0005717006    -0.0005983946    -0.0006251660
  -0.0006520149    -0.0006789258    -0.0007059142    -0.0007329801    -0.0007601157
  -0.0007873288    -0.0008146194    -0.0008419797    -0.0008694252    -0.0008969483
  -0.0009245488    -0.0009522268    -0.0009799901    -0.0010078308    -0.0010357490
  -0.0010637602    -0.0010918489    -0.0011200306    -0.0011482897    -0.0011766341
  -0.0012050715    -0.0012335941    -0.0012622020    -0.0012909028    -0.0013196966
  -0.0013485834    -0.0013775554    -0.0014066282    -0.0014357939    -0.0014650527
  -0.0014944121    -0.0015238568    -0.0015534100    -0.0015830639    -0.0016128108
  -0.0016426662    -0.0016726223    -0.0017026791    -0.0017328367    -0.0017631105
  -0.0017934850    -0.0018239680    -0.0018545595    -0.0018852672    -0.0019160756
  -0.0019470003    -0.0019780412    -0.0020091984    -0.0020404640    -0.0020718536
  -0.0021033594    -0.0021349815    -0.0021667352    -0.0021986052    -0.0022305992
  -0.0022627172    -0.0022949591    -0.0023273405    -0.0023598459    -0.0023924831
  -0.0024252442    -0.0024581370    -0.0024911770    -0.0025243488    -0.0025576678
  -0.0025911185    -0.0026247087    -0.0026584461    -0.0026923230    -0.0027263549
  -0.0027605340    -0.0027948603    -0.0028293416    -0.0028639701    -0.0028987613
  -0.0029336998    -0.0029688087    -0.0030040804    -0.0030395070    -0.0030750963
  -0.0031108561    -0.0031467864    -0.0031828871    -0.0032191584    -0.0032556078
  -0.0032922277    -0.0033290413    -0.0033660331    -0.0034032032    -0.0034405670
  -0.0034781089    -0.0035158446    -0.0035537818    -0.0035919204    -0.0036302373
  -0.0036687788    -0.0037075064    -0.0037464508    -0.0037855968    -0.0038249597
  -0.0038645473    -0.0039043364    -0.0039443579    -0.0039845887    -0.0040250674
  -0.0040657553    -0.0041066834    -0.0041478518    -0.0041892603    -0.0042309090
  -0.0042728058    -0.0043149504    -0.0043573430    -0.0043999991    -0.0044429109
  -0.0044860861    -0.0045295247    -0.0045732424    -0.0046172467    -0.0046615145
  -0.0047060689    -0.0047509256    -0.0047960457    -0.0048414758    -0.0048872158
  -0.0049332580    -0.0049796101    -0.0050262567    -0.0050732365    -0.0051205418
  -0.0051681802    -0.0052161518    -0.0052644643    -0.0053131101    -0.0053621122
  -0.0054114631    -0.0054612014    -0.0055112728    -0.0055617318    -0.0056125781
  -0.0056637809    -0.0057154021    -0.0057674107    -0.0058198223    -0.0058726522
  -0.0059258851    -0.0059795597    -0.0060336605    -0.0060882029    -0.0061431560
  -0.0061986050    -0.0062545034    -0.0063108435    -0.0063676873    -0.0064250115
  -0.0064828470    -0.0065411398    -0.0065999904    -0.0066593602    -0.0067192182
  -0.0067796651    -0.0068406001    -0.0069021395    -0.0069642136    -0.0070269075
  -0.0070901516    -0.0071540388    -0.0072185227    -0.0072835800    -0.0073493347
  -0.0074157014    -0.0074827036    -0.0075504342    -0.0076188156    -0.0076878944
  -0.0077576318    -0.0078281674    -0.0078993925    -0.0079713926    -0.0080441597
  -0.0081177017    -0.0081920418    -0.0082671335    -0.0083430931    -0.0084199205
  -0.0084975538    -0.0085760936    -0.0086555400    -0.0087358621    -0.0088171372
  -0.0088993499    -0.0089824846    -0.0090666345    -0.0091518071    -0.0092377624
  -0.0093251744    -0.0094134387    -0.0095027724    -0.0095932528    -0.0096848103
  -0.0097775456    -0.0098714355    -0.0099665108    -0.0100628105    -0.0101603112
  -0.0102591136    -0.0103591558    -0.0104604998    -0.0105631223    -0.0106672093
  -0.0107725361    -0.0108793119    -0.0109875211    -0.0110971251    -0.0112081626
  -0.0113207188    -0.0114346853    -0.0115501860    -0.0116672441    -0.0117857668
  -0.0119058314    -0.0120274845    -0.0121506408    -0.0122753701    -0.0124016336
  -0.0125294545    -0.0126587322    -0.0127895597    -0.0129218206    -0.0130555770
  -0.0131906506    -0.0133271036    -0.0134647653    -0.0136035427    -0.0137434515
  -0.0138842902    -0.0140258572    -0.0141679588    -0.0143105409    -0.0144532004
  -0.0145956817    -0.0147376904    -0.0148788080    -0.0150185850    -0.0151564249
  -0.0152917233    -0.0154237440    -0.0155516967    -0.0156745121    -0.0157910666
  -0.0158999500    -0.0159996513    -0.0160882798    -0.0161637667    -0.0162234232
  -0.0162645140    -0.0162834826    -0.0162764236    -0.0162386569    -0.0161649910
  -0.0160493585    -0.0158848867    -0.0156641909    -0.0153799799    -0.0150239548
  -0.0145905831    -0.0140754947    -0.0134794953    -0.0128086987    -0.0120753708
  -0.0112982711    -0.0108238086    -0.0106931594    -0.0105630681    -0.0104331163
  -0.0000004813    -0.0000253931    -0.0000502816    -0.0000751933    -0.0001001284
  -0.0001251099    -0.0001501378    -0.0001752123    -0.0002003410    -0.0002255240
  -0.0002507535    -0.0002760449    -0.0003013906    -0.0003267983    -0.0003522524
  -0.0003777763    -0.0004033622    -0.0004290023    -0.0004547045    -0.0004804686
  -0.0005063024    -0.0005321905    -0.0005581406    -0.0005841604    -0.0006102499
  -0.0006363937    -0.0006626073    -0.0006888905    -0.0007152435    -0.0007416585
  -0.0007681510    -0.0007946977    -0.0008213297    -0.0008480236    -0.0008747950
  -0.0009016362    -0.0009285471    -0.0009555355    -0.0009825936    -0.0010097292
  -0.0010369346    -0.0010642251    -0.0010915855    -0.0011190310    -0.0011465463
  -0.0011741468    -0.0012018248    -0.0012295803    -0.0012574211    -0.0012853470
  -0.0013133505    -0.0013414392    -0.0013696131    -0.0013978723    -0.0014262167
  -0.0014546463    -0.0014831689    -0.0015117767    -0.0015404698    -0.0015692559
  -0.0015981427    -0.0016271147    -0.0016561797    -0.0016853377    -0.0017145887
  -0.0017439404    -0.0017733851    -0.0018029305    -0.0018325767    -0.0018623236
  -0.0018921635    -0.0019221118    -0.0019521609    -0.0019823107    -0.0020125690
  -0.0020429358    -0.0020734033    -0.0021039870    -0.0021346793    -0.0021654800
  -0.0021963891    -0.0022274145    -0.0022585484    -0.0022898063    -0.0023211727
  -0.0023526630    -0.0023842695    -0.0024160001    -0.0024478468    -0.0024798176
  -0.0025119200    -0.0025441387    -0.0025764892    -0.0026089558    -0.0026415697
  -0.0026743075    -0.0027071849    -0.0027401784    -0.0027733192    -0.0028065994
  -0.0028400192    -0.0028735629    -0.0029072693    -0.0029411075    -0.0029751006
  -0.0030092332    -0.0030435130    -0.0030779400    -0.0031125221    -0.0031472591
  -0.0031821588    -0.0032172057    -0.0032524154    -0.0032877800    -0.0033233073
  -0.0033590129    -0.0033948734    -0.0034309122    -0.0034671137    -0.0035034856
  -0.0035400358    -0.0035767719    -0.0036136785    -0.0036507633    -0.0036880341
  -0.0037254986    -0.0037631413    -0.0038009933    -0.0038390157    -0.0038772395
  -0.0039156726    -0.0039542994    -0.0039931276    -0.0040321496    -0.0040713963
  -0.0041108599    -0.0041505250    -0.0041904148    -0.0042305139    -0.0042708376
  -0.0043113860    -0.0043521670    -0.0043931881    -0.0044344339    -0.0044759044
  -0.0045176384    -0.0045596126    -0.0046018270    -0.0046442893    -0.0046870306
  -0.0047300044    -0.0047732493    -0.0048167422    -0.0048605374    -0.0049045882
  -0.0049489179    -0.0049935266    -0.0050383988    -0.0050836119    -0.0051290730
  -0.0051748362    -0.0052209094    -0.0052673081    -0.0053140011    -0.0053609964
  -0.0054083249    -0.0054559711    -0.0055039582    -0.0055522862    -0.0056009319
  -0.0056499341    -0.0056992772    -0.0057490000    -0.0057990715    -0.0058495227
  -0.0059003070    -0.0059515020    -0.0060030690    -0.0060550389    -0.0061074039
  -0.0061601719    -0.0062133351    -0.0062669399    -0.0063209555    -0.0063753971
  -0.0064302728    -0.0064855978    -0.0065413722    -0.0065976116    -0.0066543236
  -0.0067114851    -0.0067691657    -0.0068272957    -0.0068859914    -0.0069451365
  -0.0070048240    -0.0070650229    -0.0071257642    -0.0071870479    -0.0072488895
  -0.0073112968    -0.0073742464    -0.0074378392    -0.0075019744    -0.0075667450
  -0.0076321045    -0.0076981226    -0.0077647528    -0.0078320262    -0.0078999814
  -0.0079686341    -0.0080379066    -0.0081079307    -0.0081786677    -0.0082501021
  -0.0083222881    -0.0083952335    -0.0084689149    -0.0085434023    -0.0086186489
  -0.0086947557    -0.0087716374    -0.0088494024    -0.0089280042    -0.0090074971
  -0.0090878347    -0.0091690865    -0.0092512837    -0.0093344417    -0.0094184908
  -0.0095035705    -0.0095896342    -0.0096766821    -0.0097647837    -0.0098539081
  -0.0099441174    -0.0100354192    -0.0101278058    -0.0102213237    -0.0103159419
  -0.0104117534    -0.0105087814    -0.0106069484    -0.0107063785    -0.0108070716
  -0.0109088108    -0.0110122624    -0.0111167446    -0.0112224975    -0.0113296530
  -0.0114381877    -0.0115479544    -0.0116592321    -0.0117718270    -0.0118858787
  -0.0120011935    -0.0121180502    -0.0122362784    -0.0123559090    -0.0124769422
  -0.0125994244    -0.0127232239    -0.0128484181    -0.0129750225    -0.0131028357
  -0.0132319584    -0.0133623907    -0.0134939155    -0.0136264476    -0.0137600490
  -0.0138945571    -0.0140298477    -0.0141657504    -0.0143021414    -0.0144387725
  -0.0145755044    -0.0147119263    -0.0148477748    -0.0149829027    -0.0151166514
  -0.0152485248    -0.0153781047    -0.0155047557    -0.0156276718    -0.0157459155
  -0.0158586809    -0.0159647128    -0.0160626629    -0.0161510125    -0.0162279871
  -0.0162915179    -0.0163390943    -0.0163680974    -0.0163754120    -0.0163566527
  -0.0163082859    -0.0162251821    -0.0161019173    -0.0159322926    -0.0157102177
