  0.0000000000    0.0036000000
  0.0000500000    0.0006000000    299    19
  -0.0000002608    0.0010627255    0.0021274015    0.0031944111    0.0042639956
  0.0053363428    0.0064116135    0.0074900761    0.0085719451    0.0096574083
  0.0107466802    0.0118400291    0.0129376695    0.0140398696    0.0151468977
  0.0162589416    0.0173763499    0.0184993640    0.0196282789    0.0207634166
  0.0219051793    0.0230537012    0.0242095187    0.0253728732    0.0265441135
  0.0277237758    0.0289122090    0.0301098153    0.0313170508    0.0325344786
  0.0337625816    0.0350018695    0.0362529591    0.0375164405    0.0387929574
  0.0400833681    0.0413881555    0.0427082852    0.0440446690    0.0453980848
  0.0467696860    0.0481604114    0.0495714948    0.0510042235    0.0524601802
  0.0539403841    0.0554469004    0.0569814995    0.0585460588    0.0601428583
  0.0617744729    0.0634437725    0.0651534930    0.0669076309    0.0687098876
  0.0705646619    0.0724771038    0.0744534090    0.0765007392    0.0786267921
  0.0808413044    0.0831555143    0.0855835572    0.0858670935    0.0856990531
  0.0855303422    0.0853609875    0.0851911500    0.0850206956    0.0848495975
  0.0846779898    0.0845057651    0.0843329236    0.0841594651    0.0839853629
  0.0838107780    0.0836367562    0.0834606692    0.0832842335    0.0831069395
  0.0829288676    0.0827489987    0.0825698271    0.0823900655    0.0822096869
  0.0820285574    0.0818467036    0.0816643938    0.0814811990    0.0812973872
  0.0811128780    0.0809277520    0.0807419017    0.0805551931    0.0803678676
  0.0801799789    0.0799912319    0.0798017606    0.0796117261    0.0794208333
  0.0792292163    0.0790367410    0.0788437292    0.0786496982    0.0784551308
  0.0782597050    0.0780636087    0.0778666541    0.0776688680    0.0774704114
  0.0772711232    0.0770708695    0.0768700793    0.0766683236    0.0764657632
  0.0762623712    0.0760582015    0.0758530930    0.0756471530    0.0754404351
  0.0752327785    0.0750243440    0.0748149708    0.0746048465    0.0743936226
  0.0741816744    0.0739687875    0.0737549886    0.0735401705    0.0733246014
  0.0731079862    0.0728905126    0.0726719931    0.0724527493    0.0722323522
  0.0720110968    0.0717887148    0.0715654746    0.0713412419    0.0711160436
  0.0708898798    0.0706625894    0.0704341993    0.0702050313    0.0699747369
  0.0697433963    0.0695111170    0.0692774966    0.0690430984    0.0688075200
  0.0685709223    0.0683331445    0.0680943474    0.0678545579    0.0676133469
  0.0673712775    0.0671280816    0.0668836787    0.0666382834    0.0663915470
  0.0661437377    0.0658948824    0.0656448200    0.0653936043    0.0651412353
  0.0648874179    0.0647339687    0.0647339687    0.0647339687    0.0647339687
  0.0647339687    0.0647339687    0.0647339687    0.0647339687    0.0647339687
  0.0647339687    0.0647339687    0.0647339687    0.0647339687    0.0647339687
  0.0647339687    0.0647339687    0.0647339687    0.0647339687    0.0647339687
  0.0647339687    0.0647339687    0.0647339687    0.0647339687    0.0647339687
  0.0647339687    0.0647339687    0.0647339687    0.0647339687    0.0647339687
  0.0647339687    0.0647339687    0.0647339687    0.0647339687    0.0647339687
  0.0647339687    0.0647339687    0.0647339687    0.0647339687    0.0647339687
  0.0647339687    0.0647339687    0.0647339687    0.0647339687    0.0647339687
  0.0647339687    0.0647339687    0.0647339687    0.0647339687    0.0647339687
  0.0647339687    0.0647339687    0.0647339687    0.0647339687    0.0647339687
  0.0647339687    0.0647339687    0.0647339687    0.0647339687    0.0647339687
  0.0647339687    0.0647339687    0.0647339687    0.0647339687    0.0647339687
  0.0647339687    0.0647339687    0.0647339687    0.0647339687    0.0647339687
  0.0647339687    0.0647339687    0.0647339687    0.0647339687    0.0647339687
  0.0647339687    0.0647339687    0.0647339687    0.0647339687    0.0647339687
  0.0647339687    0.0647339687    0.0647339687    0.0647339687    0.0647339687
  0.0647339687    0.0647339687    0.0647339687    0.0647339687    0.0647339687
  0.0647339687    0.0647339687    0.0647339687    0.0647339687    0.0647339687
  0.0647339687    0.0647339687    0.0647339687    0.0647339687    0.0647339687
  0.0647339687    0.0647339687    0.0647339687    0.0647339687    0.0647339687
  0.0647339687    0.0647339687    0.0647339687    0.0647339687    0.0647339687
  0.0647339687    0.0647339687    0.0647339687    0.0647339687    0.0647339687
  0.0647339687    0.0647339687    0.0647339687    0.0647339687    0.0647339687
  0.0647339687    0.0647339687    0.0647339687    0.0647339687    0.0647339687
  0.0647339687    0.0647339687    0.0647339687    0.0647339687    0.0647339687
  0.0647339687    0.0647339687    0.0647339687    0.0647339687    0.0647339687
  -0.0000002608    0.0009280249    0.0018575445    0.0027889416    0.0037222967
  0.0046577439    0.0055954173    0.0065354243    0.0074779257    0.0084230557
  0.0093709216    0.0103216574    0.0112754777    0.0122324631    0.0131927744
  0.0141565725    0.0151240721    0.0160953268    0.0170705780    0.0180500135
  0.0190337673    0.0200220808    0.0210151151    0.0220130041    0.0230160162
  0.0240243927    0.0250382945    0.0260580435    0.0270837739    0.0281157807
  0.0291543588    0.0301998302    0.0312523291    0.0323121771    0.0333797500
  0.0344554231    0.0355393842    0.0366322502    0.0377341554    0.0388455555
  0.0399669871    0.0410987720    0.0422414467    0.0433955744    0.0445616916
  0.0457402274    0.0469320133    0.0481374785    0.0493575618    0.0505928531
  0.0518440500    0.0531121716    0.0543983445    0.0557032391    0.0570282772
  0.0583741292    0.0597425923    0.0611351952    0.0625531986    0.0639979973
  0.0654720053    0.0669772074    0.0685157761    0.0700902596    0.0717039034
  0.0733593628    0.0750606611    0.0768114194    0.0786174044    0.0804830685
  0.0824147418    0.0844204977    0.0865079269    0.0875577971    0.0874067083
  0.0872552171    0.0871031895    0.0869507864    0.0867980078    0.0866446927
  0.0864908949    0.0863366947    0.0861819848    0.0860268995    0.0858713314
  0.0857153609    0.0855587468    0.0854017571    0.0852443919    0.0850865439
  0.0849280521    0.0847693190    0.0846099421    0.0844500825    0.0842895791
  0.0841287270    0.0839674994    0.0838056281    0.0836434081    0.0834805712
  0.0833173588    0.0831535295    0.0829892173    0.0828243956    0.0826591179
  0.0824933305    0.0823269263    0.0821599051    0.0819925353    0.0818245754
  0.0816561058    0.0814870194    0.0813174769    0.0811473176    0.0809767023
  0.0808054432    0.0806337550    0.0804612890    0.0802883938    0.0801148549
  0.0799408868    0.0797661677    0.0795926824    0.0794169173    0.0792404279
  0.0790634826    0.0788859472    0.0787059978    0.0785273090    0.0783478692
  0.0781678662    0.0779871389    0.0778059825    0.0776242360    0.0774416581
  0.0772585168    0.0770747855    0.0768905178    0.0767053917    0.0765197292
  0.0763333425    0.0761464193    0.0759588256    0.0757703736    0.0755813852
  0.0753917262    0.0752013698    0.0750102356    0.0748185381    0.0746261969
  0.0744330242    0.0742392078    0.0740445867    0.0738493219    0.0736533865
  0.0734567001    0.0732592091    0.0730609402    0.0728620276    0.0726623639
  0.0724619225    0.0722607300    0.0720589206    0.0718562260    0.0716527805
  0.0714484230    0.0712433681    0.0710375622    0.0708310321    0.0706236437
  0.0704153970    0.0702063188    0.0699965164    0.0697858825    0.0695745513
  0.0693622813    0.0691490188    0.0689351127    0.0687202409    0.0685045913
  0.0682881370    0.0680707708    0.0678524658    0.0676334098    0.0674133345
  0.0671924815    0.0669707701    0.0667481735    0.0665245578    0.0663002446
  0.0661570415    0.0661570415    0.0661570415    0.0661570415    0.0661570415
  0.0661570415    0.0661570415    0.0661570415    0.0661570415    0.0661570415
  0.0661570415    0.0661570415    0.0661570415    0.0661570415    0.0661570415
  0.0661570415    0.0661570415    0.0661570415    0.0661570415    0.0661570415
  0.0661570415    0.0661570415    0.0661570415    0.0661570415    0.0661570415
  0.0661570415    0.0661570415    0.0661570415    0.0661570415    0.0661570415
  0.0661570415    0.0661570415    0.0661570415    0.0661570415    0.0661570415
  0.0661570415    0.0661570415    0.0661570415    0.0661570415    0.0661570415
  0.0661570415    0.0661570415    0.0661570415    0.0661570415    0.0661570415
  0.0661570415    0.0661570415    0.0661570415    0.0661570415    0.0661570415
  0.0661570415    0.0661570415    0.0661570415    0.0661570415    0.0661570415
  0.0661570415    0.0661570415    0.0661570415    0.0661570415    0.0661570415
  0.0661570415    0.0661570415    0.0661570415    0.0661570415    0.0661570415
  0.0661570415    0.0661570415    0.0661570415    0.0661570415    0.0661570415
  0.0661570415    0.0661570415    0.0661570415    0.0661570415    0.0661570415
  0.0661570415    0.0661570415    0.0661570415    0.0661570415    0.0661570415
  0.0661570415    0.0661570415    0.0661570415    0.0661570415    0.0661570415
  0.0661570415    0.0661570415    0.0661570415    0.0661570415    0.0661570415
  0.0661570415    0.0661570415    0.0661570415    0.0661570415    0.0661570415
  0.0661570415    0.0661570415    0.0661570415    0.0661570415    0.0661570415
  0.0661570415    0.0661570415    0.0661570415    0.0661570415    0.0661570415
  0.0661570415    0.0661570415    0.0661570415    0.0661570415    0.0661570415
  -0.0000002608    0.0008268788    0.0016549304    0.0024844572    0.0033155665
  0.0041483119    0.0049828008    0.0058190867    0.0066572770    0.0074974522
  0.0083397195    0.0091841325    0.0100308254    0.0108798787    0.0117313996
  0.0125854418    0.0134421661    0.0143016800    0.0151640102    0.0160293713
  0.0168977901    0.0177694276    0.0186443642    0.0195227876    0.0204048052
  0.0212904707    0.0221799985    0.0230734691    0.0239710972    0.0248729363
  0.0257792011    0.0266900524    0.0276056513    0.0285261586    0.0294516817
  0.0303824887    0.0313187674    0.0322605982    0.0332083836    0.0341620967
  0.0351222202    0.0360888883    0.0370621011    0.0380425557    0.0390300915
  0.0400253519    0.0410283640    0.0420394495    0.0430591717    0.0440876916
  0.0451252505    0.0461725190    0.0472297385    0.0482973650    0.0493757203
  0.0504655823    0.0515671387    0.0526810601    0.0538080975    0.0549484119
  0.0561031565    0.0572726801    0.0584583238    0.0596599534    0.0608794466
  0.0621170983    0.0633742228    0.0646517590    0.0659511015    0.0672735110
  0.0686204091    0.0699935123    0.0713943765    0.0728250131    0.0742879972
  0.0757848307    0.0773190811    0.0788929477    0.0805100247    0.0821746036
  0.0838903055    0.0856620386    0.0874961331    0.0890746668    0.0889368817
  0.0887988016    0.0886604533    0.0885217026    0.0883825764    0.0882430211
  0.0881032243    0.0879630253    0.0878225580    0.0876817152    0.0875404432
  0.0873989299    0.0872569069    0.0871146157    0.0869720563    0.0868289873
  0.0866855159    0.0865418032    0.0863976881    0.0862531975    0.0861083046
  0.0859630361    0.0858173922    0.0856711045    0.0855246827    0.0853780195
  0.0852308199    0.0850831375    0.0849353209    0.0847868875    0.0846381858
  0.0844891086    0.0843395218    0.0841895595    0.0840392485    0.0838885352
  0.0837373391    0.0835857674    0.0834338203    0.0832814977    0.0831285313
  0.0829753503    0.0828216597    0.0826677546    0.0825132057    0.0823583081
  0.0822029009    0.0820471182    0.0818908796    0.0817342654    0.0815771416
  0.0814195350    0.0812616065    0.0811030343    0.0809440866    0.0807848170
  0.0806249306    0.0804646954    0.0803039774    0.0801426426    0.0799810931
  0.0798189268    0.0796563044    0.0794930652    0.0793294773    0.0791655675
  0.0790009066    0.0788359240    0.0786703244    0.0785042956    0.0783377573
  0.0781707898    0.0780032322    0.0778351918    0.0776667222    0.0774976358
  0.0773279592    0.0771579877    0.0769872919    0.0768160060    0.0766464099
  0.0764742389    0.0763013706    0.0761282071    0.0759522006    0.0757777497
  0.0756028697    0.0754274264    0.0752512589    0.0750746891    0.0748974219
  0.0747197524    0.0745413855    0.0743626162    0.0741831496    0.0740031466
  0.0738224462    0.0736412361    0.0734593287    0.0732770458    0.0730939582
  0.0729103610    0.0727260664    0.0725412890    0.0723557070    0.0721697763
  0.0719830409    0.0717957959    0.0716077998    0.0714191601    0.0712300375
  0.0710400030    0.0708496466    0.0706585124    0.0704666272    0.0702741519
  0.0700810865    0.0698871091    0.0696927294    0.0694975987    0.0693018779
  0.0691053256    0.0689080492    0.0687103435    0.0685116723    0.0683124378
  0.0681125328    0.0679118231    0.0677104160    0.0675083384    0.0674416050
  0.0674416050    0.0674416050    0.0674416050    0.0674416050    0.0674416050
  0.0674416050    0.0674416050    0.0674416050    0.0674416050    0.0674416050
  0.0674416050    0.0674416050    0.0674416050    0.0674416050    0.0674416050
  0.0674416050    0.0674416050    0.0674416050    0.0674416050    0.0674416050
  0.0674416050    0.0674416050    0.0674416050    0.0674416050    0.0674416050
  0.0674416050    0.0674416050    0.0674416050    0.0674416050    0.0674416050
  0.0674416050    0.0674416050    0.0674416050    0.0674416050    0.0674416050
  0.0674416050    0.0674416050    0.0674416050    0.0674416050    0.0674416050
  0.0674416050    0.0674416050    0.0674416050    0.0674416050    0.0674416050
  0.0674416050    0.0674416050    0.0674416050    0.0674416050    0.0674416050
  0.0674416050    0.0674416050    0.0674416050    0.0674416050    0.0674416050
  0.0674416050    0.0674416050    0.0674416050    0.0674416050    0.0674416050
  0.0674416050    0.0674416050    0.0674416050    0.0674416050    0.0674416050
  0.0674416050    0.0674416050    0.0674416050    0.0674416050    0.0674416050
  0.0674416050    0.0674416050    0.0674416050    0.0674416050    0.0674416050
  0.0674416050    0.0674416050    0.0674416050    0.0674416050    0.0674416050
  0.0674416050    0.0674416050    0.0674416050    0.0674416050    0.0674416050
  -0.0000002608    0.0007479951    0.0014968678    0.0022469476    0.0029983148
  0.0037509963    0.0045050725    0.0052605972    0.0060176238    0.0067762062
  0.0075363979    0.0082982793    0.0090619579    0.0098274067    0.0105948135
  0.0113640979    0.0121354744    0.0129088625    0.0136845037    0.0144623175
  0.0152424917    0.0160250261    0.0168100551    0.0175976321    0.0183878377
  0.0191807523    0.0199765369    0.0207751378    0.0215767428    0.0223814324
  0.0231893137    0.0240003869    0.0248149201    0.0256328598    0.0264544472
  0.0272797361    0.0281088337    0.0289418474    0.0297789380    0.0306201860
  0.0314657792    0.0323157713    0.0331703499    0.0340296760    0.0348938838
  0.0357631341    0.0366375610    0.0375174597    0.0384028032    0.0392939940
  0.0401910052    0.0410941854    0.0420037761    0.0429198042    0.0438427255
  0.0447725132    0.0457097843    0.0466545656    0.0476070181    0.0485676512
  0.0495368138    0.0505145594    0.0515015051    0.0524978384    0.0535040423
  0.0545205727    0.0555476174    0.0565856591    0.0576356366    0.0586973891
  0.0597720966    0.0608598933    0.0619615301    0.0630779728    0.0642093822
  0.0653568313    0.0665215001    0.0677034423    0.0689045087    0.0701254234
  0.0713669911    0.0726310089    0.0739186034    0.0752310082    0.0765702620
  0.0779380545    0.0793362632    0.0807670608    0.0822328612    0.0837367222
  0.0852816477    0.0868709639    0.0885081843    0.0901985660    0.0903271511
  0.0901999339    0.0900725558    0.0899447754    0.0898166999    0.0896884635
  0.0895598516    0.0894310787    0.0893018767    0.0891724333    0.0890428290
  0.0889128223    0.0887825206    0.0886519775    0.0885211393    0.0883898988
  0.0882585242    0.0881267473    0.0879948363    0.0878624961    0.0877297804
  0.0875969306    0.0874636516    0.0873301312    0.0871963426    0.0870622590
  0.0869275585    0.0867928311    0.0866578355    0.0865224376    0.0863867983
  0.0862507567    0.0861144468    0.0859778687    0.0858409151    0.0857036933
  0.0855660960    0.0854282305    0.0852899626    0.0851514533    0.0850125417
  0.0848733887    0.0847338334    0.0845939025    0.0844537035    0.0843131289
  0.0841723129    0.0840310946    0.0838895008    0.0837475315    0.0836054549
  0.0834627077    0.0833198801    0.0831765160    0.0830329105    0.0828889295
  0.0827445731    0.0825998411    0.0824547336    0.0823092505    0.0821635261
  0.0820172921    0.0818707094    0.0817238852    0.0815766856    0.0814289764
  0.0812809184    0.0811326191    0.0809836760    0.0808346525    0.0806851193
  0.0805351034    0.0803848729    0.0802339986    0.0800828829    0.0799314454
  0.0797796324    0.0796273366    0.0794745579    0.0793214306    0.0791679278
  0.0790141031    0.0788597956    0.0787051395    0.0785498664    0.0783942446
  0.0782382742    0.0780819818    0.0779250726    0.0777678147    0.0776101008
  0.0774519041    0.0772934124    0.0771344110    0.0769749805    0.0768152013
  0.0766548321    0.0764939800    0.0763328329    0.0761710957    0.0760090366
  0.0758463874    0.0756832823    0.0755198821    0.0753558919    0.0751914725
  0.0750265971    0.0748611316    0.0746953979    0.0745313272    0.0743647084
  0.0741972581    0.0740295395    0.0738586828    0.0736898109    0.0735205367
  0.0733508334    0.0731805936    0.0730097905    0.0728385851    0.0726666823
  0.0724944040    0.0723215893    0.0721482113    0.0719743237    0.0717998996
  0.0716251269    0.0714495227    0.0712736771    0.0710971877    0.0709201887
  0.0707424119    0.0705642596    0.0703856245    0.0702064797    0.0700265840
  0.0698463395    0.0696654513    0.0694838390    0.0693018779    0.0691191658
  0.0689361319    0.0687523738    0.0686164662    0.0686164662    0.0686164662
  0.0686164662    0.0686164662    0.0686164662    0.0686164662    0.0686164662
  0.0686164662    0.0686164662    0.0686164662    0.0686164662    0.0686164662
  0.0686164662    0.0686164662    0.0686164662    0.0686164662    0.0686164662
  0.0686164662    0.0686164662    0.0686164662    0.0686164662    0.0686164662
  0.0686164662    0.0686164662    0.0686164662    0.0686164662    0.0686164662
  0.0686164662    0.0686164662    0.0686164662    0.0686164662    0.0686164662
  0.0686164662    0.0686164662    0.0686164662    0.0686164662    0.0686164662
  0.0686164662    0.0686164662    0.0686164662    0.0686164662    0.0686164662
  0.0686164662    0.0686164662    0.0686164662    0.0686164662    0.0686164662
  0.0686164662    0.0686164662    0.0686164662    0.0686164662    0.0686164662
  0.0686164662    0.0686164662    0.0686164662    0.0686164662    0.0686164662
  0.0686164662    0.0686164662    0.0686164662    0.0686164662    0.0686164662
  -0.0000002608    0.0006846145    0.0013698652    0.0020561352    0.0027434513
  0.0034318671    0.0041214362    0.0048121318    0.0055040881    0.0061973050
  0.0068918094    0.0075876549    0.0082849488    0.0089836642    0.0096838549
  0.0103856012    0.0110889569    0.0117939219    0.0125006303    0.0132090285
  0.0139192775    0.0146313503    0.0153453544    0.0160613164    0.0167792901
  0.0174993291    0.0182215139    0.0189459518    0.0196725890    0.0204015598
  0.0211329177    0.0218667433    0.0226031169    0.0233421192    0.0240836695
  0.0248280898    0.0255752996    0.0263253525    0.0270783827    0.0278344974
  0.0285937235    0.0293562487    0.0301219925    0.0308911964    0.0316639140
  0.0324401990    0.0332202122    0.0340039805    0.0347916648    0.0355834529
  0.0363793716    0.0371794745    0.0379840299    0.0387929842    0.0396067128
  0.0404251620    0.0412485465    0.0420769468    0.0429106310    0.0437496796
  0.0445943341    0.0454445943    0.0463009968    0.0471632466    0.0480318800
  0.0489070848    0.0497890756    0.0506779328    0.0515739515    0.0524774268
  0.0533886805    0.0543078735    0.0552354351    0.0561716601    0.0571165755
  0.0580708250    0.0590348378    0.0600086942    0.0609931186    0.0619883522
  0.0629947707    0.0640129909    0.0650437906    0.0660871431    0.0671441481
  0.0682152614    0.0693011001    0.0704024687    0.0715200916    0.0726551220
  0.0738080159    0.0749798462    0.0761721417    0.0773854658    0.0786214277
  0.0798815295    0.0811670050    0.0824795976    0.0838213727    0.0851939663
  0.0865999803    0.0880420163    0.0895227835    0.0910444006    0.0916038558
  0.0914857045    0.0913672581    0.0912487850    0.0911298826    0.0910108194
  0.0908916220    0.0907721296    0.0906523421    0.0905323938    0.0904121503
  0.0902917728    0.0901711002    0.0900501326    0.0899290040    0.0898076072
  0.0896859422    0.0895640895    0.0894419685    0.0893197134    0.0891970292
  0.0890743181    0.0889512047    0.0888279304    0.0887042537    0.0885804161
  0.0884564444    0.0883321777    0.0882075086    0.0880824372    0.0879574731
  0.0878321066    0.0877066061    0.0875806764    0.0874546126    0.0873282537
  0.0872016534    0.0870747581    0.0869475946    0.0868202969    0.0866925701
  0.0865646020    0.0864364728    0.0863079414    0.0861792758    0.0860502347
  0.0859210327    0.0857914284    0.0856616899    0.0855315492    0.0854011402
  0.0852704629    0.0851395443    0.0850083306    0.0848768756    0.0847451523
  0.0846130267    0.0844806328    0.0843479708    0.0842150673    0.0840818956
  0.0839483485    0.0838145062    0.0836805835    0.0835460976    0.0834113702
  0.0832764015    0.0831411645    0.0830055252    0.0828696445    0.0827333882
  0.0825969979    0.0824600980    0.0823229298    0.0821855471    0.0820477620
  0.0819097355    0.0817713067    0.0816326633    0.0814936176    0.0813543305
  0.0812146679    0.0810747638    0.0809343502    0.0807938293    0.0806528255
  0.0805114195    0.0803697720    0.0802279100    0.0800855115    0.0799430594
  0.0798000708    0.0796567336    0.0795130208    0.0793690667    0.0792246297
  0.0790799782    0.0789349511    0.0787895486    0.0786438242    0.0784976974
  0.0783512488    0.0782042906    0.0780572787    0.0779096231    0.0777617529
  0.0776135340    0.0774648324    0.0773157820    0.0771663830    0.0770166352
  0.0768664315    0.0767158791    0.0765651122    0.0764137551    0.0762620494
  0.0761099949    0.0759576187    0.0758046523    0.0756514981    0.0754978612
  0.0753437683    0.0751893535    0.0750346169    0.0748794243    0.0747236416
  0.0745675370    0.0744112715    0.0742542550    0.0740969703    0.0739393368
  0.0737811670    0.0736226484    0.0734635934    0.0733042166    0.0731442764
  0.0729840681    0.0728234038    0.0726651266    0.0725034699    0.0723414376
  0.0721789494    0.0720132694    0.0718498155    0.0716862544    0.0715218350
  0.0713571742    0.0711919770    0.0710265383    0.0708604023    0.0706937566
  0.0705268428    0.0703592852    0.0701913252    0.0700230166    0.0698541716
  0.0697020367    0.0697020367    0.0697020367    0.0697020367    0.0697020367
  0.0697020367    0.0697020367    0.0697020367    0.0697020367    0.0697020367
  0.0697020367    0.0697020367    0.0697020367    0.0697020367    0.0697020367
  0.0697020367    0.0697020367    0.0697020367    0.0697020367    0.0697020367
  0.0697020367    0.0697020367    0.0697020367    0.0697020367    0.0697020367
  0.0697020367    0.0697020367    0.0697020367    0.0697020367    0.0697020367
  0.0697020367    0.0697020367    0.0697020367    0.0697020367    0.0697020367
  0.0697020367    0.0697020367    0.0697020367    0.0697020367    0.0697020367
  -0.0000002608    0.0006324992    0.0012654468    0.0018992260    0.0025339171
  0.0031695202    0.0038060352    0.0044435695    0.0050820962    0.0057216421
  0.0063622609    0.0070040330    0.0076469049    0.0082909837    0.0089362696
  0.0095827892    0.0102305964    0.0108797446    0.0115302071    0.0121821180
  0.0128354773    0.0134902850    0.0141465947    0.0148044869    0.0154639885
  0.0161250994    0.0167879537    0.0174524710    0.0181187853    0.0187869504
  0.0194569394    0.0201288328    0.0208027378    0.0214786276    0.0221565828
  0.0228366300    0.0235188767    0.0242032960    0.0248899952    0.0255790815
  0.0262705281    0.0269643888    0.0276607707    0.0283596739    0.0290612862
  0.0297655806    0.0304726109    0.0311825112    0.0318952277    0.0326110557
  0.0333298072    0.0340517238    0.0347769126    0.0355053201    0.0362370536
  0.0369723544    0.0377111420    0.0384536043    0.0391997680    0.0399498209
  0.0407037899    0.0414617017    0.0422239855    0.0429903731    0.0437612668
  0.0445364520    0.0453164652    0.0461011186    0.0468907610    0.0476853922
  0.0484851733    0.0492904261    0.0501009360    0.0509173468    0.0517396316
  0.0525677636    0.0534022257    0.0542430982    0.0550905958    0.0559448794
  0.0568062440    0.0576750651    0.0585512087    0.0594354257    0.0603276893
  0.0612282947    0.0621375367    0.0630559251    0.0639837012    0.0649210528
  0.0658688381    0.0668271378    0.0677963540    0.0687770233    0.0697696552
  0.0707746521    0.0717929259    0.0728244767    0.0738707528    0.0749317273
  0.0760086074    0.0771019831    0.0782123372    0.0793416277    0.0804899618
  0.0816586539    0.0828489646    0.0840623155    0.0852996454    0.0865633413
  0.0878541544    0.0891749009    0.0905269489    0.0919126317    0.0927862272
  0.0926758006    0.0925650790    0.0924541697    0.0923432335    0.0922319755
  0.0921204492    0.0920088693    0.0918969944    0.0917849585    0.0916727617
  0.0915603772    0.0914477244    0.0913350180    0.0912218824    0.0911087200
  0.0909953967    0.0908817783    0.0907679990    0.0906540588    0.0905397967
  0.0904254004    0.0903107092    0.0901959911    0.0900809780    0.0899658039
  0.0898503348    0.0897347048    0.0896189138    0.0895028546    0.0893864736
  0.0892700925    0.0891531482    0.0890363112    0.0889191791    0.0888017789
  0.0886843517    0.0885666296    0.0884486124    0.0883304343    0.0882119879
  0.0880933806    0.0879745051    0.0878554687    0.0877362713    0.0876166716
  0.0874969110    0.0873769894    0.0872567996    0.0871364489    0.0870158300
  0.0868950769    0.0867738679    0.0866525516    0.0865310743    0.0864093021
  0.0862871274    0.0861649528    0.0860425100    0.0859197721    0.0857967392
  0.0856735989    0.0855501637    0.0854265943    0.0853024617    0.0851783559
  0.0850539550    0.0849292859    0.0848044828    0.0846792504    0.0845539108
  0.0844282761    0.0843024001    0.0841762289    0.0840497896    0.0839232430
  0.0837962672    0.0836691573    0.0835416719    0.0834140256    0.0832861379
  0.0831578210    0.0830293968    0.0829007313    0.0827717707    0.0826424077
  0.0825129375    0.0823830649    0.0822530851    0.0821228370    0.0819921866
  0.0818612680    0.0817301080    0.0815987065    0.0814670369    0.0813349649
  0.0812027857    0.0810702309    0.0809372738    0.0808043435    0.0806708768
  0.0805371955    0.0804032460    0.0802688941    0.0801343277    0.0799994931
  0.0798644438    0.0797289923    0.0795931652    0.0794572309    0.0793209210
  0.0791842356    0.0790473089    0.0789100334    0.0787724897    0.0786345974
  0.0784964636    0.0783580884    0.0782192305    0.0780801311    0.0779406562
  0.0778009668    0.0776609018    0.0775206223    0.0773798600    0.0772388563
  0.0770975038    0.0769559100    0.0768139943    0.0766715690    0.0765289292
  0.0763859406    0.0762425765    0.0760990515    0.0759548560    0.0758106336
  0.0756660357    0.0755209818    0.0753757134    0.0752298281    0.0750838891
  0.0749374673    0.0747907236    0.0746434972    0.0744960830    0.0743482128
  0.0742001280    0.0740514800    0.0739026174    0.0737532988    0.0736036852
  0.0734537497    0.0733033314    0.0731526449    0.0730014756    0.0728500113
  0.0726980910    0.0725458756    0.0723932311    0.0722402915    0.0720868960
  0.0719330713    0.0717788175    0.0716244295    0.0714694783    0.0713140979
  0.0711613193    0.0710053757    0.0708487347    0.0707137391    0.0707137391
  0.0707137391    0.0707137391    0.0707137391    0.0707137391    0.0707137391
  0.0707137391    0.0707137391    0.0707137391    0.0707137391    0.0707137391
  0.0707137391    0.0707137391    0.0707137391    0.0707137391    0.0707137391
  -0.0000002608    0.0005888060    0.0011779264    0.0017677709    0.0023583397
  0.0029497132    0.0035418645    0.0041348472    0.0047286615    0.0053233340
  0.0059189186    0.0065154418    0.0071129039    0.0077113315    0.0083108053
  0.0089112714    0.0095128104    0.0101154223    0.0107191607    0.0113240525
  0.0119301245    0.0125374034    0.0131458893    0.0137556627    0.0143667236
  0.0149790987    0.0155928686    0.0162080333    0.0168245926    0.0174426273
  0.0180621907    0.0186832294    0.0193058506    0.0199300811    0.0205559745
  0.0211835310    0.0218128040    0.0224437401    0.0230765268    0.0237111911
  0.0243476793    0.0249861524    0.0256265298    0.0262688920    0.0269133195
  0.0275598392    0.0282085314    0.0288593963    0.0295125142    0.0301678315
  0.0308255360    0.0314856544    0.0321482942    0.0328133211    0.0334809497
  0.0341512606    0.0348240927    0.0354997680    0.0361781791    0.0368595943
  0.0375438258    0.0382311419    0.0389214084    0.0396149740    0.0403116778
  0.0410116538    0.0417151168    0.0424219862    0.0431323692    0.0438465074
  0.0445642129    0.0452857807    0.0460113183    0.0467408255    0.0474745169
  0.0482123926    0.0489547476    0.0497015014    0.0504526809    0.0512088224
  0.0519696578    0.0527354553    0.0535064563    0.0542825803    0.0550640956
  0.0558514580    0.0566444531    0.0574432150    0.0582481995    0.0590594336
  0.0598772123    0.0607017502    0.0615331545    0.0623717204    0.0632176623
  0.0640711412    0.0649326399    0.0658023730    0.0666805014    0.0675675079
  0.0684636071    0.0693692550    0.0702845857    0.0712102965    0.0721467093
  0.0730941191    0.0740529284    0.0750241831    0.0760078833    0.0770047799
  0.0780153826    0.0790405765    0.0800806835    0.0811370447    0.0822096333
  0.0833000317    0.0844090179    0.0855375037    0.0866864279    0.0878575876
  0.0890515462    0.0902701810    0.0915154234    0.0927882388    0.0938890174
  0.0937851354    0.0936810926    0.0935768351    0.0934724167    0.0933678374
  0.0932630703    0.0931582496    0.0930531338    0.0929479644    0.0928424999
  0.0927369818    0.0926313028    0.0925254360    0.0924194083    0.0923130587
  0.0922066823    0.0921002790    0.0919935539    0.0918866679    0.0917795941
  0.0916723594    0.0915649369    0.0914573804    0.0913496092    0.0912417039
  0.0911336109    0.0910253569    0.0909168079    0.0908082053    0.0906994417
  0.0905905172    0.0904812708    0.0903720245    0.0902624562    0.0901525930
  0.0900427029    0.0899326250    0.0898224130    0.0897120133    0.0896014526
  0.0894905970    0.0893797144    0.0892685369    0.0891571984    0.0890456989
  0.0889338776    0.0888220564    0.0887099132    0.0885976359    0.0884851709
  0.0883725718    0.0882596776    0.0881465957    0.0880333796    0.0879200026
  0.0878063306    0.0876924977    0.0875785038    0.0874643758    0.0873499259
  0.0872353420    0.0871204630    0.0870055571    0.0868903562    0.0867748603
  0.0866592303    0.0865434393    0.0864275143    0.0863111332    0.0861947522
  0.0860782370    0.0859612659    0.0858441606    0.0857269213    0.0856095210
  0.0854918256    0.0853738353    0.0852557376    0.0851374522    0.0850188985
  0.0849002108    0.0847812280    0.0846619770    0.0845425919    0.0844228849
  0.0843032047    0.0841830954    0.0840627179    0.0839422062    0.0838215336
  0.0837005928    0.0835793838    0.0834580138    0.0833362415    0.0832143351
  0.0830922946    0.0829699859    0.0828474090    0.0827245370    0.0826015308
  0.0824782833    0.0823547408    0.0822310910    0.0821070120    0.0819827989
  0.0818583444    0.0817337289    0.0816087380    0.0814834520    0.0813580588
  0.0812324241    0.0811064944    0.0809803233    0.0808538839    0.0807271764
  0.0806002006    0.0804729834    0.0803456321    0.0802179053    0.0800899103
  0.0799618080    0.0798331693    0.0797045574    0.0795755431    0.0794462875
  0.0793167636    0.0791870251    0.0790570185    0.0789266095    0.0787961200
  0.0786652282    0.0785340950    0.0784027204    0.0782711044    0.0781391129
  0.0780068532    0.0778743789    0.0777415290    0.0776084378    0.0774752393
  0.0773415580    0.0772076085    0.0770734444    0.0769390658    0.0768041506
  0.0766691551    0.0765337840    0.0763981983    0.0762622640    0.0761260882
  0.0759894028    0.0758526638    0.0757155493    0.0755780861    0.0754403815
  0.0753023550    0.0751640871    0.0750254974    0.0748865321    0.0747472450
  0.0746076092    0.0744677588    0.0743275598    0.0741870120    0.0740461424
  0.0739050850    0.0737635180    0.0736217901    0.0734797135    0.0733373150
  0.0731944337    0.0730513647    0.0729080006    0.0727641270    0.0726202533
  -0.0000002608    0.0005516306    0.0011034414    0.0016558692    0.0022089139
  0.0027626291    0.0033170417    0.0038721517    0.0044279590    0.0049845174
  0.0055418536    0.0060999408    0.0066588596    0.0072185561    0.0077791378
  0.0083405778    0.0089029029    0.0094661400    0.0100303158    0.0105954304
  0.0111615375    0.0117286369    0.0122967824    0.0128659472    0.0134361580
  0.0140075222    0.0145799860    0.0151536033    0.0157283738    0.0163043782
  0.0168815628    0.0174600348    0.0180397674    0.0186207876    0.0192031488
  0.0197869316    0.0203720286    0.0209585741    0.0215465412    0.0221360102
  0.0227270082    0.0233194813    0.0239136174    0.0245093361    0.0251066104
  0.0257056281    0.0263063088    0.0269088134    0.0275130078    0.0281190529
  0.0287269488    0.0293367222    0.0299484536    0.0305620894    0.0311777905
  0.0317955032    0.0324153617    0.0330373392    0.0336614355    0.0342877850
  0.0349165216    0.0355474040    0.0361806735    0.0368164375    0.0374546424
  0.0380953416    0.0387387499    0.0393845990    0.0400331840    0.0406845853
  0.0413387761    0.0419958100    0.0426557943    0.0433188632    0.0439848289
  0.0446540937    0.0453264967    0.0460022524    0.0466812536    0.0473636881
  0.0480496630    0.0487393931    0.0494327709    0.0501297161    0.0508308455
  0.0515356764    0.0522447720    0.0529579982    0.0536754891    0.0543974325
  0.0551238284    0.0558548644    0.0565906748    0.0573314205    0.0580771551
  0.0588280126    0.0595841274    0.0603459015    0.0611131206    0.0618862942
  0.0626653150    0.0634505853    0.0642421857    0.0650402233    0.0658452079
  0.0666570321    0.0674759641    0.0683025941    0.0691367611    0.0699789211
  0.0708293959    0.0716883466    0.0725562558    0.0734333113    0.0743199423
  0.0752164707    0.0761233255    0.0770409361    0.0779697046    0.0789100334
  0.0798627272    0.0808281615    0.0818066046    0.0827993169    0.0838063255
  0.0848285422    0.0858671203    0.0869221136    0.0879949704    0.0890866563
  0.0901979759    0.0913301364    0.0924843714    0.0936619684    0.0948644832
  0.0948251620    0.0947268590    0.0946283951    0.0945297167    0.0944310114
  0.0943321183    0.0942330375    0.0941339031    0.0940346077    0.0939350978
  0.0938355610    0.0937357023    0.0936359242    0.0935358509    0.0934356973
  0.0933353826    0.0932348803    0.0931343511    0.0930334732    0.0929327026
  0.0928316370    0.0927303568    0.0926290497    0.0925275549    0.0924260333
  0.0923241898    0.0922222927    0.0921202347    0.0920179889    0.0919155553
  0.0918130949    0.0917103127    0.0916075036    0.0915045068    0.0914013222
  0.0912981108    0.0911946043    0.0910910442    0.0909870282    0.0908831194
  0.0907790497    0.0906749263    0.0905704811    0.0904658750    0.0903612420
  0.0902564213    0.0901513055    0.0900461361    0.0899408057    0.0898352876
  0.0897296086    0.0896237686    0.0895177677    0.0894115791    0.0893053636
  0.0891988263    0.0890921280    0.0889852688    0.0888783827    0.0887713090
  0.0886638060    0.0885564104    0.0884486929    0.0883409753    0.0882329360
  0.0881247357    0.0880163744    0.0879078522    0.0877991423    0.0876902983
  0.0875812665    0.0874720737    0.0873627201    0.0872530714    0.0871433958
  0.0870335594    0.0869232938    0.0868131354    0.0867026821    0.0865920678
  0.0864811316    0.0863701954    0.0862589642    0.0861475721    0.0860360190
  0.0859243318    0.0858124569    0.0857002869    0.0855879828    0.0854755178
  0.0853628919    0.0852499709    0.0851368889    0.0850238070    0.0849102959
  0.0847966239    0.0846827909    0.0845688239    0.0844545618    0.0843402728
  0.0842255548    0.0841108635    0.0839957163    0.0838805690    0.0837651268
  0.0836495236    0.0835338131    0.0834177807    0.0833016142    0.0831851795
  0.0830685839    0.0829517201    0.0828346953    0.0827174023    0.0825999752
  0.0824823871    0.0823645309    0.0822465137    0.0821282282    0.0820096746
  0.0818909869    0.0817720309    0.0816529140    0.0815335289    0.0814140096
  0.0812942222    0.0811743006    0.0810539499    0.0809334919    0.0808128729
  0.0806920126    0.0805708572    0.0804494604    0.0803279296    0.0802061036
  0.0800840363    0.0799618348    0.0798393652    0.0797165200    0.0795936480
  0.0794704005    0.0793470457    0.0792233959    0.0790995046    0.0789753452
  0.0788510785    0.0787264094    0.0786016330    0.0784765884    0.0783511683
  0.0782256141    0.0780996576    0.0779736206    0.0778474495    0.0777209029
  0.0775941148    0.0774669245    0.0773396268    0.0772121146    0.0770843342
  0.0769563124    0.0768278882    0.0766993836    0.0765705034    0.0764413819
  -0.0000002608    0.0005195513    0.0010392025    0.0015593633    0.0020800605
  0.0026013210    0.0031231984    0.0036456659    0.0041687503    0.0046924785
  0.0052168235    0.0057418659    0.0062676057    0.0067940429    0.0073211774
  0.0078490630    0.0083777264    0.0089070871    0.0094373062    0.0099683300
  0.0105001584    0.0110328183    0.0115663633    0.0121007666    0.0126361087
  0.0131723359    0.0137095287    0.0142476872    0.0147867575    0.0153269008
  0.0158680633    0.0164102182    0.0169534728    0.0174977735    0.0180432007
  0.0185897544    0.0191374615    0.0196863487    0.0202364162    0.0207876638
  0.0213402256    0.0218940213    0.0224491045    0.0230054483    0.0235632405
  0.0241223201    0.0246828213    0.0252446905    0.0258080617    0.0263728544
  0.0269392028    0.0275070265    0.0280764595    0.0286473945    0.0292200729
  0.0297943071    0.0303702042    0.0309478179    0.0315272287    0.0321083561
  0.0326913610    0.0332761630    0.0338628158    0.0344513729    0.0350419417
  0.0356344953    0.0362290069    0.0368256912    0.0374244943    0.0380252823
  0.0386284307    0.0392336980    0.0398413256    0.0404512331    0.0410635009
  0.0416781828    0.0422954664    0.0429150566    0.0435373828    0.0441622570
  0.0447898939    0.0454201326    0.0460532144    0.0466891125    0.0473280415
  0.0479698673    0.0486146703    0.0492627457    0.0499138787    0.0505683377
  0.0512261227    0.0518872067    0.0525518313    0.0532200500    0.0538919970
  0.0545674846    0.0552468881    0.0559301540    0.0566174701    0.0573088899
  0.0580044940    0.0587043092    0.0594088182    0.0601176456    0.0608313277
  0.0615498111    0.0622729614    0.0630015031    0.0637350067    0.0644739553
  0.0652183756    0.0659684554    0.0667244628    0.0674863175    0.0682544753
  0.0690290436    0.0698100224    0.0705978945    0.0713928208    0.0721949354
  0.0730046675    0.0738217220    0.0746473059    0.0754809633    0.0763232037
  0.0771745637    0.0780348018    0.0789047495    0.0797850236    0.0806753829
  0.0815765247    0.0824891731    0.0834132746    0.0843497410    0.0852989480
  0.0862614587    0.0872382656    0.0882295296    0.0892358139    0.0902585134
  0.0912982717    0.0923561350    0.0934318617    0.0945284024    0.0956454620
  0.0958050266    0.0957118466    0.0956183180    0.0955248699    0.0954312608
  0.0953374371    0.0952435330    0.0951494679    0.0950553492    0.0949611768
  0.0948667899    0.0947722420    0.0946776137    0.0945827976    0.0944879547
  0.0943928972    0.0942977861    0.0942025140    0.0941071615    0.0940116212
  0.0939160541    0.0938202724    0.0937244371    0.0936284408    0.0935322300
  0.0934359923    0.0933395401    0.0932430610    0.0931463942    0.0930495396
  0.0929526314    0.0928555354    0.0927583858    0.0926610485    0.0925636843
  0.0924661323    0.0923683658    0.0922704384    0.0921724841    0.0920744494
  0.0919760928    0.0918774411    0.0917790040    0.0916802451    0.0915814593
  0.0914825931    0.0913834319    0.0912842169    0.0911849752    0.0910855457
  0.0909859285    0.0908861235    0.0907861575    0.0906861380    0.0905859306
  0.0904855356    0.0903851137    0.0902845308    0.0901837334    0.0900828019
  0.0899817899    0.0898806170    0.0897792563    0.0896778688    0.0895761594
  0.0894744232    0.0893724993    0.0892703876    0.0891682491    0.0890658155
  0.0889633283    0.0888606533    0.0887578174    0.0886548206    0.0885517702
  0.0884485587    0.0883450255    0.0882414654    0.0881377175    0.0880339429
  0.0879298732    0.0878256157    0.0877213314    0.0876167253    0.0875120923
  0.0874072984    0.0873023435    0.0871972010    0.0870918974    0.0869864330
  0.0868807808    0.0867751017    0.0866691276    0.0865629926    0.0864566699
  0.0863503471    0.0862437025    0.0861368969    0.0860300645    0.0859229103
  0.0858157560    0.0857082799    0.0856008038    0.0854928717    0.0853850469
  0.0852769271    0.0851686463    0.0850602046    0.0849516019    0.0848428383
  0.0847339138    0.0846246943    0.0845154747    0.0844059333    0.0842962310
  0.0841865286    0.0840765044    0.0839663461    0.0838560268    0.0837453857
  0.0836346373    0.0835237011    0.0834126040    0.0833013728    0.0831900075
  0.0830783203    0.0829664722    0.0828544900    0.0827422395    0.0826299354
  0.0825173631    0.0824046567    0.0822916284    0.0821784928    0.0820651695
  0.0819515780    0.0818379864    0.0817240998    0.0816099450    0.0814957634
  0.0813811794    0.0812665686    0.0811516896    0.0810365155    0.0809212342
  0.0808057919    0.0806901887    0.0805743441    0.0804582044    0.0803419307
  0.0802255228    0.0801088199    0.0799919829    0.0798747435    0.0797575310
  -0.0000002608    0.0004915759    0.0009831712    0.0014751956    0.0019677028
  0.0024606928    0.0029541656    0.0034482017    0.0039427474    0.0044378832
  0.0049335554    0.0054298177    0.0059266701    0.0064241126    0.0069221720
  0.0074208751    0.0079202488    0.0084202662    0.0089209273    0.0094223395
  0.0099244222    0.0104272291    0.0109307602    0.0114350691    0.0119401291
  0.0124459669    0.0129526362    0.0134600833    0.0139683619    0.0144774988
  0.0149874941    0.0154983476    0.0160101399    0.0165228173    0.0170364067
  0.0175510153    0.0180664822    0.0185830221    0.0191005006    0.0196190789
  0.0201385960    0.0206592396    0.0211809024    0.0217036650    0.0222275808
  0.0227525964    0.0232787922    0.0238061950    0.0243347511    0.0248644873
  0.0253955111    0.0259277955    0.0264613941    0.0269962266    0.0275324270
  0.0280699149    0.0286088511    0.0291491285    0.0296909079    0.0302340284
  0.0307787314    0.0313248828    0.0318725631    0.0324217722    0.0329726443
  0.0335250184    0.0340791628    0.0346347824    0.0351922795    0.0357513323
  0.0363123164    0.0368749365    0.0374395415    0.0380058363    0.0385741159
  0.0391442463    0.0397163883    0.0402905151    0.0408667073    0.0414448842
  0.0420251533    0.0426076487    0.0431923702    0.0437792376    0.0443684384
  0.0449599460    0.0455537066    0.0461499080    0.0467486575    0.0473497942
  0.0479536131    0.0485598996    0.0491689488    0.0497806534    0.0503951475
  0.0510123506    0.0516324237    0.0522555277    0.0528817698    0.0535110161
  0.0541432396    0.0547787622    0.0554176107    0.0560597315    0.0567053124
  0.0573542997    0.0580070421    0.0586633787    0.0593233898    0.0599873438
  0.0606552407    0.0613271073    0.0620031044    0.0626832590    0.0633679196
  0.0640570059    0.0647505447    0.0654489651    0.0661519721    0.0668599680
  0.0675731406    0.0682914898    0.0690153107    0.0697445229    0.0704795018
  0.0712201670    0.0719670549    0.0727200314    0.0734795257    0.0742456988
  0.0750183895    0.0757982686    0.0765854433    0.0773801282    0.0781824574
  0.0789930746    0.0798120335    0.0806395486    0.0814757809    0.0823213473
  0.0831768110    0.0840421990    0.0849180207    0.0858047590    0.0867027357
  0.0876124337    0.0885344699    0.0894691393    0.0904175416    0.0913796768
  0.0923570469    0.0933495179    0.0943580821    0.0953838930    0.0964275405
  0.0967321590    0.0966433510    0.0965544626    0.0964654937    0.0963763639
  0.0962871268    0.0961977288    0.0961083844    0.0960187182    0.0959291056
  0.0958393320    0.0957494780    0.0956595436    0.0955694482    0.0954791382
  0.0953889087    0.0952984646    0.0952079937    0.0951173082    0.0950265691
  0.0949356422    0.0948446348    0.0947535738    0.0946624592    0.0945711568
  0.0944796667    0.0943880960    0.0942964986    0.0942046866    0.0941128209
  0.0940209016    0.0939287677    0.0938366070    0.0937442318    0.0936518297
  0.0935592130    0.0934665427    0.0933738187    0.0932809070    0.0931878075
  0.0930946544    0.0930014208    0.0929080263    0.0928145513    0.0927206472
  0.0926269576    0.0925330535    0.0924391225    0.0923449770    0.0922507778
  0.0921564177    0.0920619771    0.0919673756    0.0918726936    0.0917778507
  0.0916827932    0.0915878430    0.0914925709    0.0913972452    0.0913017318
  0.0912062988    0.0911105439    0.0910147354    0.0909187391    0.0908226892
  0.0907264784    0.0906300798    0.0905336276    0.0904369608    0.0903404281
  0.0902434126    0.0901465043    0.0900493816    0.0899522319    0.0898547605
  0.0897572622    0.0896596834    0.0895619437    0.0894640163    0.0893659279
  0.0892677590    0.0891694292    0.0890710458    0.0889725015    0.0888737693
  0.0887749836    0.0886760369    0.0885768756    0.0884777144    0.0883782044
  0.0882786676    0.0881790772    0.0880793259    0.0879793867    0.0878792867
  0.0877789989    0.0876786575    0.0875781551    0.0874775991    0.0873767480
  0.0872758433    0.0871747777    0.0870735243    0.0869721100    0.0868706420
  0.0867690131    0.0866671965    0.0865652189    0.0864632145    0.0863608882
  0.0862585351    0.0861558601    0.0860532925    0.0859504297    0.0858475134
  0.0857443020    0.0856410369    0.0855376378    0.0854340509    0.0853302762
  0.0852263674    0.0851222709    0.0850180134    0.0849137023    0.0848091230
  0.0847044900    0.0845996961    0.0844946072    0.0843894914    0.0842841879
  0.0841786161    0.0840731248    0.0839672044    0.0838612840    0.0837551758
  0.0836489066    0.0835424766    0.0834358856    0.0833291337    0.0832222208
  0.0831150129    0.0830077782    0.0829003826    0.0827928528    0.0826850012
  -0.0000002608    0.0004669532    0.0009338453    0.0014010862    0.0018687561
  0.0023368284    0.0028053835    0.0032743677    0.0037438348    0.0042137846
  0.0046842173    0.0051551595    0.0056266114    0.0060985997    0.0065711245
  0.0070442125    0.0075178638    0.0079920784    0.0084668562    0.0089422509
  0.0094182625    0.0098948911    0.0103721634    0.0108500525    0.0113286391
  0.0118078962    0.0122877970    0.0127684221    0.0132497713    0.0137318179
  0.0142146155    0.0146981642    0.0151824906    0.0156675950    0.0161534771
  0.0166401371    0.0171276823    0.0176160321    0.0181052402    0.0185952798
  0.0190862313    0.0195780680    0.0200708166    0.0205644771    0.0210591033
  0.0215546146    0.0220511720    0.0225486681    0.0230472639    0.0235467985
  0.0240474328    0.0245490327    0.0250517592    0.0255555853    0.0260605380
  0.0265665367    0.0270738229    0.0275821283    0.0280916944    0.0286024138
  0.0291144475    0.0296276614    0.0301421091    0.0306578979    0.0311749205
  0.0316933647    0.0322130695    0.0327341959    0.0332566902    0.0337806061
  0.0343059704    0.0348328099    0.0353611514    0.0358909413    0.0364223674
  0.0369552687    0.0374897793    0.0380259529    0.0385636553    0.0391030475
  0.0396442369    0.0401870623    0.0407317385    0.0412781581    0.0418264017
  0.0423764154    0.0429284409    0.0434823170    0.0440381244    0.0445960239
  0.0451558009    0.0457176968    0.0462817118    0.0468477920    0.0474161521
  0.0479865506    0.0485592827    0.0491343215    0.0497117743    0.0502915338
  0.0508737072    0.0514583752    0.0520455644    0.0526351944    0.0532275602
  0.0538225546    0.0544204190    0.0550209925    0.0556243286    0.0562306419
  0.0568398520    0.0574521199    0.0580674455    0.0586859360    0.0593075648
  0.0599326536    0.0605609879    0.0611928359    0.0618280366    0.0624670461
  0.0631097570    0.0637559816    0.0644061223    0.0650603399    0.0657185271
  0.0663809791    0.0670475885    0.0677184626    0.0683938697    0.0690738901
  0.0697585240    0.0704479590    0.0711424634    0.0718420103    0.0725468412
  0.0732567951    0.0739726767    0.0746940300    0.0754213646    0.0761546537
  0.0768941656    0.0776401415    0.0783927426    0.0791521296    0.0799185440
  0.0806921199    0.0814736620    0.0822625265    0.0830598131    0.0838652536
  0.0846795186    0.0855023935    0.0863348976    0.0871771380    0.0880290613
  0.0888917938    0.0897652015    0.0906500086    0.0915467247    0.0924554840
  0.0933774665    0.0943128332    0.0952621743    0.0962264553    0.0972062126
  0.0976125941    0.0975277290    0.0974429175    0.0973578915    0.0972728387
  0.0971876785    0.0971023306    0.0970170364    0.0969315544    0.0968460187
  0.0967604026    0.0966745719    0.0965888217    0.0965028837    0.0964168653
  0.0963306323    0.0962445065    0.0961581394    0.0960717186    0.0959852442
  0.0958985552    0.0958119467    0.0957251504    0.0956381395    0.0955511823
  0.0954640642    0.0953768656    0.0952895865    0.0952021196    0.0951145992
  0.0950271323    0.0949393436    0.0948514745    0.0947635785    0.0946756020
  0.0945875451    0.0944993004    0.0944110021    0.0943225160    0.0942340836
  0.0941454634    0.0940566286    0.0939679012    0.0938789591    0.0937899634
  0.0937007532    0.0936114892    0.0935219035    0.0934323981    0.0933428124
  0.0932531998    0.0931633726    0.0930734649    0.0929835305    0.0928933814
  0.0928031787    0.0927127883    0.0926224783    0.0925319538    0.0924412683
  0.0923505023    0.0922596827    0.0921686754    0.0920776144    0.0919863388
  0.0918950364    0.0918036535    0.0917120829    0.0916204587    0.0915286466
  0.0914369151    0.0913448617    0.0912527546    0.0911605671    0.0910682186
  0.0909757897    0.0908833340    0.0907905295    0.0906978324    0.0906049207
  0.0905118212    0.0904186949    0.0903254882    0.0902321205    0.0901386723
  0.0900450364    0.0899512395    0.0898574963    0.0897635922    0.0896693394
  0.0895751938    0.0894808605    0.0893864736    0.0892918721    0.0891972438
  0.0891024545    0.0890074506    0.0889123932    0.0888171747    0.0887218758
  0.0886264160    0.0885310367    0.0884352013    0.0883394465    0.0882435307
  0.0881475613    0.0880512699    0.0879550591    0.0878586605    0.0877619669
  0.0876653537    0.0875685528    0.0874715641    0.0873745486    0.0872772112
  0.0871799543    0.0870825365    0.0869847968    0.0868871376    0.0867893174
  0.0866913095    0.0865931138    0.0864948913    0.0863964811    0.0862978831
  0.0861992583    0.0861004725    0.0860016331    0.0859024718    0.0858031228
  0.0857038811    0.0856043443    0.0855047539    0.0854048684    0.0853050634
  -0.0000002608    0.0004450664    0.0008900180    0.0013352916    0.0017808869
  0.0022268847    0.0026732579    0.0031200334    0.0035672382    0.0040148452
  0.0044629082    0.0049114004    0.0053603485    0.0058097526    0.0062596396
  0.0067100093    0.0071608618    0.0076122239    0.0080640957    0.0085165039
  0.0089694217    0.0094228759    0.0098768935    0.0103315011    0.0107866451
  0.0112423792    0.0116987303    0.0121556446    0.0126132295    0.0130713776
  0.0135302231    0.0139896855    0.0144498184    0.0149106219    0.0153720960
  0.0158342943    0.0162971899    0.0167607561    0.0172250733    0.0176901683
  0.0181560144    0.0186225846    0.0190899864    0.0195581123    0.0200271234
  0.0204969123    0.0209675327    0.0214389846    0.0219112679    0.0223844901
  0.0228585437    0.0233335361    0.0238093868    0.0242862567    0.0247639850
  0.0252426520    0.0257223383    0.0262029633    0.0266846880    0.0271672979
  0.0276510343    0.0281357631    0.0286216184    0.0291084930    0.0295964405
  0.0300855413    0.0305758223    0.0310671762    0.0315596834    0.0320534512
  0.0325482920    0.0330443934    0.0335418090    0.0340404317    0.0345403686
  0.0350415125    0.0355440244    0.0360479310    0.0365531251    0.0370596871
  0.0375676975    0.0380771562    0.0385879025    0.0391002849    0.0396140352
  0.0401293948    0.0406462565    0.0411646739    0.0416847005    0.0422062829
  0.0427294746    0.0432544366    0.0437809810    0.0443093494    0.0448395416
  0.0453713432    0.0459050223    0.0464405522    0.0469779059    0.0475171372
  0.0480584338    0.0486016080    0.0491467670    0.0496939912    0.0502433077
  0.0507947162    0.0513482705    0.0519040242    0.0524618968    0.0530221567
  0.0535846159    0.0541494623    0.0547167227    0.0552865312    0.0558586732
  0.0564334437    0.0570106819    0.0575906023    0.0581732854    0.0587585434
  0.0593466446    0.0599376693    0.0605315372    0.0611284360    0.0617283657
  0.0623312995    0.0629375324    0.0635467961    0.0641594395    0.0647754624
  0.0653949723    0.0660178348    0.0666445598    0.0672747180    0.0679087922
  0.0685467288    0.0691886351    0.0698344842    0.0704845712    0.0711388424
  0.0717973515    0.0724604473    0.0731282100    0.0738007203    0.0744777903
  0.0751601174    0.0758474872    0.0765399799    0.0772378638    0.0779413268
  0.0786504492    0.0793654725    0.0800864771    0.0808138385    0.0815477178
  0.0822879806    0.0830351636    0.0837893471    0.0845509872    0.0853200302
  0.0860969052    0.0868817732    0.0876751438    0.0884771779    0.0892880633
  0.0901084438    0.0909382388    0.0917785481    0.0926288351    0.0934901997
  0.0943629906    0.0952475831    0.0961445406    0.0970546141    0.0979774550
  0.0984511063    0.0983699694    0.0982887253    0.0982073203    0.0981259421
  0.0980443761    0.0979628369    0.0978811368    0.0977993295    0.0977174684
  0.0976355538    0.0975535318    0.0974714562    0.0973893002    0.0973069564
  0.0972246662    0.0971421614    0.0970596030    0.0969769642    0.0968942448
  0.0968114719    0.0967286184    0.0966455504    0.0965625629    0.0964793876
  0.0963961050    0.0963127956    0.0962293789    0.0961459085    0.0960623577
  0.0959786192    0.0958949611    0.0958110616    0.0957271084    0.0956429675
  0.0955588803    0.0954747394    0.0953903839    0.0953059480    0.0952214584
  0.0951368883    0.0950521305    0.0949674532    0.0948825613    0.0947975889
  0.0947125629    0.0946274832    0.0945421889    0.0944569483    0.0943711177
  0.0942856357    0.0942000732    0.0941143230    0.0940286264    0.0939427420
  0.0938566700    0.0937706515    0.0936844185    0.0935981318    0.0935117915
  0.0934253976    0.0933387890    0.0932521001    0.0931653842    0.0930784270
  0.0929914430    0.0929043785    0.0928172603    0.0927300617    0.0926427022
  0.0925552353    0.0924676076    0.0923800334    0.0922922716    0.0922044292
  0.0921164259    0.0920283422    0.0919401780    0.0918519869    0.0917635813
  0.0916751221    0.0915865824    0.0914978817    0.0914091006    0.0913202658
  0.0912313506    0.0911422744    0.0910529837    0.0909636393    0.0908743754
  0.0907847628    0.0906952575    0.0906055376    0.0905156299    0.0904256418
  0.0903356269    0.0902455583    0.0901552752    0.0900649652    0.0899744406
  0.0898838624    0.0897932306    0.0897023842    0.0896115109    0.0895204499
  0.0894293085    0.0893381402    0.0892467573    0.0891553476    0.0890637234
  0.0889720455    0.0888801798    0.0887884215    0.0886963144    0.0886041537
  0.0885119393    0.0884195372    0.0883271083    0.0882344648    0.0881417677
  0.0880488828    0.0879559711    0.0878628448    0.0877696916    0.0876763240
  -0.0000002608    0.0004254863    0.0008508310    0.0012764171    0.0017022982
  0.0021285281    0.0025550798    0.0029820070    0.0034092829    0.0038369611
  0.0042649880    0.0046934173    0.0051222757    0.0055515096    0.0059811994
  0.0064112648    0.0068418130    0.0072727636    0.0077041700    0.0081360593
  0.0085684046    0.0090012059    0.0094345167    0.0098683104    0.0103026137
  0.0107374266    0.0111727491    0.0116085812    0.0120449767    0.0124819621
  0.0129194304    0.0133574888    0.0137961641    0.0142353758    0.0146752045
  0.0151156500    0.0155566856    0.0159983113    0.0164406076    0.0168835744
  0.0173271582    0.0177714124    0.0182163373    0.0186619863    0.0191082522
  0.0195552960    0.0200030372    0.0204514489    0.0209006652    0.0213506058
  0.0218013242    0.0222528204    0.0227050945    0.0231581464    0.0236119762
  0.0240666643    0.0245221838    0.0249785617    0.0254357442    0.0258938119
  0.0263527378    0.0268126026    0.0272733793    0.0277350143    0.0281976148
  0.0286611810    0.0291256592    0.0295911834    0.0300576195    0.0305251017
  0.0309936300    0.0314630970    0.0319336101    0.0324052766    0.0328779623
  0.0333516940    0.0338266060    0.0343026176    0.0347797826    0.0352581009
  0.0357375994    0.0362182245    0.0367000833    0.0371831492    0.0376675293
  0.0381531164    0.0386399642    0.0391281798    0.0396176562    0.0401085004
  0.0406007394    0.0410942927    0.0415892407    0.0420855835    0.0425834283
  0.0430826947    0.0435834631    0.0440856263    0.0445895061    0.0450948611
  0.0456018522    0.0461103186    0.0466205016    0.0471324012    0.0476458028
  0.0481611088    0.0486779705    0.0491966560    0.0497171655    0.0502393916
  0.0507636562    0.0512896642    0.0518176302    0.0523475274    0.0528793827
  0.0534133032    0.0539492354    0.0544871792    0.0550272956    0.0555696115
  0.0561140999    0.0566608682    0.0572098359    0.0577609763    0.0583147451
  0.0588707671    0.0594292834    0.0599901333    0.0605537191    0.0611198261
  0.0616884813    0.0622600064    0.0628341064    0.0634110764    0.0639907554
  0.0645735458    0.0651592866    0.0657480851    0.0663397536    0.0669346943
  0.0675330415    0.0681344464    0.0687391773    0.0693474755    0.0699592069
  0.0705745861    0.0711937740    0.0718166634    0.0724434152    0.0730739757
  0.0737087741    0.0743476495    0.0749906823    0.0756380603    0.0762900785
  0.0769466028    0.0776078209    0.0782737866    0.0789449021    0.0796209261
  0.0803022072    0.0809888795    0.0816811576    0.0823790148    0.0830829069
  0.0837928072    0.0845089033    0.0852311954    0.0859605417    0.0866963789
  0.0874395385    0.0881898060    0.0889477178    0.0897134081    0.0904871985
  0.0912690356    0.0920598850    0.0928596660    0.0936685935    0.0944874182
  0.0953161672    0.0961554572    0.0970056906    0.0978673235    0.0987406507
  0.0992522553    0.0991742566    0.0990962848    0.0990182325    0.0989401266
  0.0988619134    0.0987836465    0.0987052992    0.0986268714    0.0985483631
  0.0984697744    0.0983911321    0.0983123824    0.0982335791    0.0981546953
  0.0980757311    0.0979967132    0.0979175881    0.0978382751    0.0977590159
  0.0976797029    0.0976002827    0.0975208089    0.0974411204    0.0973614857
  0.0972817704    0.0972020015    0.0971220180    0.0970420882    0.0969619438
  0.0968818799    0.0968015745    0.0967213765    0.0966409370    0.0965604439
  0.0964798704    0.0963993505    0.0963186428    0.0962378278    0.0961569861
  0.0960760370    0.0959950343    0.0959138170    0.0958326533    0.0957514361
  0.0956700042    0.0955884919    0.0955070600    0.0954254135    0.0953437135
  0.0952619329    0.0951800719    0.0950978622    0.0950158671    0.0949338183
  0.0948515281    0.0947693184    0.0946869209    0.0946044430    0.0945218846
  0.0944392458    0.0943565801    0.0942736730    0.0941908464    0.0941078052
  0.0940247104    0.0939416692    0.0938584402    0.0937749967    0.0936916336
  0.0936081901    0.0935245320    0.0934409544    0.0933570549    0.0932732090
  0.0931892827    0.0931053028    0.0930211082    0.0929368600    0.0928525582
  0.0927681759    0.0926837131    0.0925990626    0.0925143585    0.0924297079
  0.0923448697    0.0922598168    0.0921748444    0.0920896575    0.0920044169
  0.0919191226    0.0918337479    0.0917481586    0.0916626766    0.0915768191
  0.0914910689    0.0914051041    0.0913192198    0.0912331209    0.0911469683
  0.0910606280    0.0909743413    0.0908878669    0.0908013389    0.0907145962
  0.0906279340    0.0905410573    0.0904540196    0.0903670356    0.0902798370
  0.0901926115    0.0901053056    0.0900178120    0.0899302378    0.0898426369
  -0.0000002608    0.0004078373    0.0008155063    0.0012233898    0.0016315416
  0.0020399615    0.0024486765    0.0028577402    0.0032670990    0.0036768064
  0.0040868625    0.0044972405    0.0049079940    0.0053191230    0.0057306007
  0.0061424538    0.0065547094    0.0069673404    0.0073803738    0.0077938363
  0.0082076743    0.0086219683    0.0090366915    0.0094518170    0.0098673984
  0.0102834359    0.0106999293    0.0111168787    0.0115343377    0.0119522259
  0.0123706505    0.0127895579    0.0132089749    0.0136289015    0.0140493646
  0.0144703105    0.0148918197    0.0153138652    0.0157365009    0.0161596730
  0.0165833816    0.0170077339    0.0174326763    0.0178581551    0.0182842776
  0.0187110171    0.0191383466    0.0195663735    0.0199950173    0.0204242781
  0.0208542094    0.0212848112    0.0217161104    0.0221480802    0.0225807741
  0.0230141923    0.0234482810    0.0238830939    0.0243186846    0.0247550264
  0.0251920655    0.0256299093    0.0260685578    0.0265079573    0.0269482151
  0.0273892239    0.0278310910    0.0282737896    0.0287173465    0.0291617349
  0.0296070352    0.0300531134    0.0305001572    0.0309481665    0.0313970610
  0.0318468675    0.0322975859    0.0327492163    0.0332019731    0.0336555615
  0.0341102228    0.0345658228    0.0350225493    0.0354802683    0.0359390065
  0.0363988444    0.0368598089    0.0373218194    0.0377849028    0.0382490858
  0.0387144491    0.0391809925    0.0396487698    0.0401176736    0.0405877575
  0.0410591021    0.0415316537    0.0420054391    0.0424805924    0.0429569796
  0.0434346810    0.0439137772    0.0443941340    0.0448758587    0.0453590319
  0.0458435997    0.0463295892    0.0468170539    0.0473059669    0.0477963284
  0.0482882455    0.0487817183    0.0492768005    0.0497733846    0.0502716318
  0.0507714614    0.0512730077    0.0517761901    0.0522811696    0.0527878925
  0.0532963321    0.0538064882    0.0543185487    0.0548325136    0.0553483561
  0.0558661297    0.0563857809    0.0569073364    0.0574310377    0.0579567507
  0.0584846094    0.0590145603    0.0595464692    0.0600807920    0.0606173679
  0.0611562237    0.0616972789    0.0622406945    0.0627865240    0.0633347675
  0.0638855055    0.0644389525    0.0649947867    0.0655533835    0.0661144748
  0.0666784897    0.0672452137    0.0678148344    0.0683873251    0.0689629272
  0.0695413992    0.0701229289    0.0707076237    0.0712956980    0.0718869105
  0.0724815831    0.0730795011    0.0736811206    0.0742861465    0.0748950347
  0.0755078122    0.0761242375    0.0767445788    0.0773689434    0.0779975727
  0.0786305472    0.0792677060    0.0799093440    0.0805554077    0.0812062189
  0.0818621263    0.0825227812    0.0831884786    0.0838592991    0.0845358327
  0.0852176234    0.0859053150    0.0865988806    0.0872983471    0.0880039290
  0.0887159750    0.0894347265    0.0901602373    0.0908930704    0.0916327700
  0.0923801139    0.0931354776    0.0938986465    0.0946704254    0.0954504922
  0.0962397054    0.0970384941    0.0978465095    0.0986649588    0.0994935200
  0.1000193402    0.0999443993    0.0998693779    0.0997943029    0.0997192547
  0.0996439919    0.0995687827    0.0994934931    0.0994180158    0.0993425652
  0.0992670342    0.0991914228    0.0991157576    0.0990401193    0.0989642665
  0.0988883600    0.0988124803    0.0987364128    0.0986603990    0.0985841438
  0.0985079691    0.0984317139    0.0983553782    0.0982788280    0.0982023314
  0.0981257543    0.0980490968    0.0979723588    0.0978957012    0.0978188023
  0.0977418497    0.0976647899    0.0975878105    0.0975106165    0.0974333420
  0.0973561212    0.0972787127    0.0972013310    0.0971237615    0.0970462456
  0.0969684884    0.0968908116    0.0968129471    0.0967351094    0.0966570571
  0.0965790853    0.0965010330    0.0964227661    0.0963445529    0.0962662861
  0.0961877778    0.0961093500    0.0960308418    0.0959522530    0.0958734766
  0.0957944587    0.0957156554    0.0956366375    0.0955575660    0.0954785213
  0.0953994229    0.0953201100    0.0952408507    0.0951614037    0.0950818494
  0.0950023755    0.0949227139    0.0948430791    0.0947632566    0.0946833536
  0.0946033701    0.0945233330    0.0944432154    0.0943631515    0.0942828998
  0.0942024335    0.0941220209    0.0940415278    0.0939609811    0.0938803539
  0.0937995389    0.0937187776    0.0936378017    0.0935567454    0.0934757695
  0.0933945790    0.0933133349    0.0932320103    0.0931506053    0.0930691466
  0.0929874733    0.0929058537    0.0928241804    0.0927422926    0.0926603511
  0.0925783291    0.0924963608    0.0924142048    0.0923318341    0.0922495440
  0.0921671733    0.0920846149    0.0920019761    0.0919194177    0.0918366447
  -0.0000002608    0.0003918514    0.0007835343    0.0011753783    0.0015674368
  0.0019597635    0.0023523316    0.0027451947    0.0031383529    0.0035318062
  0.0039255545    0.0043196246    0.0047140166    0.0051087305    0.0055037662
  0.0058991507    0.0062948570    0.0066909388    0.0070873693    0.0074841484
  0.0078813031    0.0082788602    0.0086767659    0.0090750739    0.0094737574
  0.0098728433    0.0102723315    0.0106722757    0.0110725686    0.0114733443
  0.0118745491    0.0122761831    0.0126782730    0.0130807921    0.0134837940
  0.0138872519    0.0142911926    0.0146956161    0.0151005492    0.0155059382
  0.0159118637    0.0163182721    0.0167251632    0.0171326712    0.0175406620
  0.0179491892    0.0183582529    0.0187679067    0.0191781238    0.0195888773
  0.0200002477    0.0204121545    0.0208247319    0.0212378189    0.0216515765
  0.0220659509    0.0224809423    0.0228965774    0.0233128026    0.0237297520
  0.0241473183    0.0245655820    0.0249845430    0.0254041478    0.0258244500
  0.0262455031    0.0266672269    0.0270896479    0.0275128737    0.0279367968
  0.0283614978    0.0287869498    0.0292131796    0.0296402141    0.0300679728
  0.0304966167    0.0309260115    0.0313562915    0.0317872956    0.0322192654
  0.0326520666    0.0330856726    0.0335201904    0.0339556202    0.0343919352
  0.0348291621    0.0352672473    0.0357063517    0.0361463949    0.0365873769
  0.0370293245    0.0374722645    0.0379162773    0.0383611754    0.0388071999
  0.0392542168    0.0397022799    0.0401514158    0.0406017050    0.0410529330
  0.0415053681    0.0419589296    0.0424135372    0.0428694859    0.0433264539
  0.0437846020    0.0442439839    0.0447045997    0.0451664492    0.0456295058
  0.0460939035    0.0465595886    0.0470264539    0.0474948481    0.0479643688
  0.0484353110    0.0489076212    0.0493813530    0.0498566404    0.0503331348
  0.0508112118    0.0512908444    0.0517717376    0.0522543475    0.0527385131
  0.0532241002    0.0537114039    0.0542003170    0.0546907857    0.0551829442
  0.0556768194    0.0561724648    0.0566698536    0.0571689054    0.0576697007
  0.0581725344    0.0586771652    0.0591834858    0.0596920326    0.0602022961
  0.0607146785    0.0612290189    0.0617453173    0.0622638419    0.0627844855
  0.0633071139    0.0638321295    0.0643594250    0.0648888662    0.0654204801
  0.0659545884    0.0664911911    0.0670300469    0.0675714508    0.0681154296
  0.0686621174    0.0692111656    0.0697631106    0.0703175768    0.0708748594
  0.0714351997    0.0719982222    0.0725643024    0.0731335208    0.0737055823
  0.0742808625    0.0748594418    0.0754412934    0.0760264173    0.0766150013
  0.0772070184    0.0778027639    0.0784021571    0.0790052518    0.0796123967
  0.0802231625    0.0808381394    0.0814571932    0.0820804849    0.0827080145
  0.0833400235    0.0839765117    0.0846180156    0.0852642134    0.0859152392
  0.0865714952    0.0872327402    0.0878994033    0.0885717526    0.0892498150
  0.0899333760    0.0906232670    0.0913192734    0.0920215294    0.0927306786
  0.0934460774    0.0941691473    0.0948990837    0.0956367180    0.0963821575
  0.0971355632    0.0978973106    0.0986677215    0.0994470105    0.1002359554
  0.1007554725    0.1006833479    0.1006110087    0.1005387232    0.1004663303
  0.1003940180    0.1003214642    0.1002489641    0.1001762494    0.1001035884
  0.1000308469    0.0999580249    0.0998852566    0.0998123810    0.0997393176
  0.0996662810    0.0995931640    0.0995199934    0.0994467154    0.0993734911
  0.0993000522    0.0992266670    0.0991532013    0.0990796551    0.0990060017
  0.0989322945    0.0988586411    0.0987847731    0.0987109318    0.0986369029
  0.0985629007    0.0984888449    0.0984146819    0.0983404651    0.0982662752
  0.0981918976    0.0981175467    0.0980431423    0.0979684964    0.0978939310
  0.0978192583    0.0977445319    0.0976696983    0.0975948110    0.0975199506
  0.0974449024    0.0973698810    0.0972948059    0.0972194895    0.0971442536
  0.0970689371    0.0969935402    0.0969180360    0.0968426123    0.0967669740
  0.0966912553    0.0966154560    0.0965397105    0.0964635089    0.0963876024
  0.0963116154    0.0962354407    0.0961592928    0.0960830912    0.0960068092
  0.0959304467    0.0958540037    0.0957774803    0.0957008764    0.0956241921
  0.0955474272    0.0954707429    0.0953938439    0.0953168377    0.0952399388
  0.0951627985    0.0950855777    0.0950084105    0.0949310556    0.0948537543
  0.0947762117    0.0946987495    0.0946212336    0.0945434764    0.0944657996
  0.0943878815    0.0943100438    0.0942321524    0.0941541538    0.0940759674
  0.0939976737    0.0939194605    0.0938411936    0.0937626854    0.0936842576
  -0.0000002608    0.0003772870    0.0007544056    0.0011316583    0.0015090719
  0.0018867269    0.0022646233    0.0026427612    0.0030211672    0.0033998147
  0.0037787572    0.0041579679    0.0045374736    0.0049172744    0.0052973703
  0.0056777343    0.0060584471    0.0064394549    0.0068207845    0.0072024360
  0.0075844362    0.0079667315    0.0083494022    0.0087324217    0.0091157630
  0.0094994798    0.0098835722    0.0102680132    0.0106528565    0.0110380217
  0.0114236161    0.0118096128    0.0121960118    0.0125827864    0.0129699633
  0.0133575693    0.0137456045    0.0141340420    0.0145229623    0.0149122849
  0.0153020367    0.0156922713    0.0160829619    0.0164741352    0.0168657646
  0.0172578499    0.0176504448    0.0180435225    0.0184370831    0.0188311800
  0.0192257598    0.0196209028    0.0200165018    0.0204126641    0.0208093628
  0.0212066516    0.0216044500    0.0220027849    0.0224017099    0.0228011981
  0.0232012764    0.0236019447    0.0240032300    0.0244050518    0.0248075709
  0.0252106264    0.0256143793    0.0260186955    0.0264237091    0.0268293396
  0.0272356674    0.0276426122    0.0280502811    0.0284585938    0.0288676307
  0.0292773113    0.0296877161    0.0300988451    0.0305107519    0.0309233025
  0.0313366845    0.0317507908    0.0321656212    0.0325812563    0.0329976156
  0.0334148064    0.0338328019    0.0342516288    0.0346712604    0.0350917235
  0.0355129376    0.0359350905    0.0363581285    0.0367820248    0.0372066990
  0.0376323387    0.0380589172    0.0384863809    0.0389147565    0.0393440709
  0.0397742972    0.0402055964    0.0406377271    0.0410709575    0.0415050998
  0.0419403151    0.0423764691    0.0428137764    0.0432521030    0.0436913684
  0.0441318676    0.0445733592    0.0450159773    0.0454597488    0.0459046200
  0.0463505104    0.0467977419    0.0472461537    0.0476957187    0.0481464103
  0.0485983625    0.0490516558    0.0495060489    0.0499617830    0.0504188851
  0.0508771405    0.0513368443    0.0517979160    0.0522602484    0.0527241096
  0.0531891242    0.0536558554    0.0541237399    0.0545932606    0.0550641760
  0.0555365399    0.0560106203    0.0564861223    0.0569631264    0.0574419275
  0.0579222575    0.0584042504    0.0588878527    0.0593732253    0.0598602071
  0.0603488520    0.0608394817    0.0613318548    0.0618260786    0.0623219922
  0.0628199175    0.0633196935    0.0638215080    0.0643252537    0.0648309037
  0.0653388605    0.0658487216    0.0663605943    0.0668747470    0.0673910990
  0.0679096773    0.0684304550    0.0689536467    0.0694790110    0.0700069234
  0.0705372229    0.0710700437    0.0716052517    0.0721432760    0.0726837412
  0.0732268080    0.0737727985    0.0743213370    0.0748727724    0.0754272386
  0.0759846017    0.0765449151    0.0771083131    0.0776749298    0.0782447115
  0.0788176849    0.0793941185    0.0799737439    0.0805572048    0.0811440721
  0.0817345604    0.0823289916    0.0829269096    0.0835289314    0.0841348425
  0.0847451255    0.0853594318    0.0859781101    0.0866012946    0.0872289851
  0.0878614500    0.0884985551    0.0891404077    0.0897876516    0.0904399380
  0.0910975620    0.0917608991    0.0924295738    0.0931041226    0.0937848672
  0.0944714591    0.0951649979    0.0958645448    0.0965713337    0.0972848549
  0.0980055645    0.0987342402    0.0994700238    0.1002140954    0.1009665892
  0.1014634684    0.1013937846    0.1013241008    0.1012542292    0.1011843845
  0.1011145934    0.1010445878    0.1009746090    0.1009045497    0.1008344099
  0.1007643238    0.1006940231    0.1006237492    0.1005533949    0.1004829600
  0.1004125789    0.1003421172    0.1002715483    0.1002008989    0.1001301691
  0.1000594929    0.0999887362    0.0999177381    0.0998469546    0.0997759297
  0.0997048244    0.0996337458    0.0995626137    0.0994913742    0.0994202152
  0.0993488148    0.0992774680    0.0992060408    0.0991345063    0.0990629181
  0.0989913568    0.0989196077    0.0988478854    0.0987760827    0.0987041995
  0.0986323699    0.0985604331    0.0984883085    0.0984162107    0.0983440593
  0.0982718006    0.0981995955    0.0981271759    0.0980548099    0.0979823634
  0.0979098096    0.0978372023    0.0977645144    0.0976918533    0.0976190045
  0.0975461826    0.0974732801    0.0974003240    0.0973272607    0.0972542509
  0.0971810266    0.0971075878    0.0970343366    0.0969610050    0.0968875930
  0.0968141004    0.0967406347    0.0966669813    0.0965932474    0.0965195671
  0.0964457795    0.0963719383    0.0962980166    0.0962239876    0.0961500391
  0.0960758761    0.0960016057    0.0959274158    0.0958531454    0.0957787946
  0.0957043365    0.0956298247    0.0955552325    0.0954805598    0.0954058066
  -0.0000002608    0.0003639832    0.0007277444    0.0010916397    0.0014556959
  0.0018199399    0.0021843985    0.0025490716    0.0029139593    0.0032791153
  0.0036444858    0.0040101245    0.0043760315    0.0047422066    0.0051086232
  0.0054753080    0.0058422878    0.0062095627    0.0065771058    0.0069449440
  0.0073130503    0.0076815054    0.0080502287    0.0084192738    0.0087886676
  0.0091583565    0.0095283672    0.0098986998    0.0102693811    0.0106404111
  0.0110117897    0.0113835171    0.0117555663    0.0121279910    0.0125007913
  0.0128739938    0.0132475182    0.0136214450    0.0139957741    0.0143705055
  0.0147455856    0.0151211217    0.0154970333    0.0158733740    0.0162501171
  0.0166273162    0.0170049176    0.0173830017    0.0177614883    0.0181404039
  0.0185198292    0.0188996568    0.0192799941    0.0196607605    0.0200420097
  0.0204237685    0.0208060101    0.0211887345    0.0215719953    0.0219557658
  0.0223399922    0.0227247819    0.0231101081    0.0234959170    0.0238822892
  0.0242692247    0.0246566698    0.0250447050    0.0254332766    0.0258224651
  0.0262122706    0.0266025588    0.0269934908    0.0273850128    0.0277771786
  0.0281699076    0.0285632536    0.0289572969    0.0293519303    0.0297471806
  0.0301431015    0.0305396929    0.0309369549    0.0313349411    0.0317334905
  0.0321328446    0.0325327620    0.0329334840    0.0333348766    0.0337370470
  0.0341398880    0.0345434800    0.0349478498    0.0353529170    0.0357588425
  0.0361654654    0.0365729466    0.0369811788    0.0373902425    0.0378000572
  0.0382106766    0.0386222079    0.0390345171    0.0394477114    0.0398617104
  0.0402765676    0.0406924173    0.0411090717    0.0415266648    0.0419451699
  0.0423645064    0.0427849695    0.0432062373    0.0436284706    0.0440517232
  0.0444758609    0.0449011251    0.0453271940    0.0457544431    0.0461827114
  0.0466119453    0.0470423058    0.0474737391    0.0479061648    0.0483397707
  0.0487744495    0.0492102280    0.0496471867    0.0500852183    0.0505245104
  0.0509649560    0.0514065281    0.0518494949    0.0522934809    0.0527388081
  0.0531853691    0.0536331102    0.0540822998    0.0545327231    0.0549844876
  0.0554375932    0.0558920398    0.0563478813    0.0568052784    0.0572639093
  0.0577240154    0.0581855699    0.0586487338    0.0591132656    0.0595792457
  0.0600469694    0.0605161145    0.0609870031    0.0614592597    0.0619333133
  0.0624090299    0.0628864363    0.0633654788    0.0638463721    0.0643290088
  0.0648133084    0.0652995124    0.0657876208    0.0662776604    0.0667695239
  0.0672632650    0.0677590981    0.0682569966    0.0687566921    0.0692586407
  0.0697626278    0.0702688143    0.0707769856    0.0712875172    0.0718002483
  0.0723154739    0.0728330061    0.0733526304    0.0738749102    0.0743996307
  0.0749269262    0.0754565552    0.0759891614    0.0765241012    0.0770619109
  0.0776025102    0.0781457648    0.0786920503    0.0792412594    0.0797933653
  0.0803485557    0.0809069112    0.0814684048    0.0820332512    0.0826014772
  0.0831728682    0.0837480143    0.0843264058    0.0849087670    0.0854946151
  0.0860844865    0.0866781667    0.0872759506    0.0878777578    0.0884835616
  0.0890937373    0.0897086337    0.0903277948    0.0909515426    0.0915802255
  0.0922137097    0.0928523168    0.0934961811    0.0941451952    0.0948000297
  0.0954602286    0.0961257651    0.0967978731    0.0974761769    0.0981605157
  0.0988514528    0.0995495245    0.1002543017    0.1009661600    0.1016856894
  0.1021454468    0.1020781770    0.1020106658    0.1019433424    0.1018758044
  0.1018082932    0.1017407015    0.1016730294    0.1016052499    0.1015375242
  0.1014698520    0.1014019385    0.1013340786    0.1012660041    0.1011980906
  0.1011299893    0.1010618880    0.1009937331    0.1009254709    0.1008572623
  0.1007889733    0.1007205769    0.1006521001    0.1005836770    0.1005150124
  0.1004464284    0.1003778711    0.1003092065    0.1002404884    0.1001716629
  0.1001027569    0.1000338778    0.0999649450    0.0998959050    0.0998267576
  0.0997576907    0.0996885166    0.0996192619    0.0995499268    0.0994806454
  0.0994111225    0.0993417874    0.0992722377    0.0992026076    0.0991330042
  0.0990633473    0.0989937171    0.0989238724    0.0988540545    0.0987841830
  0.0987142041    0.0986441448    0.0985741392    0.0985040262    0.0984338596
  0.0983635858    0.0982932314    0.0982229307    0.0981525227    0.0980820611
  0.0980114922    0.0979409769    0.0978702471    0.0977995709    0.0977285191
  0.0976578161    0.0975868717    0.0975159809    0.0974450096    0.0973739579
  0.0973028257    0.0972317204    0.0971605614    0.0970891610    0.0970178142
  -0.0000002608    0.0003517523    0.0007032558    0.0010548934    0.0014066651
  0.0017585710    0.0021106914    0.0024629995    0.0028154954    0.0031682327
  0.0035211846    0.0038743779    0.0042277858    0.0045814082    0.0049353257
  0.0052894577    0.0056438312    0.0059984729    0.0063533559    0.0067085341
  0.0070639536    0.0074196681    0.0077756509    0.0081319019    0.0084884480
  0.0088452891    0.0092023984    0.0095598295    0.0099175557    0.0102756038
  0.0106339470    0.0109925851    0.0113515720    0.0117108807    0.0120705113
  0.0124304906    0.0127907917    0.0131514415    0.0135124668    0.0138737872
  0.0142354831    0.0145975813    0.0149600014    0.0153228238    0.0156859681
  0.0160495415    0.0164135173    0.0167778417    0.0171425685    0.0175077245
  0.0178732559    0.0182392165    0.0186056063    0.0189723715    0.0193395928
  0.0197072700    0.0200753227    0.0204438582    0.0208128229    0.0211822435
  0.0215521201    0.0219224796    0.0222932950    0.0226645663    0.0230363205
  0.0234085575    0.0237812772    0.0241545066    0.0245282724    0.0249025211
  0.0252772793    0.0256525472    0.0260283783    0.0264046922    0.0267815694
  0.0271589831    0.0275369331    0.0279154465    0.0282945231    0.0286741897
  0.0290544197    0.0294351593    0.0298165962    0.0301985964    0.0305811331
  0.0309643403    0.0313481644    0.0317325786    0.0321176633    0.0325033650
  0.0328896299    0.0332765922    0.0336642787    0.0340525553    0.0344415560
  0.0348312005    0.0352215156    0.0356125548    0.0360042378    0.0363966718
  0.0367898300    0.0371837124    0.0375783458    0.0379736498    0.0383698389
  0.0387666181    0.0391642019    0.0395626172    0.0399617836    0.0403617546
  0.0407625571    0.0411641106    0.0415665761    0.0419697657    0.0423738137
  0.0427787468    0.0431845382    0.0435911343    0.0439986423    0.0444070622
  0.0448163942    0.0452265576    0.0456376329    0.0460497007    0.0464626804
  0.0468765721    0.0472914830    0.0477074668    0.0481242552    0.0485421434
  0.0489609435    0.0493809238    0.0498017892    0.0502236739    0.0506467119
  0.0510707423    0.0514958724    0.0519221559    0.0523495927    0.0527781293
  0.0532077119    0.0536385015    0.0540703371    0.0545036212    0.0549379513
  0.0553733543    0.0558102593    0.0562481835    0.0566873953    0.0571278676
  0.0575697616    0.0580128893    0.0584573314    0.0589031950    0.0593503729
  0.0597987846    0.0602488592    0.0607001677    0.0611528710    0.0616071835
  0.0620630249    0.0625201002    0.0629789457    0.0634392396    0.0639010891
  0.0643644139    0.0648295090    0.0652962133    0.0657645807    0.0662345842
  0.0667063043    0.0671798214    0.0676549479    0.0681320056    0.0686108604
  0.0690914050    0.0695739880    0.0700584486    0.0705448940    0.0710330829
  0.0715234175    0.0720158711    0.0725102559    0.0730068669    0.0735055432
  0.0740062311    0.0745093063    0.0750145540    0.0755221352    0.0760321572
  0.0765445128    0.0770589069    0.0775760904    0.0780958220    0.0786180750
  0.0791426614    0.0796701983    0.0802003369    0.0807332650    0.0812689289
  0.0818074360    0.0823489740    0.0828934625    0.0834410354    0.0839915052
  0.0845453277    0.0851023957    0.0856628433    0.0862265900    0.0867936894
  0.0873646781    0.0879389122    0.0885169819    0.0890990749    0.0896845743
  0.0902743116    0.0908682600    0.0914663926    0.0920685485    0.0926752910
  0.0932863787    0.0939021870    0.0945228770    0.0951481536    0.0957789823
  0.0964142904    0.0970552310    0.0977017239    0.0983536080    0.0990113661
  0.0996749446    0.1003447726    0.1010210648    0.1017037675    0.1023932561
  0.1028036341    0.1027384296    0.1026731446    0.1026078597    0.1025425211
  0.1024772093    0.1024118170    0.1023463175    0.1022808447    0.1022153184
  0.1021496847    0.1020839438    0.1020182565    0.1019524887    0.1018867478
  0.1018209264    0.1017550245    0.1016890153    0.1016230598    0.1015569970
  0.1014909878    0.1014248714    0.1013587013    0.1012923971    0.1012261733
  0.1011598423    0.1010934040    0.1010270461    0.1009605810    0.1008940086
  0.1008274898    0.1007607564    0.1006940767    0.1006274238    0.1005606636
  0.1004938498    0.1004269287    0.1003600612    0.1002930865    0.1002260312
  0.1001588687    0.1000917867    0.1000245973    0.0999574617    0.0998902187
  0.0998228952    0.0997554913    0.0996879801    0.0996205226    0.0995529845
  0.0994853392    0.0994177476    0.0993500754    0.0992822960    0.0992145970
  0.0991467908    0.0990788773    0.0990109101    0.0989429697    0.0988749221
  0.0988066867    0.0987386122    0.0986704573    0.0986021951    0.0985338792
  -0.0000002608    0.0003404602    0.0006806716    0.0010209903    0.0013614163
  0.0017019764    0.0020427242    0.0023836330    0.0027247295    0.0030660138
  0.0034075126    0.0037491724    0.0040911004    0.0044332162    0.0047755465
  0.0051180914    0.0054608777    0.0058039054    0.0061471745    0.0064906314
  0.0068343565    0.0071783498    0.0075225845    0.0078670606    0.0082118317
  0.0085568175    0.0089020982    0.0092476204    0.0095934644    0.0099395499
  0.0102859303    0.0106325790    0.0109795228    0.0113267615    0.0116742954
  0.0120221242    0.0123702750    0.0127187207    0.0130674884    0.0134165779
  0.0137659892    0.0141157225    0.0144658044    0.0148161814    0.0151669338
  0.0155179814    0.0158694044    0.0162212029    0.0165733233    0.0169258460
  0.0172786906    0.0176319107    0.0179855064    0.0183394775    0.0186938509
  0.0190485463    0.0194036976    0.0197592244    0.0201151803    0.0204715386
  0.0208282456    0.0211854085    0.0215429738    0.0219009951    0.0222594187
  0.0226183251    0.0229776070    0.0233373716    0.0236975655    0.0240582153
  0.0244192675    0.0247808293    0.0251428738    0.0255054012    0.0258683577
  0.0262318507    0.0265958264    0.0269602582    0.0273252264    0.0276906505
  0.0280566379    0.0284231082    0.0287901148    0.0291576847    0.0295257106
  0.0298943266    0.0302634791    0.0306331679    0.0310033664    0.0313742086
  0.0317455873    0.0321176097    0.0324901149    0.0328632638    0.0332369223
  0.0336112782    0.0339861438    0.0343617067    0.0347378597    0.0351146564
  0.0354919627    0.0358700469    0.0362487212    0.0366281196    0.0370080009
  0.0373887137    0.0377700701    0.0381520703    0.0385347411    0.0389181629
  0.0393022284    0.0396870181    0.0400726393    0.0404587701    0.0408457860
  0.0412334725    0.0416219637    0.0420112059    0.0424011186    0.0427919164
  0.0431833848    0.0435757384    0.0439687893    0.0443628058    0.0447574928
  0.0451530918    0.0455494151    0.0459467307    0.0463448241    0.0467438027
  0.0471436128    0.0475442275    0.0479458615    0.0483483806    0.0487517580
  0.0491561010    0.0495613292    0.0499675229    0.0503746822    0.0507827535
  0.0511918977    0.0516019270    0.0520129755    0.0524250701    0.0528381839
  0.0532522634    0.0536674425    0.0540837482    0.0545009926    0.0549192831
  0.0553388879    0.0557594046    0.0561810747    0.0566038981    0.0570280626
  0.0574530855    0.0578794494    0.0583069399    0.0587356910    0.0591656491
  0.0595968679    0.0600292936    0.0604631141    0.0608981684    0.0613343492
  0.0617720053    0.0622109756    0.0626514480    0.0630930200    0.0635361746
  0.0639807776    0.0644267753    0.0648741141    0.0653229550    0.0657734320
  0.0662252501    0.0666787043    0.0671336338    0.0675901726    0.0680484280
  0.0685082123    0.0689694986    0.0694327697    0.0698975429    0.0703641132
  0.0708324537    0.0713025644    0.0717743114    0.0722480431    0.0727236792
  0.0732010588    0.0736803964    0.0741617188    0.0746452138    0.0751306400
  0.0756178096    0.0761073932    0.0765989885    0.0770927295    0.0775888845
  0.0780869976    0.0785874978    0.0790902779    0.0795953378    0.0801029459
  0.0806129143    0.0811254844    0.0816404685    0.0821580544    0.0826782152
  0.0832011119    0.0837267712    0.0842554882    0.0847866461    0.0853209421
  0.0858580008    0.0863983586    0.0869415596    0.0874880061    0.0880377516
  0.0885905817    0.0891470596    0.0897068635    0.0902700201    0.0908370391
  0.0914077058    0.0919819936    0.0925601706    0.0931426123    0.0937287822
  0.0943193510    0.0949137285    0.0955129340    0.0961163238    0.0967245147
  0.0973373726    0.0979551926    0.0985779479    0.0992056653    0.0998386666
  0.1004772201    0.1011211917    0.1017710641    0.1024268374    0.1030884311
  0.1034396932    0.1033764735    0.1033132806    0.1032499805    0.1031865999
  0.1031232730    0.1030599728    0.1029964313    0.1029329434    0.1028695092
  0.1028059676    0.1027423188    0.1026785895    0.1026149139    0.1025511310
  0.1024873748    0.1024235383    0.1023597553    0.1022957310    0.1022317335
  0.1021677896    0.1021037653    0.1020396337    0.1019755557    0.1019112363
  0.1018471047    0.1017827317    0.1017184123    0.1016541198    0.1015897468
  0.1015251592    0.1014607325    0.1013961986    0.1013315842    0.1012670234
  0.1012022212    0.1011374727    0.1010727510    0.1010079488    0.1009430394
  0.1008782104    0.1008131132    0.1007482037    0.1006830797    0.1006179824
  0.1005528048    0.1004876807    0.1004224494    0.1003571108    0.1002918527
  0.1002264604    0.1001610145    0.1000954613    0.1000299349    0.0999643549
  -0.0000002608    0.0003299996    0.0006597772    0.0009896085    0.0013195470
  0.0016496196    0.0019798264    0.0023101673    0.0026406959    0.0029714122
  0.0033022895    0.0036333546    0.0039646074    0.0042960748    0.0046277300
  0.0049595729    0.0052916303    0.0056239292    0.0059563890    0.0062890902
  0.0066220328    0.0069551632    0.0072885349    0.0076221481    0.0079560027
  0.0082900718    0.0086244091    0.0089589611    0.0092937812    0.0096288428
  0.0099641725    0.0102997437    0.0106355831    0.0109716907    0.0113080934
  0.0116447374    0.0119816765    0.0123188838    0.0126563594    0.0129941300
  0.0133322224    0.0136705831    0.0140092388    0.0143482164    0.0146874890
  0.0150270566    0.0153669730    0.0157071844    0.0160476908    0.0163885728
  0.0167297766    0.0170712754    0.0174131230    0.0177553460    0.0180978641
  0.0184407577    0.0187840000    0.0191276178    0.0194715843    0.0198158994
  0.0201605901    0.0205056563    0.0208511248    0.0211968884    0.0215431079
  0.0218897298    0.0222367004    0.0225841001    0.0229319021    0.0232800797
  0.0236287132    0.0239777490    0.0243271872    0.0246770009    0.0250273243
  0.0253780499    0.0257292315    0.0260808155    0.0264329091    0.0267854050
  0.0271383569    0.0274917915    0.0278456286    0.0282000020    0.0285548851
  0.0289101437    0.0292659923    0.0296222702    0.0299790040    0.0303363547
  0.0306941345    0.0310524508    0.0314112768    0.0317705587    0.0321304306
  0.0324908391    0.0328517839    0.0332133189    0.0335753366    0.0339379176
  0.0343010619    0.0346647695    0.0350290403    0.0353939012    0.0357593253
  0.0361253127    0.0364919439    0.0368591651    0.0372270033    0.0375954315
  0.0379645035    0.0383342460    0.0387044713    0.0390754208    0.0394470409
  0.0398193046    0.0401922122    0.0405657902    0.0409400120    0.0413149312
  0.0416905478    0.0420668349    0.0424438462    0.0428215280    0.0431999609
  0.0435790911    0.0439589992    0.0443396315    0.0447208539    0.0451029882
  0.0454858467    0.0458695099    0.0462538436    0.0466390893    0.0470250592
  0.0474118873    0.0477994934    0.0481878772    0.0485770658    0.0489670590
  0.0493580714    0.0497497275    0.0501424566    0.0505359098    0.0509303555
  0.0513255522    0.0517218217    0.0521188691    0.0525168553    0.0529158071
  0.0533157781    0.0537165269    0.0541182950    0.0545211092    0.0549248353
  0.0553295806    0.0557354525    0.0561420754    0.0565498248    0.0569587544
  0.0573687032    0.0577795908    0.0581917122    0.0586049065    0.0590191469
  0.0594344601    0.0598510608    0.0602687076    0.0606875077    0.0611074343
  0.0615286753    0.0619510427    0.0623745367    0.0627995059    0.0632256016
  0.0636530653    0.0640816823    0.0645115331    0.0649428859    0.0653753385
  0.0658093467    0.0662448034    0.0666814670    0.0671195522    0.0675589785
  0.0679999605    0.0684424713    0.0688864306    0.0693317845    0.0697788820
  0.0702272668    0.0706774488    0.0711291328    0.0715823993    0.0720374361
  0.0724940285    0.0729523107    0.0734123364    0.0738740787    0.0743375912
  0.0748029009    0.0752699271    0.0757390186    0.0762099341    0.0766828075
  0.0771574780    0.0776342139    0.0781129614    0.0785937473    0.0790765449
  0.0795613810    0.0800485775    0.0805378661    0.0810293272    0.0815232828
  0.0820191160    0.0825175509    0.0830183998    0.0835215285    0.0840273663
  0.0845355108    0.0850463375    0.0855596855    0.0860757157    0.0865945086
  0.0871161178    0.0876404628    0.0881677851    0.0886980847    0.0892311200
  0.0897676155    0.0903070077    0.0908496723    0.0913956359    0.0919449523
  0.0924978361    0.0930538312    0.0936136886    0.0941771671    0.0947443470
  0.0953154430    0.0958902672    0.0964693561    0.0970527098    0.0976397648
  0.0982315138    0.0988277420    0.0994284496    0.1000341997    0.1006444022
  0.1012593254    0.1018797740    0.1025052652    0.1031360671    0.1037722066
  0.1040550992    0.1039937839    0.1039324954    0.1038710997    0.1038095966
  0.1037481740    0.1036867514    0.1036251143    0.1035636380    0.1035019472
  0.1034402832    0.1033785388    0.1033168212    0.1032549962    0.1031932250
  0.1031313464    0.1030693874    0.1030074552    0.1029454425    0.1028834566
  0.1028213635    0.1027591899    0.1026970431    0.1026348159    0.1025726423
  0.1025103346    0.1024479464    0.1023856118    0.1023231700    0.1022607818
  0.1021982864    0.1021358177    0.1020731345    0.1020106122    0.1019478753
  0.1018851921    0.1018225089    0.1017596379    0.1016969010    0.1016339764
  0.1015710518    0.1015080735    0.1014450952    0.1013820633    0.1013188973
