  0.0000000000    0.0150000000
  0.0002500000    0.0010000000    179    30
  0.0987715423    0.0986410081    0.0983567536    0.0980177224    0.0976543128
  0.0972761214    0.0968867242    0.0964876711    0.0960796773    0.0956630409
  0.0952378213    0.0948039591    0.0943613946    0.0939099491    0.0934492648
  0.0929792821    0.0924995840    0.0920098126    0.0915097296    0.0909989774
  0.0904770195    0.0899434984    0.0893979967    0.0888399184    0.0882687867
  0.0876839459    0.0870848596    0.0864708126    0.0858411491    0.0851949155
  0.0845313370    0.0838495195    0.0831484497    0.0824268758    0.0816836655
  0.0809175074    0.0801267922    0.0793099105    0.0784650147    0.0775898993
  0.0766823590    0.0757397115    0.0747588575    0.0737363994    0.0726681650
  0.0715496242    0.0703749955    0.0691379011    0.0678305924    0.0664430559
  0.0649634302    0.0633772910    0.0616646111    0.0598011315    0.0577522814
  0.0554706752    0.0528883636    0.0498990715    0.0463301837    0.0418792069
  0.0359847844    0.0278718770    0.0226465762    0.0225742161    0.0225014389
  0.0224281847    0.0223545134    0.0222803652    0.0222057998    0.0221307576
  0.0220552385    0.0219792426    0.0219027698    0.0218257606    0.0217482746
  0.0216702521    0.0215916932    0.0215126574    0.0214330256    0.0213528574
  0.0212720931    0.0211905539    0.0211086571    0.0210261047    0.0209429562
  0.0208591521    0.0207746923    0.0206896365    0.0206038058    0.0205173194
  0.0204301178    0.0203422010    0.0202535689    0.0201641619    0.0200739205
  0.0199829042    0.0198910534    0.0197983682    0.0197047889    0.0196103752
  0.0195149481    0.0194186866    0.0193213522    0.0192230046    0.0191237032
  0.0190233290    0.0189218819    0.0188192427    0.0187154114    0.0186103284
  0.0185040534    0.0183965266    0.0182876289    0.0181773007    0.0180656016
  0.0179523528    0.0178374946    0.0177210867    0.0176030099    0.0174830854
  0.0173614323    0.0172378123    0.0171122253    0.0169844329    0.0168545544
  0.0167222917    0.0165876448    0.0164504349    0.0163104832    0.0161677301
  0.0160219967    0.0158730447    0.0157206357    0.0155646503    0.0154048502
  0.0152408779    0.0150723755    0.0148991048    0.0147207677    0.0145365894
  0.0143464506    0.0141493976    0.0139451325    0.0137325823    0.0135107934
  0.0132787526    0.0130354464    0.0127786100    0.0125061572    0.0122158229
  0.0119043291    0.0115664303    0.0111959279    0.0107834637    0.0103145540
  0.0097651184    0.0090896785    0.0081832111    0.0067090094    0.0014915764
  0.0014915764    0.0014915764    0.0014915764    0.0014915764    0.0014915764
  0.0014915764    0.0014915764    0.0014915764    0.0014915764    0.0014915764
  0.0014915764    0.0014915764    0.0014915764    0.0014915764    0.0014915764
  0.0014915764    0.0014915764    0.0014915764    0.0014915764    0.0014915764
  0.0998570621    0.0997463763    0.0994931757    0.0991820991    0.0988444388
  0.0984910429    0.0981263220    0.0977521241    0.0973694623    0.0969787538
  0.0965802372    0.0961739123    0.0957597792    0.0953377187    0.0949075520
  0.0944691002    0.0940222442    0.0935666859    0.0931020677    0.0926282704
  0.0921448171    0.0916514695    0.0911479294    0.0906336606    0.0901084244
  0.0895716250    0.0890228450    0.0884616673    0.0878874362    0.0872996747
  0.0866976678    0.0860807598    0.0854482353    0.0847993791    0.0841332376
  0.0834489167    0.0827453434    0.0820215046    0.0812760890    0.0805078447
  0.0797151029    0.0788964331    0.0780499279    0.0771733820    0.0762644708
  0.0753206313    0.0743390620    0.0733160079    0.0722473562    0.0711289346
  0.0699547827    0.0687189400    0.0674130023    0.0660278499    0.0645518601
  0.0629700720    0.0612638891    0.0594087541    0.0573718250    0.0551070869
  0.0525491536    0.0495976508    0.0460914671    0.0417533219    0.0360953510
  0.0284803212    0.0230920017    0.0230222046    0.0229519904    0.0228813589
  0.0228103697    0.0227389634    0.0226671398    0.0225949585    0.0225223005
  0.0224492252    0.0223757327    0.0223017633    0.0222274363    0.0221525133
  0.0220772326    0.0220014155    0.0219250619    0.0218483508    0.0217711031
  0.0216933191    0.0216147602    0.0215359628    0.0214566290    0.0213766396
  0.0212961733    0.0212151110    0.0211333930    0.0210510790    0.0209682286
  0.0208847821    0.0208006203    0.0207158029    0.0206302702    0.0205442011
  0.0204572976    0.0203697979    0.0202814043    0.0201923549    0.0201025307
  0.0200118721    0.0199204385    0.0198281705    0.0197350085    0.0196410120
  0.0195460618    0.0194501579    0.0193533599    0.0192555487    0.0191566646
  0.0190568864    0.0189558566    0.0188537538    0.0187505186    0.0186460912
  0.0185404122    0.0184334815    0.0183252990    0.0182156265    0.0181045830
  0.0179921091    0.0178780854    0.0177624524    0.0176451504    0.0175261796
  0.0174054205    0.0172827542    0.0171581209    0.0170315206    0.0169026554
  0.0167715847    0.0166381896    0.0165021718    0.0163637102    0.0162223876
  0.0160781443    0.0159307420    0.0157801807    0.0156259835    0.0154682100
  0.0153062046    0.0151400268    0.0149694383    0.0147936046    0.0146125257
  0.0144254267    0.0142321289    0.0140316188    0.0138234794    0.0136066377
  0.0133800209    0.0131426156    0.0128929317    0.0126290619    0.0123487413
  0.0120485723    0.0117252767    0.0113731921    0.0109846890    0.0105483234
  0.0100466311    0.0094476640    0.0086887181    0.0076086223    0.0055745542
  0.0039063394    0.0039063394    0.0039063394    0.0039063394    0.0039063394
  0.0039063394    0.0039063394    0.0039063394    0.0039063394    0.0039063394
  0.1008814275    0.1007870138    0.1005615890    0.1002763808    0.0999625027
  0.0996318161    0.0992894471    0.0989376009    0.0985775292    0.0982098877
  0.0978349149    0.0974528491    0.0970636904    0.0966673195    0.0962637365
  0.0958528221    0.0954343975    0.0950082242    0.0945741832    0.0941320360
  0.0936815441    0.0932224095    0.0927544534    0.0922772586    0.0917905867
  0.0912940204    0.0907873213    0.0902699530    0.0897416770    0.0892019570
  0.0886503160    0.0880863369    0.0875093043    0.0869188607    0.0863142312
  0.0856948197    0.0850598514    0.0844084918    0.0837401450    0.0830534995
  0.0823478401    0.0816219151    0.0808745921    0.0801045001    0.0793102086
  0.0784899890    0.0776419938    0.0767642558    0.0758543909    0.0749097764
  0.0739274323    0.0729041398    0.0718355477    0.0707174242    0.0695442855
  0.0683095753    0.0670058429    0.0656233132    0.0641510189    0.0625742972
  0.0608749688    0.0590288341    0.0570045412    0.0547570884    0.0522238910
  0.0493102968    0.0458654463    0.0416361988    0.0361971557    0.0290189087
  0.0235219896    0.0234543979    0.0233865678    0.0233183205    0.0232497752
  0.0231808126    0.0231114924    0.0230417550    0.0229717195    0.0229012668
  0.0228303969    0.0227591693    0.0226874650    0.0226154625    0.0225429833
  0.0224700868    0.0223967731    0.0223229825    0.0222487748    0.0221740901
  0.0220989287    0.0220232308    0.0219471753    0.0218705833    0.0217935741
  0.0217159688    0.0216378868    0.0215592682    0.0214801133    0.0214004219
  0.0213201940    0.0212393701    0.0211579502    0.0210759938    0.0209933817
  0.0209101737    0.0208263695    0.0207418501    0.0206566751    0.0205708444
  0.0204842985    0.0203970969    0.0203091204    0.0202204287    0.0201309621
  0.0200407207    0.0199495852    0.0198577940    0.0197650492    0.0196714103
  0.0195768774    0.0194815099    0.0193851292    0.0192877948    0.0191893876
  0.0190900862    0.0189896524    0.0188881457    0.0187854469    0.0186815560
  0.0185765326    0.0184701979    0.0183626711    0.0182537138    0.0181433260
  0.0180316269    0.0179183185    0.0178034604    0.0176870525    0.0175689161
  0.0174490511    0.0173272192    0.0172035992    0.0170780122    0.0169502199
  0.0168203413    0.0166880190    0.0165534914    0.0164161623    0.0162762105
  0.0161335766    0.0159877837    0.0158387721    0.0156864822    0.0155305564
  0.0153706372    0.0152067840    0.0150384605    0.0148651898    0.0146867931
  0.0145029724    0.0143127143    0.0141160190    0.0139119327    0.0136996806
  0.0134783089    0.0132469237    0.0130037367    0.0127475560    0.0124762356
  0.0121867955    0.0118762553    0.0115402043    0.0111721456    0.0107633770
  0.0102996528    0.0097588599    0.0090996921    0.0082310736    0.0068869293
  0.1018513739    0.1017702520    0.1015695632    0.1013083160    0.1010165513
  0.1007067859    0.1003848016    0.1000532806    0.0997135937    0.0993666351
  0.0990128219    0.0986522734    0.0982852280    0.0979116261    0.0975314677
  0.0971446931    0.0967511237    0.0963506997    0.0959433019    0.0955286324
  0.0951066315    0.0946770608    0.0942396820    0.0937942564    0.0933406055
  0.0928783715    0.0924073160    0.0919271410    0.0914374888    0.0909381211
  0.0904285610    0.0899085104    0.0893774927    0.0888350904    0.0882808864
  0.0877142251    0.0871348083    0.0865418613    0.0859348476    0.0853131711
  0.0846759379    0.0840225518    0.0833519995    0.0826633871    0.0819558799
  0.0812282264    0.0804792345    0.0797074139    0.0789116919    0.0780901611
  0.0772410929    0.0763623416    0.0754518211    0.0745065510    0.0735241473
  0.0725005567    0.0714326203    0.0703150928    0.0691429079    0.0679099858
  0.0666084588    0.0652290285    0.0637608469    0.0621895492    0.0604972541
  0.0586607754    0.0566492379    0.0544199049    0.0519120395    0.0490358174
  0.0456509888    0.0415271223    0.0362894237    0.0294962823    0.0239379704
  0.0238725245    0.0238067210    0.0237406194    0.0236742795    0.0236075222
  0.0235404074    0.0234729946    0.0234052837    0.0233371556    0.0232686698
  0.0231998861    0.0231306851    0.0230611265    0.0229912102    0.0229209363
  0.0228502452    0.0227791369    0.0227076709    0.0226357281    0.0225634873
  0.0224907696    0.0224175751    0.0223438442    0.0222698152    0.0221953690
  0.0221203864    0.0220449865    0.0219691098    0.0218927562    0.0218159258
  0.0217386186    0.0216607749    0.0215823948    0.0215034783    0.0214240849
  0.0213440955    0.0212635696    0.0211824477    0.0211006701    0.0210184157
  0.0209355056    0.0208519399    0.0207677186    0.0206828415    0.0205973685
  0.0205111802    0.0204242766    0.0203365982    0.0202483237    0.0201591551
  0.0200692713    0.0199786723    0.0198871195    0.0197948515    0.0197016895
  0.0196076334    0.0195126235    0.0194166601    0.0193198025    0.0192219913
  0.0191231072    0.0190232098    0.0189222395    0.0188200772    0.0187168419
  0.0186123550    0.0185066760    0.0183996856    0.0182913840    0.0181817710
  0.0180706680    0.0179581940    0.0178441107    0.0177285373    0.0176111758
  0.0174921453    0.0173713863    0.0172487199    0.0171240270    0.0169973671
  0.0168685615    0.0167374313    0.0166040957    0.0164680779    0.0163295567
  0.0161881745    0.0160439909    0.0158967674    0.0157460868    0.0155918896
  0.0154342353    0.0152723491    0.0151062310    0.0149355233    0.0147597492
  0.0145787299    0.0143919885    0.0141986907    0.0139984787    0.0137903392
  0.0135738552    0.0133478940    0.0131108463    0.0128618181    0.0125987232
  0.1027724445    0.1027022898    0.1025234759    0.1022844017    0.1020132005
  0.1017229259    0.1014197767    0.1011067927    0.1007857621    0.1004575193
  0.1001227200    0.0997815430    0.0994343460    0.0990810096    0.0987217128
  0.0983562768    0.0979848206    0.0976071060    0.0972230732    0.0968326032
  0.0964355767    0.0960317552    0.0956210196    0.0952031910    0.0947780907
  0.0943454802    0.0939051211    0.0934567750    0.0930002034    0.0925351679
  0.0920613706    0.0915784538    0.0910861790    0.0905841291    0.0900720060
  0.0895494521    0.0890159309    0.0884711444    0.0879145563    0.0873456299
  0.0867639482    0.0861687958    0.0855596960    0.0849358737    0.0842966139
  0.0836413205    0.0829688609    0.0822785795    0.0815693438    0.0808401406
  0.0800895989    0.0793165863    0.0785197318    0.0776970088    0.0768471062
  0.0759676397    0.0750563443    0.0741110146    0.0731284320    0.0721052587
  0.0710377395    0.0699211061    0.0687504113    0.0675193369    0.0662204921
  0.0648445189    0.0633808672    0.0618154109    0.0601306856    0.0583040416
  0.0563057959    0.0540947020    0.0516124070    0.0487742722    0.0454486907
  0.0414250195    0.0363753140    0.0299253166    0.0243411958    0.0242776573
  0.0242138207    0.0241496861    0.0240853131    0.0240205228    0.0239554942
  0.0238901675    0.0238244832    0.0237585604    0.0236922204    0.0236256421
  0.0235587060    0.0234913528    0.0234237611    0.0233557522    0.0232874453
  0.0232187808    0.0231496990    0.0230803192    0.0230105221    0.0229403675
  0.0228698552    0.0227989256    0.0227274597    0.0226557553    0.0225836337
  0.0225110948    0.0224381387    0.0223647058    0.0222909153    0.0222165883
  0.0221419036    0.0220666826    0.0219909847    0.0219148695    0.0218382776
  0.0217612088    0.0216835439    0.0216054618    0.0215267837    0.0214476287
  0.0213678777    0.0212875307    0.0212067664    0.0211252272    0.0210432112
  0.0209606588    0.0208773315    0.0207934678    0.0207089484    0.0206237733
  0.0205378234    0.0204513371    0.0203640759    0.0202760398    0.0201872885
  0.0200977623    0.0200075209    0.0199163854    0.0198244154    0.0197317302
  0.0196380317    0.0195435584    0.0194480717    0.0193516314    0.0192542970
  0.0191559494    0.0190565288    0.0189560354    0.0188545287    0.0187517703
  0.0186479390    0.0185427964    0.0184364617    0.0183288753    0.0182198584
  0.0181095302    0.0179977119    0.0178844631    0.0177695453    0.0176530778
  0.0175349414    0.0174149573    0.0172933638    0.0171695650    0.0170439184
  0.0169161856    0.0167862475    0.0166539848    0.0165192783    0.0163820684
  0.0162421763    0.0160994232    0.0159537494    0.0158047378    0.0156524479
  0.0154965222    0.0153368413    0.0151727498    0.0150046051    0.0148315132
  0.1036493480    0.1035883129    0.1034288108    0.1032101810    0.1029582322
  0.1026861370    0.1024004519    0.1021046937    0.1018006504    0.1014895737
  0.1011720598    0.1008484662    0.1005190909    0.1001840532    0.0998434126
  0.0994972289    0.0991453826    0.0987878740    0.0984246433    0.0980556309
  0.0976805985    0.0972995460    0.0969122946    0.0965186656    0.0961185396
  0.0957117975    0.0952982008    0.0948775113    0.0944495499    0.0940141976
  0.0935711563    0.0931201279    0.0926609933    0.0921933949    0.0917170942
  0.0912317336    0.0907369554    0.0902325213    0.0897180736    0.0891931951
  0.0886574090    0.0881104171    0.0875516236    0.0869806111    0.0863968432
  0.0857997239    0.0851887167    0.0845629871    0.0839219987    0.0832649171
  0.0825908482    0.0818990171    0.0811882913    0.0804576576    0.0797060430
  0.0789318979    0.0781339109    0.0773105323    0.0764597356    0.0755797923
  0.0746684372    0.0737228096    0.0727403462    0.0717176497    0.0706510246
  0.0695357025    0.0683666766    0.0671376884    0.0658415854    0.0644696057
  0.0630107820    0.0614514053    0.0597747266    0.0579583943    0.0559735000
  0.0537810028    0.0513248742    0.0485235155    0.0452558100    0.0413293540
  0.0364536941    0.0303136408    0.0247328579    0.0246710479    0.0246089399
  0.0245466530    0.0244840086    0.0244211257    0.0243579447    0.0242945254
  0.0242307484    0.0241667330    0.0241024196    0.0240377486    0.0239728987
  0.0239076316    0.0238420665    0.0237762034    0.0237099826    0.0236435235
  0.0235767066    0.0235095322    0.0234420598    0.0233741701    0.0233060420
  0.0232374966    0.0231685936    0.0230992138    0.0230295956    0.0229595602
  0.0228891671    0.0228184164    0.0227473080    0.0226757228    0.0226037800
  0.0225314200    0.0224586427    0.0223854482    0.0223117769    0.0222377479
  0.0221631825    0.0220882595    0.0220127404    0.0219368637    0.0218605101
  0.0217835605    0.0217061937    0.0216283500    0.0215499103    0.0214709938
  0.0213914812    0.0213114321    0.0212309062    0.0211497247    0.0210679471
  0.0209856331    0.0209026635    0.0208190978    0.0207348764    0.0206499398
  0.0205644667    0.0204780996    0.0203912556    0.0203035772    0.0202152431
  0.0201260746    0.0200361311    0.0199454725    0.0198539197    0.0197615325
  0.0196683109    0.0195743144    0.0194793046    0.0193832815    0.0192863643
  0.0191884935    0.0190895498    0.0189897120    0.0188886821    0.0187865198
  0.0186832249    0.0185786784    0.0184729397    0.0183660090    0.0182577074
  0.0181480348    0.0180369318    0.0179243982    0.0178102553    0.0176946819
  0.0175773203    0.0174582899    0.0173374712    0.0172146857    0.0170900524
  0.0169633925    0.0168345869    0.0167033970    0.0165700018    0.0164341033
  0.1044863164    0.1044329107    0.1042902768    0.1040904224    0.1038564742
  0.1036014259    0.1033321321    0.1030522883    0.1027640402    0.1024686992
  0.1021669805    0.1018594801    0.1015463769    0.1012279093    0.1009041965
  0.1005752385    0.1002411544    0.0999017656    0.0995571911    0.0992072523
  0.0988518894    0.0984911025    0.0981246531    0.0977524817    0.0973744690
  0.0969904959    0.0966003835    0.0962040126    0.0958011448    0.0953917205
  0.0949754417    0.0945521295    0.0941217244    0.0936838090    0.0932383239
  0.0927849114    0.0923233330    0.0918534100    0.0913747251    0.0908870995
  0.0903901160    0.0898835361    0.0893668830    0.0888398588    0.0883020461
  0.0877529681    0.0871922672    0.0866192877    0.0860336125    0.0854347646
  0.0848219097    0.0841945112    0.0835519135    0.0828933418    0.0822178423
  0.0815246999    0.0808127224    0.0800808370    0.0793280303    0.0785529912
  0.0777542889    0.0769300759    0.0760790408    0.0751987994    0.0742872059
  0.0733417571    0.0723598301    0.0713377893    0.0702719390    0.0691582263
  0.0679909289    0.0667648017    0.0654720366    0.0641040504    0.0626499355
  0.0610971749    0.0594286025    0.0576230586    0.0556521714    0.0534782708
  0.0510474741    0.0482843220    0.0450733006    0.0412392914    0.0365262330
  0.0306672156    0.0251137912    0.0250536501    0.0249931514    0.0249324739
  0.0248715580    0.0248103440    0.0247488916    0.0246871412    0.0246251523
  0.0245629251    0.0245003402    0.0244375765    0.0243745148    0.0243111551
  0.0242474973    0.0241835415    0.0241193473    0.0240547955    0.0239900053
  0.0239249170    0.0238594115    0.0237936676    0.0237276852    0.0236612856
  0.0235945880    0.0235275328    0.0234600604    0.0233923495    0.0233243406
  0.0232559144    0.0231871903    0.0231180489    0.0230486095    0.0229787529
  0.0229085386    0.0228379667    0.0227669775    0.0226956308    0.0226238072
  0.0225516856    0.0224790871    0.0224060714    0.0223326385    0.0222587287
  0.0221844018    0.0221096575    0.0220343769    0.0219587386    0.0218825042
  0.0218059123    0.0217287242    0.0216510594    0.0215729177    0.0214942396
  0.0214150250    0.0213352740    0.0212549269    0.0211740434    0.0210925639
  0.0210104883    0.0209278166    0.0208445489    0.0207606256    0.0206760466
  0.0205908120    0.0205048621    0.0204183161    0.0203310549    0.0202428997
  0.0201541483    0.0200646222    0.0199743211    0.0198831856    0.0197912753
  0.0196984112    0.0196047723    0.0195101798    0.0194146931    0.0193183124
  0.0192209184    0.0191225111    0.0190230906    0.0189225972    0.0188209713
  0.0187182128    0.0186142623    0.0185091794    0.0184029043    0.0182951987
  0.0181861222    0.0180757344    0.0179639161    0.0178507268    0.0177358687
  0.1052868664    0.1052398384    0.1051120460    0.1049292982    0.1047122180
  0.1044731438    0.1042191684    0.1039542854    0.1036807001    0.1033999622
  0.1031129062    0.1028200686    0.1025218666    0.1022185981    0.1019102633
  0.1015970409    0.1012789309    0.1009559929    0.1006282270    0.1002955139
  0.0999578536    0.0996151268    0.0992673337    0.0989143550    0.0985560119
  0.0981923044    0.0978230536    0.0974482000    0.0970675051    0.0966808498
  0.0962881744    0.0958892405    0.0954839289    0.0950720012    0.0946533382
  0.0942277014    0.0937949121    0.0933547318    0.0929069221    0.0924513042
  0.0919875205    0.0915153921    0.0910345614    0.0905448496    0.0900458395
  0.0895371735    0.0890185535    0.0884895623    0.0879498422    0.0873989165
  0.0868364275    0.0862616599    0.0856743157    0.0850737989    0.0844594538
  0.0838305652    0.0831865370    0.0825264752    0.0818497837    0.0811552107
  0.0804422796    0.0797095597    0.0789558589    0.0781800449    0.0773806274
  0.0765561163    0.0757045448    0.0748241842    0.0739127696    0.0729679167
  0.0719861686    0.0709653199    0.0699006617    0.0687886178    0.0676236451
  0.0664000809    0.0651105940    0.0637470186    0.0622984469    0.0607524812
  0.0590925515    0.0572976172    0.0553410947    0.0531863868    0.0507816970
  0.0480551422    0.0448997915    0.0411552489    0.0365935862    0.0309865773
  0.0254848897    0.0254262388    0.0253672898    0.0253081024    0.0252486765
  0.0251890719    0.0251291692    0.0250690281    0.0250087082    0.0249480903
  0.0248871744    0.0248260796    0.0247646868    0.0247029960    0.0246411264
  0.0245789587    0.0245165527    0.0244538486    0.0243908465    0.0243275464
  0.0242640674    0.0242002308    0.0241360962    0.0240717232    0.0240069926
  0.0239419639    0.0238766968    0.0238108933    0.0237450302    0.0236787498
  0.0236121118    0.0235452354    0.0234780610    0.0234105289    0.0233426392
  0.0232743323    0.0232057869    0.0231368244    0.0230675638    0.0229978263
  0.0229278505    0.0228573382    0.0227865875    0.0227153599    0.0226437747
  0.0225717723    0.0224994123    0.0224265754    0.0223533213    0.0222796500
  0.0222055018    0.0221309364    0.0220559537    0.0219804943    0.0219045579
  0.0218281448    0.0217511356    0.0216737092    0.0215958059    0.0215174258
  0.0214383900    0.0213588774    0.0212788880    0.0211982429    0.0211170018
  0.0210351646    0.0209528506    0.0208698809    0.0207862556    0.0207019746
  0.0206170380    0.0205314457    0.0204451978    0.0203582346    0.0202705562
  0.0201821029    0.0200929940    0.0200029910    0.0199122727    0.0198207200
  0.0197283328    0.0196351111    0.0195409358    0.0194459260    0.0193500221
  0.0192530453    0.0191550553    0.0190561712    0.0189562738    0.0188551843
  0.1060540974    0.1060124338    0.1058976948    0.1057305634    0.1055290997
  0.1053051054    0.1050656140    0.1048146784    0.1045548618    0.1042877138
  0.1040142477    0.1037350595    0.1034506261    0.1031611860    0.1028669775
  0.1025681198    0.1022646725    0.1019566953    0.1016441286    0.1013270319
  0.1010054052    0.1006790698    0.1003480256    0.1000122130    0.0996715724
  0.0993260443    0.0989754498    0.0986197889    0.0982588232    0.0978924930
  0.0975207984    0.0971433818    0.0967603028    0.0963712633    0.0959762037
  0.0955749452    0.0951673687    0.0947531760    0.0943323076    0.0939044058
  0.0934694707    0.0930271447    0.0925772488    0.0921195447    0.0916537344
  0.0911795795    0.0906967819    0.0902051628    0.0897041857    0.0891936719
  0.0886732042    0.0881424844    0.0876010358    0.0870484412    0.0864842832
  0.0859079063    0.0853190124    0.0847169459    0.0841012299    0.0834710300
  0.0828256905    0.0821644962    0.0814865530    0.0807910860    0.0800771415
  0.0793434680    0.0785892308    0.0778127015    0.0770130455    0.0761881173
  0.0753365457    0.0744562447    0.0735450685    0.0726006329    0.0716198981
  0.0705998242    0.0695369542    0.0684267581    0.0672641695    0.0660435259
  0.0647577941    0.0633985698    0.0619557202    0.0604167879    0.0587655604
  0.0569821894    0.0550399721    0.0529041588    0.0505252779    0.0478355587
  0.0447346866    0.0410756767    0.0366570652    0.0312805474    0.0258468688
  0.0257895291    0.0257320106    0.0256742537    0.0256162584    0.0255580842
  0.0254996717    0.0254410207    0.0253821313    0.0253230035    0.0252636969
  0.0252041519    0.0251443088    0.0250842273    0.0250239670    0.0249634087
  0.0249026120    0.0248415768    0.0247803032    0.0247187316    0.0246569216
  0.0245948136    0.0245325267    0.0244698822    0.0244070590    0.0243438780
  0.0242804587    0.0242167413    0.0241527855    0.0240882337    0.0240236819
  0.0239587724    0.0238936245    0.0238281190    0.0237623155    0.0236962140
  0.0236298144    0.0235630572    0.0234959424    0.0234285891    0.0233608186
  0.0232927501    0.0232242644    0.0231554806    0.0230863392    0.0230167806
  0.0229469836    0.0228767097    0.0228060186    0.0227350295    0.0226636231
  0.0225917995    0.0225195587    0.0224469602    0.0223739445    0.0223004520
  0.0222265422    0.0221521556    0.0220774114    0.0220021307    0.0219264328
  0.0218501985    0.0217734873    0.0216962993    0.0216185749    0.0215404332
  0.0214616954    0.0213824213    0.0213026702    0.0212222636    0.0211413801
  0.0210598409    0.0209777057    0.0208950341    0.0208117068    0.0207277834
  0.0206431448    0.0205579698    0.0204719603    0.0203853548    0.0202979743
  0.0202099383    0.0201210678    0.0200315416    0.0199412405    0.0198500454
  0.1067907512    0.1067536771    0.1066502631    0.1064973176    0.1063104570
  0.1061006486    0.1058748066    0.1056370437    0.1053901613    0.1051357687
  0.1048749387    0.1046083868    0.1043367088    0.1040601432    0.1037789285
  0.1034933031    0.1032032669    0.1029089391    0.1026103795    0.1023075283
  0.1020003855    0.1016889513    0.1013731062    0.1010529697    0.1007283032
  0.1003991067    0.1000653207    0.0997268856    0.0993836820    0.0990355909
  0.0986825526    0.0983243883    0.0979610384    0.0975923836    0.0972183049
  0.0968386829    0.0964533389    0.0960620940    0.0956648290    0.0952614248
  0.0948517025    0.0944354832    0.0940124691    0.0935826600    0.0931456983
  0.0927014053    0.0922494233    0.0917898118    0.0913221538    0.0908461511
  0.0903615057    0.0898680389    0.0893653929    0.0888530910    0.0883310139
  0.0877986252    0.0872555077    0.0867014229    0.0861357152    0.0855579674
  0.0849676430    0.0843643248    0.0837471783    0.0831158459    0.0824693143
  0.0818069875    0.0811282098    0.0804318488    0.0797170699    0.0789827406
  0.0782280266    0.0774511397    0.0766510069    0.0758259594    0.0749744475
  0.0740944445    0.0731838644    0.0722400248    0.0712603033    0.0702416599
  0.0691802800    0.0680720508    0.0669120252    0.0656946003    0.0644128621
  0.0630585849    0.0616214573    0.0600897968    0.0584475696    0.0566756427
  0.0547481477    0.0526312888    0.0502784550    0.0476248562    0.0445766151
  0.0410004556    0.0367152393    0.0315530002    0.0262003243    0.0261442959
  0.0260880888    0.0260316432    0.0259749591    0.0259180963    0.0258610547
  0.0258037746    0.0257463157    0.0256885588    0.0256306231    0.0255725682
  0.0255142152    0.0254556239    0.0253967941    0.0253377259    0.0252784789
  0.0252189934    0.0251592100    0.0250993073    0.0250390470    0.0249786079
  0.0249179304    0.0248569548    0.0247957408    0.0247342885    0.0246725976
  0.0246105492    0.0245483816    0.0244858563    0.0244229138    0.0243598521
  0.0242965519    0.0242329538    0.0241690576    0.0241049230    0.0240404308
  0.0239756405    0.0239106119    0.0238452256    0.0237795413    0.0237136185
  0.0236473382    0.0235807002    0.0235137641    0.0234464705    0.0233788788
  0.0233109295    0.0232426822    0.0231740177    0.0231051147    0.0230357349
  0.0229659975    0.0228959024    0.0228254497    0.0227546394    0.0226834118
  0.0226117074    0.0225397050    0.0224672854    0.0223943889    0.0223211348
  0.0222474635    0.0221733153    0.0220986903    0.0220236480    0.0219481885
  0.0218721926    0.0217957199    0.0217187703    0.0216412842    0.0215633214
  0.0214848816    0.0214058459    0.0213263333    0.0212461650    0.0211655796
  0.0210843980    0.0210025609    0.0209201276    0.0208370388    0.0207534730
  0.1074991524    0.1074660122    0.1073726118    0.1072325408    0.1070592105
  0.1068626940    0.1066496670    0.1064244807    0.1061896980    0.1059472859
  0.1056983173    0.1054436266    0.1051838100    0.1049192250    0.1046500504
  0.1043766439    0.1040990055    0.1038172543    0.1035315096    0.1032417119
  0.1029478610    0.1026500762    0.1023481190    0.1020421684    0.1017320454
  0.1014177501    0.1010992229    0.1007763445    0.1004491746    0.1001174152
  0.0997812450    0.0994403660    0.0990948379    0.0987444222    0.0983890593
  0.0980287492    0.0976631939    0.0972923934    0.0969161689    0.0965344012
  0.0961470306    0.0957536995    0.0953544676    0.0949490964    0.0945373476
  0.0941191018    0.0936941803    0.0932624638    0.0928235948    0.0923773944
  0.0919237435    0.0914623439    0.0909928977    0.0905151665    0.0900288522
  0.0895337164    0.0890294611    0.0885155499    0.0879919231    0.0874579251
  0.0869134367    0.0863578618    0.0857907832    0.0852117836    0.0846202075
  0.0840156376    0.0833974183    0.0827648938    0.0821175277    0.0814542472
  0.0807746351    0.0800774992    0.0793621838    0.0786273777    0.0778720677
  0.0770950019    0.0762947500    0.0754698217    0.0746186078    0.0737388432
  0.0728287995    0.0718858540    0.0709073842    0.0698900521    0.0688305795
  0.0677247941    0.0665676296    0.0653535426    0.0640758574    0.0627266467
  0.0612956583    0.0597712696    0.0581382215    0.0563780963    0.0544653833
  0.0523678362    0.0500409305    0.0474226773    0.0444270670    0.0409290493
  0.0367703736    0.0318023264    0.0265458524    0.0264910161    0.0264360011
  0.0263808072    0.0263253748    0.0262698233    0.0262139738    0.0261580050
  0.0261017978    0.0260454118    0.0259887874    0.0259319842    0.0258750021
  0.0258177817    0.0257603824    0.0257027447    0.0256448686    0.0255867541
  0.0255284607    0.0254699886    0.0254112780    0.0253522694    0.0252930820
  0.0252336562    0.0251739919    0.0251141489    0.0250540078    0.0249936879
  0.0249330103    0.0248721540    0.0248110592    0.0247495472    0.0246879756
  0.0246260464    0.0245639384    0.0245015323    0.0244388878    0.0243758857
  0.0243127644    0.0242492259    0.0241855085    0.0241214335    0.0240571201
  0.0239924490    0.0239275396    0.0238622725    0.0237967670    0.0237309039
  0.0236647427    0.0235982835    0.0235315263    0.0234644115    0.0233968794
  0.0233291090    0.0232610404    0.0231924951    0.0231237113    0.0230545104
  0.0229849517    0.0229150355    0.0228447616    0.0227740705    0.0227030814
  0.0226316154    0.0225597918    0.0224875510    0.0224148929    0.0223417580
  0.0222683251    0.0221943557    0.0221199095    0.0220451057    0.0219697654
  0.0218940675    0.0218177736    0.0217411220    0.0216638744    0.0215861499
  0.1081815064    0.1081517041    0.1080671251    0.1079386771    0.1077778637
  0.1075938642    0.1073929965    0.1071795523    0.1069563329    0.1067252457
  0.1064874232    0.1062438786    0.1059951484    0.1057417095    0.1054838002
  0.1052217185    0.1049555838    0.1046855152    0.1044115722    0.1041338146
  0.1038522422    0.1035668552    0.1032777131    0.1029847562    0.1026879251
  0.1023871601    0.1020825207    0.1017738879    0.1014612019    0.1011444032
  0.1008234918    0.1004982889    0.1001687348    0.0998347700    0.0994963348
  0.0991533101    0.0988056362    0.0984530747    0.0980956852    0.0977332294
  0.0973656476    0.0969928205    0.0966145694    0.0962308943    0.0958414972
  0.0954463184    0.0950451791    0.0946379006    0.0942243636    0.0938043296
  0.0933776796    0.0929441154    0.0925035179    0.0920556486    0.0916002691
  0.0911371410    0.0906660855    0.0901867449    0.0896988213    0.0892021358
  0.0886963308    0.0881810486    0.0876558721    0.0871206820    0.0865748227
  0.0860179365    0.0854496658    0.0848692954    0.0842767060    0.0836710632
  0.0830517709    0.0824184120    0.0817700326    0.0811060965    0.0804258287
  0.0797280371    0.0790121853    0.0782770216    0.0775214136    0.0767441690
  0.0759439766    0.0751192272    0.0742683709    0.0733892620    0.0724799931
  0.0715380609    0.0705607235    0.0695454776    0.0684877932    0.0673843324
  0.0662302673    0.0650196373    0.0637463629    0.0624022186    0.0609774888
  0.0594610870    0.0578374565    0.0560886562    0.0541909039    0.0521129072
  0.0498115122    0.0472287238    0.0442838967    0.0408625305    0.0368219912
  0.0320346057    0.0268839896    0.0268302858    0.0267764032    0.0267222822
  0.0266680419    0.0266136229    0.0265590250    0.0265042484    0.0264492929
  0.0263940990    0.0263387263    0.0262831748    0.0262274444    0.0261714756
  0.0261153281    0.0260590017    0.0260024369    0.0259456933    0.0258887708
  0.0258316100    0.0257742703    0.0257166326    0.0256588757    0.0256008804
  0.0255426466    0.0254842341    0.0254255831    0.0253666937    0.0253075659
  0.0252482593    0.0251887143    0.0251288712    0.0250686705    0.0250084102
  0.0249478519    0.0248871744    0.0248261392    0.0247648656    0.0247033536
  0.0246416032    0.0245795548    0.0245172679    0.0244547427    0.0243919194
  0.0243287981    0.0242654383    0.0242017806    0.0241378248    0.0240736306
  0.0240091383    0.0239443481    0.0238792002    0.0238138735    0.0237481296
  0.0236820877    0.0236158073    0.0235491097    0.0234821737    0.0234148204
  0.0233472288    0.0232792199    0.0232109129    0.0231422484    0.0230732858
  0.0230038464    0.0229341686    0.0228640139    0.0227935016    0.0227226913
  0.0226513445    0.0225796998    0.0225076377    0.0224351585    0.0223623216
  0.1088396609    0.1088127792    0.1087359488    0.1086179912    0.1084687412
  0.1082964242    0.1081071198    0.1079048812    0.1076925695    0.1074721515
  0.1072449386    0.1070118248    0.1067735851    0.1065305769    0.1062832177
  0.1060316861    0.1057762802    0.1055170000    0.1052540243    0.1049874127
  0.1047171652    0.1044433415    0.1041659415    0.1038849056    0.1036002934
  0.1033120453    0.1030201018    0.1027244627    0.1024250686    0.1021218598
  0.1018148363    0.1015038192    0.1011888683    0.1008698642    0.1005466878
  0.1002193391    0.0998876989    0.0995516479    0.0992111266    0.0988661349
  0.0985163748    0.0981618464    0.0978024900    0.0974381864    0.0970686972
  0.0966939628    0.0963139236    0.0959284008    0.0955372155    0.0951401889
  0.0947372615    0.0943281949    0.0939129889    0.0934911668    0.0930628479
  0.0926276147    0.0921854079    0.0917359293    0.0912790000    0.0908143818
  0.0903417170    0.0898609459    0.0893715918    0.0888734162    0.0883662999
  0.0878496468    0.0873231590    0.0867866576    0.0862394869    0.0856815279
  0.0851120651    0.0845307410    0.0839370787    0.0833304226    0.0827102959
  0.0820761025    0.0814270079    0.0807623565    0.0800816119    0.0793833435
  0.0786671937    0.0779317915    0.0771760046    0.0763987601    0.0755988061
  0.0747744143    0.0739240348    0.0730455220    0.0721372068    0.0711965263
  0.0702208579    0.0692069829    0.0681516826    0.0670508444    0.0658998787
  0.0646931827    0.0634243190    0.0620854795    0.0606673062    0.0591584146
  0.0575445592    0.0558076799    0.0539250672    0.0518659651    0.0495903790
  0.0470425785    0.0441473424    0.0407986939    0.0368700325    0.0322489440
  0.0272150934    0.0271624625    0.0271095932    0.0270566642    0.0270034969
  0.0269502103    0.0268966854    0.0268430412    0.0267891586    0.0267351568
  0.0266809165    0.0266265571    0.0265720189    0.0265172422    0.0264622867
  0.0264071524    0.0263518989    0.0262963474    0.0262406170    0.0261847675
  0.0261286795    0.0260724127    0.0260159075    0.0259592235    0.0259023607
  0.0258452594    0.0257879794    0.0257304609    0.0256727636    0.0256148279
  0.0255567133    0.0254983604    0.0254397690    0.0253808200    0.0253217518
  0.0252625048    0.0252030790    0.0251433551    0.0250833929    0.0250232518
  0.0249628127    0.0249021351    0.0248412192    0.0247800648    0.0247186720
  0.0246569812    0.0245950520    0.0245328844    0.0244704783    0.0244077146
  0.0243447721    0.0242815316    0.0242179930    0.0241542161    0.0240901411
  0.0240257084    0.0239610374    0.0238961279    0.0238308609    0.0237652361
  0.0236993730    0.0236332119    0.0235666931    0.0234998763    0.0234327614
  0.0233652294    0.0232973993    0.0232292116    0.0231607258    0.0230918825
  0.1094752848    0.1094509661    0.1093809903    0.1092725098    0.1091339290
  0.1089725792    0.1087940633    0.1086024344    0.1084005535    0.1081902683
  0.1079730690    0.1077499092    0.1075214446    0.1072883308    0.1070508063
  0.1068092287    0.1065638363    0.1063146889    0.1060619652    0.1058057249
  0.1055459678    0.1052828133    0.1050162613    0.1047463119    0.1044729650
  0.1041961610    0.1039160192    0.1036323011    0.1033451259    0.1030543745
  0.1027600467    0.1024620831    0.1021604240    0.1018549502    0.1015457809
  0.1012326777    0.1009156406    0.1005944908    0.1002693474    0.0999400318
  0.0996064246    0.0992684066    0.0989259779    0.0985790193    0.0982274711
  0.0978711545    0.0975099504    0.0971437991    0.0967724621    0.0963960588
  0.0960142314    0.0956269205    0.0952340662    0.0948353708    0.0944308341
  0.0940201581    0.0936032236    0.0931799114    0.0927499831    0.0923132002
  0.0918694437    0.0914184749    0.0909600556    0.0904939473    0.0900199711
  0.0895377100    0.0890470445    0.0885475576    0.0880391300    0.0875212252
  0.0869936645    0.0864558518    0.0859077275    0.0853485763    0.0847781003
  0.0841958821    0.0836013258    0.0829938352    0.0823728740    0.0817380250
  0.0810883343    0.0804232061    0.0797418654    0.0790434182    0.0783270299
  0.0775914490    0.0768355429    0.0760587156    0.0752589405    0.0744347870
  0.0735851824    0.0727075636    0.0718002021    0.0708608925    0.0698867142
  0.0688749254    0.0678220689    0.0667240322    0.0655763447    0.0643734038
  0.0631091893    0.0617758930    0.0603645146    0.0588634908    0.0572595894
  0.0555348098    0.0536674559    0.0516270697    0.0493768752    0.0468634665
  0.0440157354    0.0407380164    0.0369161069    0.0324505270    0.0275396407
  0.0274880230    0.0274362266    0.0273842514    0.0273320973    0.0272798836
  0.0272274315    0.0271748006    0.0271219909    0.0270690620    0.0270159543
  0.0269626677    0.0269092023    0.0268555582    0.0268017352    0.0267477930
  0.0266936123    0.0266392529    0.0265847147    0.0265300572    0.0264751613
  0.0264200866    0.0263648331    0.0263093412    0.0262537301    0.0261978805
  0.0261418521    0.0260856450    0.0260292590    0.0259726346    0.0259158313
  0.0258588493    0.0258016288    0.0257441700    0.0256863534    0.0256285369
  0.0255704224    0.0255121887    0.0254537165    0.0253949463    0.0253360569
  0.0252768695    0.0252174437    0.0251578391    0.0250980556    0.0250379741
  0.0249775946    0.0249170363    0.0248562396    0.0247952044    0.0247338712
  0.0246722996    0.0246104896    0.0245484412    0.0244861543    0.0244235694
  0.0243606865    0.0242975652    0.0242342055    0.0241704285    0.0241064727
  0.0240422785    0.0239777267    0.0239128768    0.0238477290    0.0237822831
  0.1100899875    0.1100678742    0.1100039184    0.1099040210    0.1097752750
  0.1096241772    0.1094559133    0.1092743576    0.1090822518    0.1088816226
  0.1086739600    0.1084601581    0.1082411110    0.1080172360    0.1077890694
  0.1075568497    0.1073208153    0.1070811450    0.1068379581    0.1065913737
  0.1063415110    0.1060883105    0.1058318317    0.1055721343    0.1053092182
  0.1050430834    0.1047737300    0.1045010388    0.1042251289    0.1039458215
  0.1036632359    0.1033771932    0.1030877531    0.1027947962    0.1024983227
  0.1021982729    0.1018945277    0.1015870869    0.1012758911    0.1009607613
  0.1006418169    0.1003188193    0.0999917686    0.0996605456    0.0993250906
  0.0989853442    0.0986411870    0.0982924402    0.0979391038    0.0975809991
  0.0972180665    0.0968502462    0.0964772999    0.0960991681    0.0957157314
  0.0953268707    0.0949324071    0.0945321620    0.0941260159    0.0937137902
  0.0932953656    0.0928705037    0.0924390852    0.0920009315    0.0915557444
  0.0911034048    0.0906436145    0.0901761353    0.0897007287    0.0892172158
  0.0887252986    0.0882246792    0.0877151191    0.0871959627    0.0866672695
  0.0861285627    0.0855792463    0.0850193202    0.0844479501    0.0838647783
  0.0832693279    0.0826611817    0.0820397437    0.0814041793    0.0807539523
  0.0800883472    0.0794067085    0.0787080228    0.0779913962    0.0772559345
  0.0765003860    0.0757235587    0.0749242604    0.0741008818    0.0732516348
  0.0723752081    0.0714692175    0.0705311596    0.0695588887    0.0685493052
  0.0674987733    0.0664037168    0.0652593672    0.0640605390    0.0628009737
  0.0614735186    0.0600688159    0.0585761964    0.0569820106    0.0552694499
  0.0534166992    0.0513962209    0.0491710007    0.0466909111    0.0438909233
  0.0406809747    0.0369577110    0.0326386988    0.0278580487    0.0278073251
  0.0277564824    0.0277055204    0.0276543200    0.0276030600    0.0275515616
  0.0274999440    0.0274481475    0.0273962319    0.0273441374    0.0272919238
  0.0272394717    0.0271869004    0.0271341503    0.0270812213    0.0270281136
  0.0269748867    0.0269214809    0.0268678963    0.0268141329    0.0267601907
  0.0267060697    0.0266517699    0.0265973508    0.0265426934    0.0264878571
  0.0264328420    0.0263775885    0.0263222158    0.0262666643    0.0262109339
  0.0261549652    0.0260988176    0.0260424912    0.0259859264    0.0259290040
  0.0258720815    0.0258149207    0.0257575810    0.0257000029    0.0256422460
  0.0255843103    0.0255261362    0.0254676640    0.0254090726    0.0253502429
  0.0252911150    0.0252318680    0.0251723230    0.0251125395    0.0250526369
  0.0249923766    0.0249318779    0.0248712003    0.0248102248    0.0247490704
  0.0246876180    0.0246259272    0.0245639384    0.0245017707    0.0244392455
  0.1106850803    0.1106649339    0.1106063426    0.1105141938    0.1103944480
  0.1102528870    0.1100942791    0.1099222600    0.1097395122    0.1095481217
  0.1093494594    0.1091445982    0.1089343727    0.1087193787    0.1084999740
  0.1082765758    0.1080493629    0.1078186333    0.1075844467    0.1073469222
  0.1071062386    0.1068623364    0.1066152751    0.1063651741    0.1061120331
  0.1058557332    0.1055963933    0.1053339541    0.1050684154    0.1047997773
  0.1045279205    0.1042529643    0.1039747298    0.1036932766    0.1034085453
  0.1031204164    0.1028289497    0.1025339663    0.1022355258    0.1019335687
  0.1016279161    0.1013185680    0.1010055244    0.1006886065    0.1003678739
  0.1000430882    0.0997142494    0.0993813574    0.0990441740    0.0987026989
  0.0983568132    0.0980063975    0.0976513922    0.0972917378    0.0969271958
  0.0965577662    0.0961832106    0.0958035290    0.0954186022    0.0950281322
  0.0946321785    0.0942304432    0.0938228071    0.0934091508    0.0929893553
  0.0925631225    0.0921303332    0.0916907489    0.0912442505    0.0907905400
  0.0903294981    0.0898608267    0.0893842280    0.0888995230    0.0884064734
  0.0879047215    0.0873939693    0.0868737996    0.0863440931    0.0858044922
  0.0852542818    0.0846933424    0.0841213167    0.0835373700    0.0829412043
  0.0823325217    0.0817104876    0.0810743272    0.0804237425    0.0797578990
  0.0790761411    0.0783772171    0.0776606500    0.0769252479    0.0761699378
  0.0753934085    0.0745947063    0.0737719238    0.0729238093    0.0720484555
  0.0711434782    0.0702072680    0.0692368448    0.0682294071    0.0671816170
  0.0660894811    0.0649487078    0.0637542903    0.0624996722    0.0611780584
  0.0597802699    0.0582958162    0.0567113459    0.0550111830    0.0531738102
  0.0511724055    0.0489720404    0.0465258062    0.0437704027    0.0406263173
  0.0369986594    0.0328153074    0.0281704962    0.0281207263    0.0280707777
  0.0280207098    0.0279704630    0.0279200971    0.0278696120    0.0278188884
  0.0277681053    0.0277170837    0.0276659429    0.0276147425    0.0275632441
  0.0275116265    0.0274598897    0.0274080336    0.0273559988    0.0273037255
  0.0272513330    0.0271988213    0.0271461308    0.0270932615    0.0270402133
  0.0269869864    0.0269336402    0.0268801153    0.0268263519    0.0267724693
  0.0267184675    0.0266642272    0.0266098082    0.0265551507    0.0265004337
  0.0264454782    0.0263903439    0.0263349712    0.0262795389    0.0262236297
  0.0261677206    0.0261116922    0.0260553658    0.0259989798    0.0259422958
  0.0258853734    0.0258283913    0.0257710516    0.0257135928    0.0256558955
  0.0255980194    0.0255399048    0.0254816115    0.0254230797    0.0253643095
  0.0253053010    0.0252461135    0.0251866877    0.0251270235    0.0250671804
  0.1112618148    0.1112433970    0.1111895740    0.1111043990    0.1109929383
  0.1108603179    0.1107107103    0.1105477512    0.1103739440    0.1101913154
  0.1100012362    0.1098049581    0.1096031368    0.1093964875    0.1091854274
  0.1089703739    0.1087515652    0.1085292399    0.1083035171    0.1080745161
  0.1078424752    0.1076072752    0.1073690951    0.1071279347    0.1068837941
  0.1066367328    0.1063867509    0.1061338484    0.1058780253    0.1056192219
  0.1053573787    0.1050926149    0.1048248112    0.1045539677    0.1042800248
  0.1040029824    0.1037227809    0.1034392416    0.1031526029    0.1028625667
  0.1025691926    0.1022723615    0.1019720733    0.1016682684    0.1013609469
  0.1010498703    0.1007350385    0.1004164517    0.1000939906    0.0997675955
  0.0994370282    0.0991025269    0.0987637341    0.0984206498    0.0980732143
  0.0977211893    0.0973646939    0.0970034301    0.0966373980    0.0962664187
  0.0958904326    0.0955092609    0.0951228440    0.0947309434    0.0943336189
  0.0939304531    0.0935214460    0.0931064188    0.0926851928    0.0922577083
  0.0918236673    0.0913827717    0.0909350216    0.0904801786    0.0900178850
  0.0895480216    0.0890704095    0.0885845125    0.0880904496    0.0875876248
  0.0870758593    0.0865547359    0.0860243142    0.0854837000    0.0849325955
  0.0843710005    0.0837980211    0.0832136571    0.0826169550    0.0820076168
  0.0813851655    0.0807487071    0.0800978243    0.0794318020    0.0787496269
  0.0780510008    0.0773343742    0.0765990913    0.0758441985    0.0750682056
  0.0742701590    0.0734482706    0.0726011097    0.0717267692    0.0708236396
  0.0698890388    0.0689205825    0.0679155886    0.0668704212    0.0657815635
  0.0646445453    0.0634541810    0.0622047484    0.0608889759    0.0594981611
  0.0580221117    0.0564479530    0.0547602475    0.0529377162    0.0509555042
  0.0487798154    0.0463663042    0.0436553657    0.0405752957    0.0370378196
  0.0329801142    0.0284775198    0.0284285247    0.0283794701    0.0283302367
  0.0282808840    0.0282314122    0.0281817615    0.0281319320    0.0280820429
  0.0280319750    0.0279817879    0.0279313624    0.0278808773    0.0278302729
  0.0277794302    0.0277285278    0.0276773870    0.0276261866    0.0275748074
  0.0275231898    0.0274714530    0.0274195969    0.0273676217    0.0273154080
  0.0272630751    0.0272105634    0.0271579325    0.0271051228    0.0270520747
  0.0269989669    0.0269456208    0.0268921554    0.0268385112    0.0267846286
  0.0267306268    0.0266764462    0.0266221464    0.0265676081    0.0265127122
  0.0264578164    0.0264028013    0.0263475478    0.0262921154    0.0262364447
  0.0261805952    0.0261246264    0.0260684192    0.0260120332    0.0259554684
  0.0258986652    0.0258416831    0.0257844627    0.0257270634    0.0256694853
  0.1118213236    0.1118043959    0.1117548645    0.1116760075    0.1115721762
  0.1114477813    0.1113067567    0.1111523211    0.1109869778    0.1108126938
  0.1106308997    0.1104426682    0.1102488935    0.1100502312    0.1098471582
  0.1096400321    0.1094291508    0.1092147529    0.1089970171    0.1087761223
  0.1085521281    0.1083251536    0.1080952585    0.1078625023    0.1076268852
  0.1073884666    0.1071472466    0.1069032252    0.1066564023    0.1064067781
  0.1061543524    0.1058990657    0.1056409180    0.1053799093    0.1051159799
  0.1048491299    0.1045792997    0.1043064892    0.1040305793    0.1037516296
  0.1034695208    0.1031842530    0.1028957665    0.1026039422    0.1023088396
  0.1020103395    0.1017083228    0.1014028490    0.1010937989    0.1007810533
  0.1004646719    0.1001444757    0.0998204052    0.0994923413    0.0991603434
  0.0988242328    0.0984838903    0.0981393158    0.0977903306    0.0974368751
  0.0970788896    0.0967162549    0.0963487327    0.0959763229    0.0955989659
  0.0952163637    0.0948285758    0.0944354236    0.0940366089    0.0936321914
  0.0932219326    0.0928055942    0.0923831761    0.0919543207    0.0915191472
  0.0910771191    0.0906281173    0.0901722014    0.0897088349    0.0892378390
  0.0887591541    0.0882723033    0.0877771676    0.0872735083    0.0867607892
  0.0862389505    0.0857075155    0.0851660669    0.0846143663    0.0840521157
  0.0834785998    0.0828935802    0.0822962821    0.0816865861    0.0810637772
  0.0804269612    0.0797758400    0.0791098773    0.0784277022    0.0777290165
  0.0770126283    0.0762776434    0.0755233467    0.0747478306    0.0739505589
  0.0731295645    0.0722836554    0.0714106262    0.0705090463    0.0695761740
  0.0686099827    0.0676072538    0.0665651262    0.0654794276    0.0643463433
  0.0631604493    0.0619162619    0.0606063902    0.0592228472    0.0577553213
  0.0561914146    0.0545156300    0.0527087152    0.0507451594    0.0485937297
  0.0462120473    0.0435454547    0.0405246317    0.0370739996    0.0331355631
  0.0287791789    0.0287310779    0.0286827981    0.0286343992    0.0285858810
  0.0285371840    0.0284884274    0.0284394920    0.0283903778    0.0283412039
  0.0282918513    0.0282423794    0.0281927288    0.0281430185    0.0280930698
  0.0280430019    0.0279928148    0.0279425085    0.0278920233    0.0278414190
  0.0277906358    0.0277397335    0.0276886523    0.0276374519    0.0275860727
  0.0275345743    0.0274828970    0.0274311006    0.0273790658    0.0273269713
  0.0272746384    0.0272221863    0.0271696150    0.0271168649    0.0270639360
  0.0270107687    0.0269574821    0.0269040763    0.0268504918    0.0267965496
  0.0267426074    0.0266884863    0.0266341865    0.0265797079    0.0265251100
  0.0264702737    0.0264152586    0.0263600647    0.0263046920    0.0262492001
  0.1123646200    0.1123490632    0.1123033464    0.1122302115    0.1121333539
  0.1120166481    0.1118836701    0.1117372811    0.1115800440    0.1114136875
  0.1112397611    0.1110592782    0.1108731925    0.1106821001    0.1104865968
  0.1102869809    0.1100836694    0.1098768413    0.1096666753    0.1094534099
  0.1092371047    0.1090178788    0.1087957919    0.1085709631    0.1083433330
  0.1081130207    0.1078799665    0.1076442897    0.1074058712    0.1071648896
  0.1069211066    0.1066747010    0.1064256132    0.1061737239    0.1059191525
  0.1056617796    0.1054016054    0.1051386893    0.1048728526    0.1046040952
  0.1043324172    0.1040578187    0.1037801206    0.1034993827    0.1032156050
  0.1029286087    0.1026384532    0.1023449600    0.1020481884    0.1017480791
  0.1014444530    0.1011373699    0.1008267701    0.1005125344    0.1001945436
  0.0998727977    0.0995472372    0.0992178023    0.0988842547    0.0985467136
  0.0982048810    0.0978588760    0.0975085199    0.0971536338    0.0967942774
  0.0964302123    0.0960613191    0.0956875980    0.0953089297    0.0949250162
  0.0945359170    0.0941413939    0.0937415063    0.0933357179    0.0929242074
  0.0925067365    0.0920831263    0.0916532576    0.0912168324    0.0907737315
  0.0903236568    0.0898665488    0.0894021690    0.0889302194    0.0884505212
  0.0879627764    0.0874667466    0.0869622529    0.0864486992    0.0859260261
  0.0853938758    0.0848518312    0.0842995942    0.0837366879    0.0831625760
  0.0825770199    0.0819795430    0.0813693106    0.0807461441    0.0801094472
  0.0794580877    0.0787920058    0.0781101286    0.0774115622    0.0766953528
  0.0759609640    0.0752068460    0.0744322836    0.0736357272    0.0728158057
  0.0719709694    0.0710996091    0.0701995194    0.0692688525    0.0683046281
  0.0673045814    0.0662653744    0.0651833713    0.0640539229    0.0628730357
  0.0616336763    0.0603301227    0.0589539111    0.0574948490    0.0559410751
  0.0542779267    0.0524857938    0.0505413115    0.0484139025    0.0460638702
  0.0434395373    0.0404783785    0.0371080935    0.0332821310    0.0290758908
  0.0290285051    0.0289810598    0.0289334357    0.0288856924    0.0288378298
  0.0287897885    0.0287416875    0.0286934674    0.0286450088    0.0285964906
  0.0285479128    0.0284990370    0.0284501612    0.0284011066    0.0283519328
  0.0283025801    0.0282531679    0.0282035172    0.0281538069    0.0281039178
  0.0280539095    0.0280037224    0.0279534161    0.0279029906    0.0278524458
  0.0278016627    0.0277508199    0.0276997983    0.0276485980    0.0275972784
  0.0275458395    0.0274941623    0.0274424255    0.0273904502    0.0273383558
  0.0272861421    0.0272337496    0.0271811783    0.0271284878    0.0270753801
  0.0270223916    0.0269691646    0.0269158185    0.0268622339    0.0268085301
  0.1128926575    0.1128782928    0.1128359735    0.1127680838    0.1126776040
  0.1125680506    0.1124425828    0.1123038828    0.1121542752    0.1119954884
  0.1118290722    0.1116560400    0.1114772856    0.1112934649    0.1111051738
  0.1109127700    0.1107166111    0.1105169356    0.1103140414    0.1101079881
  0.1098989546    0.1096870601    0.1094723642    0.1092549860    0.1090349257
  0.1088121831    0.1085868776    0.1083590090    0.1081285775    0.1078955829
  0.1076600254    0.1074219048    0.1071811616    0.1069379151    0.1066919863
  0.1064434946    0.1061923802    0.1059385240    0.1056820452    0.1054228246
  0.1051608026    0.1048959792    0.1046284139    0.1043579280    0.1040845811
  0.1038082540    0.1035288870    0.1032465994    0.1029611528    0.1026725471
  0.1023807824    0.1020857990    0.1017874777    0.1014858186    0.1011807621
  0.1008721888    0.1005600989    0.1002443135    0.0999249518    0.0996017754
  0.0992747247    0.0989438593    0.0986089408    0.0982699692    0.0979267657
  0.0975794494    0.0972276628    0.0968715250    0.0965107977    0.0961454809
  0.0957752764    0.0954002440    0.0950203836    0.0946352184    0.0942449272
  0.0938492119    0.0934480727    0.0930412114    0.0926286280    0.0922099650
  0.0917852223    0.0913542807    0.0909167230    0.0904726088    0.0900216401
  0.0895634592    0.0890981853    0.0886254013    0.0881447494    0.0876561701
  0.0871592462    0.0866538584    0.0861397088    0.0856162608    0.0850834548
  0.0845409334    0.0839881003    0.0834244788    0.0828500688    0.0822641551
  0.0816662610    0.0810559094    0.0804324448    0.0797956884    0.0791444480
  0.0784783065    0.0777964294    0.0770982206    0.0763825476    0.0756486356
  0.0748952329    0.0741213858    0.0733257234    0.0725070536    0.0716635287
  0.0707935989    0.0698953569    0.0689665377    0.0680048168    0.0670074522
  0.0659712255    0.0648927391    0.0637674034    0.0625910461    0.0613574088
  0.0600601733    0.0586908162    0.0572408140    0.0556971729    0.0540457666
  0.0522690117    0.0503434241    0.0482396781    0.0459207594    0.0433371365
  0.0404330194    0.0371423066    0.0334201157    0.0293677747    0.0293211639
  0.0292744339    0.0292275846    0.0291805565    0.0291334689    0.0290862024
  0.0290388763    0.0289913714    0.0289438069    0.0288960636    0.0288482010
  0.0288001597    0.0287520587    0.0287038386    0.0286554992    0.0286069214
  0.0285583436    0.0285095870    0.0284606516    0.0284116566    0.0283624232
  0.0283131897    0.0282637179    0.0282141864    0.0281644166    0.0281145871
  0.0280646384    0.0280145109    0.0279642045    0.0279138386    0.0278632939
  0.0278125703    0.0277617276    0.0277107656    0.0276596248    0.0276083648
  0.0275569260    0.0275053680    0.0274536312    0.0274017751    0.0273495615
  0.1134062707    0.1133929789    0.1133537591    0.1132905185    0.1132059991
  0.1131030619    0.1129846275    0.1128531396    0.1127108037    0.1125592887
  0.1124000251    0.1122340858    0.1120623052    0.1118855178    0.1117040813
  0.1115185916    0.1113292873    0.1111364663    0.1109404266    0.1107412279
  0.1105391085    0.1103341877    0.1101265252    0.1099161804    0.1097032130
  0.1094877422    0.1092697084    0.1090492308    0.1088262498    0.1086008251
  0.1083728969    0.1081425250    0.1079097688    0.1076744497    0.1074367464
  0.1071964800    0.1069537699    0.1067084968    0.1064606607    0.1062103212
  0.1059573591    0.1057017744    0.1054435074    0.1051824987    0.1049188077
  0.1046523750    0.1043831408    0.1041110456    0.1038360894    0.1035582125
  0.1032773554    0.1029933989    0.1027064025    0.1024163663    0.1021231115
  0.1018266380    0.1015268862    0.1012237966    0.1009172499    0.1006072462
  0.1002937257    0.0999766290    0.0996558368    0.0993312895    0.0990029275
  0.0986706913    0.0983344615    0.0979941785    0.0976497829    0.0973010361
  0.0969480574    0.0965906084    0.0962286294    0.0958620608    0.0954907238
  0.0951144993    0.0947333872    0.0943470299    0.0939556658    0.0935588181
  0.0931564867    0.0927484930    0.0923348963    0.0919151604    0.0914894640
  0.0910573900    0.0906189382    0.0901738107    0.0897218287    0.0892628729
  0.0887967050    0.0883229077    0.0878416002    0.0873522460    0.0868546069
  0.0863484442    0.0858335793    0.0853096545    0.0847763121    0.0842330158
  0.0836797655    0.0831159055    0.0825408995    0.0819547474    0.0813566148
  0.0807460845    0.0801226199    0.0794857442    0.0788345635    0.0781686008
  0.0774869025    0.0767891705    0.0760738552    0.0753405392    0.0745879114
  0.0738150775    0.0730204880    0.0722028315    0.0713607967    0.0704924762
  0.0695963204    0.0686695278    0.0677103102    0.0667156875    0.0656825602
  0.0646077693    0.0634867251    0.0623148382    0.0610867441    0.0597957671
  0.0584340394    0.0569921434    0.0554593503    0.0538205206    0.0520582497
  0.0501517355    0.0480709970    0.0457826555    0.0432399809    0.0403894484
  0.0371731222    0.0335515440    0.0296551287    0.0296092331    0.0295632184
  0.0295170248    0.0294707716    0.0294243395    0.0293778479    0.0293312967
  0.0292845070    0.0292376578    0.0291906297    0.0291435421    0.0290963352
  0.0290489495    0.0290015042    0.0289538801    0.0289061964    0.0288583338
  0.0288103521    0.0287622511    0.0287140310    0.0286656916    0.0286172330
  0.0285685956    0.0285198987    0.0284709632    0.0284219682    0.0283729136
  0.0283235610    0.0282742083    0.0282246768    0.0281749666    0.0281251967
  0.0280751884    0.0280251205    0.0279749334    0.0279245079    0.0278740823
  0.1139062941    0.1138939559    0.1138575375    0.1137985885    0.1137194335
  0.1136226356    0.1135108173    0.1133861244    0.1132507026    0.1131060421
  0.1129536331    0.1127944887    0.1126295030    0.1124593318    0.1122845113
  0.1121055782    0.1119228303    0.1117366254    0.1115470827    0.1113545001
  0.1111589372    0.1109606326    0.1107595861    0.1105559766    0.1103498042
  0.1101411283    0.1099299490    0.1097164452    0.1095004976    0.1092822254
  0.1090615094    0.1088385284    0.1086131632    0.1083854139    0.1081552804
  0.1079228222    0.1076879799    0.1074507535    0.1072110832    0.1069689691
  0.1067244112    0.1064773500    0.1062277853    0.1059757173    0.1057210267
  0.1054637730    0.1052038968    0.1049413383    0.1046760380    0.1044080555
  0.1041372716    0.1038636863    0.1035871804    0.1033078134    0.1030254066
  0.1027400792    0.1024517119    0.1021601856    0.1018655002    0.1015676558
  0.1012664735    0.1009620726    0.1006540954    0.1003428400    0.1000280082
  0.0997095406    0.0993874371    0.0990616381    0.0987319648    0.0983984172
  0.0980609357    0.0977194011    0.0973737538    0.0970238745    0.0966696441
  0.0963110030    0.0959478915    0.0955800712    0.0952076018    0.0948303044
  0.0944479406    0.0940606892    0.0936680734    0.0932702124    0.0928668082
  0.0924578607    0.0920431316    0.0916223824    0.0911957324    0.0907627642
  0.0903233588    0.0898772776    0.0894245207    0.0889646709    0.0884977281
  0.0880232751    0.0875410736    0.0870510042    0.0865528286    0.0860460103
  0.0855305493    0.0850060284    0.0844720900    0.0839284360    0.0833747685
  0.0828104913    0.0822352469    0.0816489160    0.0810506046    0.0804400146
  0.0798164308    0.0791796744    0.0785286129    0.0778628886    0.0771817863
  0.0764841735    0.0757696927    0.0750369728    0.0742851198    0.0735132396
  0.0727197826    0.0719035566    0.0710629523    0.0701962411    0.0693019331
  0.0683774650    0.0674208105    0.0664291680    0.0653992593    0.0643281043
  0.0632114112    0.0620444119    0.0608218014    0.0595372021    0.0581829846
  0.0567500889    0.0552271307    0.0536004603    0.0518539250    0.0499653518
  0.0479088724    0.0456493199    0.0431459844    0.0403476059    0.0372022688
  0.0336753428    0.0299381912    0.0298928916    0.0298475325    0.0298021138
  0.0297565162    0.0297107995    0.0296650231    0.0296190679    0.0295729935
  0.0295268595    0.0294806063    0.0294342339    0.0293876827    0.0293411314
  0.0292943418    0.0292474926    0.0292005241    0.0291534364    0.0291062295
  0.0290589035    0.0290113986    0.0289638340    0.0289161503    0.0288683474
  0.0288204253    0.0287723243    0.0287241042    0.0286757648    0.0286273062
  0.0285787880    0.0285300314    0.0284812152    0.0284322202    0.0283831060
  0.1143933833    0.1143819392    0.1143479645    0.1142929494    0.1142188013
  0.1141277254    0.1140220463    0.1139037907    0.1137748659    0.1136368215
  0.1134909689    0.1133383214    0.1131797731    0.1130159795    0.1128475368
  0.1126749218    0.1124984324    0.1123184860    0.1121352017    0.1119488776
  0.1117596328    0.1115675867    0.1113729179    0.1111756265    0.1109758317
  0.1107736528    0.1105690897    0.1103621423    0.1101528704    0.1099413335
  0.1097274721    0.1095113456    0.1092930138    0.1090723574    0.1088494956
  0.1086243093    0.1083968580    0.1081671417    0.1079351008    0.1077007353
  0.1074640453    0.1072250307    0.1069835722    0.1067397892    0.1064935625
  0.1062448323    0.1059936583    0.1057399809    0.1054838002    0.1052249372
  0.1049635112    0.1046994627    0.1044327319    0.1041632593    0.1038909853
  0.1036159694    0.1033380926    0.1030572951    0.1027735770    0.1024868786
  0.1021970809    0.1019041836    0.1016082466    0.1013089716    0.1010065377
  0.1007007658    0.1003915370    0.1000789702    0.0997628868    0.0994431674
  0.0991198123    0.0987927616    0.0984618962    0.0981271565    0.0977884829
  0.0974457562    0.0970988572    0.0967478454    0.0963924825    0.0960327685
  0.0956684053    0.0952995718    0.0949259698    0.0945476592    0.0941642821
  0.0937758982    0.0933822691    0.0929834545    0.0925789773    0.0921690762
  0.0917534530    0.0913318098    0.0909041464    0.0904704034    0.0900300443
  0.0895832479    0.0891296566    0.0886690319    0.0882013738    0.0877261460
  0.0872432888    0.0867525637    0.0862537324    0.0857464373    0.0852304995
  0.0847054422    0.0841711462    0.0836270750    0.0830729902    0.0825084746
  0.0819329917    0.0813464224    0.0807481110    0.0801376402    0.0795139968
  0.0788773000    0.0782264769    0.0775611103    0.0768803656    0.0761832297
  0.0754693449    0.0747375786    0.0739866197    0.0732157528    0.0724234283
  0.0716086328    0.0707696378    0.0699048936    0.0690124333    0.0680903494
  0.0671363771    0.0661474764    0.0651211441    0.0640535653    0.0629412234
  0.0617790520    0.0605623424    0.0592840612    0.0579373538    0.0565131009
  0.0550005734    0.0533864796    0.0516544878    0.0497847497    0.0477504432
  0.0455203354    0.0430549681    0.0403074920    0.0372309983    0.0337931216
  0.0302170217    0.0301723778    0.0301276743    0.0300828516    0.0300379097
  0.0299929082    0.0299477875    0.0299025476    0.0298571885    0.0298117101
  0.0297661126    0.0297203958    0.0296746194    0.0296286643    0.0295826495
  0.0295364559    0.0294902027    0.0294438303    0.0293973386    0.0293507278
  0.0293039978    0.0292572081    0.0292101800    0.0291631520    0.0291159451
  0.0290686190    0.0290211737    0.0289736092    0.0289259851    0.0288781822
  0.1148682535    0.1148575842    0.1148259342    0.1147744358    0.1147048175
  0.1146190464    0.1145191491    0.1144069731    0.1142842472    0.1141524613
  0.1140128672    0.1138664186    0.1137140691    0.1135564148    0.1133940518
  0.1132274568    0.1130570471    0.1128830612    0.1127057970    0.1125254333
  0.1123422086    0.1121561825    0.1119675338    0.1117763817    0.1115827262
  0.1113866866    0.1111882627    0.1109876335    0.1107846797    0.1105795205
  0.1103721559    0.1101625860    0.1099508107    0.1097368896    0.1095207632
  0.1093024909    0.1090820134    0.1088593900    0.1086345613    0.1084074676
  0.1081781685    0.1079466641    0.1077128947    0.1074768603    0.1072384417
  0.1069977582    0.1067547500    0.1065093577    0.1062615812    0.1060113609
  0.1057586968    0.1055035293    0.1052457988    0.1049855649    0.1047227085
  0.1044572294    0.1041890681    0.1039182246    0.1036445796    0.1033681929
  0.1030889452    0.1028068364    0.1025218070    0.1022337973    0.1019426882
  0.1016485989    0.1013512909    0.1010507643    0.1007470787    0.1004400551
  0.1001296341    0.0998158157    0.0994984806    0.0991775692    0.0988530815
  0.0985248387    0.0981927812    0.0978569090    0.0975170434    0.0971732438
  0.0968252718    0.0964730680    0.0961166918    0.0957557857    0.0953904688
  0.0950205624    0.0946459472    0.0942665040    0.0938821733    0.0934928358
  0.0930982530    0.0926984847    0.0922931731    0.0918823779    0.0914658010
  0.0910433233    0.0906148255    0.0901801288    0.0897391140    0.0892915428
  0.0888372362    0.0883758962    0.0879075229    0.0874316394    0.0869481266
  0.0864569247    0.0859574378    0.0854497850    0.0849331915    0.0844078362
  0.0838732421    0.0833287537    0.0827744305    0.0822096169    0.0816343129
  0.0810474455    0.0804491341    0.0798384845    0.0792153180    0.0785787404
  0.0779282153    0.0772632658    0.0765828192    0.0758865774    0.0751731694
  0.0744421780    0.0736924112    0.0729224384    0.0721316040    0.0713182390
  0.0704808533    0.0696179569    0.0687278211    0.0678080618    0.0668567717
  0.0658709109    0.0648479760    0.0637844503    0.0626763403    0.0615194142
  0.0603080094    0.0590366423    0.0576973855    0.0562819541    0.0547794998
  0.0531779230    0.0514608324    0.0496086776    0.0475971997    0.0453962386
  0.0429680049    0.0402700603    0.0372588336    0.0339060128    0.0304917991
  0.0304478109    0.0304037631    0.0303595960    0.0303152502    0.0302709043
  0.0302263796    0.0301817358    0.0301370323    0.0300922096    0.0300473273
  0.0300022662    0.0299570858    0.0299118459    0.0298664868    0.0298210680
  0.0297754705    0.0297297537    0.0296839774    0.0296380818    0.0295920074
  0.0295459330    0.0294996798    0.0294533074    0.0294068158    0.0293602049
  0.1153315008    0.1153214872    0.1152919233    0.1152437031    0.1151783168
  0.1150974929    0.1150029600    0.1148964465    0.1147796214    0.1146537960
  0.1145201623    0.1143796742    0.1142332256    0.1140814722    0.1139249504
  0.1137641966    0.1135995686    0.1134313643    0.1132598221    0.1130852401
  0.1129077375    0.1127274930    0.1125446260    0.1123591959    0.1121714413
  0.1119812429    0.1117887795    0.1115940511    0.1113971174    0.1111980379
  0.1109968126    0.1107934415    0.1105879247    0.1103803813    0.1101706922
  0.1099589169    0.1097450554    0.1095290482    0.1093110144    0.1090907753
  0.1088685095    0.1086440384    0.1084174216    0.1081886590    0.1079576910
  0.1077245176    0.1074891388    0.1072515547    0.1070116460    0.1067694724
  0.1065249145    0.1062780321    0.1060287654    0.1057771742    0.1055230200
  0.1052664816    0.1050073802    0.1047457755    0.1044815481    0.1042147577
  0.1039452851    0.1036730707    0.1033981144    0.1031204164    0.1028399765
  0.1025564969    0.1022702157    0.1019808948    0.1016886532    0.1013933122
  0.1010947526    0.1007930934    0.1004881561    0.1001800001    0.0998684466
  0.0995533764    0.0992349684    0.0989129245    0.0985872447    0.0982578695
  0.0979247391    0.0975877941    0.0972469151    0.0969019234    0.0965528786
  0.0961997211    0.0958422124    0.0954804122    0.0951140225    0.0947431028
  0.0943675935    0.0939872563    0.0936019719    0.0932116210    0.0928161442
  0.0924153626    0.0920092762    0.0915975273    0.0911801159    0.0907568634
  0.0903275907    0.0898922384    0.0894505084    0.0890022218    0.0885472000
  0.0880852044    0.0876161158    0.0871396959    0.0866558254    0.0861640275
  0.0856640637    0.0851559341    0.0846389830    0.0841132700    0.0835782588
  0.0830336511    0.0824790895    0.0819142759    0.0813385546    0.0807519257
  0.0801536739    0.0795432031    0.0789201558    0.0782838166    0.0776337683
  0.0769691169    0.0762893856    0.0755936801    0.0748812854    0.0741510689
  0.0734023154    0.0726337135    0.0718440711    0.0710322559    0.0701967180
  0.0693358481    0.0684475005    0.0675305426    0.0665817559    0.0655992925
  0.0645798147    0.0635201633    0.0624164641    0.0612647235    0.0600590408
  0.0587941706    0.0574626029    0.0560560524    0.0545640886    0.0529742539
  0.0512722433    0.0494377911    0.0474484861    0.0452755392    0.0428840816
  0.0402340591    0.0372841656    0.0340124667    0.0307628214    0.0307194293
  0.0306759179    0.0306323469    0.0305886567    0.0305449069    0.0305010378
  0.0304570496    0.0304129422    0.0303687751    0.0303244293    0.0302800238
  0.0302355587    0.0301909149    0.0301462114    0.0301013887    0.0300564468
  0.0300113857    0.0299662650    0.0299210250    0.0298756659    0.0298301876
  0.1157836616    0.1157743633    0.1157466471    0.1157014072    0.1156398952
  0.1155636013    0.1154741347    0.1153730452    0.1152617633    0.1151415408
  0.1150136292    0.1148788631    0.1147380769    0.1145919859    0.1144411266
  0.1142859161    0.1141268313    0.1139641702    0.1137981713    0.1136290729
  0.1134571135    0.1132824123    0.1131050289    0.1129252017    0.1127429903
  0.1125583947    0.1123715937    0.1121825278    0.1119913757    0.1117980778
  0.1116026342    0.1114051640    0.1112056077    0.1110040843    0.1108004749
  0.1105948389    0.1103872359    0.1101775467    0.1099658906    0.1097522080
  0.1095364392    0.1093187034    0.1090988219    0.1088769734    0.1086529791
  0.1084268391    0.1081986725    0.1079683602    0.1077358425    0.1075011790
  0.1072643101    0.1070251763    0.1067838371    0.1065402329    0.1062943041
  0.1060460508    0.1057954133    0.1055423915    0.1052869856    0.1050290763
  0.1047686636    0.1045057476    0.1042402089    0.1039721668    0.1037014425
  0.1034279168    0.1031517684    0.1028728783    0.1025911272    0.1023065746
  0.1020189822    0.1017285883    0.1014350951    0.1011385024    0.1008389294
  0.1005360782    0.1002300084    0.0999206603    0.0996079743    0.0992918909
  0.0989722908    0.0986491740    0.0983224213    0.0979920328    0.0976577699
  0.0973197520    0.0969778597    0.0966319740    0.0962818563    0.0959276855
  0.0955692232    0.0952064693    0.0948391259    0.0944672525    0.0940907300
  0.0937095582    0.0933233798    0.0929321945    0.0925358236    0.0921342671
  0.0917274058    0.0913148820    0.0908966959    0.0904726684    0.0900427997
  0.0896065533    0.0891641080    0.0887152255    0.0882594883    0.0877970159
  0.0873273909    0.0868504345    0.0863660276    0.0858736932    0.0853733718
  0.0848648846    0.0843476355    0.0838216841    0.0832863152    0.0827415884
  0.0821868479    0.0816220343    0.0810463727    0.0804596245    0.0798614323
  0.0792511404    0.0786283314    0.0779925287    0.0773428380    0.0766789019
  0.0759996474    0.0753047168    0.0745932758    0.0738641918    0.0731162727
  0.0723489821    0.0715608299    0.0707505047    0.0699167550    0.0690579712
  0.0681721270    0.0672576129    0.0663116276    0.0653322637    0.0643163621
  0.0632605851    0.0621617138    0.0610146224    0.0598153174    0.0585568845
  0.0572328866    0.0558352768    0.0543533862    0.0527763665    0.0510884821
  0.0492720902    0.0473048389    0.0451584756    0.0428027809    0.0401979387
  0.0373094976    0.0341140926    0.0310301483    0.0309872925    0.0309444368
  0.0309014022    0.0308583081    0.0308150947    0.0307718217    0.0307284296
  0.0306849182    0.0306413472    0.0305975974    0.0305538476    0.0305099785
  0.0304659307    0.0304218829    0.0303776562    0.0303333700    0.0302889645
  0.1162253916    0.1162166297    0.1161906421    0.1161481440    0.1160902083
  0.1160181463    0.1159333885    0.1158373058    0.1157313287    0.1156165302
  0.1154939830    0.1153647006    0.1152293980    0.1150887311    0.1149432361
  0.1147934496    0.1146396697    0.1144823134    0.1143216789    0.1141578853
  0.1139911711    0.1138217747    0.1136497557    0.1134752333    0.1132983267
  0.1131190956    0.1129377186    0.1127540767    0.1125683486    0.1123805344
  0.1121906936    0.1119988859    0.1118049920    0.1116091311    0.1114113033
  0.1112115681    0.1110098660    0.1108061969    0.1106005609    0.1103930175
  0.1101835072    0.1099720299    0.1097585857    0.1095431149    0.1093257368
  0.1091063321    0.1088848412    0.1086614430    0.1084358990    0.1082082689
  0.1079786122    0.1077468097    0.1075128615    0.1072768271    0.1070384681
  0.1067980230    0.1065553129    0.1063103378    0.1060630977    0.1058135331
  0.1055615842    0.1053073108    0.1050505936    0.1047914326    0.1045298278
  0.1042656600    0.1039988697    0.1037296355    0.1034575999    0.1031830013
  0.1029056609    0.1026255786    0.1023426354    0.1020568907    0.1017682850
  0.1014766395    0.1011820138    0.1008843482    0.1005835831    0.1002796590
  0.0999725759    0.0996621549    0.0993483961    0.0990312397    0.0987105668
  0.0983864963    0.0980586708    0.0977272093    0.0973921120    0.0970530808
  0.0967101157    0.0963631570    0.0960122049    0.0956571400    0.0952976644
  0.0949340165    0.0945657194    0.0941930115    0.0938157141    0.0934335291
  0.0930465162    0.0926545560    0.0922574103    0.0918551981    0.0914474428
  0.0910341442    0.0906152427    0.0901906192    0.0897598565    0.0893231928
  0.0888800919    0.0884306133    0.0879742801    0.0875112712    0.0870411694
  0.0865638554    0.0860787928    0.0855862200    0.0850854814    0.0845765769
  0.0840591490    0.0835330188    0.0829974115    0.0824526250    0.0818978250
  0.0813328922    0.0807574689    0.0801708996    0.0795727670    0.0789627731
  0.0783403218    0.0777047575    0.0770556629    0.0763922036    0.0757136047
  0.0750196874    0.0743088424    0.0735808313    0.0728344023    0.0720684230
  0.0712817609    0.0704732239    0.0696412623    0.0687845051    0.0679011047
  0.0669890940    0.0660462081    0.0650700033    0.0640576184    0.0630059540
  0.0619114935    0.0607696474    0.0595762432    0.0583245456    0.0570079982
  0.0556191504    0.0541478693    0.0525827110    0.0509091318    0.0491104424
  0.0471647680    0.0450464189    0.0427245200    0.0401650369    0.0373336971
  0.0342113078    0.0312938988    0.0312516391    0.0312092602    0.0311668813
  0.0311243236    0.0310816467    0.0310389698    0.0309961140    0.0309531987
  0.0309101641    0.0308670700    0.0308239162    0.0307805836    0.0307371318
  0.1166569889    0.1166488230    0.1166243851    0.1165843904    0.1165297925
  0.1164616644    0.1163813174    0.1162900031    0.1161889732    0.1160792410
  0.1159619391    0.1158378422    0.1157077849    0.1155723035    0.1154320538
  0.1152873933    0.1151387990    0.1149866283    0.1148310006    0.1146723330
  0.1145107448    0.1143464148    0.1141794622    0.1140100658    0.1138382852
  0.1136642396    0.1134879887    0.1133095920    0.1131291091    0.1129465401
  0.1127620041    0.1125755012    0.1123870313    0.1121966541    0.1120043099
  0.1118101180    0.1116140187    0.1114160717    0.1112162173    0.1110144556
  0.1108108461    0.1106053293    0.1103979647    0.1101886928    0.1099774539
  0.1097643077    0.1095492542    0.1093322933    0.1091133058    0.1088924110
  0.1086694896    0.1084445417    0.1082175672    0.1079885662    0.1077575386
  0.1075243652    0.1072891057    0.1070516407    0.1068120301    0.1065702736
  0.1063262522    0.1060800254    0.1058315337    0.1055807173    0.1053275764
  0.1050720513    0.1048141420    0.1045537293    0.1042908728    0.1040255725
  0.1037577093    0.1034872234    0.1032141149    0.1029383242    0.1026598513
  0.1023786366    0.1020946205    0.1018077433    0.1015180051    0.1012252867
  0.1009295881    0.1006309092    0.1003290713    0.1000240743    0.0997159183
  0.0994044840    0.0990897119    0.0987716019    0.0984499156    0.0981248319
  0.0977960527    0.0974636376    0.0971274674    0.0967875421    0.0964436829
  0.0960958898    0.0957439840    0.0953879654    0.0950277150    0.0946631134
  0.0942939818    0.0939204395    0.0935423076    0.0931594074    0.0927715003
  0.0923787653    0.0919809043    0.0915778577    0.0911693871    0.0907555521
  0.0903359950    0.0899105966    0.0894793570    0.0890419781    0.0885984600
  0.0881482661    0.0876915157    0.0872280300    0.0867574513    0.0862797201
  0.0857943594    0.0853013098    0.0848003924    0.0842912495    0.0837735236
  0.0832470953    0.0827116072    0.0821665823    0.0816118419    0.0810470283
  0.0804716051    0.0798850358    0.0792873800    0.0786775649    0.0780555904
  0.0774205625    0.0767718256    0.0761091411    0.0754314363    0.0747381747
  0.0740285814    0.0733015835    0.0725564063    0.0717917383    0.0710066855
  0.0701999366    0.0693700612    0.0685153306    0.0676342547    0.0667248666
  0.0657850206    0.0648118556    0.0638034642    0.0627560318    0.0616660416
  0.0605295599    0.0593417585    0.0580967963    0.0567880571    0.0554079115
  0.0539470613    0.0523940027    0.0507350266    0.0489535630    0.0470292866
  0.0449370444    0.0426493585    0.0401322544    0.0373559892    0.0343032181
  0.0315542519    0.0315125287    0.0314707458    0.0314287841    0.0313868225
  0.0313447416    0.0313025415    0.0312602818    0.0312179029    0.0311754644
  0.1170791090    0.1170713603    0.1170484126    0.1170107424    0.1169591844
  0.1168946922    0.1168184578    0.1167316139    0.1166352928    0.1165304482
  0.1164180934    0.1162990034    0.1161738932    0.1160434783    0.1159081757
  0.1157685220    0.1156249344    0.1154775918    0.1153269708    0.1151731908
  0.1150164902    0.1148570478    0.1146950424    0.1145305336    0.1143637002
  0.1141945422    0.1140232384    0.1138498485    0.1136743724    0.1134968698
  0.1133174002    0.1131359637    0.1129526794    0.1127674878    0.1125804484
  0.1123915613    0.1122007668    0.1120082438    0.1118138731    0.1116176546
  0.1114196479    0.1112197936    0.1110181510    0.1108146608    0.1106093228
  0.1104021966    0.1101931632    0.1099822819    0.1097695529    0.1095549166
  0.1093384326    0.1091199219    0.1088995636    0.1086772382    0.1084529459
  0.1082266271    0.1079983413    0.1077680290    0.1075356305    0.1073012054
  0.1070646346    0.1068259776    0.1065851152    0.1063421071    0.1060968935
  0.1058494151    0.1055997312    0.1053477228    0.1050933897    0.1048366725
  0.1045775712    0.1043160856    0.1040520966    0.1037856638    0.1035166085
  0.1032450497    0.1029708683    0.1026940048    0.1024144590    0.1021321118
  0.1018470824    0.1015591323    0.1012683809    0.1009745896    0.1006778777
  0.1003781855    0.1000753343    0.0997693241    0.0994602144    0.0991477668
  0.0988319814    0.0985128582    0.0981902778    0.0978642404    0.0975345671
  0.0972012579    0.0968641937    0.0965232551    0.0961785614    0.0958299339
  0.0954771340    0.0951202810    0.0947591960    0.0943937600    0.0940239131
  0.0936495960    0.0932705700    0.0928868949    0.0924983919    0.0921048224
  0.0917063057    0.0913026035    0.0908934176    0.0904789865    0.0900587142
  0.0896328390    0.0892010629    0.0887630880    0.0883188546    0.0878684223
  0.0874111950    0.0869472921    0.0864762962    0.0859980285    0.0855124891
  0.0850192010    0.0845179856    0.0840087831    0.0834907591    0.0829643309
  0.0824286044    0.0818836987    0.0813290775    0.0807642043    0.0801889598
  0.0796027482    0.0790052712    0.0783958733    0.0777742565    0.0771397054
  0.0764918029    0.0758297741    0.0751529634    0.0744605958    0.0737520158
  0.0730262101    0.0722821653    0.0715192258    0.0707356632    0.0699307621
  0.0691026747    0.0682504475    0.0673718154    0.0664648712    0.0655280650
  0.0645586550    0.0635537803    0.0625105798    0.0614253581    0.0602943003
  0.0591120422    0.0578739941    0.0565728843    0.0552015007    0.0537510812
  0.0522099435    0.0505647957    0.0488007367    0.0468969047    0.0448310077
  0.0425756872    0.0401011407    0.0373784602    0.0343917906    0.0318113267
  0.0317700803    0.0317287743    0.0316874683    0.0316459239    0.0316043794
  0.1174920499    0.1174847782    0.1174631417    0.1174276173    0.1173788607
  0.1173177660    0.1172454059    0.1171627939    0.1170708835    0.1169706285
  0.1168629825    0.1167486608    0.1166283786    0.1165027916    0.1163723171
  0.1162374318    0.1160985529    0.1159560382    0.1158101261    0.1156611145
  0.1155091226    0.1153544486    0.1151971519    0.1150373518    0.1148752272
  0.1147108376    0.1145443022    0.1143756211    0.1142049730    0.1140322983
  0.1138577163    0.1136811674    0.1135028303    0.1133225858    0.1131405532
  0.1129567325    0.1127711236    0.1125836670    0.1123945415    0.1122035682
  0.1120109260    0.1118164957    0.1116202176    0.1114222705    0.1112225354
  0.1110210717    0.1108177602    0.1106127203    0.1104058325    0.1101972163
  0.1099866927    0.1097743809    0.1095602214    0.1093441546    0.1091262996
  0.1089064777    0.1086847484    0.1084611118    0.1082355082    0.1080079377
  0.1077784002    0.1075467765    0.1073131859    0.1070775092    0.1068397462
  0.1065998375    0.1063578427    0.1061136425    0.1058672965    0.1056186259
  0.1053677499    0.1051146686    0.1048591435    0.1046014130    0.1043412387
  0.1040785611    0.1038135588    0.1035459340    0.1032759249    0.1030032933
  0.1027279794    0.1024500430    0.1021695435    0.1018861830    0.1016000807
  0.1013111174    0.1010193527    0.1007246673    0.1004269421    0.1001261771
  0.0998223722    0.0995155275    0.0992054045    0.0988920033    0.0985753238
  0.0982551873    0.0979318321    0.0976048410    0.0972742140    0.0969400108
  0.0966021121    0.0962603986    0.0959148109    0.0955652893    0.0952117145
  0.0948540270    0.0944922268    0.0941260755    0.0937554538    0.0933803618
  0.0930005610    0.0926162302    0.0922269523    0.0918328464    0.0914336145
  0.0910292566    0.0906195939    0.0902044475    0.0897836983    0.0893571675
  0.0889248550    0.0884863436    0.0880418122    0.0875908434    0.0871332586
  0.0866689384    0.0861976445    0.0857191384    0.0852332413    0.0847395957
  0.0842383802    0.0837287009    0.0832109153    0.0826841891    0.0821487010
  0.0816036761    0.0810491741    0.0804844797    0.0799094141    0.0793234408
  0.0787263215    0.0781174600    0.0774963200    0.0768624246    0.0762150586
  0.0755538046    0.0748779476    0.0741866529    0.0734790862    0.0727544725
  0.0720118582    0.0712503493    0.0704685748    0.0696655214    0.0688396394
  0.0679894984    0.0671134889    0.0662095249    0.0652758777    0.0643096268
  0.0633085072    0.0622694194    0.0611888468    0.0600627959    0.0588872135
  0.0576553047    0.0563620627    0.0549997389    0.0535590351    0.0520298779
  0.0503993928    0.0486520231    0.0467690527    0.0447292626    0.0425048172
  0.0400705040    0.0373992622    0.0344769061    0.0320651829    0.0320244730
  0.1178962290    0.1178893745    0.1178689897    0.1178353727    0.1177892387
  0.1177313626    0.1176626384    0.1175839603    0.1174962223    0.1174003780
  0.1172972023    0.1171874702    0.1170717776    0.1169507802    0.1168248951
  0.1166946590    0.1165604293    0.1164225042    0.1162811816    0.1161366999
  0.1159892976    0.1158390939    0.1156863868    0.1155311167    0.1153735816
  0.1152137220    0.1150517762    0.1148877442    0.1147216260    0.1145536005
  0.1143836677    0.1142118871    0.1140381992    0.1138627827    0.1136855185
  0.1135065258    0.1133258045    0.1131432950    0.1129591167    0.1127732098
  0.1125856340    0.1123962700    0.1122052968    0.1120125949    0.1118181646
  0.1116220653    0.1114242375    0.1112246811    0.1110233963    0.1108203232
  0.1106155813    0.1104090512    0.1102007926    0.1099907458    0.1097788513
  0.1095651686    0.1093496978    0.1091323793    0.1089131534    0.1086920798
  0.1084690988    0.1082442105    0.1080174148    0.1077885926    0.1075578034
  0.1073250473    0.1070903242    0.1068534553    0.1066145003    0.1063735187
  0.1061302722    0.1058849990    0.1056375206    0.1053878367    0.1051358283
  0.1048816144    0.1046250761    0.1043662131    0.1041049659    0.1038412750
  0.1035751998    0.1033066213    0.1030355394    0.1027618349    0.1024856269
  0.1022066772    0.1019251049    0.1016407907    0.1013536751    0.1010638177
  0.1007710397    0.1004754007    0.1001767814    0.0998750627    0.0995704234
  0.0992625058    0.0989515483    0.0986372530    0.0983196199    0.0979987681
  0.0976743996    0.0973465741    0.0970151722    0.0966800749    0.0963413417
  0.0959989130    0.0956524312    0.0953021348    0.0949478447    0.0945894420
  0.0942268074    0.0938599408    0.0934885442    0.0931128561    0.0927324593
  0.0923472941    0.0919575393    0.0915626585    0.0911628902    0.0907578766
  0.0903476179    0.0899319351    0.0895106494    0.0890837014    0.0886507928
  0.0882121027    0.0877669156    0.0873155892    0.0868577063    0.0863929093
  0.0859214365    0.0854427516    0.0849566162    0.0844627917    0.0839613378
  0.0834517777    0.0829338133    0.0824072063    0.0818716586    0.0813266933
  0.0807721913    0.0802077949    0.0796329677    0.0790474713    0.0784508288
  0.0778423250    0.0772216618    0.0765884817    0.0759419501    0.0752815902
  0.0746064484    0.0739161670    0.0732096732    0.0724866092    0.0717453659
  0.0709852278    0.0702053010    0.0694043338    0.0685804784    0.0677326620
  0.0668591559    0.0659582317    0.0650272667    0.0640647113    0.0630675852
  0.0620328486    0.0609570444    0.0598361194    0.0586660206    0.0574413240
  0.0561558902    0.0548020303    0.0533718169    0.0518546999    0.0502379239
  0.0485071242    0.0466450751    0.0446298420    0.0424369276    0.0400418341
