  0.0000000000    0.0150000000
  0.0002500000    0.0010000000    179    30
  0.0997141302    0.0996228755    0.0993918478    0.0990836918    0.0987328589
  0.0983550847    0.0979577601    0.0975446403    0.0971178710    0.0966787040
  0.0962278545    0.0957657397    0.0952925980    0.0948086083    0.0943136513
  0.0938077867    0.0932908952    0.0927627385    0.0922231376    0.0916718543
  0.0911085904    0.0905330479    0.0899448097    0.0893433988    0.0887285173
  0.0880995691    0.0874560773    0.0867972076    0.0861226022    0.0854312479
  0.0847224891    0.0839953721    0.0832488239    0.0824818909    0.0816931427
  0.0808813274    0.0800448358    0.0791821778    0.0782909691    0.0773694217
  0.0764147937    0.0754244626    0.0743950307    0.0733227432    0.0722034276
  0.0710318983    0.0698019564    0.0685072243    0.0671387613    0.0656869709
  0.0641399324    0.0624840558    0.0607030094    0.0587791502    0.0566929877
  0.0544193089    0.0519175828    0.0490989387    0.0457710922    0.0451934636
  0.0451934636    0.0451934636    0.0451934636    0.0451934636    0.0451934636
  0.0451934636    0.0451934636    0.0451934636    0.0451934636    0.0451934636
  0.0451934636    0.0451934636    0.0451934636    0.0451934636    0.0451934636
  0.0451934636    0.0451934636    0.0451934636    0.0451934636    0.0451934636
  0.0451934636    0.0451934636    0.0451934636    0.0451934636    0.0451934636
  0.0451934636    0.0451934636    0.0451934636    0.0451934636    0.0451934636
  0.0451934636    0.0451934636    0.0451934636    0.0451934636    0.0451934636
  0.0451934636    0.0451934636    0.0451934636    0.0451934636    0.0451934636
  0.0451934636    0.0451934636    0.0451934636    0.0451934636    0.0451934636
  0.0451934636    0.0451934636    0.0451934636    0.0451934636    0.0451934636
  0.0451934636    0.0451934636    0.0451934636    0.0451934636    0.0451934636
  0.0451934636    0.0451934636    0.0451934636    0.0451934636    0.0451934636
  0.0451934636    0.0451934636    0.0451934636    0.0451934636    0.0451934636
  0.0451934636    0.0451934636    0.0451934636    0.0451934636    0.0451934636
  0.0451934636    0.0451934636    0.0451934636    0.0451934636    0.0451934636
  0.0451934636    0.0451934636    0.0451934636    0.0451934636    0.0451934636
  0.0451934636    0.0451934636    0.0451934636    0.0451934636    0.0451934636
  0.0451934636    0.0451934636    0.0451934636    0.0451934636    0.0451934636
  0.0451934636    0.0451934636    0.0451934636    0.0451934636    0.0451934636
  0.0451934636    0.0451934636    0.0451934636    0.0451934636    0.0451934636
  0.0451934636    0.0451934636    0.0451934636    0.0451934636    0.0451934636
  0.0451934636    0.0451934636    0.0451934636    0.0451934636    0.0451934636
  0.0451934636    0.0451934636    0.0451934636    0.0451934636    0.0451934636
  0.0451934636    0.0451934636    0.0451934636    0.0451934636    0.0451934636
  0.1008171737    0.1007399857    0.1005385816    0.1002621949    0.0999421179
  0.0995940864    0.0992260277    0.0988421142    0.0984447300    0.0980353653
  0.0976149142    0.0971837938    0.0967425406    0.0962911546    0.0958298147
  0.0953585804    0.0948773324    0.0943860710    0.0938845575    0.0933727324
  0.0928503573    0.0923171937    0.0917729437    0.0912174284    0.0906502306
  0.0900710523    0.0894794166    0.0888750255    0.0882573426    0.0876257122
  0.0869798362    0.0863188207    0.0856421292    0.0849490464    0.0842386782
  0.0835100114    0.0827622116    0.0819940865    0.0812043250    0.0803917348
  0.0795545876    0.0786912739    0.0777996480    0.0768778622    0.0759232342
  0.0749329627    0.0739038289    0.0728319585    0.0717134774    0.0705430210
  0.0693146884    0.0680218637    0.0666563809    0.0652083457    0.0636669099
  0.0620184243    0.0602486432    0.0583406985    0.0562767684    0.0540333092
  0.0515690744    0.0487943590    0.0457942188    0.0457942188    0.0457942188
  0.0457942188    0.0457942188    0.0457942188    0.0457942188    0.0457942188
  0.0457942188    0.0457942188    0.0457942188    0.0457942188    0.0457942188
  0.0457942188    0.0457942188    0.0457942188    0.0457942188    0.0457942188
  0.0457942188    0.0457942188    0.0457942188    0.0457942188    0.0457942188
  0.0457942188    0.0457942188    0.0457942188    0.0457942188    0.0457942188
  0.0457942188    0.0457942188    0.0457942188    0.0457942188    0.0457942188
  0.0457942188    0.0457942188    0.0457942188    0.0457942188    0.0457942188
  0.0457942188    0.0457942188    0.0457942188    0.0457942188    0.0457942188
  0.0457942188    0.0457942188    0.0457942188    0.0457942188    0.0457942188
  0.0457942188    0.0457942188    0.0457942188    0.0457942188    0.0457942188
  0.0457942188    0.0457942188    0.0457942188    0.0457942188    0.0457942188
  0.0457942188    0.0457942188    0.0457942188    0.0457942188    0.0457942188
  0.0457942188    0.0457942188    0.0457942188    0.0457942188    0.0457942188
  0.0457942188    0.0457942188    0.0457942188    0.0457942188    0.0457942188
  0.0457942188    0.0457942188    0.0457942188    0.0457942188    0.0457942188
  0.0457942188    0.0457942188    0.0457942188    0.0457942188    0.0457942188
  0.0457942188    0.0457942188    0.0457942188    0.0457942188    0.0457942188
  0.0457942188    0.0457942188    0.0457942188    0.0457942188    0.0457942188
  0.0457942188    0.0457942188    0.0457942188    0.0457942188    0.0457942188
  0.0457942188    0.0457942188    0.0457942188    0.0457942188    0.0457942188
  0.0457942188    0.0457942188    0.0457942188    0.0457942188    0.0457942188
  0.0457942188    0.0457942188    0.0457942188    0.0457942188    0.0457942188
  0.0457942188    0.0457942188    0.0457942188    0.0457942188    0.0457942188
  0.1018574536    0.1017916501    0.1016155779    0.1013676822    0.1010756791
  0.1007548869    0.1004134715    0.1000560224    0.0996852219    0.0993026197
  0.0989092886    0.0985058248    0.0980927646    0.0976703465    0.0972386301
  0.0967977941    0.0963478386    0.0958887637    0.0954204500    0.0949427783
  0.0944557488    0.0939590633    0.0934526026    0.0929361880    0.0924095213
  0.0918723643    0.0913245380    0.0907655656    0.0901952684    0.0896131694
  0.0890188515    0.0884119570    0.0877919495    0.0871582329    0.0865104496
  0.0858477056    0.0851695240    0.0844749510    0.0837632120    0.0830335319
  0.0822846591    0.0815157592    0.0807252824    0.0799119771    0.0790744722
  0.0782107413    0.0773190558    0.0763971508    0.0754427016    0.0744527280
  0.0734240115    0.0723529160    0.0712355077    0.0700664818    0.0688399971
  0.0675496757    0.0661877096    0.0647440255    0.0632087886    0.0615689456
  0.0598106086    0.0579193532    0.0558781922    0.0536644161    0.0512367785
  0.0485056937    0.0463688076    0.0463688076    0.0463688076    0.0463688076
  0.0463688076    0.0463688076    0.0463688076    0.0463688076    0.0463688076
  0.0463688076    0.0463688076    0.0463688076    0.0463688076    0.0463688076
  0.0463688076    0.0463688076    0.0463688076    0.0463688076    0.0463688076
  0.0463688076    0.0463688076    0.0463688076    0.0463688076    0.0463688076
  0.0463688076    0.0463688076    0.0463688076    0.0463688076    0.0463688076
  0.0463688076    0.0463688076    0.0463688076    0.0463688076    0.0463688076
  0.0463688076    0.0463688076    0.0463688076    0.0463688076    0.0463688076
  0.0463688076    0.0463688076    0.0463688076    0.0463688076    0.0463688076
  0.0463688076    0.0463688076    0.0463688076    0.0463688076    0.0463688076
  0.0463688076    0.0463688076    0.0463688076    0.0463688076    0.0463688076
  0.0463688076    0.0463688076    0.0463688076    0.0463688076    0.0463688076
  0.0463688076    0.0463688076    0.0463688076    0.0463688076    0.0463688076
  0.0463688076    0.0463688076    0.0463688076    0.0463688076    0.0463688076
  0.0463688076    0.0463688076    0.0463688076    0.0463688076    0.0463688076
  0.0463688076    0.0463688076    0.0463688076    0.0463688076    0.0463688076
  0.0463688076    0.0463688076    0.0463688076    0.0463688076    0.0463688076
  0.0463688076    0.0463688076    0.0463688076    0.0463688076    0.0463688076
  0.0463688076    0.0463688076    0.0463688076    0.0463688076    0.0463688076
  0.0463688076    0.0463688076    0.0463688076    0.0463688076    0.0463688076
  0.0463688076    0.0463688076    0.0463688076    0.0463688076    0.0463688076
  0.0463688076    0.0463688076    0.0463688076    0.0463688076    0.0463688076
  0.0463688076    0.0463688076    0.0463688076    0.0463688076    0.0463688076
  0.1028417051    0.1027850807    0.1026307046    0.1024083793    0.1021420062
  0.1018461883    0.1015292108    0.1011959612    0.1008493006    0.1004909575
  0.1001221240    0.0997435749    0.0993558466    0.0989592373    0.0985539258
  0.0981401503    0.0977179110    0.0972872674    0.0968481600    0.0964005888
  0.0959444344    0.0954795778    0.0950060189    0.0945235193    0.0940318406
  0.0935309231    0.0930205286    0.0925003588    0.0919703543    0.0914299786
  0.0908791125    0.0903174579    0.0897445977    0.0891601145    0.0885635912
  0.0879546702    0.0873328149    0.0866974294    0.0860479772    0.0853839219
  0.0847044289    0.0840087831    0.0832960904    0.0825654566    0.0818160474
  0.0810463727    0.0802553594    0.0794419348    0.0786040723    0.0777403414
  0.0768484771    0.0759268701    0.0749728382    0.0739832819    0.0729554594
  0.0718854964    0.0707693398    0.0696018040    0.0683777630    0.0670902431
  0.0657317340    0.0642931759    0.0627643764    0.0611334741    0.0593879521
  0.0575141013    0.0554961860    0.0533123910    0.0509195626    0.0482305586
  0.0469197333    0.0469197333    0.0469197333    0.0469197333    0.0469197333
  0.0469197333    0.0469197333    0.0469197333    0.0469197333    0.0469197333
  0.0469197333    0.0469197333    0.0469197333    0.0469197333    0.0469197333
  0.0469197333    0.0469197333    0.0469197333    0.0469197333    0.0469197333
  0.0469197333    0.0469197333    0.0469197333    0.0469197333    0.0469197333
  0.0469197333    0.0469197333    0.0469197333    0.0469197333    0.0469197333
  0.0469197333    0.0469197333    0.0469197333    0.0469197333    0.0469197333
  0.0469197333    0.0469197333    0.0469197333    0.0469197333    0.0469197333
  0.0469197333    0.0469197333    0.0469197333    0.0469197333    0.0469197333
  0.0469197333    0.0469197333    0.0469197333    0.0469197333    0.0469197333
  0.0469197333    0.0469197333    0.0469197333    0.0469197333    0.0469197333
  0.0469197333    0.0469197333    0.0469197333    0.0469197333    0.0469197333
  0.0469197333    0.0469197333    0.0469197333    0.0469197333    0.0469197333
  0.0469197333    0.0469197333    0.0469197333    0.0469197333    0.0469197333
  0.0469197333    0.0469197333    0.0469197333    0.0469197333    0.0469197333
  0.0469197333    0.0469197333    0.0469197333    0.0469197333    0.0469197333
  0.0469197333    0.0469197333    0.0469197333    0.0469197333    0.0469197333
  0.0469197333    0.0469197333    0.0469197333    0.0469197333    0.0469197333
  0.0469197333    0.0469197333    0.0469197333    0.0469197333    0.0469197333
  0.0469197333    0.0469197333    0.0469197333    0.0469197333    0.0469197333
  0.0469197333    0.0469197333    0.0469197333    0.0469197333    0.0469197333
  0.0469197333    0.0469197333    0.0469197333    0.0469197333    0.0469197333
  0.1037754714    0.1037264764    0.1035906374    0.1033910215    0.1031480730
  0.1028752625    0.1025809348    0.1022699177    0.1019453704    0.1016092002
  0.1012627184    0.1009066999    0.1005418599    0.1001685560    0.0997870862
  0.0993975699    0.0990000665    0.0985948145    0.0981817544    0.0977608263
  0.0973320901    0.0968953669    0.0964507163    0.0959979594    0.0955369771
  0.0950676501    0.0945897996    0.0941033065    0.0936079919    0.0931036174
  0.0925898850    0.0920668542    0.0915338695    0.0909909904    0.0904376805
  0.0898736417    0.0892986357    0.0887121856    0.0881139338    0.0875034034
  0.0868800581    0.0862433016    0.0855927169    0.0849274695    0.0842470229
  0.0835504830    0.0828370750    0.0821059048    0.0813558996    0.0805858076
  0.0797946751    0.0789809525    0.0781431496    0.0772793591    0.0763879716
  0.0754667222    0.0745131671    0.0735243857    0.0724975765    0.0714288652
  0.0703142583    0.0691487491    0.0679270327    0.0666429698    0.0652881563
  0.0638551414    0.0623332560    0.0607126653    0.0589803755    0.0571244061
  0.0551302135    0.0529748499    0.0506165922    0.0479677022    0.0474492013
  0.0474492013    0.0474492013    0.0474492013    0.0474492013    0.0474492013
  0.0474492013    0.0474492013    0.0474492013    0.0474492013    0.0474492013
  0.0474492013    0.0474492013    0.0474492013    0.0474492013    0.0474492013
  0.0474492013    0.0474492013    0.0474492013    0.0474492013    0.0474492013
  0.0474492013    0.0474492013    0.0474492013    0.0474492013    0.0474492013
  0.0474492013    0.0474492013    0.0474492013    0.0474492013    0.0474492013
  0.0474492013    0.0474492013    0.0474492013    0.0474492013    0.0474492013
  0.0474492013    0.0474492013    0.0474492013    0.0474492013    0.0474492013
  0.0474492013    0.0474492013    0.0474492013    0.0474492013    0.0474492013
  0.0474492013    0.0474492013    0.0474492013    0.0474492013    0.0474492013
  0.0474492013    0.0474492013    0.0474492013    0.0474492013    0.0474492013
  0.0474492013    0.0474492013    0.0474492013    0.0474492013    0.0474492013
  0.0474492013    0.0474492013    0.0474492013    0.0474492013    0.0474492013
  0.0474492013    0.0474492013    0.0474492013    0.0474492013    0.0474492013
  0.0474492013    0.0474492013    0.0474492013    0.0474492013    0.0474492013
  0.0474492013    0.0474492013    0.0474492013    0.0474492013    0.0474492013
  0.0474492013    0.0474492013    0.0474492013    0.0474492013    0.0474492013
  0.0474492013    0.0474492013    0.0474492013    0.0474492013    0.0474492013
  0.0474492013    0.0474492013    0.0474492013    0.0474492013    0.0474492013
  0.0474492013    0.0474492013    0.0474492013    0.0474492013    0.0474492013
  0.0474492013    0.0474492013    0.0474492013    0.0474492013    0.0474492013
  0.1046636403    0.1046209037    0.1045009196    0.1043215692    0.1040999591
  0.1038484275    0.1035749614    0.1032845080    0.1029804051    0.1026646197
  0.1023385823    0.1020032465    0.1016593277    0.1013071835    0.1009471714
  0.1005795896    0.1002045572    0.0998221338    0.0994324386    0.0990354121
  0.0986311734    0.0982196033    0.0978006423    0.0973742902    0.0969404280
  0.0964989960    0.0960498750    0.0955928862    0.0951279700    0.0946549475
  0.0941736400    0.0936838090    0.0931855142    0.0926782191    0.0921618640
  0.0916362107    0.0911009610    0.0905558169    0.0900005400    0.0894347131
  0.0888579786    0.0882699192    0.0876702368    0.0870583355    0.0864337385
  0.0857959688    0.0851444304    0.0844784081    0.0837971270    0.0831000507
  0.0823860466    0.0816543996    0.0809040964    0.0801340044    0.0793426335
  0.0785290301    0.0776914060    0.0768279731    0.0759369433    0.0750161111
  0.0740634501    0.0730755627    0.0720499456    0.0709825456    0.0698698461
  0.0687064826    0.0674879253    0.0662072003    0.0648570955    0.0634298623
  0.0619156659    0.0603048503    0.0585865676    0.0567490757    0.0547783673
  0.0526520312    0.0503269732    0.0479590595    0.0479590595    0.0479590595
  0.0479590595    0.0479590595    0.0479590595    0.0479590595    0.0479590595
  0.0479590595    0.0479590595    0.0479590595    0.0479590595    0.0479590595
  0.0479590595    0.0479590595    0.0479590595    0.0479590595    0.0479590595
  0.0479590595    0.0479590595    0.0479590595    0.0479590595    0.0479590595
  0.0479590595    0.0479590595    0.0479590595    0.0479590595    0.0479590595
  0.0479590595    0.0479590595    0.0479590595    0.0479590595    0.0479590595
  0.0479590595    0.0479590595    0.0479590595    0.0479590595    0.0479590595
  0.0479590595    0.0479590595    0.0479590595    0.0479590595    0.0479590595
  0.0479590595    0.0479590595    0.0479590595    0.0479590595    0.0479590595
  0.0479590595    0.0479590595    0.0479590595    0.0479590595    0.0479590595
  0.0479590595    0.0479590595    0.0479590595    0.0479590595    0.0479590595
  0.0479590595    0.0479590595    0.0479590595    0.0479590595    0.0479590595
  0.0479590595    0.0479590595    0.0479590595    0.0479590595    0.0479590595
  0.0479590595    0.0479590595    0.0479590595    0.0479590595    0.0479590595
  0.0479590595    0.0479590595    0.0479590595    0.0479590595    0.0479590595
  0.0479590595    0.0479590595    0.0479590595    0.0479590595    0.0479590595
  0.0479590595    0.0479590595    0.0479590595    0.0479590595    0.0479590595
  0.0479590595    0.0479590595    0.0479590595    0.0479590595    0.0479590595
  0.0479590595    0.0479590595    0.0479590595    0.0479590595    0.0479590595
  0.0479590595    0.0479590595    0.0479590595    0.0479590595    0.0479590595
  0.1055104434    0.1054729521    0.1053665578    0.1052051485    0.1050029099
  0.1047709882    0.1045168936    0.1042455733    0.1039603651    0.1036634147
  0.1033562720    0.1030399501    0.1027151644    0.1023823917    0.1020421088
  0.1016944945    0.1013398468    0.1009781659    0.1006095707    0.1002341807
  0.0998519957    0.0994630158    0.0990671813    0.0986644328    0.0982548296
  0.0978383124    0.0974147022    0.0969838798    0.0965459049    0.0961004794
  0.0956476629    0.0951872766    0.0947190225    0.0942429006    0.0937587321
  0.0932662189    0.0927653015    0.0922555625    0.0917370021    0.0912092626
  0.0906721056    0.0901251733    0.0895681083    0.0890007317    0.0884226263
  0.0878333151    0.0872325003    0.0866195261    0.0859939754    0.0853553712
  0.0847030580    0.0840363204    0.0833546817    0.0826571286    0.0819429457
  0.0812111199    0.0804606974    0.0796903670    0.0788992941    0.0780856311
  0.0772483647    0.0763853490    0.0754951537    0.0745749772    0.0736230910
  0.0726364553    0.0716120303    0.0705467165    0.0694358647    0.0682750642
  0.0670591295    0.0657823384    0.0644373596    0.0630162060    0.0615105331
  0.0599105656    0.0582068264    0.0563878119    0.0544408262    0.0523425639
  0.0500498116    0.0484509170    0.0484509170    0.0484509170    0.0484509170
  0.0484509170    0.0484509170    0.0484509170    0.0484509170    0.0484509170
  0.0484509170    0.0484509170    0.0484509170    0.0484509170    0.0484509170
  0.0484509170    0.0484509170    0.0484509170    0.0484509170    0.0484509170
  0.0484509170    0.0484509170    0.0484509170    0.0484509170    0.0484509170
  0.0484509170    0.0484509170    0.0484509170    0.0484509170    0.0484509170
  0.0484509170    0.0484509170    0.0484509170    0.0484509170    0.0484509170
  0.0484509170    0.0484509170    0.0484509170    0.0484509170    0.0484509170
  0.0484509170    0.0484509170    0.0484509170    0.0484509170    0.0484509170
  0.0484509170    0.0484509170    0.0484509170    0.0484509170    0.0484509170
  0.0484509170    0.0484509170    0.0484509170    0.0484509170    0.0484509170
  0.0484509170    0.0484509170    0.0484509170    0.0484509170    0.0484509170
  0.0484509170    0.0484509170    0.0484509170    0.0484509170    0.0484509170
  0.0484509170    0.0484509170    0.0484509170    0.0484509170    0.0484509170
  0.0484509170    0.0484509170    0.0484509170    0.0484509170    0.0484509170
  0.0484509170    0.0484509170    0.0484509170    0.0484509170    0.0484509170
  0.0484509170    0.0484509170    0.0484509170    0.0484509170    0.0484509170
  0.0484509170    0.0484509170    0.0484509170    0.0484509170    0.0484509170
  0.0484509170    0.0484509170    0.0484509170    0.0484509170    0.0484509170
  0.0484509170    0.0484509170    0.0484509170    0.0484509170    0.0484509170
  0.1063193977    0.1062863171    0.1061916053    0.1060460508    0.1058614552
  0.1056475937    0.1054114401    0.1051579416    0.1048903763    0.1046109498
  0.1043213308    0.1040225327    0.1037154496    0.1034005582    0.1030783355
  0.1027490199    0.1024129689    0.1020702422    0.1017209589    0.1013652384
  0.1010030806    0.1006345451    0.1002596319    0.0998782814    0.0994905531
  0.0990963280    0.0986956656    0.0982883275    0.0978743732    0.0974536836
  0.0970261991    0.0965917408    0.0961502492    0.0957015455    0.0952456295
  0.0947822630    0.0943112671    0.0938325226    0.0933459103    0.0928510725
  0.0923479497    0.0918363035    0.0913158357    0.0907863677    0.0902475417
  0.0896991193    0.0891408026    0.0885721743    0.0879928768    0.0874025524
  0.0868006647    0.0861869752    0.0855607092    0.0849215686    0.0842685997
  0.0836016238    0.0829196274    0.0822217762    0.0815074146    0.0807754695
  0.0800250471    0.0792550147    0.0784641206    0.0776509345    0.0768139064
  0.0759517252    0.0750619471    0.0741430819    0.0731922090    0.0722067058
  0.0711839497    0.0701203048    0.0690118968    0.0678537190    0.0666415393
  0.0653686225    0.0640286505    0.0626145899    0.0611174405    0.0595287383
  0.0578396618    0.0560394228    0.0541159809    0.0520451367    0.0497841537
  0.0489262640    0.0489262640    0.0489262640    0.0489262640    0.0489262640
  0.0489262640    0.0489262640    0.0489262640    0.0489262640    0.0489262640
  0.0489262640    0.0489262640    0.0489262640    0.0489262640    0.0489262640
  0.0489262640    0.0489262640    0.0489262640    0.0489262640    0.0489262640
  0.0489262640    0.0489262640    0.0489262640    0.0489262640    0.0489262640
  0.0489262640    0.0489262640    0.0489262640    0.0489262640    0.0489262640
  0.0489262640    0.0489262640    0.0489262640    0.0489262640    0.0489262640
  0.0489262640    0.0489262640    0.0489262640    0.0489262640    0.0489262640
  0.0489262640    0.0489262640    0.0489262640    0.0489262640    0.0489262640
  0.0489262640    0.0489262640    0.0489262640    0.0489262640    0.0489262640
  0.0489262640    0.0489262640    0.0489262640    0.0489262640    0.0489262640
  0.0489262640    0.0489262640    0.0489262640    0.0489262640    0.0489262640
  0.0489262640    0.0489262640    0.0489262640    0.0489262640    0.0489262640
  0.0489262640    0.0489262640    0.0489262640    0.0489262640    0.0489262640
  0.0489262640    0.0489262640    0.0489262640    0.0489262640    0.0489262640
  0.0489262640    0.0489262640    0.0489262640    0.0489262640    0.0489262640
  0.0489262640    0.0489262640    0.0489262640    0.0489262640    0.0489262640
  0.0489262640    0.0489262640    0.0489262640    0.0489262640    0.0489262640
  0.0489262640    0.0489262640    0.0489262640    0.0489262640    0.0489262640
  0.1070937812    0.1070643961    0.1069797575    0.1068482697    0.1066795886
  0.1064823568    0.1062628925    0.1060259640    0.1057748497    0.1055117548
  0.1052384675    0.1049560010    0.1046653092    0.1043669283    0.1040613949
  0.1037490070    0.1034300625    0.1031046808    0.1027731001    0.1024353802
  0.1020915210    0.1017417014    0.1013858020    0.1010239422    0.1006560624
  0.1002821028    0.0999021232    0.0995160043    0.0991237462    0.0987252295
  0.0983204544    0.0979093015    0.0974917114    0.0970675647    0.0966367424
  0.0961991251    0.0957547128    0.0953032672    0.0948446691    0.0943787992
  0.0939054787    0.0934245288    0.0929358304    0.0924390852    0.0919341147
  0.0914207399    0.0908988416    0.0903678238    0.0898276865    0.0892780125
  0.0887185037    0.0881489217    0.0875687301    0.0869775712    0.0863750279
  0.0857606828    0.0851339400    0.0844942033    0.0838411748    0.0831737816
  0.0824914873    0.0817936361    0.0810792148    0.0803475082    0.0795972049
  0.0788275898    0.0780370533    0.0772244036    0.0763880312    0.0755263269
  0.0746377409    0.0737195909    0.0727699101    0.0717863739    0.0707651079
  0.0697033703    0.0685974658    0.0674426854    0.0662336648    0.0649655759
  0.0636310875    0.0622238815    0.0607356131    0.0591591895    0.0574851334
  0.0557044446    0.0538037121    0.0517600477    0.0495293438    0.0493862927
  0.0493862927    0.0493862927    0.0493862927    0.0493862927    0.0493862927
  0.0493862927    0.0493862927    0.0493862927    0.0493862927    0.0493862927
  0.0493862927    0.0493862927    0.0493862927    0.0493862927    0.0493862927
  0.0493862927    0.0493862927    0.0493862927    0.0493862927    0.0493862927
  0.0493862927    0.0493862927    0.0493862927    0.0493862927    0.0493862927
  0.0493862927    0.0493862927    0.0493862927    0.0493862927    0.0493862927
  0.0493862927    0.0493862927    0.0493862927    0.0493862927    0.0493862927
  0.0493862927    0.0493862927    0.0493862927    0.0493862927    0.0493862927
  0.0493862927    0.0493862927    0.0493862927    0.0493862927    0.0493862927
  0.0493862927    0.0493862927    0.0493862927    0.0493862927    0.0493862927
  0.0493862927    0.0493862927    0.0493862927    0.0493862927    0.0493862927
  0.0493862927    0.0493862927    0.0493862927    0.0493862927    0.0493862927
  0.0493862927    0.0493862927    0.0493862927    0.0493862927    0.0493862927
  0.0493862927    0.0493862927    0.0493862927    0.0493862927    0.0493862927
  0.0493862927    0.0493862927    0.0493862927    0.0493862927    0.0493862927
  0.0493862927    0.0493862927    0.0493862927    0.0493862927    0.0493862927
  0.0493862927    0.0493862927    0.0493862927    0.0493862927    0.0493862927
  0.0493862927    0.0493862927    0.0493862927    0.0493862927    0.0493862927
  0.1078362167    0.1078100502    0.1077341139    0.1076150239    0.1074608266
  0.1072787941    0.1070748270    0.1068533957    0.1066176593    0.1063698828
  0.1061117947    0.1058445871    0.1055691540    0.1052861512    0.1049961150
  0.1046994030    0.1043962538    0.1040870249    0.1037717164    0.1034505069
  0.1031235158    0.1027908027    0.1024523675    0.1021082699    0.1017585099
  0.1014030278    0.1010419428    0.1006750762    0.1003024876    0.0999241173
  0.0995399058    0.0991497934    0.0987536013    0.0983515084    0.0979432762
  0.0975288451    0.0971080959    0.0966809690    0.0962473452    0.0958071053
  0.0953601301    0.0949063599    0.0944454372    0.0939774811    0.0935021937
  0.0930193961    0.0925287902    0.0920304954    0.0915239751    0.0910092890
  0.0904859006    0.0899538696    0.0894125998    0.0888619721    0.0883015692
  0.0877310932    0.0871501863    0.0865584314    0.0859554708    0.0853405893
  0.0847134888    0.0840735734    0.0834201872    0.0827528536    0.0820705593
  0.0813726485    0.0806584656    0.0799269378    0.0791769922    0.0784075558
  0.0776177347    0.0768055022    0.0759699643    0.0751094520    0.0742215812
  0.0733049214    0.0723566115    0.0713745654    0.0703552067    0.0692960322
  0.0681926310    0.0670405328    0.0658358634    0.0645722449    0.0632437170
  0.0618439615    0.0603655875    0.0588009655    0.0571425259    0.0553810298
  0.0535029471    0.0514858067    0.0498321354    0.0498321354    0.0498321354
  0.0498321354    0.0498321354    0.0498321354    0.0498321354    0.0498321354
  0.0498321354    0.0498321354    0.0498321354    0.0498321354    0.0498321354
  0.0498321354    0.0498321354    0.0498321354    0.0498321354    0.0498321354
  0.0498321354    0.0498321354    0.0498321354    0.0498321354    0.0498321354
  0.0498321354    0.0498321354    0.0498321354    0.0498321354    0.0498321354
  0.0498321354    0.0498321354    0.0498321354    0.0498321354    0.0498321354
  0.0498321354    0.0498321354    0.0498321354    0.0498321354    0.0498321354
  0.0498321354    0.0498321354    0.0498321354    0.0498321354    0.0498321354
  0.0498321354    0.0498321354    0.0498321354    0.0498321354    0.0498321354
  0.0498321354    0.0498321354    0.0498321354    0.0498321354    0.0498321354
  0.0498321354    0.0498321354    0.0498321354    0.0498321354    0.0498321354
  0.0498321354    0.0498321354    0.0498321354    0.0498321354    0.0498321354
  0.0498321354    0.0498321354    0.0498321354    0.0498321354    0.0498321354
  0.0498321354    0.0498321354    0.0498321354    0.0498321354    0.0498321354
  0.0498321354    0.0498321354    0.0498321354    0.0498321354    0.0498321354
  0.0498321354    0.0498321354    0.0498321354    0.0498321354    0.0498321354
  0.0498321354    0.0498321354    0.0498321354    0.0498321354    0.0498321354
  0.1085493267    0.1085258424    0.1084574759    0.1083494127    0.1082082093
  0.1080401838    0.1078505814    0.1076435149    0.1074221432    0.1071887314
  0.1069449484    0.1066919863    0.1064308584    0.1061622202    0.1058866084
  0.1056044996    0.1053160727    0.1050216854    0.1047215164    0.1044156253
  0.1041041911    0.1037872732    0.1034649312    0.1031371653    0.1028040349
  0.1024655402    0.1021216810    0.1017724574    0.1014178693    0.1010577977
  0.1006923616    0.1003213227    0.0999447405    0.0995625556    0.0991747081
  0.0987811983    0.0983817875    0.0979765356    0.0975653231    0.0971480310
  0.0967246592    0.0962949097    0.0958589017    0.0954163373    0.0949672163
  0.0945113003    0.0940485299    0.0935787261    0.0931017101    0.0926173627
  0.0921253264    0.0916256607    0.0911179483    0.0906020105    0.0900776088
  0.0895445645    0.0890024006    0.0884509385    0.0878899395    0.0873188674
  0.0867374241    0.0861451924    0.0855418742    0.0849266946    0.0842994153
  0.0836594403    0.0830059946    0.0823386014    0.0816563666    0.0809587538
  0.0802449286    0.0795135796    0.0787640512    0.0779953897    0.0772059858
  0.0763947070    0.0755598843    0.0747001469    0.0738136470    0.0728980601
  0.0719517171    0.0709711611    0.0699540675    0.0688973367    0.0677967370
  0.0666485131    0.0654475391    0.0641890466    0.0628667772    0.0614746511
  0.0600064695    0.0584537685    0.0568107665    0.0550689399    0.0532136858
  0.0512218773    0.0502648056    0.0502648056    0.0502648056    0.0502648056
  0.0502648056    0.0502648056    0.0502648056    0.0502648056    0.0502648056
  0.0502648056    0.0502648056    0.0502648056    0.0502648056    0.0502648056
  0.0502648056    0.0502648056    0.0502648056    0.0502648056    0.0502648056
  0.0502648056    0.0502648056    0.0502648056    0.0502648056    0.0502648056
  0.0502648056    0.0502648056    0.0502648056    0.0502648056    0.0502648056
  0.0502648056    0.0502648056    0.0502648056    0.0502648056    0.0502648056
  0.0502648056    0.0502648056    0.0502648056    0.0502648056    0.0502648056
  0.0502648056    0.0502648056    0.0502648056    0.0502648056    0.0502648056
  0.0502648056    0.0502648056    0.0502648056    0.0502648056    0.0502648056
  0.0502648056    0.0502648056    0.0502648056    0.0502648056    0.0502648056
  0.0502648056    0.0502648056    0.0502648056    0.0502648056    0.0502648056
  0.0502648056    0.0502648056    0.0502648056    0.0502648056    0.0502648056
  0.0502648056    0.0502648056    0.0502648056    0.0502648056    0.0502648056
  0.0502648056    0.0502648056    0.0502648056    0.0502648056    0.0502648056
  0.0502648056    0.0502648056    0.0502648056    0.0502648056    0.0502648056
  0.0502648056    0.0502648056    0.0502648056    0.0502648056    0.0502648056
  0.1092351973    0.1092140973    0.1091522872    0.1090539396    0.1089244783
  0.1087692678    0.1085929573    0.1083993614    0.1081914604    0.1079715192
  0.1077410877    0.1075015366    0.1072538197    0.1069985926    0.1067365110
  0.1064679921    0.1061933339    0.1059128344    0.1056266725    0.1053350270
  0.1050380170    0.1047357619    0.1044282615    0.1041155756    0.1037978828
  0.1034750044    0.1031470597    0.1028140485    0.1024759710    0.1021327078
  0.1017843783    0.1014308035    0.1010721624    0.1007081568    0.1003389060
  0.0999643505    0.0995843709    0.0991989076    0.0988079607    0.0984114110
  0.0980091989    0.0976012051    0.0971874297    0.0967676938    0.0963419378
  0.0959100425    0.0954718888    0.0950273573    0.0945763886    0.0941187441
  0.0936543643    0.0931830108    0.0927045643    0.0922188461    0.0917257369
  0.0912247598    0.0907160342    0.0901991427    0.0896739066    0.0891400278
  0.0885972083    0.0880452693    0.0874836147    0.0869121253    0.0863303244
  0.0857379138    0.0851341784    0.0845189989    0.0838915408    0.0832515657
  0.0825981796    0.0819308460    0.0812489688    0.0805517733    0.0798380673
  0.0791073740    0.0783585012    0.0775902569    0.0768015087    0.0759911835
  0.0751575530    0.0742988288    0.0734136403    0.0724994838    0.0715545714
  0.0705762208    0.0695612729    0.0685072243    0.0674094260    0.0662647784
  0.0650683343    0.0638151467    0.0624994934    0.0611155927    0.0596571267
  0.0581178367    0.0564910471    0.0547678173    0.0529340804    0.0509675443
  0.0506850779    0.0506850779    0.0506850779    0.0506850779    0.0506850779
  0.0506850779    0.0506850779    0.0506850779    0.0506850779    0.0506850779
  0.0506850779    0.0506850779    0.0506850779    0.0506850779    0.0506850779
  0.0506850779    0.0506850779    0.0506850779    0.0506850779    0.0506850779
  0.0506850779    0.0506850779    0.0506850779    0.0506850779    0.0506850779
  0.0506850779    0.0506850779    0.0506850779    0.0506850779    0.0506850779
  0.0506850779    0.0506850779    0.0506850779    0.0506850779    0.0506850779
  0.0506850779    0.0506850779    0.0506850779    0.0506850779    0.0506850779
  0.0506850779    0.0506850779    0.0506850779    0.0506850779    0.0506850779
  0.0506850779    0.0506850779    0.0506850779    0.0506850779    0.0506850779
  0.0506850779    0.0506850779    0.0506850779    0.0506850779    0.0506850779
  0.0506850779    0.0506850779    0.0506850779    0.0506850779    0.0506850779
  0.0506850779    0.0506850779    0.0506850779    0.0506850779    0.0506850779
  0.0506850779    0.0506850779    0.0506850779    0.0506850779    0.0506850779
  0.0506850779    0.0506850779    0.0506850779    0.0506850779    0.0506850779
  0.0506850779    0.0506850779    0.0506850779    0.0506850779    0.0506850779
  0.1098957956    0.1098767221    0.1098206937    0.1097309887    0.1096121371
  0.1094685495    0.1093045771    0.1091235578    0.1089282930    0.1087209284
  0.1085031331    0.1082761586    0.1080410182    0.1077984869    0.1075491011
  0.1072932780    0.1070314944    0.1067639887    0.1064909399    0.1062125266
  0.1059289873    0.1056403220    0.1053466499    0.1050480306    0.1047445238
  0.1044361293    0.1041229069    0.1038048565    0.1034820378    0.1031542718
  0.1028217375    0.1024842560    0.1021419466    0.1017946899    0.1014424264
  0.1010852158    0.1007229388    0.1003556550    0.0999830663    0.0996053517
  0.0992224514    0.0988341868    0.0984405577    0.0980413854    0.0976366699
  0.0972263515    0.0968102515    0.0963884294    0.0959606469    0.0955269039
  0.0950869024    0.0946407020    0.0941881239    0.0937289894    0.0932632387
  0.0927905738    0.0923108757    0.0918240845    0.0913298428    0.0908280313
  0.0903184712    0.0898008645    0.0892749727    0.0887403786    0.0881970823
  0.0876446664    0.0870827138    0.0865109265    0.0859288275    0.0853362381
  0.0847325623    0.0841172636    0.0834899247    0.0828500688    0.0821968615
  0.0815298855    0.0808481276    0.0801512301    0.0794382393    0.0787079632
  0.0779597461    0.0771921575    0.0764045417    0.0755951107    0.0747624934
  0.0739049613    0.0730213225    0.0721086562    0.0711657703    0.0701892674
  0.0691766441    0.0681252182    0.0670309961    0.0658901036    0.0646982491
  0.0634505451    0.0621416867    0.0607662499    0.0593185127    0.0577923954
  0.0561806858    0.0544763505    0.0526649654    0.0510939062    0.0510939062
  0.0510939062    0.0510939062    0.0510939062    0.0510939062    0.0510939062
  0.0510939062    0.0510939062    0.0510939062    0.0510939062    0.0510939062
  0.0510939062    0.0510939062    0.0510939062    0.0510939062    0.0510939062
  0.0510939062    0.0510939062    0.0510939062    0.0510939062    0.0510939062
  0.0510939062    0.0510939062    0.0510939062    0.0510939062    0.0510939062
  0.0510939062    0.0510939062    0.0510939062    0.0510939062    0.0510939062
  0.0510939062    0.0510939062    0.0510939062    0.0510939062    0.0510939062
  0.0510939062    0.0510939062    0.0510939062    0.0510939062    0.0510939062
  0.0510939062    0.0510939062    0.0510939062    0.0510939062    0.0510939062
  0.0510939062    0.0510939062    0.0510939062    0.0510939062    0.0510939062
  0.0510939062    0.0510939062    0.0510939062    0.0510939062    0.0510939062
  0.0510939062    0.0510939062    0.0510939062    0.0510939062    0.0510939062
  0.0510939062    0.0510939062    0.0510939062    0.0510939062    0.0510939062
  0.0510939062    0.0510939062    0.0510939062    0.0510939062    0.0510939062
  0.0510939062    0.0510939062    0.0510939062    0.0510939062    0.0510939062
  0.1105329096    0.1105155647    0.1104646027    0.1103825867    0.1102732718
  0.1101404130    0.1099877656    0.1098184288    0.1096349657    0.1094394624
  0.1092335284    0.1090184748    0.1087951958    0.1085645258    0.1083270609
  0.1080832779    0.1078335345    0.1075781882    0.1073174179    0.1070514619
  0.1067804396    0.1065045297    0.1062237322    0.1059381664    0.1056478918
  0.1053530276    0.1050534546    0.1047492921    0.1044405401    0.1041271985
  0.1038091481    0.1034866273    0.1031593978    0.1028275192    0.1024909914
  0.1021497548    0.1018037498    0.1014529765    0.1010973752    0.1007369459
  0.1003715694    0.1000012457    0.0996259153    0.0992454588    0.0988598764
  0.0984691083    0.0980730951    0.0976717174    0.0972647965    0.0968524516
  0.0964344442    0.0960107148    0.0955812633    0.0951457322    0.0947043598
  0.0942566097    0.0938027203    0.0933422744    0.0928753316    0.0924015939
  0.0919209421    0.0914331973    0.0909381211    0.0904355943    0.0899253190
  0.0894070566    0.0888806880    0.0883457959    0.0878021419    0.0872492492
  0.0866871178    0.0861150920    0.0855329931    0.0849402845    0.0843366086
  0.0837214887    0.0830942094    0.0824545324    0.0818017423    0.0811350644
  0.0804539621    0.0797573626    0.0790449083    0.0783152878    0.0775679648
  0.0768012702    0.0760142505    0.0752060711    0.0743744671    0.0735185444
  0.0726360977    0.0717253983    0.0707842410    0.0698098838    0.0688004196
  0.0677515566    0.0666606724    0.0655238330    0.0643368065    0.0630947649
  0.0617932379    0.0604263246    0.0589890182    0.0574761331    0.0558811128
  0.0541951954    0.0524053872    0.0514918864    0.0514918864    0.0514918864
  0.0514918864    0.0514918864    0.0514918864    0.0514918864    0.0514918864
  0.0514918864    0.0514918864    0.0514918864    0.0514918864    0.0514918864
  0.0514918864    0.0514918864    0.0514918864    0.0514918864    0.0514918864
  0.0514918864    0.0514918864    0.0514918864    0.0514918864    0.0514918864
  0.0514918864    0.0514918864    0.0514918864    0.0514918864    0.0514918864
  0.0514918864    0.0514918864    0.0514918864    0.0514918864    0.0514918864
  0.0514918864    0.0514918864    0.0514918864    0.0514918864    0.0514918864
  0.0514918864    0.0514918864    0.0514918864    0.0514918864    0.0514918864
  0.0514918864    0.0514918864    0.0514918864    0.0514918864    0.0514918864
  0.0514918864    0.0514918864    0.0514918864    0.0514918864    0.0514918864
  0.0514918864    0.0514918864    0.0514918864    0.0514918864    0.0514918864
  0.0514918864    0.0514918864    0.0514918864    0.0514918864    0.0514918864
  0.0514918864    0.0514918864    0.0514918864    0.0514918864    0.0514918864
  0.0514918864    0.0514918864    0.0514918864    0.0514918864    0.0514918864
  0.1111480892    0.1111322939    0.1110857427    0.1110106409    0.1109098494
  0.1107867658    0.1106446087    0.1104861200    0.1103137434    0.1101293862
  0.1099346578    0.1097307503    0.1095186770    0.1092992127    0.1090730131
  0.1088405550    0.1086021960    0.1083582938    0.1081090271    0.1078547537
  0.1075954735    0.1073314250    0.1070627272    0.1067893803    0.1065115631
  0.1062291563    0.1059423983    0.1056511700    0.1053555310    0.1050554812
  0.1047510803    0.1044422686    0.1041290462    0.1038114727    0.1034894288
  0.1031628549    0.1028318703    0.1024964750    0.1021564305    0.1018118560
  0.1014626324    0.1011088192    0.1007502377    0.1003869474    0.1000188291
  0.0996458828    0.0992681086    0.0988852680    0.0984974205    0.0981044471
  0.0977062881    0.0973028839    0.0968941152    0.0964799821    0.0960603058
  0.0956350863    0.0952040255    0.0947671235    0.0943243802    0.0938754380
  0.0934203565    0.0929588974    0.0924909413    0.0920163095    0.0915348828
  0.0910464227    0.0905507505    0.0900474489    0.0895367563    0.0890180171
  0.0884912312    0.0879559815    0.0874120891    0.0868591964    0.0862968266
  0.0857247412    0.0851427615    0.0845499933    0.0839464962    0.0833314359
  0.0827045143    0.0820651352    0.0814126432    0.0807464421    0.0800658762
  0.0793699324    0.0786579549    0.0779294074    0.0771826208    0.0764169395
  0.0756312311    0.0748238266    0.0739936531    0.0731390417    0.0722585618
  0.0713493526    0.0704105198    0.0694383681    0.0684314072    0.0673857033
  0.0662985742    0.0651659071    0.0639837682    0.0627479851    0.0614537299
  0.0600958765    0.0586697161    0.0571695864    0.0555902421    0.0539231002
  0.0521536171    0.0518797338    0.0518796742    0.0518796742    0.0518796742
  0.0518796742    0.0518796742    0.0518796742    0.0518796742    0.0518796742
  0.0518796742    0.0518796742    0.0518796742    0.0518796742    0.0518796742
  0.0518796742    0.0518796742    0.0518796742    0.0518796742    0.0518796742
  0.0518796742    0.0518796742    0.0518796742    0.0518796742    0.0518796742
  0.0518796742    0.0518796742    0.0518796742    0.0518796742    0.0518796742
  0.0518796742    0.0518796742    0.0518796742    0.0518796742    0.0518796742
  0.0518796742    0.0518796742    0.0518796742    0.0518796742    0.0518796742
  0.0518796742    0.0518796742    0.0518796742    0.0518796742    0.0518796742
  0.0518796742    0.0518796742    0.0518796742    0.0518796742    0.0518796742
  0.0518796742    0.0518796742    0.0518796742    0.0518796742    0.0518796742
  0.0518796742    0.0518796742    0.0518796742    0.0518796742    0.0518796742
  0.0518796742    0.0518796742    0.0518796742    0.0518796742    0.0518796742
  0.0518796742    0.0518796742    0.0518796742    0.0518796742    0.0518796742
  0.1117427051    0.1117282808    0.1116857231    0.1116166413    0.1115236580
  0.1114095151    0.1112769544    0.1111285985    0.1109665334    0.1107926667
  0.1106084883    0.1104151309    0.1102136672    0.1100048125    0.1097892225
  0.1095674336    0.1093398035    0.1091066301    0.1088683307    0.1086249650
  0.1083768308    0.1081239283    0.1078665555    0.1076046526    0.1073383987
  0.1070677936    0.1067928970    0.1065137088    0.1062304080    0.1059428155
  0.1056509912    0.1053550541    0.1050548851    0.1047505438    0.1044419110
  0.1041291058    0.1038120687    0.1034907401    0.1031651199    0.1028352082
  0.1025009453    0.1021622717    0.1018191874    0.1014716923    0.1011196673
  0.1007631123    0.1004019082    0.1000360548    0.0996656120    0.0992903411
  0.0989102423    0.0985253751    0.0981354415    0.0977405608    0.0973406136
  0.0969355404    0.0965251625    0.0961093605    0.0956882536    0.0952616036
  0.0948292911    0.0943912566    0.0939473212    0.0934973657    0.0930412710
  0.0925789177    0.0921101868    0.0916348994    0.0911526978    0.0906635821
  0.0901674330    0.0896638334    0.0891527236    0.0886336863    0.0881066024
  0.0875711143    0.0870271027    0.0864740908    0.0859116614    0.0853398144
  0.0847577155    0.0841653049    0.0835619271    0.0829474032    0.0823207796
  0.0816816986    0.0810296834    0.0803640783    0.0796838701    0.0789888203
  0.0782774985    0.0775497854    0.0768039525    0.0760392845    0.0752544701
  0.0744484961    0.0736199319    0.0727668703    0.0718878806    0.0709806383
  0.0700437725    0.0690743625    0.0680702031    0.0670275390    0.0659441054
  0.0648160279    0.0636392534    0.0624096096    0.0611226857    0.0597740710
  0.0583590567    0.0568725169    0.0553090274    0.0536603034    0.0522579253
  0.0522579253    0.0522579253    0.0522579253    0.0522579253    0.0522579253
  0.0522579253    0.0522579253    0.0522579253    0.0522579253    0.0522579253
  0.0522579253    0.0522579253    0.0522579253    0.0522579253    0.0522579253
  0.0522579253    0.0522579253    0.0522579253    0.0522579253    0.0522579253
  0.0522579253    0.0522579253    0.0522579253    0.0522579253    0.0522579253
  0.0522579253    0.0522579253    0.0522579253    0.0522579253    0.0522579253
  0.0522579253    0.0522579253    0.0522579253    0.0522579253    0.0522579253
  0.0522579253    0.0522579253    0.0522579253    0.0522579253    0.0522579253
  0.0522579253    0.0522579253    0.0522579253    0.0522579253    0.0522579253
  0.0522579253    0.0522579253    0.0522579253    0.0522579253    0.0522579253
  0.0522579253    0.0522579253    0.0522579253    0.0522579253    0.0522579253
  0.0522579253    0.0522579253    0.0522579253    0.0522579253    0.0522579253
  0.0522579253    0.0522579253    0.0522579253    0.0522579253    0.0522579253
  0.1123181283    0.1123048961    0.1122657955    0.1122022569    0.1121162474
  0.1120102108    0.1118865907    0.1117475927    0.1115951836    0.1114311516
  0.1112568676    0.1110735238    0.1108820736    0.1106832325    0.1104777157
  0.1102660000    0.1100485027    0.1098255813    0.1095975339    0.1093645394
  0.1091267765    0.1088844836    0.1086377203    0.1083866060    0.1081312597
  0.1078716815    0.1076079309    0.1073400676    0.1070682108    0.1067923009
  0.1065122783    0.1062283218    0.1059403121    0.1056483090    0.1053522527
  0.1050522029    0.1047481596    0.1044400036    0.1041277945    0.1038114727
  0.1034909785    0.1031664312    0.1028376520    0.1025047004    0.1021674573
  0.1018259823    0.1014801562    0.1011300385    0.1007754505    0.1004165113
  0.1000529826    0.0996849239    0.0993123353    0.0989349782    0.0985529721
  0.0981661975    0.0977745354    0.0973780453    0.0969764292    0.0965698063
  0.0961579382    0.0957409441    0.0953185260    0.0948906243    0.0944572389
  0.0940182507    0.0935733616    0.0931225121    0.0926656425    0.0922026336
  0.0917331874    0.0912572443    0.0907746255    0.0902850926    0.0897884667
  0.0892846286    0.0887732208    0.0882539451    0.0877267420    0.0871912539
  0.0866471827    0.0860941708    0.0855319202    0.0849600732    0.0843782127
  0.0837860405    0.0831830204    0.0825687349    0.0819425285    0.0813041627
  0.0806526244    0.0799874961    0.0793082416    0.0786137879    0.0779034197
  0.0771761835    0.0764315426    0.0756677687    0.0748843849    0.0740799010
  0.0732525289    0.0724011362    0.0715240538    0.0706191361    0.0696844757
  0.0687172711    0.0677159727    0.0666770041    0.0655975640    0.0644738972
  0.0633024275    0.0620791614    0.0608002245    0.0594608486    0.0580569208
  0.0565841496    0.0550369322    0.0534057319    0.0526271164    0.0526271164
  0.0526271164    0.0526271164    0.0526271164    0.0526271164    0.0526271164
  0.0526271164    0.0526271164    0.0526271164    0.0526271164    0.0526271164
  0.0526271164    0.0526271164    0.0526271164    0.0526271164    0.0526271164
  0.0526271164    0.0526271164    0.0526271164    0.0526271164    0.0526271164
  0.0526271164    0.0526271164    0.0526271164    0.0526271164    0.0526271164
  0.0526271164    0.0526271164    0.0526271164    0.0526271164    0.0526271164
  0.0526271164    0.0526271164    0.0526271164    0.0526271164    0.0526271164
  0.0526271164    0.0526271164    0.0526271164    0.0526271164    0.0526271164
  0.0526271164    0.0526271164    0.0526271164    0.0526271164    0.0526271164
  0.0526271164    0.0526271164    0.0526271164    0.0526271164    0.0526271164
  0.0526271164    0.0526271164    0.0526271164    0.0526271164    0.0526271164
  0.0526271164    0.0526271164    0.0526271164    0.0526271164    0.0526271164
  0.1128754318    0.1128633320    0.1128273308    0.1127686799    0.1126889884
  0.1125904024    0.1124749482    0.1123446524    0.1122013628    0.1120465100
  0.1118815839    0.1117076576    0.1115256846    0.1113363206    0.1111403406
  0.1109381616    0.1107303202    0.1105169952    0.1102986634    0.1100754440
  0.1098475754    0.1096152365    0.1093784869    0.1091375053    0.1088924110
  0.1086432040    0.1083900034    0.1081328094    0.1078717411    0.1076067388
  0.1073378026    0.1070651114    0.1067884862    0.1065080464    0.1062237322
  0.1059356034    0.1056436002    0.1053477228    0.1050479710    0.1047443449
  0.1044367254    0.1041252315    0.1038098037    0.1034903228    0.1031669080
  0.1028393805    0.1025077999    0.1021721065    0.1018323004    0.1014882624
  0.1011400521    0.1007875502    0.1004306972    0.1000695527    0.0997039974
  0.0993340313    0.0989594758    0.0985803306    0.0981966555    0.0978082716
  0.0974150002    0.0970169604    0.0966139734    0.0962060988    0.0957930982
  0.0953747928    0.0949513614    0.0945225656    0.0940881670    0.0936482251
  0.0932025611    0.0927511156    0.0922935903    0.0918299854    0.0913600624
  0.0908836424    0.0904006064    0.0899107158    0.0894139707    0.0889097750
  0.0883982480    0.0878789723    0.0873517692    0.0868161023    0.0862722695
  0.0857193768    0.0851571262    0.0845857561    0.0840040743    0.0834123790
  0.0828097165    0.0821958482    0.0815699995    0.0809321702    0.0802811086
  0.0796168745    0.0789380372    0.0782444179    0.0775352418    0.0768090189
  0.0760653913    0.0753029883    0.0745205581    0.0737176239    0.0728917420
  0.0720422566    0.0711664855    0.0702638924    0.0693314373    0.0683674514
  0.0673693120    0.0663335025    0.0652581155    0.0641390383    0.0629734695
  0.0617566407    0.0604857504    0.0591560304    0.0577634871    0.0563041866
  0.0547723472    0.0531591475    0.0529877841    0.0529877841    0.0529877841
  0.0529877841    0.0529877841    0.0529877841    0.0529877841    0.0529877841
  0.0529877841    0.0529877841    0.0529877841    0.0529877841    0.0529877841
  0.0529877841    0.0529877841    0.0529877841    0.0529877841    0.0529877841
  0.0529877841    0.0529877841    0.0529877841    0.0529877841    0.0529877841
  0.0529877841    0.0529877841    0.0529877841    0.0529877841    0.0529877841
  0.0529877841    0.0529877841    0.0529877841    0.0529877841    0.0529877841
  0.0529877841    0.0529877841    0.0529877841    0.0529877841    0.0529877841
  0.0529877841    0.0529877841    0.0529877841    0.0529877841    0.0529877841
  0.0529877841    0.0529877841    0.0529877841    0.0529877841    0.0529877841
  0.0529877841    0.0529877841    0.0529877841    0.0529877841    0.0529877841
  0.0529877841    0.0529877841    0.0529877841    0.0529877841    0.0529877841
  0.1134158075    0.1134046614    0.1133714020    0.1133171618    0.1132432520
  0.1131514609    0.1130435169    0.1129213274    0.1127863824    0.1126402915
  0.1124841273    0.1123190820    0.1121460497    0.1119657457    0.1117787659
  0.1115856469    0.1113868654    0.1111827791    0.1109736264    0.1107596457
  0.1105411351    0.1103182137    0.1100909412    0.1098596156    0.1096241772
  0.1093847454    0.1091414392    0.1088943183    0.1086433828    0.1083886325
  0.1081301868    0.1078679860    0.1076020300    0.1073324978    0.1070592105
  0.1067822278    0.1065015495    0.1062171757    0.1059290469    0.1056372821
  0.1053417027    0.1050424278    0.1047393382    0.1044325531    0.1041218340
  0.1038073599    0.1034889519    0.1031667888    0.1028405726    0.1025104821
  0.1021763384    0.1018382609    0.1014960706    0.1011498272    0.1007994115
  0.1004448235    0.1000859439    0.0997228920    0.0993555486    0.0989836752
  0.0986075103    0.0982268751    0.0978415310    0.0974517167    0.0970571935
  0.0966578424    0.0962537229    0.0958445966    0.0954305828    0.0950113237
  0.0945869982    0.0941573083    0.0937221944    0.0932815373    0.0928352773
  0.0923831761    0.0919251740    0.0914610922    0.0909908116    0.0905140936
  0.0900307596    0.0895407498    0.0890436471    0.0885395110    0.0880279243
  0.0875085294    0.0869814456    0.0864459574    0.0859021842    0.0853494704
  0.0847876966    0.0842163861    0.0836352408    0.0830436647    0.0824415386
  0.0818280876    0.0812030733    0.0805657208    0.0799154937    0.0792518556
  0.0785739124    0.0778811872    0.0771729052    0.0764476359    0.0757051408
  0.0749440491    0.0741633475    0.0733612478    0.0725371540    0.0716895163
  0.0708160698    0.0699152648    0.0689854920    0.0680242479    0.0670290291
  0.0659974515    0.0649260581    0.0638122261    0.0626521409    0.0614422262
  0.0601793230    0.0588594377    0.0574781597    0.0560325086    0.0545159280
  0.0533402860    0.0533402860    0.0533402860    0.0533402860    0.0533402860
  0.0533402860    0.0533402860    0.0533402860    0.0533402860    0.0533402860
  0.0533402860    0.0533402860    0.0533402860    0.0533402860    0.0533402860
  0.0533402860    0.0533402860    0.0533402860    0.0533402860    0.0533402860
  0.0533402860    0.0533402860    0.0533402860    0.0533402860    0.0533402860
  0.0533402860    0.0533402860    0.0533402860    0.0533402860    0.0533402860
  0.0533402860    0.0533402860    0.0533402860    0.0533402860    0.0533402860
  0.0533402860    0.0533402860    0.0533402860    0.0533402860    0.0533402860
  0.0533402860    0.0533402860    0.0533402860    0.0533402860    0.0533402860
  0.0533402860    0.0533402860    0.0533402860    0.0533402860    0.0533402860
  0.0533402860    0.0533402860    0.0533402860    0.0533402860    0.0533402860
  0.1139402092    0.1139298379    0.1138991416    0.1138488352    0.1137801111
  0.1136945188    0.1135935485    0.1134788096    0.1133517921    0.1132137477
  0.1130659282    0.1129092872    0.1127447188    0.1125728786    0.1123944819
  0.1122100055    0.1120198667    0.1118244827    0.1116240323    0.1114188731
  0.1112091839    0.1109952033    0.1107769310    0.1105546653    0.1103284061
  0.1100982726    0.1098643243    0.1096266210    0.1093852818    0.1091402471
  0.1088915765    0.1086393297    0.1083835065    0.1081241071    0.1078611910
  0.1075946987    0.1073246300    0.1070510447    0.1067739427    0.1064932048
  0.1062089503    0.1059211195    0.1056296527    0.1053345501    0.1050358117
  0.1047334969    0.1044274271    0.1041176617    0.1038042605    0.1034871042
  0.1031660736    0.1028413475    0.1025127470    0.1021802723    0.1018438637
  0.1015036404    0.1011593044    0.1008110344    0.1004586518    0.1001022160
  0.0997416079    0.0993768275    0.0990077555    0.0986344516    0.0982567966
  0.0978746712    0.0974881351    0.0970970094    0.0967012942    0.0963008702
  0.0958956182    0.0954856575    0.0950707495    0.0946507156    0.0942255557
  0.0937950909    0.0933593810    0.0929181874    0.0924714506    0.0920188129
  0.0915605724    0.0910960138    0.0906255543    0.0901486576    0.0896650851
  0.0891749561    0.0886778533    0.0881736577    0.0876621306    0.0871429145
  0.0866158903    0.0860806406    0.0855369270    0.0849845707    0.0844231546
  0.0838522017    0.0832715333    0.0826804340    0.0820787847    0.0814659894
  0.0808416307    0.0802047551    0.0795551836    0.0788926184    0.0782153308
  0.0775236785    0.0768162906    0.0760923326    0.0753509104    0.0745910108
  0.0738115609    0.0730114877    0.0721890628    0.0713428557    0.0704716742
  0.0695734918    0.0686463416    0.0676878989    0.0666962564    0.0656680763
  0.0646011531    0.0634921491    0.0623380244    0.0611352623    0.0598802865
  0.0585702360    0.0572009981    0.0557687581    0.0542676151    0.0536851585
  0.0536851585    0.0536851585    0.0536851585    0.0536851585    0.0536851585
  0.0536851585    0.0536851585    0.0536851585    0.0536851585    0.0536851585
  0.0536851585    0.0536851585    0.0536851585    0.0536851585    0.0536851585
  0.0536851585    0.0536851585    0.0536851585    0.0536851585    0.0536851585
  0.0536851585    0.0536851585    0.0536851585    0.0536851585    0.0536851585
  0.0536851585    0.0536851585    0.0536851585    0.0536851585    0.0536851585
  0.0536851585    0.0536851585    0.0536851585    0.0536851585    0.0536851585
  0.0536851585    0.0536851585    0.0536851585    0.0536851585    0.0536851585
  0.0536851585    0.0536851585    0.0536851585    0.0536851585    0.0536851585
  0.0536851585    0.0536851585    0.0536851585    0.0536851585    0.0536851585
  0.1144494116    0.1144398749    0.1144113839    0.1143646538    0.1143006980
  0.1142207682    0.1141261756    0.1140184104    0.1138986647    0.1137682498
  0.1136282384    0.1134795249    0.1133229434    0.1131592691    0.1129889786
  0.1128126681    0.1126307547    0.1124435961    0.1122514904    0.1120546758
  0.1118533909    0.1116478741    0.1114381850    0.1112245023    0.1110068858
  0.1107855737    0.1105604470    0.1103317440    0.1100994051    0.1098635495
  0.1096241772    0.1093812883    0.1091349423    0.1088851988    0.1086320579
  0.1083754003    0.1081154048    0.1078519523    0.1075851023    0.1073147953
  0.1070411503    0.1067639887    0.1064834297    0.1061993539    0.1059118807
  0.1056208909    0.1053263843    0.1050283611    0.1047268212    0.1044217050
  0.1041130126    0.1038006246    0.1034846604    0.1031650603    0.1028417051
  0.1025147140    0.1021839082    0.1018492877    0.1015109122    0.1011686623
  0.1008224189    0.1004723608    0.1001182497    0.0997601449    0.0993980467
  0.0990317166    0.0986612141    0.0982864797    0.0979075134    0.0975241959
  0.0971364677    0.0967443287    0.0963476002    0.0959462225    0.0955401957
  0.0951292813    0.0947135985    0.0942928493    0.0938670933    0.0934361517
  0.0929999650    0.0925582945    0.0921110809    0.0916582048    0.0911996067
  0.0907349288    0.0902641714    0.0897870958    0.0893036425    0.0888134539
  0.0883163512    0.0878122151    0.0873008072    0.0867818296    0.0862548053
  0.0857200325    0.0851765573    0.0846246779    0.0840635598    0.0834930837
  0.0829127133    0.0823221505    0.0817211568    0.0811090171    0.0804850757
  0.0798493922    0.0792007148    0.0785385668    0.0778626502    0.0771715343
  0.0764653385    0.0757423937    0.0750025213    0.0742438734    0.0734660327
  0.0726672113    0.0718469322    0.0710028708    0.0701338351    0.0692377985
  0.0683132708    0.0673581660    0.0663695037    0.0653454363    0.0642829239
  0.0631791055    0.0620311797    0.0608357489    0.0595890582    0.0582889020
  0.0569312274    0.0555122197    0.0540262163    0.0540226400    0.0540226400
  0.0540226400    0.0540226400    0.0540226400    0.0540226400    0.0540226400
  0.0540226400    0.0540226400    0.0540226400    0.0540226400    0.0540226400
  0.0540226400    0.0540226400    0.0540226400    0.0540226400    0.0540226400
  0.0540226400    0.0540226400    0.0540226400    0.0540226400    0.0540226400
  0.0540226400    0.0540226400    0.0540226400    0.0540226400    0.0540226400
  0.0540226400    0.0540226400    0.0540226400    0.0540226400    0.0540226400
  0.0540226400    0.0540226400    0.0540226400    0.0540226400    0.0540226400
  0.0540226400    0.0540226400    0.0540226400    0.0540226400    0.0540226400
  0.0540226400    0.0540226400    0.0540226400    0.0540226400    0.0540226400
  0.1149444282    0.1149355471    0.1149090230    0.1148655713    0.1148059070
  0.1147311628    0.1146424711    0.1145411432    0.1144282520    0.1143049896
  0.1141722500    0.1140310466    0.1138820946    0.1137260497    0.1135635078
  0.1133949459    0.1132208407    0.1130415499    0.1128573120    0.1126684844
  0.1124751866    0.1122777164    0.1120761335    0.1118706167    0.1116612852
  0.1114482582    0.1112315953    0.1110113561    0.1107876003    0.1105603874
  0.1103298366    0.1100958288    0.1098584831    0.1096177995    0.1093738377
  0.1091265380    0.1088759601    0.1086221039    0.1083649695    0.1081044376
  0.1078407466    0.1075737178    0.1073033512    0.1070297062    0.1067527831
  0.1064724624    0.1061888039    0.1059017479    0.1056113541    0.1053175032
  0.1050202549    0.1047196090    0.1044154465    0.1041077673    0.1037966907
  0.1034819782    0.1031637490    0.1028418839    0.1025165021    0.1021873653
  0.1018545330    0.1015180647    0.1011777818    0.1008337438    0.1004859507
  0.1001341641    0.0997785628    0.0994190276    0.0990553796    0.0986877382
  0.0983161032    0.0979401767    0.0975600779    0.0971756876    0.0967869461
  0.0963937938    0.0959962308    0.0955940187    0.0951872766    0.0947757065
  0.0943593085    0.0939381421    0.0935118496    0.0930804908    0.0926438868
  0.0922017992    0.0917544067    0.0913012922    0.0908424556    0.0903777182
  0.0899068415    0.0894297659    0.0889463127    0.0884561241    0.0879592001
  0.0874552429    0.0869440138    0.0864252150    0.0858986676    0.0853640735
  0.0848210752    0.0842694938    0.0837088525    0.0831387937    0.0825591385
  0.0819692910    0.0813687146    0.0807572305    0.0801341832    0.0794989169
  0.0788512528    0.0781898797    0.0775147974    0.0768251717    0.0761199892
  0.0753984749    0.0746594369    0.0739025772    0.0731261075    0.0723292530
  0.0715104640    0.0706683099    0.0698015988    0.0689083040    0.0679865181
  0.0670341551    0.0660491884    0.0650292933    0.0639713109    0.0628728569
  0.0617310703    0.0605425537    0.0593047440    0.0580146015    0.0566685498
  0.0552627146    0.0543532073    0.0543532073    0.0543532073    0.0543532073
  0.0543532073    0.0543532073    0.0543532073    0.0543532073    0.0543532073
  0.0543532073    0.0543532073    0.0543532073    0.0543532073    0.0543532073
  0.0543532073    0.0543532073    0.0543532073    0.0543532073    0.0543532073
  0.0543532073    0.0543532073    0.0543532073    0.0543532073    0.0543532073
  0.0543532073    0.0543532073    0.0543532073    0.0543532073    0.0543532073
  0.0543532073    0.0543532073    0.0543532073    0.0543532073    0.0543532073
  0.0543532073    0.0543532073    0.0543532073    0.0543532073    0.0543532073
  0.0543532073    0.0543532073    0.0543532073    0.0543532073    0.0543532073
  0.1154258549    0.1154175699    0.1153929532    0.1153523624    0.1152966321
  0.1152266562    0.1151434481    0.1150480211    0.1149415076    0.1148249209
  0.1146990955    0.1145649254    0.1144231856    0.1142743528    0.1141192019
  0.1139580309    0.1137913764    0.1136195362    0.1134428680    0.1132615507
  0.1130758822    0.1128860414    0.1126922071    0.1124944985    0.1122929752
  0.1120878756    0.1118791997    0.1116670072    0.1114514172    0.1112324893
  0.1110101640    0.1107846200    0.1105557978    0.1103236973    0.1100884378
  0.1098500192    0.1096083224    0.1093635261    0.1091155112    0.1088643372
  0.1086100042    0.1083525121    0.1080918014    0.1078279316    0.1075608432
  0.1072905958    0.1070171297    0.1067403853    0.1064604819    0.1061773002
  0.1058908403    0.1056011021    0.1053079665    0.1050116122    0.1047118604
  0.1044087112    0.1041022241    0.1037922800    0.1034789383    0.1031621397
  0.1028418243    0.1025180519    0.1021906435    0.1018597186    0.1015250981
  0.1011869609    0.1008449495    0.1004994214    0.1001500189    0.0997968614
  0.0994398892    0.0990790427    0.0987141430    0.0983453691    0.0979725420
  0.0975956023    0.0972145498    0.0968291461    0.0964396894    0.0960457623
  0.0956474245    0.0952445567    0.0948372185    0.0944250524    0.0940082371
  0.0935865343    0.0931598842    0.0927281678    0.0922912061    0.0918490589
  0.0914013088    0.0909480751    0.0904891789    0.0900243819    0.0895535648
  0.0890766680    0.0885932148    0.0881032050    0.0876064003    0.0871025622
  0.0865916312    0.0860730708    0.0855469406    0.0850127637    0.0844701231
  0.0839189589    0.0833589137    0.0827894509    0.0822101533    0.0816210806
  0.0810212791    0.0804103911    0.0797880590    0.0791537464    0.0785067379
  0.0778465569    0.0771727264    0.0764839947    0.0757799447    0.0750595629
  0.0743222535    0.0735665858    0.0727920234    0.0719970167    0.0711797774
  0.0703401268    0.0694757402    0.0685848296    0.0676660240    0.0667168796
  0.0657354891    0.0647198260    0.0636664927    0.0625733435    0.0614380538
  0.0602569282    0.0590277016    0.0577473342    0.0564127862    0.0550204217
  0.0546770990    0.0546770990    0.0546770990    0.0546770990    0.0546770990
  0.0546770990    0.0546770990    0.0546770990    0.0546770990    0.0546770990
  0.0546770990    0.0546770990    0.0546770990    0.0546770990    0.0546770990
  0.0546770990    0.0546770990    0.0546770990    0.0546770990    0.0546770990
  0.0546770990    0.0546770990    0.0546770990    0.0546770990    0.0546770990
  0.0546770990    0.0546770990    0.0546770990    0.0546770990    0.0546770990
  0.0546770990    0.0546770990    0.0546770990    0.0546770990    0.0546770990
  0.0546770990    0.0546770990    0.0546770990    0.0546770990    0.0546770990
  0.1158944666    0.1158867776    0.1158637702    0.1158259213    0.1157737672
  0.1157080829    0.1156298816    0.1155400574    0.1154394448    0.1153291166
  0.1152097881    0.1150822937    0.1149472892    0.1148053706    0.1146571934
  0.1145030558    0.1143434346    0.1141787469    0.1140092313    0.1138351262
  0.1136567295    0.1134742200    0.1132877171    0.1130973995    0.1129033864
  0.1127057970    0.1125046909    0.1123001873    0.1120923460    0.1118812263
  0.1116668284    0.1114492714    0.1112284958    0.1110046208    0.1107775867
  0.1105474532    0.1103142798    0.1100780070    0.1098386943    0.1095962822
  0.1093508303    0.1091023386    0.1088508070    0.1085961163    0.1083384454
  0.1080776155    0.1078138053    0.1075468361    0.1072767675    0.1070035398
  0.1067272127    0.1064477265    0.1061650813    0.1058792770    0.1055901945
  0.1052979529    0.1050024331    0.1047036946    0.1044016778    0.1040963829
  0.1037876904    0.1034757793    0.1031604111    0.1028416455    0.1025194228
  0.1021938026    0.1018647254    0.1015321314    0.1011959016    0.1008561552
  0.1005127728    0.1001658142    0.0998150408    0.0994605720    0.0991024077
  0.0987404287    0.0983744562    0.0980046093    0.0976308882    0.0972529948
  0.0968710482    0.0964850485    0.0960947573    0.0957001746    0.0953012407
  0.0948978364    0.0944898427    0.0940773785    0.0936601460    0.0932380855
  0.0928111970    0.0923792422    0.0919421613    0.0914997756    0.0910519660
  0.0905987918    0.0901398957    0.0896750987    0.0892042220    0.0887273848
  0.0882442296    0.0877542794    0.0872579515    0.0867542326    0.0862435997
  0.0857256353    0.0851998031    0.0846658051    0.0841238797    0.0835731328
  0.0830136836    0.0824448168    0.0818661749    0.0812776983    0.0806786120
  0.0800686181    0.0794470012    0.0788138211    0.0781677067    0.0775084198
  0.0768357217    0.0761480033    0.0754452646    0.0747261345    0.0739902556
  0.0732364357    0.0724630058    0.0716699660    0.0708551109    0.0700173080
  0.0691553056    0.0682671964    0.0673511922    0.0664053857    0.0654276907
  0.0644161999    0.0633676350    0.0622804463    0.0611512363    0.0599780977
  0.0587574542    0.0574871600    0.0561643541    0.0549946129    0.0549946129
  0.0549946129    0.0549946129    0.0549946129    0.0549946129    0.0549946129
  0.0549946129    0.0549946129    0.0549946129    0.0549946129    0.0549946129
  0.0549946129    0.0549946129    0.0549946129    0.0549946129    0.0549946129
  0.0549946129    0.0549946129    0.0549946129    0.0549946129    0.0549946129
  0.0549946129    0.0549946129    0.0549946129    0.0549946129    0.0549946129
  0.0549946129    0.0549946129    0.0549946129    0.0549946129    0.0549946129
  0.0549946129    0.0549946129    0.0549946129    0.0549946129    0.0549946129
  0.1163509786    0.1163437665    0.1163222492    0.1162867844    0.1162379086
  0.1161762774    0.1161027253    0.1160179675    0.1159229577    0.1158184707
  0.1157052219    0.1155839860    0.1154554188    0.1153200567    0.1151784360
  0.1150309741    0.1148781478    0.1147201955    0.1145575345    0.1143903434
  0.1142188609    0.1140432656    0.1138637960    0.1136805713    0.1134936512
  0.1133032739    0.1131093800    0.1129122078    0.1127117574    0.1125080287
  0.1123011410    0.1120911539    0.1118780673    0.1116619408    0.1114427745
  0.1112206280    0.1109954417    0.1107673347    0.1105361879    0.1103021204
  0.1100650728    0.1098251045    0.1095822155    0.1093362868    0.1090874374
  0.1088356078    0.1085807979    0.1083230078    0.1080622971    0.1077985466
  0.1075317562    0.1072619855    0.1069891155    0.1067132056    0.1064342558
  0.1061522663    0.1058671176    0.1055788696    0.1052875221    0.1049929559
  0.1046952903    0.1043944061    0.1040902436    0.1037829816    0.1034723222
  0.1031585038    0.1028412879    0.1025207937    0.1021969020    0.1018696129
  0.1015389264    0.1012048423    0.1008672416    0.1005261242    0.1001814306
  0.0998331606    0.0994812548    0.0991257131    0.0987664163    0.0984034240
  0.0980365574    0.0976658762    0.0972912014    0.0969125926    0.0965299904
  0.0961432159    0.0957523882    0.0953572094    0.0949577987    0.0945539773
  0.0941456258    0.0937328041    0.0933152735    0.0928929746    0.0924659073
  0.0920337737    0.0915965140    0.0911541283    0.0907064378    0.0902530849
  0.0897943079    0.0893296301    0.0888589919    0.0883822739    0.0878991783
  0.0874098241    0.0869135559    0.0864102542    0.0859000385    0.0853823721
  0.0848569572    0.0843235552    0.0837821066    0.0832318366    0.0826729834
  0.0821048319    0.0815267861    0.0809390843    0.0803407729    0.0797317326
  0.0791110694    0.0784786046    0.0778336227    0.0771755874    0.0765034854
  0.0758172572    0.0751157105    0.0743982494    0.0736635625    0.0729110539
  0.0721398890    0.0713483989    0.0705356300    0.0697002709    0.0688407123
  0.0679551661    0.0670422018    0.0661000311    0.0651263297    0.0641187131
  0.0630753934    0.0619936287    0.0608707368    0.0597054064    0.0584937036
  0.0572335422    0.0559220016    0.0553061068    0.0553060472    0.0553060472
  0.0553060472    0.0553060472    0.0553060472    0.0553060472    0.0553060472
  0.0553060472    0.0553060472    0.0553060472    0.0553060472    0.0553060472
  0.0553060472    0.0553060472    0.0553060472    0.0553060472    0.0553060472
  0.0553060472    0.0553060472    0.0553060472    0.0553060472    0.0553060472
  0.0553060472    0.0553060472    0.0553060472    0.0553060472    0.0553060472
  0.0553060472    0.0553060472    0.0553060472    0.0553060472    0.0553060472
  0.1167958677    0.1167891324    0.1167689860    0.1167357266    0.1166898906
  0.1166318953    0.1165626347    0.1164826453    0.1163927615    0.1162937582
  0.1161862314    0.1160709560    0.1159484088    0.1158192456    0.1156839430
  0.1155428588    0.1153964102    0.1152449548    0.1150887907    0.1149281561
  0.1147632897    0.1145943701    0.1144215763    0.1142450869    0.1140649617
  0.1138814390    0.1136944592    0.1135042608    0.1133107841    0.1131141484
  0.1129144728    0.1127116978    0.1125059426    0.1122972071    0.1120854914
  0.1118707955    0.1116532981    0.1114328802    0.1112096012    0.1109834015
  0.1107543409    0.1105224192    0.1102876961    0.1100500524    0.1098096073
  0.1095663011    0.1093200743    0.1090710461    0.1088190973    0.1085642278
  0.1083064973    0.1080459058    0.1077823341    0.1075157821    0.1072464287
  0.1069739759    0.1066986620    0.1064203084    0.1061389744    0.1058546007
  0.1055671871    0.1052767336    0.1049832404    0.1046865880    0.1043868363
  0.1040839851    0.1037780344    0.1034688652    0.1031564772    0.1028408706
  0.1025220454    0.1022000015    0.1018745601    0.1015459001    0.1012137830
  0.1008782089    0.1005393565    0.1001970470    0.0998512208    0.0995018184
  0.0991488397    0.0987923443    0.0984320939    0.0980682075    0.0977005661
  0.0973291099    0.0969537795    0.0965744555    0.0961912572    0.0958040059
  0.0954125226    0.0950169861    0.0946172774    0.0942130387    0.0938044488
  0.0933913887    0.0929735601    0.0925511420    0.0921239555    0.0916917622
  0.0912545621    0.0908121169    0.0903643668    0.0899112523    0.0894525945
  0.0889880955    0.0885177553    0.0880412757    0.0875584185    0.0870692432
  0.0865733325    0.0860705674    0.0855606496    0.0850434005    0.0845185816
  0.0839856565    0.0834448636    0.0828953683    0.0823368728    0.0817694366
  0.0811922252    0.0806050599    0.0800077617    0.0793994367    0.0787799060
  0.0781480968    0.0775043070    0.0768473446    0.0761763752    0.0754913390
  0.0747909844    0.0740751922    0.0733422935    0.0725914538    0.0718218982
  0.0710324943    0.0702216923    0.0693884194    0.0685313046    0.0676488578
  0.0667388141    0.0657999814    0.0648305714    0.0638276041    0.0627889335
  0.0617132485    0.0605972707    0.0594387949    0.0582360923    0.0569861829
  0.0556863844    0.0556117594    0.0556117594    0.0556117594    0.0556117594
  0.0556117594    0.0556117594    0.0556117594    0.0556117594    0.0556117594
  0.0556117594    0.0556117594    0.0556117594    0.0556117594    0.0556117594
  0.0556117594    0.0556117594    0.0556117594    0.0556117594    0.0556117594
  0.0556117594    0.0556117594    0.0556117594    0.0556117594    0.0556117594
  0.0556117594    0.0556117594    0.0556117594    0.0556117594    0.0556117594
  0.1172297299    0.1172234118    0.1172045171    0.1171733439    0.1171301901
  0.1170756519    0.1170103252    0.1169347465    0.1168496907    0.1167558134
  0.1166537106    0.1165439785    0.1164272130    0.1163038909    0.1161744893
  0.1160394847    0.1158991754    0.1157538593    0.1156038940    0.1154495180
  0.1152909696    0.1151284277    0.1149620116    0.1147919595    0.1146183908
  0.1144413650    0.1142610013    0.1140774190    0.1138906777    0.1137008369
  0.1135079563    0.1133120954    0.1131132543    0.1129114926    0.1127069294
  0.1124994457    0.1122892201    0.1120760739    0.1118602455    0.1116415560
  0.1114201248    0.1111958921    0.1109689176    0.1107391417    0.1105066836
  0.1102713645    0.1100333035    0.1097925603    0.1095489562    0.1093025506
  0.1090534031    0.1088013947    0.1085466444    0.1082890332    0.1080285609
  0.1077653468    0.1074992120    0.1072302163    0.1069583595    0.1066835821
  0.1064058840    0.1061252058    0.1058416665    0.1055551469    0.1052657068
  0.1049732268    0.1046777666    0.1043792069    0.1040776074    0.1037730277
  0.1034652293    0.1031544507    0.1028403938    0.1025232971    0.1022029817
  0.1018794477    0.1015526950    0.1012226045    0.1008892953    0.1005526483
  0.1002125442    0.0998691022    0.0995223224    0.0991719067    0.0988180935
  0.0984606445    0.0980996788    0.0977350175    0.0973666012    0.0969944894
  0.0966185629    0.0962387621    0.0958550274    0.0954673588    0.0950755775
  0.0946796834    0.0942794979    0.0938751400    0.0934662521    0.0930530727
  0.0926352441    0.0922127068    0.0917854607    0.0913533270    0.0909161270
  0.0904737413    0.0900262296    0.0895732343    0.0891146958    0.0886504948
  0.0881802738    0.0877042115    0.0872217119    0.0867328942    0.0862372816
  0.0857349932    0.0852256119    0.0847088397    0.0841845572    0.0836524069
  0.0831119120    0.0825630128    0.0820054710    0.0814385712    0.0808621943
  0.0802759230    0.0796792209    0.0790717900    0.0784532130    0.0778224766
  0.0771797001    0.0765235722    0.0758545101    0.0751703084    0.0744718611
  0.0737570822    0.0730256140    0.0722766817    0.0715088546    0.0707212389
  0.0699128807    0.0690821111    0.0682274997    0.0673479736    0.0664415061
  0.0655057728    0.0645398796    0.0635416210    0.0625083745    0.0614382923
  0.0603291690    0.0591785610    0.0579848588    0.0567452610    0.0559118092
  0.0559118092    0.0559118092    0.0559118092    0.0559118092    0.0559118092
  0.0559118092    0.0559118092    0.0559118092    0.0559118092    0.0559118092
  0.0559118092    0.0559118092    0.0559118092    0.0559118092    0.0559118092
  0.0559118092    0.0559118092    0.0559118092    0.0559118092    0.0559118092
  0.0559118092    0.0559118092    0.0559118092    0.0559118092    0.0559118092
  0.1176531613    0.1176472008    0.1176294982    0.1176001132    0.1175595224
  0.1175081432    0.1174463928    0.1173749864    0.1172944009    0.1172052920
  0.1171082556    0.1170037687    0.1168924272    0.1167747080    0.1166509688
  0.1165216863    0.1163872182    0.1162478030    0.1161037982    0.1159553826
  0.1158028543    0.1156463325    0.1154861152    0.1153222024    0.1151547730
  0.1149840057    0.1148099601    0.1146327555    0.1144523919    0.1142690480
  0.1140826643    0.1138933599    0.1137011945    0.1135061681    0.1133083403
  0.1131077707    0.1129043996    0.1126982868    0.1124894917    0.1122779548
  0.1120637357    0.1118468344    0.1116272509    0.1114049852    0.1111800373
  0.1109524071    0.1107221544    0.1104891002    0.1102534831    0.1100151241
  0.1097740829    0.1095302999    0.1092838347    0.1090346873    0.1087827981
  0.1085281074    0.1082707942    0.1080106199    0.1077477038    0.1074819863
  0.1072134674    0.1069421470    0.1066680253    0.1063911021    0.1061112583
  0.1058285534    0.1055429280    0.1052545011    0.1049630940    0.1046687067
  0.1043714583    0.1040711701    0.1037679017    0.1034617126    0.1031523645
  0.1028400362    0.1025245488    0.1022060215    0.1018843949    0.1015594900
  0.1012314856    0.1009002626    0.1005658805    0.1002281010    0.0998869240
  0.0995426476    0.0991948545    0.0988436639    0.0984889567    0.0981307924
  0.0977691114    0.0974038541    0.0970348418    0.0966623127    0.0962857902
  0.0959056318    0.0955215394    0.0951334536    0.0947413743    0.0943451822
  0.0939448178    0.0935402215    0.0931313932    0.0927180350    0.0923001468
  0.0918776691    0.0914504230    0.0910182893    0.0905812085    0.0901390016
  0.0896916687    0.0892389119    0.0887804925    0.0883166492    0.0878468454
  0.0873710811    0.0868889987    0.0864005983    0.0859054625    0.0854035318
  0.0848946273    0.0843783915    0.0838547647    0.0833230317    0.0827833116
  0.0822352469    0.0816780627    0.0811121166    0.0805365741    0.0799511373
  0.0793555081    0.0787488520    0.0781309903    0.0775015652    0.0768599212
  0.0762051046    0.0755368769    0.0748544633    0.0741569698    0.0734436810
  0.0727140009    0.0719667375    0.0712009370    0.0704152882    0.0696093142
  0.0687809289    0.0679290593    0.0670521557    0.0661488473    0.0652174652
  0.0642557442    0.0632616580    0.0622335374    0.0611693561    0.0600672662
  0.0589243472    0.0577394068    0.0565097034    0.0562065542    0.0562065542
  0.0562065542    0.0562065542    0.0562065542    0.0562065542    0.0562065542
  0.0562065542    0.0562065542    0.0562065542    0.0562065542    0.0562065542
  0.0562065542    0.0562065542    0.0562065542    0.0562065542    0.0562065542
  0.0562065542    0.0562065542    0.0562065542    0.0562065542    0.0562065542
  0.1180665791    0.1180609763    0.1180442870    0.1180166304    0.1179783642
  0.1179298460    0.1178715527    0.1178039014    0.1177275479    0.1176429689
  0.1175506413    0.1174511015    0.1173448861    0.1172324121    0.1171140969
  0.1169902980    0.1168613136    0.1167275012    0.1165891588    0.1164464653
  0.1162997186    0.1161490381    0.1159946024    0.1158365905    0.1156751812
  0.1155103743    0.1153423488    0.1151711643    0.1149969995    0.1148197949
  0.1146396697    0.1144566238    0.1142708361    0.1140822470    0.1138908565
  0.1136967838    0.1135000288    0.1133005917    0.1130985320    0.1128937900
  0.1126864851    0.1124765575    0.1122640073    0.1120488346    0.1118310988
  0.1116107404    0.1113878191    0.1111623347    0.1109342277    0.1107034385
  0.1104701459    0.1102342308    0.1099956334    0.1097544730    0.1095106900
  0.1092642248    0.1090151370    0.1087633669    0.1085089147    0.1082518399
  0.1079920232    0.1077295244    0.1074642837    0.1071963012    0.1069256365
  0.1066521704    0.1063759625    0.1060970128    0.1058151424    0.1055305898
  0.1052431166    0.1049528420    0.1046596467    0.1043635905    0.1040646732
  0.1037628353    0.1034580171    0.1031502783    0.1028395593    0.1025258005
  0.1022090614    0.1018892229    0.1015664041    0.1012404263    0.1009112298
  0.1005789340    0.1002434790    0.0999048054    0.0995629728    0.0992176831
  0.0988690555    0.0985171497    0.0981617868    0.0978030860    0.0974407494
  0.0970749557    0.0967055261    0.0963323414    0.0959556401    0.0955750644
  0.0951906145    0.0948022902    0.0944100320    0.0940137208    0.0936132967
  0.0932086408    0.0927995145    0.0923861563    0.0919683874    0.0915459692
  0.0911186635    0.0906868279    0.0902499259    0.0898079574    0.0893606842
  0.0889082849    0.0884502828    0.0879867375    0.0875172317    0.0870417058
  0.0865601599    0.0860721171    0.0855776966    0.0850763023    0.0845678747
  0.0840523541    0.0835290253    0.0829980671    0.0824590027    0.0819115937
  0.0813553631    0.0807900131    0.0802152455    0.0796306431    0.0790358484
  0.0784302652    0.0778136551    0.0771851242    0.0765444934    0.0758911669
  0.0752242506    0.0745430291    0.0738470852    0.0731355846    0.0724072158
  0.0716619790    0.0708979070    0.0701146424    0.0693104565    0.0684847534
  0.0676356852    0.0667619407    0.0658620298    0.0649338067    0.0639761984
  0.0629868209    0.0619641244    0.0609063804    0.0598108470    0.0586760342
  0.0574997962    0.0564961731    0.0564961731    0.0564961731    0.0564961731
  0.0564961731    0.0564961731    0.0564961731    0.0564961731    0.0564961731
  0.0564961731    0.0564961731    0.0564961731    0.0564961731    0.0564961731
  0.0564961731    0.0564961731    0.0564961731    0.0564961731    0.0564961731
  0.1184704602    0.1184651554    0.1184494197    0.1184233725    0.1183872521
  0.1183414161    0.1182862222    0.1182221472    0.1181496680    0.1180693209
  0.1179814637    0.1178866327    0.1177852452    0.1176777780    0.1175645292
  0.1174459159    0.1173222363    0.1171937883    0.1170608699    0.1169236004
  0.1167823374    0.1166372597    0.1164884269    0.1163360178    0.1161802709
  0.1160212457    0.1158589423    0.1156936586    0.1155252755    0.1153539717
  0.1151798069    0.1150028408    0.1148230731    0.1146406233    0.1144554317
  0.1142676175    0.1140771210    0.1138841212    0.1136884391    0.1134902537
  0.1132894456    0.1130861938    0.1128803194    0.1126720011    0.1124610603
  0.1122476757    0.1120317876    0.1118133962    0.1115924418    0.1113689244
  0.1111430228    0.1109144986    0.1106834710    0.1104498804    0.1102137864
  0.1099751294    0.1097338498    0.1094901264    0.1092437804    0.1089948118
  0.1087432206    0.1084890664    0.1082322896    0.1079728901    0.1077109277
  0.1074462235    0.1071788371    0.1069088280    0.1066360772    0.1063606441
  0.1060825288    0.1058016717    0.1055180132    0.1052316129    0.1049424708
  0.1046505272    0.1043557227    0.1040581167    0.1037577093    0.1034543812
  0.1031481922    0.1028390825    0.1025271118    0.1022120416    0.1018941104
  0.1015731990    0.1012491882    0.1009221971    0.1005920470    0.1002588570
  0.0999225080    0.0995829999    0.0992403924    0.0988944471    0.0985451043
  0.0981926620    0.0978367627    0.0974774063    0.0971145928    0.0967483819
  0.0963785350    0.0960050523    0.0956279933    0.0952471793    0.0948625505
  0.0944740474    0.0940816104    0.0936851799    0.0932846963    0.0928799212
  0.0924709737    0.0920577347    0.0916399658    0.0912176073    0.0907905400
  0.0903587639    0.0899221003    0.0894805491    0.0890335739    0.0885812938
  0.0881238282    0.0876605213    0.0871914923    0.0867163837    0.0862353146
  0.0857478082    0.0852537453    0.0847530663    0.0842450559    0.0837300122
  0.0832077563    0.0826773345    0.0821387470    0.0815922320    0.0810367763
  0.0804722607    0.0798982680    0.0793146789    0.0787210166    0.0781163871
  0.0775007308    0.0768732727    0.0762340128    0.0755815804    0.0749158561
  0.0742361248    0.0735417306    0.0728317797    0.0721053183    0.0713616312
  0.0705997050    0.0698185861    0.0690169036    0.0681935251    0.0673471391
  0.0664765537    0.0655799806    0.0646556318    0.0637024343    0.0627180636
  0.0617006123    0.0606486499    0.0595602095    0.0584330857    0.0572661459
  0.0567808449    0.0567808449    0.0567808449    0.0567808449    0.0567808449
  0.0567808449    0.0567808449    0.0567808449    0.0567808449    0.0567808449
  0.0567808449    0.0567808449    0.0567808449    0.0567808449    0.0567808449
  0.1188652217    0.1188602149    0.1188453734    0.1188207567    0.1187866032
  0.1187432110    0.1186909974    0.1186302006    0.1185614169    0.1184849441
  0.1184013188    0.1183108985    0.1182141006    0.1181113422    0.1180029213
  0.1178892553    0.1177705824    0.1176472604    0.1175194681    0.1173875034
  0.1172514856    0.1171117127    0.1169682443    0.1168212593    0.1166709363
  0.1165173352    0.1163606346    0.1162008941    0.1160381138    0.1158724725
  0.1157040298    0.1155328453    0.1153588593    0.1151822507    0.1150030196
  0.1148211658    0.1146367490    0.1144497693    0.1142602861    0.1140682995
  0.1138738096    0.1136768162    0.1134774387    0.1132755578    0.1130712330
  0.1128644049    0.1126551926    0.1124435365    0.1122294962    0.1120129526
  0.1117939651    0.1115725338    0.1113487184    0.1111223400    0.1108935177
  0.1106622517    0.1104285419    0.1101923883    0.1099536717    0.1097125113
  0.1094687879    0.1092225611    0.1089737713    0.1087225378    0.1084687412
  0.1082123220    0.1079533994    0.1076918542    0.1074277461    0.1071610749
  0.1068917215    0.1066197455    0.1063451469    0.1060678661    0.1057880223
  0.1055053174    0.1052201092    0.1049320400    0.1046413481    0.1043478549
  0.1040515602    0.1037525833    0.1034507453    0.1031461656    0.1028386652
  0.1025283635    0.1022151411    0.1018989980    0.1015800536    0.1012580693
  0.1009331644    0.1006052196    0.1002742350    0.0999402702    0.0996031463
  0.0992629826    0.0989195406    0.0985729396    0.0982231796    0.0978700221
  0.0975137055    0.0971539319    0.0967907608    0.0964241326    0.0960539877
  0.0956803262    0.0953030288    0.0949219763    0.0945372283    0.0941486657
  0.0937561095    0.0933596790    0.0929591358    0.0925544202    0.0921456516
  0.0917324126    0.0913149416    0.0908926427    0.0904658735    0.0900342762
  0.0895979702    0.0891564786    0.0887100399    0.0882581174    0.0878009498
  0.0873381197    0.0868693292    0.0863948762    0.0859142840    0.0854273140
  0.0849338472    0.0844335258    0.0839263499    0.0834119618    0.0828900635
  0.0823605955    0.0818229616    0.0812769830    0.0807224214    0.0801587403
  0.0795858800    0.0790028870    0.0784101784    0.0778065622    0.0771917999
  0.0765656531    0.0759274662    0.0752767026    0.0746120512    0.0739338100
  0.0732409656    0.0725325644    0.0718082488    0.0710662305    0.0703061521
  0.0695274770    0.0687282383    0.0679073632    0.0670640171    0.0661961138
  0.0653030574    0.0643827021    0.0634336174    0.0624539554    0.0614422262
  0.0603963435    0.0593146980    0.0581960380    0.0570607483    0.0570607483
  0.0570607483    0.0570607483    0.0570607483    0.0570607483    0.0570607483
  0.0570607483    0.0570607483    0.0570607483    0.0570607483    0.0570607483
