  0.0000000000    0.0150000000
  0.0002500000    0.0010000000    179    30
  0.0033444322    0.0033344750    0.0033093451    0.0032760382    0.0032384525
  0.0031984196    0.0031568297    0.0031141590    0.0030707042    0.0030266572
  0.0029821455    0.0029372619    0.0028920788    0.0028466639    0.0028010446
  0.0027552769    0.0027093930    0.0026634117    0.0026173616    0.0025712662
  0.0025251434    0.0024790132    0.0024328843    0.0023867623    0.0023406762
  0.0022946243    0.0022486219    0.0022026519    0.0021567510    0.0021108943
  0.0020650990    0.0020193591    0.0019736657    0.0019280282    0.0018824231
  0.0018368516    0.0017912977    0.0017457653    0.0017002036    0.0016546240
  0.0016089832    0.0015632688    0.0015174383    0.0014714528    0.0014252771
  0.0013788508    0.0013320994    0.0012849838    0.0012373897    0.0011892391
  0.0011404222    0.0010908474    0.0010404163    0.0009890950    0.0009369084
  0.0008838452    0.0008296530    0.0007731671    0.0007114812    0.0007012236
  0.0007012240    0.0007012240    0.0007012240    0.0007012240    0.0007012240
  0.0007012240    0.0007012240    0.0007012240    0.0007012240    0.0007012240
  0.0007012240    0.0007012240    0.0007012240    0.0007012240    0.0007012240
  0.0007012240    0.0007012240    0.0007012240    0.0007012240    0.0007012240
  0.0007012240    0.0007012240    0.0007012240    0.0007012240    0.0007012240
  0.0007012240    0.0007012240    0.0007012240    0.0007012240    0.0007012240
  0.0007012240    0.0007012240    0.0007012240    0.0007012240    0.0007012240
  0.0007012240    0.0007012240    0.0007012240    0.0007012240    0.0007012240
  0.0007012240    0.0007012240    0.0007012240    0.0007012240    0.0007012240
  0.0007012240    0.0007012240    0.0007012240    0.0007012240    0.0007012240
  0.0007012240    0.0007012240    0.0007012240    0.0007012240    0.0007012240
  0.0007012240    0.0007012240    0.0007012240    0.0007012240    0.0007012240
  0.0007012240    0.0007012240    0.0007012240    0.0007012240    0.0007012240
  0.0007012240    0.0007012240    0.0007012240    0.0007012240    0.0007012240
  0.0007012240    0.0007012240    0.0007012240    0.0007012240    0.0007012240
  0.0007012240    0.0007012240    0.0007012240    0.0007012240    0.0007012240
  0.0007012240    0.0007012240    0.0007012240    0.0007012240    0.0007012240
  0.0007012240    0.0007012240    0.0007012240    0.0007012240    0.0007012240
  0.0007012240    0.0007012240    0.0007012240    0.0007012240    0.0007012240
  0.0007012240    0.0007012240    0.0007012240    0.0007012240    0.0007012240
  0.0007012240    0.0007012240    0.0007012240    0.0007012240    0.0007012240
  0.0007012240    0.0007012240    0.0007012240    0.0007012240    0.0007012240
  0.0007012240    0.0007012240    0.0007012240    0.0007012240    0.0007012240
  0.0007012240    0.0007012240    0.0007012240    0.0007012240    0.0007012240
  0.0035528135    0.0035439839    0.0035210113    0.0034896656    0.0034536561
  0.0034148846    0.0033743392    0.0033325598    0.0032898753    0.0032465102
  0.0032026140    0.0031582721    0.0031135974    0.0030686229    0.0030234136
  0.0029780181    0.0029324608    0.0028867851    0.0028410025    0.0027951511
  0.0027492461    0.0027033044    0.0026573376    0.0026113751    0.0025654173
  0.0025194831    0.0024735721    0.0024277084    0.0023818912    0.0023361113
  0.0022904019    0.0022447372    0.0021991340    0.0021535954    0.0021081128
  0.0020626734    0.0020172884    0.0019719440    0.0019266250    0.0018813357
  0.0018360465    0.0017907510    0.0017454140    0.0017000387    0.0016545834
  0.0016090192    0.0015633109    0.0015174072    0.0014712858    0.0014248681
  0.0013780868    0.0013308807    0.0012831611    0.0012348177    0.0011857681
  0.0011358904    0.0010851318    0.0010334393    0.0009808374    0.0009272962
  0.0008724504    0.0008149760    0.0007569425    0.0007569429    0.0007569429
  0.0007569429    0.0007569429    0.0007569429    0.0007569429    0.0007569429
  0.0007569429    0.0007569429    0.0007569429    0.0007569429    0.0007569429
  0.0007569429    0.0007569429    0.0007569429    0.0007569429    0.0007569429
  0.0007569429    0.0007569429    0.0007569429    0.0007569429    0.0007569429
  0.0007569429    0.0007569429    0.0007569429    0.0007569429    0.0007569429
  0.0007569429    0.0007569429    0.0007569429    0.0007569429    0.0007569429
  0.0007569429    0.0007569429    0.0007569429    0.0007569429    0.0007569429
  0.0007569429    0.0007569429    0.0007569429    0.0007569429    0.0007569429
  0.0007569429    0.0007569429    0.0007569429    0.0007569429    0.0007569429
  0.0007569429    0.0007569429    0.0007569429    0.0007569429    0.0007569429
  0.0007569429    0.0007569429    0.0007569429    0.0007569429    0.0007569429
  0.0007569429    0.0007569429    0.0007569429    0.0007569429    0.0007569429
  0.0007569429    0.0007569429    0.0007569429    0.0007569429    0.0007569429
  0.0007569429    0.0007569429    0.0007569429    0.0007569429    0.0007569429
  0.0007569429    0.0007569429    0.0007569429    0.0007569429    0.0007569429
  0.0007569429    0.0007569429    0.0007569429    0.0007569429    0.0007569429
  0.0007569429    0.0007569429    0.0007569429    0.0007569429    0.0007569429
  0.0007569429    0.0007569429    0.0007569429    0.0007569429    0.0007569429
  0.0007569429    0.0007569429    0.0007569429    0.0007569429    0.0007569429
  0.0007569429    0.0007569429    0.0007569429    0.0007569429    0.0007569429
  0.0007569429    0.0007569429    0.0007569429    0.0007569429    0.0007569429
  0.0007569429    0.0007569429    0.0007569429    0.0007569429    0.0007569429
  0.0007569429    0.0007569429    0.0007569429    0.0007569429    0.0007569429
  0.0037596604    0.0037517965    0.0037308012    0.0037013945    0.0036670118
  0.0036295761    0.0035901355    0.0035493032    0.0035074547    0.0034648185
  0.0034215697    0.0033778170    0.0033336699    0.0032891927    0.0032444252
  0.0031994303    0.0031542433    0.0031089021    0.0030634275    0.0030178421
  0.0029721877    0.0029264636    0.0028806974    0.0028349084    0.0027891028
  0.0027432961    0.0026975132    0.0026517436    0.0026060163    0.0025603261
  0.0025146787    0.0024690888    0.0024235553    0.0023780729    0.0023326668
  0.0022873096    0.0022420226    0.0021967833    0.0021515940    0.0021064626
  0.0020613595    0.0020163009    0.0019712488    0.0019262019    0.0018811570
  0.0018360720    0.0017909411    0.0017457336    0.0017004298    0.0016549848
  0.0016093596    0.0015635126    0.0015174112    0.0014709731    0.0014241258
  0.0013768097    0.0013289388    0.0012803787    0.0012310711    0.0011808909
  0.0011297653    0.0010776894    0.0010246608    0.0009706106    0.0009150882
  0.0008566377    0.0008133313    0.0008133317    0.0008133317    0.0008133317
  0.0008133317    0.0008133317    0.0008133317    0.0008133317    0.0008133317
  0.0008133317    0.0008133317    0.0008133317    0.0008133317    0.0008133317
  0.0008133317    0.0008133317    0.0008133317    0.0008133317    0.0008133317
  0.0008133317    0.0008133317    0.0008133317    0.0008133317    0.0008133317
  0.0008133317    0.0008133317    0.0008133317    0.0008133317    0.0008133317
  0.0008133317    0.0008133317    0.0008133317    0.0008133317    0.0008133317
  0.0008133317    0.0008133317    0.0008133317    0.0008133317    0.0008133317
  0.0008133317    0.0008133317    0.0008133317    0.0008133317    0.0008133317
  0.0008133317    0.0008133317    0.0008133317    0.0008133317    0.0008133317
  0.0008133317    0.0008133317    0.0008133317    0.0008133317    0.0008133317
  0.0008133317    0.0008133317    0.0008133317    0.0008133317    0.0008133317
  0.0008133317    0.0008133317    0.0008133317    0.0008133317    0.0008133317
  0.0008133317    0.0008133317    0.0008133317    0.0008133317    0.0008133317
  0.0008133317    0.0008133317    0.0008133317    0.0008133317    0.0008133317
  0.0008133317    0.0008133317    0.0008133317    0.0008133317    0.0008133317
  0.0008133317    0.0008133317    0.0008133317    0.0008133317    0.0008133317
  0.0008133317    0.0008133317    0.0008133317    0.0008133317    0.0008133317
  0.0008133317    0.0008133317    0.0008133317    0.0008133317    0.0008133317
  0.0008133317    0.0008133317    0.0008133317    0.0008133317    0.0008133317
  0.0008133317    0.0008133317    0.0008133317    0.0008133317    0.0008133317
  0.0008133317    0.0008133317    0.0008133317    0.0008133317    0.0008133317
  0.0008133317    0.0008133317    0.0008133317    0.0008133317    0.0008133317
  0.0039650334    0.0039579762    0.0039387893    0.0039112895    0.0038785574
  0.0038425016    0.0038042228    0.0037643948    0.0037234228    0.0036815624
  0.0036390058    0.0035958886    0.0035523157    0.0035083570    0.0034640674
  0.0034195151    0.0033747304    0.0033297556    0.0032846148    0.0032393438
  0.0031939599    0.0031484829    0.0031029505    0.0030573669    0.0030117370
  0.0029660944    0.0029204473    0.0028747981    0.0028291823    0.0027835755
  0.0027380085    0.0026924920    0.0026470233    0.0026016039    0.0025562372
  0.0025109375    0.0024657015    0.0024205222    0.0023754056    0.0023303594
  0.0022853662    0.0022404271    0.0021955300    0.0021506704    0.0021058553
  0.0020610412    0.0020162304    0.0019714318    0.0019265887    0.0018817031
  0.0018367262    0.0017916730    0.0017464933    0.0017011315    0.0016555749
  0.0016097610    0.0015636442    0.0015171430    0.0014702149    0.0014227566
  0.0013746851    0.0013258975    0.0012762968    0.0012257834    0.0011743031
  0.0011218362    0.0010683734    0.0010138133    0.0009575699    0.0008981274
  0.0008703538    0.0008703542    0.0008703542    0.0008703542    0.0008703542
  0.0008703542    0.0008703542    0.0008703542    0.0008703542    0.0008703542
  0.0008703542    0.0008703542    0.0008703542    0.0008703542    0.0008703542
  0.0008703542    0.0008703542    0.0008703542    0.0008703542    0.0008703542
  0.0008703542    0.0008703542    0.0008703542    0.0008703542    0.0008703542
  0.0008703542    0.0008703542    0.0008703542    0.0008703542    0.0008703542
  0.0008703542    0.0008703542    0.0008703542    0.0008703542    0.0008703542
  0.0008703542    0.0008703542    0.0008703542    0.0008703542    0.0008703542
  0.0008703542    0.0008703542    0.0008703542    0.0008703542    0.0008703542
  0.0008703542    0.0008703542    0.0008703542    0.0008703542    0.0008703542
  0.0008703542    0.0008703542    0.0008703542    0.0008703542    0.0008703542
  0.0008703542    0.0008703542    0.0008703542    0.0008703542    0.0008703542
  0.0008703542    0.0008703542    0.0008703542    0.0008703542    0.0008703542
  0.0008703542    0.0008703542    0.0008703542    0.0008703542    0.0008703542
  0.0008703542    0.0008703542    0.0008703542    0.0008703542    0.0008703542
  0.0008703542    0.0008703542    0.0008703542    0.0008703542    0.0008703542
  0.0008703542    0.0008703542    0.0008703542    0.0008703542    0.0008703542
  0.0008703542    0.0008703542    0.0008703542    0.0008703542    0.0008703542
  0.0008703542    0.0008703542    0.0008703542    0.0008703542    0.0008703542
  0.0008703542    0.0008703542    0.0008703542    0.0008703542    0.0008703542
  0.0008703542    0.0008703542    0.0008703542    0.0008703542    0.0008703542
  0.0008703542    0.0008703542    0.0008703542    0.0008703542    0.0008703542
  0.0041689550    0.0041626108    0.0041450573    0.0041193707    0.0040882995
  0.0040536638    0.0040166210    0.0039778415    0.0039377898    0.0038967519
  0.0038549389    0.0038124816    0.0037695153    0.0037261159    0.0036823551
  0.0036382762    0.0035939153    0.0035493424    0.0035045762    0.0034596373
  0.0034145684    0.0033693730    0.0033240948    0.0032787400    0.0032333257
  0.0031878698    0.0031423830    0.0030968855    0.0030513898    0.0030059019
  0.0029604209    0.0029149964    0.0028695827    0.0028242325    0.0027789209
  0.0027336580    0.0026884627    0.0026433269    0.0025982595    0.0025532595
  0.0025083224    0.0024634408    0.0024186308    0.0023738688    0.0023291663
  0.0022845047    0.0022398831    0.0021952942    0.0021507226    0.0021061437
  0.0020615682    0.0020169638    0.0019723146    0.0019275838    0.0018827681
  0.0018378315    0.0017927384    0.0017474411    0.0017019190    0.0016561026
  0.0016099455    0.0015633677    0.0015163086    0.0014686980    0.0014203948
  0.0013713552    0.0013214407    0.0012706097    0.0012187558    0.0011658862
  0.0011119872    0.0010568659    0.0009999038    0.0009394447    0.0009279844
  0.0009279848    0.0009279848    0.0009279848    0.0009279848    0.0009279848
  0.0009279848    0.0009279848    0.0009279848    0.0009279848    0.0009279848
  0.0009279848    0.0009279848    0.0009279848    0.0009279848    0.0009279848
  0.0009279848    0.0009279848    0.0009279848    0.0009279848    0.0009279848
  0.0009279848    0.0009279848    0.0009279848    0.0009279848    0.0009279848
  0.0009279848    0.0009279848    0.0009279848    0.0009279848    0.0009279848
  0.0009279848    0.0009279848    0.0009279848    0.0009279848    0.0009279848
  0.0009279848    0.0009279848    0.0009279848    0.0009279848    0.0009279848
  0.0009279848    0.0009279848    0.0009279848    0.0009279848    0.0009279848
  0.0009279848    0.0009279848    0.0009279848    0.0009279848    0.0009279848
  0.0009279848    0.0009279848    0.0009279848    0.0009279848    0.0009279848
  0.0009279848    0.0009279848    0.0009279848    0.0009279848    0.0009279848
  0.0009279848    0.0009279848    0.0009279848    0.0009279848    0.0009279848
  0.0009279848    0.0009279848    0.0009279848    0.0009279848    0.0009279848
  0.0009279848    0.0009279848    0.0009279848    0.0009279848    0.0009279848
  0.0009279848    0.0009279848    0.0009279848    0.0009279848    0.0009279848
  0.0009279848    0.0009279848    0.0009279848    0.0009279848    0.0009279848
  0.0009279848    0.0009279848    0.0009279848    0.0009279848    0.0009279848
  0.0009279848    0.0009279848    0.0009279848    0.0009279848    0.0009279848
  0.0009279848    0.0009279848    0.0009279848    0.0009279848    0.0009279848
  0.0009279848    0.0009279848    0.0009279848    0.0009279848    0.0009279848
  0.0043714796    0.0043657381    0.0043496537    0.0043257067    0.0042962771
  0.0042630995    0.0042273122    0.0041896272    0.0041505498    0.0041103755
  0.0040693363    0.0040275947    0.0039852826    0.0039424720    0.0038992432
  0.0038556693    0.0038117930    0.0037676481    0.0037232823    0.0036787118
  0.0036339861    0.0035891133    0.0035441141    0.0034990193    0.0034538412
  0.0034086020    0.0033633156    0.0033179879    0.0032726437    0.0032272909
  0.0031819384    0.0031365882    0.0030912860    0.0030459934    0.0030007426
  0.0029555405    0.0029103884    0.0028652906    0.0028202595    0.0027752882
  0.0027303800    0.0026855334    0.0026407627    0.0025960527    0.0025514042
  0.0025068213    0.0024622995    0.0024178264    0.0023733888    0.0023290021
  0.0022846286    0.0022402787    0.0021959384    0.0021515925    0.0021072042
  0.0020627892    0.0020183045    0.0019737202    0.0019290185    0.0018841632
  0.0018391460    0.0017938821    0.0017483647    0.0017025109    0.0016562930
  0.0016096055    0.0015624195    0.0015146089    0.0014660807    0.0014167613
  0.0013665269    0.0013153224    0.0012630954    0.0012098227    0.0011554687
  0.0010998035    0.0010420955    0.0009861943    0.0009861948    0.0009861948
  0.0009861948    0.0009861948    0.0009861948    0.0009861948    0.0009861948
  0.0009861948    0.0009861948    0.0009861948    0.0009861948    0.0009861948
  0.0009861948    0.0009861948    0.0009861948    0.0009861948    0.0009861948
  0.0009861948    0.0009861948    0.0009861948    0.0009861948    0.0009861948
  0.0009861948    0.0009861948    0.0009861948    0.0009861948    0.0009861948
  0.0009861948    0.0009861948    0.0009861948    0.0009861948    0.0009861948
  0.0009861948    0.0009861948    0.0009861948    0.0009861948    0.0009861948
  0.0009861948    0.0009861948    0.0009861948    0.0009861948    0.0009861948
  0.0009861948    0.0009861948    0.0009861948    0.0009861948    0.0009861948
  0.0009861948    0.0009861948    0.0009861948    0.0009861948    0.0009861948
  0.0009861948    0.0009861948    0.0009861948    0.0009861948    0.0009861948
  0.0009861948    0.0009861948    0.0009861948    0.0009861948    0.0009861948
  0.0009861948    0.0009861948    0.0009861948    0.0009861948    0.0009861948
  0.0009861948    0.0009861948    0.0009861948    0.0009861948    0.0009861948
  0.0009861948    0.0009861948    0.0009861948    0.0009861948    0.0009861948
  0.0009861948    0.0009861948    0.0009861948    0.0009861948    0.0009861948
  0.0009861948    0.0009861948    0.0009861948    0.0009861948    0.0009861948
  0.0009861948    0.0009861948    0.0009861948    0.0009861948    0.0009861948
  0.0009861948    0.0009861948    0.0009861948    0.0009861948    0.0009861948
  0.0009861948    0.0009861948    0.0009861948    0.0009861948    0.0009861948
  0.0045726645    0.0045674515    0.0045526857    0.0045303669    0.0045025352
  0.0044708216    0.0044363256    0.0043997831    0.0043617072    0.0043224317
  0.0042822120    0.0042412196    0.0041995836    0.0041573965    0.0041147597
  0.0040717194    0.0040283502    0.0039846711    0.0039407266    0.0038965632
  0.0038522051    0.0038076786    0.0037630000    0.0037181864    0.0036732770
  0.0036282903    0.0035832253    0.0035380926    0.0034929330    0.0034477293
  0.0034025229    0.0033573178    0.0033121016    0.0032669082    0.0032217450
  0.0031766037    0.0031315121    0.0030864483    0.0030414505    0.0029965084
  0.0029516306    0.0029068114    0.0028620488    0.0028173638    0.0027727508
  0.0027281999    0.0026837250    0.0026393023    0.0025949390    0.0025506382
  0.0025063875    0.0024621742    0.0024180124    0.0023738696    0.0023297474
  0.0022856259    0.0022414964    0.0021973266    0.0021531332    0.0021088565
  0.0020645144    0.0020200448    0.0019754543    0.0019306607    0.0018856743
  0.0018404289    0.0017948797    0.0017489961    0.0017026765    0.0016558642
  0.0016084845    0.0015604679    0.0015116987    0.0014620764    0.0014115254
  0.0013599589    0.0013073531    0.0012536595    0.0011988502    0.0011426144
  0.0010841479    0.0010449575    0.0010449579    0.0010449579    0.0010449579
  0.0010449579    0.0010449579    0.0010449579    0.0010449579    0.0010449579
  0.0010449579    0.0010449579    0.0010449579    0.0010449579    0.0010449579
  0.0010449579    0.0010449579    0.0010449579    0.0010449579    0.0010449579
  0.0010449579    0.0010449579    0.0010449579    0.0010449579    0.0010449579
  0.0010449579    0.0010449579    0.0010449579    0.0010449579    0.0010449579
  0.0010449579    0.0010449579    0.0010449579    0.0010449579    0.0010449579
  0.0010449579    0.0010449579    0.0010449579    0.0010449579    0.0010449579
  0.0010449579    0.0010449579    0.0010449579    0.0010449579    0.0010449579
  0.0010449579    0.0010449579    0.0010449579    0.0010449579    0.0010449579
  0.0010449579    0.0010449579    0.0010449579    0.0010449579    0.0010449579
  0.0010449579    0.0010449579    0.0010449579    0.0010449579    0.0010449579
  0.0010449579    0.0010449579    0.0010449579    0.0010449579    0.0010449579
  0.0010449579    0.0010449579    0.0010449579    0.0010449579    0.0010449579
  0.0010449579    0.0010449579    0.0010449579    0.0010449579    0.0010449579
  0.0010449579    0.0010449579    0.0010449579    0.0010449579    0.0010449579
  0.0010449579    0.0010449579    0.0010449579    0.0010449579    0.0010449579
  0.0010449579    0.0010449579    0.0010449579    0.0010449579    0.0010449579
  0.0010449579    0.0010449579    0.0010449579    0.0010449579    0.0010449579
  0.0010449579    0.0010449579    0.0010449579    0.0010449579    0.0010449579
  0.0047725260    0.0047677746    0.0047541919    0.0047333850    0.0047071162
  0.0046768587    0.0046436630    0.0046082970    0.0045712714    0.0045329356
  0.0044935716    0.0044533483    0.0044124311    0.0043709090    0.0043288813
  0.0042864035    0.0042435607    0.0042003795    0.0041569021    0.0041131723
  0.0040692115    0.0040250547    0.0039807258    0.0039362384    0.0038916296
  0.0038469035    0.0038020973    0.0037571968    0.0037122396    0.0036672342
  0.0036221982    0.0035771317    0.0035320544    0.0034869681    0.0034419034
  0.0033968535    0.0033518237    0.0033068286    0.0032618834    0.0032169703
  0.0031721160    0.0031273217    0.0030825843    0.0030379168    0.0029933109
  0.0029487749    0.0029043138    0.0028599168    0.0028155859    0.0027713246
  0.0027271182    0.0026829886    0.0026389016    0.0025948793    0.0025508778
  0.0025069367    0.0024630155    0.0024190996    0.0023751942    0.0023312719
  0.0022873291    0.0022433465    0.0021993035    0.0021551732    0.0021109284
  0.0020665705    0.0020220252    0.0019773039    0.0019323285    0.0018870587
  0.0018414715    0.0017954973    0.0017490753    0.0017021051    0.0016545560
  0.0016062938    0.0015572440    0.0015073326    0.0014564338    0.0014044965
  0.0013514953    0.0012973790    0.0012421046    0.0011852828    0.0011260610
  0.0011042601    0.0011042606    0.0011042606    0.0011042606    0.0011042606
  0.0011042606    0.0011042606    0.0011042606    0.0011042606    0.0011042606
  0.0011042606    0.0011042606    0.0011042606    0.0011042606    0.0011042606
  0.0011042606    0.0011042606    0.0011042606    0.0011042606    0.0011042606
  0.0011042606    0.0011042606    0.0011042606    0.0011042606    0.0011042606
  0.0011042606    0.0011042606    0.0011042606    0.0011042606    0.0011042606
  0.0011042606    0.0011042606    0.0011042606    0.0011042606    0.0011042606
  0.0011042606    0.0011042606    0.0011042606    0.0011042606    0.0011042606
  0.0011042606    0.0011042606    0.0011042606    0.0011042606    0.0011042606
  0.0011042606    0.0011042606    0.0011042606    0.0011042606    0.0011042606
  0.0011042606    0.0011042606    0.0011042606    0.0011042606    0.0011042606
  0.0011042606    0.0011042606    0.0011042606    0.0011042606    0.0011042606
  0.0011042606    0.0011042606    0.0011042606    0.0011042606    0.0011042606
  0.0011042606    0.0011042606    0.0011042606    0.0011042606    0.0011042606
  0.0011042606    0.0011042606    0.0011042606    0.0011042606    0.0011042606
  0.0011042606    0.0011042606    0.0011042606    0.0011042606    0.0011042606
  0.0011042606    0.0011042606    0.0011042606    0.0011042606    0.0011042606
  0.0011042606    0.0011042606    0.0011042606    0.0011042606    0.0011042606
  0.0011042606    0.0011042606    0.0011042606    0.0011042606    0.0011042606
  0.0049711315    0.0049667748    0.0049542534    0.0049348588    0.0049100745
  0.0048812560    0.0048493756    0.0048151974    0.0047792476    0.0047418804
  0.0047034074    0.0046639951    0.0046238215    0.0045829856    0.0045415982
  0.0044997243    0.0044574350    0.0044147663    0.0043717831    0.0043285145
  0.0042849786    0.0042412327    0.0041972738    0.0041531478    0.0041088665
  0.0040644420    0.0040199095    0.0039752723    0.0039305553    0.0038857625
  0.0038409199    0.0037960332    0.0037511186    0.0037061832    0.0036612348
  0.0036162820    0.0035713524    0.0035264379    0.0034815486    0.0034366968
  0.0033918848    0.0033471188    0.0033024117    0.0032577546    0.0032131552
  0.0031686237    0.0031241782    0.0030797760    0.0030354550    0.0029912005
  0.0029470147    0.0029029097    0.0028588636    0.0028148795    0.0027709550
  0.0027270916    0.0026832746    0.0026394914    0.0025957659    0.0025520468
  0.0025083401    0.0024646455    0.0024209349    0.0023772118    0.0023334328
  0.0022896137    0.0022457026    0.0022016898    0.0021575417    0.0021132345
  0.0020687582    0.0020240340    0.0019790485    0.0019337751    0.0018881051
  0.0018420214    0.0017954665    0.0017483477    0.0017005641    0.0016520727
  0.0016027328    0.0015524905    0.0015012330    0.0014489437    0.0013955446
  0.0013410225    0.0012852516    0.0012278465    0.0011678394    0.0011640749
  0.0011640754    0.0011640754    0.0011640754    0.0011640754    0.0011640754
  0.0011640754    0.0011640754    0.0011640754    0.0011640754    0.0011640754
  0.0011640754    0.0011640754    0.0011640754    0.0011640754    0.0011640754
  0.0011640754    0.0011640754    0.0011640754    0.0011640754    0.0011640754
  0.0011640754    0.0011640754    0.0011640754    0.0011640754    0.0011640754
  0.0011640754    0.0011640754    0.0011640754    0.0011640754    0.0011640754
  0.0011640754    0.0011640754    0.0011640754    0.0011640754    0.0011640754
  0.0011640754    0.0011640754    0.0011640754    0.0011640754    0.0011640754
  0.0011640754    0.0011640754    0.0011640754    0.0011640754    0.0011640754
  0.0011640754    0.0011640754    0.0011640754    0.0011640754    0.0011640754
  0.0011640754    0.0011640754    0.0011640754    0.0011640754    0.0011640754
  0.0011640754    0.0011640754    0.0011640754    0.0011640754    0.0011640754
  0.0011640754    0.0011640754    0.0011640754    0.0011640754    0.0011640754
  0.0011640754    0.0011640754    0.0011640754    0.0011640754    0.0011640754
  0.0011640754    0.0011640754    0.0011640754    0.0011640754    0.0011640754
  0.0011640754    0.0011640754    0.0011640754    0.0011640754    0.0011640754
  0.0011640754    0.0011640754    0.0011640754    0.0011640754    0.0011640754
  0.0011640754    0.0011640754    0.0011640754    0.0011640754    0.0011640754
  0.0051684772    0.0051644867    0.0051529145    0.0051348123    0.0051114676
  0.0050840361    0.0050534698    0.0050205021    0.0049856495    0.0049492884
  0.0049117198    0.0048731520    0.0048337481    0.0047936328    0.0047529152
  0.0047116711    0.0046699561    0.0046278573    0.0045853847    0.0045425912
  0.0044995185    0.0044561965    0.0044126435    0.0043688925    0.0043249641
  0.0042808677    0.0042366489    0.0041922955    0.0041478419    0.0041033001
  0.0040586829    0.0040140030    0.0039692530    0.0039244897    0.0038796952
  0.0038348857    0.0037900656    0.0037452513    0.0037004495    0.0036556680
  0.0036109149    0.0035662074    0.0035215199    0.0034768989    0.0034323283
  0.0033878124    0.0033433398    0.0032989579    0.0032546243    0.0032103806
  0.0031661882    0.0031220901    0.0030780459    0.0030340771    0.0029901721
  0.0029463342    0.0029025620    0.0028588509    0.0028152037    0.0027715882
  0.0027280209    0.0026844889    0.0026409784    0.0025974963    0.0025540001
  0.0025104908    0.0024669704    0.0024234083    0.0023797828    0.0023360762
  0.0022922948    0.0022483593    0.0022042901    0.0021600553    0.0021155820
  0.0020708774    0.0020258613    0.0019805215    0.0019347628    0.0018885770
  0.0018418573    0.0017945194    0.0017465353    0.0016977660    0.0016481307
  0.0015975591    0.0015459629    0.0014932813    0.0014394934    0.0013845475
  0.0013282799    0.0012702791    0.0012243862    0.0012243867    0.0012243867
  0.0012243867    0.0012243867    0.0012243867    0.0012243867    0.0012243867
  0.0012243867    0.0012243867    0.0012243867    0.0012243867    0.0012243867
  0.0012243867    0.0012243867    0.0012243867    0.0012243867    0.0012243867
  0.0012243867    0.0012243867    0.0012243867    0.0012243867    0.0012243867
  0.0012243867    0.0012243867    0.0012243867    0.0012243867    0.0012243867
  0.0012243867    0.0012243867    0.0012243867    0.0012243867    0.0012243867
  0.0012243867    0.0012243867    0.0012243867    0.0012243867    0.0012243867
  0.0012243867    0.0012243867    0.0012243867    0.0012243867    0.0012243867
  0.0012243867    0.0012243867    0.0012243867    0.0012243867    0.0012243867
  0.0012243867    0.0012243867    0.0012243867    0.0012243867    0.0012243867
  0.0012243867    0.0012243867    0.0012243867    0.0012243867    0.0012243867
  0.0012243867    0.0012243867    0.0012243867    0.0012243867    0.0012243867
  0.0012243867    0.0012243867    0.0012243867    0.0012243867    0.0012243867
  0.0012243867    0.0012243867    0.0012243867    0.0012243867    0.0012243867
  0.0012243867    0.0012243867    0.0012243867    0.0012243867    0.0012243867
  0.0012243867    0.0012243867    0.0012243867    0.0012243867    0.0012243867
  0.0012243867    0.0012243867    0.0012243867    0.0012243867    0.0012243867
  0.0053646419    0.0053609541    0.0053502386    0.0053333410    0.0053113372
  0.0052852691    0.0052560019    0.0052242236    0.0051904754    0.0051551441
  0.0051185201    0.0050808128    0.0050422145    0.0050028481    0.0049628212
  0.0049222366    0.0048811327    0.0048395963    0.0047976753    0.0047553934
  0.0047128042    0.0046699354    0.0046268165    0.0045834651    0.0045399132
  0.0044961796    0.0044522846    0.0044082488    0.0043640929    0.0043198148
  0.0042754595    0.0042310031    0.0041864798    0.0041419012    0.0040972787
  0.0040526358    0.0040079525    0.0039632639    0.0039185730    0.0038738839
  0.0038292206    0.0037845588    0.0037399443    0.0036953535    0.0036508134
  0.0036063129    0.0035618712    0.0035174878    0.0034731647    0.0034289133
  0.0033847121    0.0033406007    0.0032965513    0.0032525730    0.0032086662
  0.0031648412    0.0031210737    0.0030773758    0.0030337569    0.0029901910
  0.0029466828    0.0029032274    0.0028598325    0.0028164601    0.0027731322
  0.0027298331    0.0026865368    0.0026432496    0.0025999408    0.0025566188
  0.0025132686    0.0024698381    0.0024263404    0.0023827669    0.0023390605
  0.0022952139    0.0022511840    0.0022069615    0.0021625071    0.0021177636
  0.0020727279    0.0020272912    0.0019814370    0.0019351120    0.0018882148
  0.0018406946    0.0017924454    0.0017434042    0.0016934611    0.0016425433
  0.0015906003    0.0015375143    0.0014833200    0.0014279646    0.0013712117
  0.0013125873    0.0012851805    0.0012851811    0.0012851811    0.0012851811
  0.0012851811    0.0012851811    0.0012851811    0.0012851811    0.0012851811
  0.0012851811    0.0012851811    0.0012851811    0.0012851811    0.0012851811
  0.0012851811    0.0012851811    0.0012851811    0.0012851811    0.0012851811
  0.0012851811    0.0012851811    0.0012851811    0.0012851811    0.0012851811
  0.0012851811    0.0012851811    0.0012851811    0.0012851811    0.0012851811
  0.0012851811    0.0012851811    0.0012851811    0.0012851811    0.0012851811
  0.0012851811    0.0012851811    0.0012851811    0.0012851811    0.0012851811
  0.0012851811    0.0012851811    0.0012851811    0.0012851811    0.0012851811
  0.0012851811    0.0012851811    0.0012851811    0.0012851811    0.0012851811
  0.0012851811    0.0012851811    0.0012851811    0.0012851811    0.0012851811
  0.0012851811    0.0012851811    0.0012851811    0.0012851811    0.0012851811
  0.0012851811    0.0012851811    0.0012851811    0.0012851811    0.0012851811
  0.0012851811    0.0012851811    0.0012851811    0.0012851811    0.0012851811
  0.0012851811    0.0012851811    0.0012851811    0.0012851811    0.0012851811
  0.0012851811    0.0012851811    0.0012851811    0.0012851811    0.0012851811
  0.0012851811    0.0012851811    0.0012851811    0.0012851811    0.0012851811
  0.0055596331    0.0055562343    0.0055462784    0.0055304726    0.0055097379
  0.0054849801    0.0054569858    0.0054264122    0.0053937804    0.0053594915
  0.0053238105    0.0052869959    0.0052492252    0.0052106203    0.0051713176
  0.0051314036    0.0050909437    0.0050500088    0.0050086454    0.0049669028
  0.0049248194    0.0048824350    0.0048397633    0.0047968336    0.0047537025
  0.0047103477    0.0046668134    0.0046231188    0.0045792822    0.0045352993
  0.0044912143    0.0044470118    0.0044027479    0.0043583844    0.0043139666
  0.0042695037    0.0042249948    0.0041804510    0.0041358947    0.0040913260
  0.0040467573    0.0040021903    0.0039576478    0.0039131234    0.0038686298
  0.0038241724    0.0037797556    0.0037353855    0.0036910773    0.0036468199
  0.0036026306    0.0035585006    0.0035144396    0.0034704493    0.0034265413
  0.0033826796    0.0033389095    0.0032952070    0.0032515793    0.0032080224
  0.0031645311    0.0031211179    0.0030777491    0.0030344462    0.0029911933
  0.0029479969    0.0029048203    0.0028616932    0.0028185748    0.0027754859
  0.0027323874    0.0026892774    0.0026461552    0.0026030030    0.0025597736
  0.0025164879    0.0024731094    0.0024296094    0.0023859698    0.0023421840
  0.0022982018    0.0022539795    0.0022095120    0.0021647247    0.0021196055
  0.0020740904    0.0020281042    0.0019816268    0.0019345262    0.0018867806
  0.0018382831    0.0017889554    0.0017386983    0.0016874403    0.0016351113
  0.0015816718    0.0015270926    0.0014712844    0.0014140048    0.0013547696
  0.0013464265    0.0013464270    0.0013464270    0.0013464270    0.0013464270
  0.0013464270    0.0013464270    0.0013464270    0.0013464270    0.0013464270
  0.0013464270    0.0013464270    0.0013464270    0.0013464270    0.0013464270
  0.0013464270    0.0013464270    0.0013464270    0.0013464270    0.0013464270
  0.0013464270    0.0013464270    0.0013464270    0.0013464270    0.0013464270
  0.0013464270    0.0013464270    0.0013464270    0.0013464270    0.0013464270
  0.0013464270    0.0013464270    0.0013464270    0.0013464270    0.0013464270
  0.0013464270    0.0013464270    0.0013464270    0.0013464270    0.0013464270
  0.0013464270    0.0013464270    0.0013464270    0.0013464270    0.0013464270
  0.0013464270    0.0013464270    0.0013464270    0.0013464270    0.0013464270
  0.0013464270    0.0013464270    0.0013464270    0.0013464270    0.0013464270
  0.0013464270    0.0013464270    0.0013464270    0.0013464270    0.0013464270
  0.0013464270    0.0013464270    0.0013464270    0.0013464270    0.0013464270
  0.0013464270    0.0013464270    0.0013464270    0.0013464270    0.0013464270
  0.0013464270    0.0013464270    0.0013464270    0.0013464270    0.0013464270
  0.0013464270    0.0013464270    0.0013464270    0.0013464270    0.0013464270
  0.0057534877    0.0057503351    0.0057410776    0.0057262803    0.0057067428
  0.0056832119    0.0056564719    0.0056270962    0.0055955867    0.0055623287
  0.0055276272    0.0054917132    0.0054547817    0.0054169848    0.0053784274
  0.0053391954    0.0052993979    0.0052590894    0.0052183141    0.0051771205
  0.0051355742    0.0050936845    0.0050514919    0.0050090236    0.0049663082
  0.0049233612    0.0048802126    0.0048368795    0.0047933923    0.0047497306
  0.0047059509    0.0046620347    0.0046180258    0.0045739190    0.0045297218
  0.0044854664    0.0044411485    0.0043968004    0.0043523848    0.0043079575
  0.0042635263    0.0042190801    0.0041746398    0.0041301947    0.0040857674
  0.0040413683    0.0039969892    0.0039526631    0.0039083726    0.0038641409
  0.0038199427    0.0037758127    0.0037317462    0.0036877409    0.0036438127
  0.0035999436    0.0035561424    0.0035124272    0.0034687760    0.0034252007
  0.0033817056    0.0033382816    0.0032949287    0.0032516249    0.0032084041
  0.0031652485    0.0031221429    0.0030790886    0.0030360694    0.0029931053
  0.0029501693    0.0029072479    0.0028643418    0.0028214473    0.0027785294
  0.0027355987    0.0026926122    0.0026495919    0.0026065085    0.0025633203
  0.0025200345    0.0024766009    0.0024330382    0.0023892814    0.0023453054
  0.0023010696    0.0022565794    0.0022117265    0.0021665353    0.0021208912
  0.0020747588    0.0020280987    0.0019808115    0.0019328250    0.0018840599
  0.0018344288    0.0017838446    0.0017322385    0.0016795532    0.0016257380
  0.0015707226    0.0015144769    0.0014567098    0.0014081325    0.0014081331
  0.0014081331    0.0014081331    0.0014081331    0.0014081331    0.0014081331
  0.0014081331    0.0014081331    0.0014081331    0.0014081331    0.0014081331
  0.0014081331    0.0014081331    0.0014081331    0.0014081331    0.0014081331
  0.0014081331    0.0014081331    0.0014081331    0.0014081331    0.0014081331
  0.0014081331    0.0014081331    0.0014081331    0.0014081331    0.0014081331
  0.0014081331    0.0014081331    0.0014081331    0.0014081331    0.0014081331
  0.0014081331    0.0014081331    0.0014081331    0.0014081331    0.0014081331
  0.0014081331    0.0014081331    0.0014081331    0.0014081331    0.0014081331
  0.0014081331    0.0014081331    0.0014081331    0.0014081331    0.0014081331
  0.0014081331    0.0014081331    0.0014081331    0.0014081331    0.0014081331
  0.0014081331    0.0014081331    0.0014081331    0.0014081331    0.0014081331
  0.0014081331    0.0014081331    0.0014081331    0.0014081331    0.0014081331
  0.0014081331    0.0014081331    0.0014081331    0.0014081331    0.0014081331
  0.0014081331    0.0014081331    0.0014081331    0.0014081331    0.0014081331
  0.0014081331    0.0014081331    0.0014081331    0.0014081331    0.0014081331
  0.0059462491    0.0059433052    0.0059346760    0.0059208062    0.0059023799
  0.0058800503    0.0058545051    0.0058262988    0.0057958967    0.0057636855
  0.0057299642    0.0056949852    0.0056589129    0.0056219169    0.0055841179
  0.0055456157    0.0055064880    0.0054668191    0.0054266513    0.0053860466
  0.0053450400    0.0053036831    0.0052619855    0.0052199879    0.0051777173
  0.0051352162    0.0050924703    0.0050495237    0.0050063924    0.0049630925
  0.0049196150    0.0048760300    0.0048323027    0.0047884646    0.0047445333
  0.0047005149    0.0046564161    0.0046122552    0.0045680396    0.0045237886
  0.0044794974    0.0044351858    0.0043908619    0.0043465235    0.0043021904
  0.0042578717    0.0042135762    0.0041693044    0.0041250451    0.0040808399
  0.0040366695    0.0039925461    0.0039484912    0.0039044683    0.0038605390
  0.0038166410    0.0037728351    0.0037290816    0.0036854139    0.0036418132
  0.0035982872    0.0035548372    0.0035114568    0.0034681566    0.0034249249
  0.0033817600    0.0033386762    0.0032956521    0.0032526884    0.0032097616
  0.0031669065    0.0031240817    0.0030813038    0.0030385500    0.0029958223
  0.0029531106    0.0029103843    0.0028676643    0.0028249250    0.0027821414
  0.0027393142    0.0026963990    0.0026534206    0.0026103227    0.0025671238
  0.0025237497    0.0024801959    0.0024364693    0.0023924760    0.0023482315
  0.0023036671    0.0022587562    0.0022134477    0.0021676705    0.0021214173
  0.0020745464    0.0020270355    0.0019788006    0.0019297572    0.0018798106
  0.0018289075    0.0017769397    0.0017238715    0.0016696756    0.0016142887
  0.0015575863    0.0014993134    0.0014702669    0.0014702676    0.0014702676
  0.0014702676    0.0014702676    0.0014702676    0.0014702676    0.0014702676
  0.0014702676    0.0014702676    0.0014702676    0.0014702676    0.0014702676
  0.0014702676    0.0014702676    0.0014702676    0.0014702676    0.0014702676
  0.0014702676    0.0014702676    0.0014702676    0.0014702676    0.0014702676
  0.0014702676    0.0014702676    0.0014702676    0.0014702676    0.0014702676
  0.0014702676    0.0014702676    0.0014702676    0.0014702676    0.0014702676
  0.0014702676    0.0014702676    0.0014702676    0.0014702676    0.0014702676
  0.0014702676    0.0014702676    0.0014702676    0.0014702676    0.0014702676
  0.0014702676    0.0014702676    0.0014702676    0.0014702676    0.0014702676
  0.0014702676    0.0014702676    0.0014702676    0.0014702676    0.0014702676
  0.0014702676    0.0014702676    0.0014702676    0.0014702676    0.0014702676
  0.0014702676    0.0014702676    0.0014702676    0.0014702676    0.0014702676
  0.0014702676    0.0014702676    0.0014702676    0.0014702676    0.0014702676
  0.0014702676    0.0014702676    0.0014702676    0.0014702676    0.0014702676
  0.0061379407    0.0061351952    0.0061271181    0.0061141202    0.0060967063
  0.0060755108    0.0060511300    0.0060240607    0.0059947657    0.0059635993
  0.0059308726    0.0058968103    0.0058616142    0.0058254386    0.0057884211
  0.0057506609    0.0057122345    0.0056732256    0.0056336749    0.0055936756
  0.0055532291    0.0055124025    0.0054712335    0.0054297307    0.0053879504
  0.0053458747    0.0053035757    0.0052610374    0.0052182897    0.0051753476
  0.0051322408    0.0050889715    0.0050455566    0.0050020254    0.0049583688
  0.0049145912    0.0048707363    0.0048268207    0.0047828118    0.0047387529
  0.0046946369    0.0046504950    0.0046063086    0.0045621086    0.0045178904
  0.0044736720    0.0044294730    0.0043852668    0.0043410841    0.0042969223
  0.0042527910    0.0042086988    0.0041646454    0.0041206500    0.0040767035
  0.0040328265    0.0039889907    0.0039452184    0.0039015313    0.0038578949
  0.0038143419    0.0037708588    0.0037274518    0.0036841185    0.0036408668
  0.0035976881    0.0035545829    0.0035115237    0.0034685684    0.0034256600
  0.0033828270    0.0033400466    0.0032973292    0.0032546629    0.0032120253
  0.0031694233    0.0031268731    0.0030843120    0.0030417850    0.0029992456
  0.0029567039    0.0029141443    0.0028715461    0.0028289014    0.0027861983
  0.0027433953    0.0027004915    0.0026574971    0.0026143295    0.0025710010
  0.0025274878    0.0024837307    0.0024397248    0.0023954263    0.0023508183
  0.0023057901    0.0022603816    0.0022144495    0.0021680121    0.0021209440
  0.0020732112    0.0020247118    0.0019753712    0.0019251228    0.0018738794
  0.0018215602    0.0017681298    0.0017135239    0.0016577218    0.0016005842
  0.0015417678    0.0015328273    0.0015328182    0.0015328182    0.0015328182
  0.0015328182    0.0015328182    0.0015328182    0.0015328182    0.0015328182
  0.0015328182    0.0015328182    0.0015328182    0.0015328182    0.0015328182
  0.0015328182    0.0015328182    0.0015328182    0.0015328182    0.0015328182
  0.0015328182    0.0015328182    0.0015328182    0.0015328182    0.0015328182
  0.0015328182    0.0015328182    0.0015328182    0.0015328182    0.0015328182
  0.0015328182    0.0015328182    0.0015328182    0.0015328182    0.0015328182
  0.0015328182    0.0015328182    0.0015328182    0.0015328182    0.0015328182
  0.0015328182    0.0015328182    0.0015328182    0.0015328182    0.0015328182
  0.0015328182    0.0015328182    0.0015328182    0.0015328182    0.0015328182
  0.0015328182    0.0015328182    0.0015328182    0.0015328182    0.0015328182
  0.0015328182    0.0015328182    0.0015328182    0.0015328182    0.0015328182
  0.0015328182    0.0015328182    0.0015328182    0.0015328182    0.0015328182
  0.0015328182    0.0015328182    0.0015328182    0.0015328182    0.0015328182
  0.0063285750    0.0063260110    0.0063184645    0.0063062190    0.0062897846
  0.0062696678    0.0062463812    0.0062204332    0.0061922096    0.0061620863
  0.0061303519    0.0060972210    0.0060629175    0.0060275804    0.0059913487
  0.0059543385    0.0059166254    0.0058782758    0.0058393954    0.0057999948
  0.0057601547    0.0057198767    0.0056792461    0.0056382534    0.0055969547
  0.0055553600    0.0055134962    0.0054713757    0.0054290563    0.0053865071
  0.0053437580    0.0053008522    0.0052577767    0.0052145604    0.0051711926
  0.0051277161    0.0050841338    0.0050404490    0.0049966781    0.0049528377
  0.0049089320    0.0048649655    0.0048209559    0.0047769188    0.0047328488
  0.0046887626    0.0046446537    0.0046005408    0.0045564533    0.0045123621
  0.0044682869    0.0044242557    0.0043802332    0.0043362591    0.0042923309
  0.0042484564    0.0042046246    0.0041608354    0.0041171277    0.0040734811
  0.0040298980    0.0039863887    0.0039429459    0.0038995731    0.0038562743
  0.0038130543    0.0037699163    0.0037268594    0.0036838566    0.0036409322
  0.0035980947    0.0035553136    0.0035126088    0.0034699533    0.0034273604
  0.0033848155    0.0033423327    0.0032998878    0.0032574634    0.0032150931
  0.0031727191    0.0031303708    0.0030880150    0.0030456724    0.0030032848
  0.0029608602    0.0029183969    0.0028758783    0.0028332577    0.0027905661
  0.0027477280    0.0027047916    0.0026616665    0.0026183594    0.0025748310
  0.0025310709    0.0024870432    0.0024426834    0.0023979748    0.0023528417
  0.0023072848    0.0022612108    0.0022145851    0.0021672897    0.0021193092
  0.0020705495    0.0020209212    0.0019703446    0.0019187479    0.0018660748
  0.0018122735    0.0017572902    0.0017010815    0.0016435011    0.0015957829
  0.0015957836    0.0015957836    0.0015957836    0.0015957836    0.0015957836
  0.0015957836    0.0015957836    0.0015957836    0.0015957836    0.0015957836
  0.0015957836    0.0015957836    0.0015957836    0.0015957836    0.0015957836
  0.0015957836    0.0015957836    0.0015957836    0.0015957836    0.0015957836
  0.0015957836    0.0015957836    0.0015957836    0.0015957836    0.0015957836
  0.0015957836    0.0015957836    0.0015957836    0.0015957836    0.0015957836
  0.0015957836    0.0015957836    0.0015957836    0.0015957836    0.0015957836
  0.0015957836    0.0015957836    0.0015957836    0.0015957836    0.0015957836
  0.0015957836    0.0015957836    0.0015957836    0.0015957836    0.0015957836
  0.0015957836    0.0015957836    0.0015957836    0.0015957836    0.0015957836
  0.0015957836    0.0015957836    0.0015957836    0.0015957836    0.0015957836
  0.0015957836    0.0015957836    0.0015957836    0.0015957836    0.0015957836
  0.0015957836    0.0015957836    0.0015957836    0.0015957836    0.0015957836
  0.0065182062    0.0065158000    0.0065087079    0.0064972053    0.0064816562
  0.0064625397    0.0064403314    0.0064154523    0.0063882829    0.0063591849
  0.0063284242    0.0062962418    0.0062628315    0.0062283348    0.0061929102
  0.0061566569    0.0061196675    0.0060820249    0.0060438004    0.0060050366
  0.0059657808    0.0059260989    0.0058860100    0.0058455522    0.0058047640
  0.0057636546    0.0057222494    0.0056805757    0.0056386750    0.0055965454
  0.0055541845    0.0055116508    0.0054689292    0.0054260485    0.0053830091
  0.0053398403    0.0052965572    0.0052531470    0.0052096398    0.0051660377
  0.0051223434    0.0050785988    0.0050347815    0.0049909197    0.0049470052
  0.0049030664    0.0048590956    0.0048151204    0.0047711225    0.0047271419
  0.0046831478    0.0046391696    0.0045952238    0.0045512832    0.0045073864
  0.0044635297    0.0044197087    0.0043759517    0.0043322240    0.0042885648
  0.0042449515    0.0042014237    0.0041579498    0.0041145395    0.0040712124
  0.0040279698    0.0039847840    0.0039416688    0.0038986355    0.0038556871
  0.0038128029    0.0037699969    0.0037272673    0.0036846048    0.0036420099
  0.0035994906    0.0035570278    0.0035146086    0.0034722535    0.0034299468
  0.0033876830    0.0033454476    0.0033032399    0.0032610520    0.0032188699
  0.0031766974    0.0031345141    0.0030923131    0.0030500691    0.0030077996
  0.0029654467    0.0029230202    0.0028805150    0.0028378828    0.0027951147
  0.0027521823    0.0027090986    0.0026657817    0.0026222576    0.0025784761
  0.0025343724    0.0024899403    0.0024451385    0.0023999030    0.0023541919
  0.0023079203    0.0022610894    0.0022135868    0.0021653573    0.0021163079
  0.0020663689    0.0020154623    0.0019635329    0.0019104934    0.0018563117
  0.0018009574    0.0017443641    0.0016863091    0.0016591417    0.0016591424
  0.0016591424    0.0016591424    0.0016591424    0.0016591424    0.0016591424
  0.0016591424    0.0016591424    0.0016591424    0.0016591424    0.0016591424
  0.0016591424    0.0016591424    0.0016591424    0.0016591424    0.0016591424
  0.0016591424    0.0016591424    0.0016591424    0.0016591424    0.0016591424
  0.0016591424    0.0016591424    0.0016591424    0.0016591424    0.0016591424
  0.0016591424    0.0016591424    0.0016591424    0.0016591424    0.0016591424
  0.0016591424    0.0016591424    0.0016591424    0.0016591424    0.0016591424
  0.0016591424    0.0016591424    0.0016591424    0.0016591424    0.0016591424
  0.0016591424    0.0016591424    0.0016591424    0.0016591424    0.0016591424
  0.0016591424    0.0016591424    0.0016591424    0.0016591424    0.0016591424
  0.0016591424    0.0016591424    0.0016591424    0.0016591424    0.0016591424
  0.0016591424    0.0016591424    0.0016591424    0.0016591424    0.0016591424
  0.0067068283    0.0067045909    0.0066979199    0.0066870731    0.0066723507
  0.0066541929    0.0066329901    0.0066091477    0.0065830388    0.0065549322
  0.0065251478    0.0064938988    0.0064613853    0.0064277332    0.0063931222
  0.0063576343    0.0063213980    0.0062844421    0.0062468916    0.0062087698
  0.0061701402    0.0061310512    0.0060915209    0.0060516028    0.0060113356
  0.0059707259    0.0059298149    0.0058886116    0.0058471590    0.0058054520
  0.0057635028    0.0057213704    0.0056790216    0.0056365007    0.0055938057
  0.0055509661    0.0055079810    0.0054648656    0.0054216340    0.0053783007
  0.0053348541    0.0052913358    0.0052477477    0.0052040777    0.0051603685
  0.0051165957    0.0050727880    0.0050289484    0.0049850922    0.0049412103
  0.0048973305    0.0048534456    0.0048095579    0.0047656970    0.0047218541
  0.0046780459    0.0046342553    0.0045904981    0.0045468020    0.0045031512
  0.0044595297    0.0044159775    0.0043724795    0.0043290631    0.0042857053
  0.0042423957    0.0041991802    0.0041560396    0.0041129542    0.0040699538
  0.0040270295    0.0039841919    0.0039414167    0.0038987252    0.0038561050
  0.0038135521    0.0037710716    0.0037286556    0.0036863257    0.0036440293
  0.0036018071    0.0035596297    0.0035175048    0.0034753927    0.0034333575
  0.0033913244    0.0033492902    0.0033073136    0.0032652941    0.0032233007
  0.0031812655    0.0031392036    0.0030970735    0.0030549185    0.0030126556
  0.0029703376    0.0029278765    0.0028853054    0.0028426064    0.0027997040
  0.0027566238    0.0027133127    0.0026697338    0.0026259144    0.0025817369
  0.0025372278    0.0024922709    0.0024469114    0.0024010288    0.0023546049
  0.0023075685    0.0022598052    0.0022113130    0.0021619680    0.0021117359
  0.0020604879    0.0020082158    0.0019548227    0.0019002689    0.0018445306
  0.0017875143    0.0017290176    0.0017228911    0.0017228918    0.0017228918
  0.0017228918    0.0017228918    0.0017228918    0.0017228918    0.0017228918
  0.0017228918    0.0017228918    0.0017228918    0.0017228918    0.0017228918
  0.0017228918    0.0017228918    0.0017228918    0.0017228918    0.0017228918
  0.0017228918    0.0017228918    0.0017228918    0.0017228918    0.0017228918
  0.0017228918    0.0017228918    0.0017228918    0.0017228918    0.0017228918
  0.0017228918    0.0017228918    0.0017228918    0.0017228918    0.0017228918
  0.0017228918    0.0017228918    0.0017228918    0.0017228918    0.0017228918
  0.0017228918    0.0017228918    0.0017228918    0.0017228918    0.0017228918
  0.0017228918    0.0017228918    0.0017228918    0.0017228918    0.0017228918
  0.0017228918    0.0017228918    0.0017228918    0.0017228918    0.0017228918
  0.0017228918    0.0017228918    0.0017228918    0.0017228918    0.0017228918
  0.0068945088    0.0068924063    0.0068861106    0.0068758738    0.0068619406
  0.0068446808    0.0068244309    0.0068015964    0.0067764612    0.0067493757
  0.0067205380    0.0066902119    0.0066585850    0.0066258057    0.0065920006
  0.0065572900    0.0065217857    0.0064855702    0.0064486959    0.0064112219
  0.0063732285    0.0063347459    0.0062957906    0.0062564505    0.0062167117
  0.0061766139    0.0061361973    0.0060954868    0.0060544910    0.0060132203
  0.0059717181    0.0059299794    0.0058880163    0.0058458881    0.0058035610
  0.0057610634    0.0057184089    0.0056756111    0.0056326687    0.0055896252
  0.0055464517    0.0055031904    0.0054598271    0.0054164051    0.0053728830
  0.0053293172    0.0052856809    0.0052420296    0.0051983116    0.0051545811
  0.0051108147    0.0050670524    0.0050232723    0.0049795002    0.0049357288
  0.0048919721    0.0048482228    0.0048045186    0.0047608517    0.0047171926
  0.0046736018    0.0046300616    0.0045865437    0.0045431086    0.0044997289
  0.0044564002    0.0044131493    0.0043699533    0.0043268478    0.0042837909
  0.0042408311    0.0041979363    0.0041551165    0.0041123722    0.0040697113
  0.0040271194    0.0039846059    0.0039421662    0.0038998022    0.0038575026
  0.0038152657    0.0037731047    0.0037309863    0.0036889429    0.0036469462
  0.0036049743    0.0035630700    0.0035211727    0.0034793242    0.0034374771
  0.0033956483    0.0033538138    0.0033119745    0.0032700996    0.0032282121
  0.0031862678    0.0031442790    0.0031022099    0.0030600506    0.0030177928
  0.0029753980    0.0029328717    0.0028901947    0.0028472956    0.0028042095
  0.0027608801    0.0027172871    0.0026733548    0.0026291062    0.0025844964
  0.0025394365    0.0024938971    0.0024478540    0.0024012283    0.0023539531
  0.0023059798    0.0022572027    0.0022075824    0.0021570189    0.0021054409
  0.0020528143    0.0019990683    0.0019441326    0.0018880181    0.0018305804
  0.0017870041    0.0017870049    0.0017870049    0.0017870049    0.0017870049
  0.0017870049    0.0017870049    0.0017870049    0.0017870049    0.0017870049
  0.0017870049    0.0017870049    0.0017870049    0.0017870049    0.0017870049
  0.0017870049    0.0017870049    0.0017870049    0.0017870049    0.0017870049
  0.0017870049    0.0017870049    0.0017870049    0.0017870049    0.0017870049
  0.0017870049    0.0017870049    0.0017870049    0.0017870049    0.0017870049
  0.0017870049    0.0017870049    0.0017870049    0.0017870049    0.0017870049
  0.0017870049    0.0017870049    0.0017870049    0.0017870049    0.0017870049
  0.0017870049    0.0017870049    0.0017870049    0.0017870049    0.0017870049
  0.0017870049    0.0017870049    0.0017870049    0.0017870049    0.0017870049
  0.0017870049    0.0017870049    0.0017870049    0.0017870049    0.0017870049
  0.0070812656    0.0070792585    0.0070733441    0.0070636557    0.0070504358
  0.0070340158    0.0070146903    0.0069927993    0.0069686550    0.0069425085
  0.0069146339    0.0068852269    0.0068544824    0.0068225347    0.0067895525
  0.0067556381    0.0067208856    0.0066853969    0.0066492051    0.0066124063
  0.0065750438    0.0065371838    0.0064988223    0.0064600490    0.0064208644
  0.0063813085    0.0063414029    0.0063011723    0.0062606584    0.0062198527
  0.0061787822    0.0061374732    0.0060959369    0.0060541845    0.0060122435
  0.0059701108    0.0059277988    0.0058853358    0.0058427345    0.0057999777
  0.0057571092    0.0057141266    0.0056710298    0.0056278321    0.0055845481
  0.0055412046    0.0054977744    0.0054542847    0.0054107636    0.0053671980
  0.0053235754    0.0052799489    0.0052362944    0.0051926259    0.0051489447
  0.0051052909    0.0050616157    0.0050179717    0.0049743356    0.0049307355
  0.0048871610    0.0048436282    0.0048001281    0.0047566869    0.0047132968
  0.0046699515    0.0046266778    0.0045834573    0.0045403067    0.0044972213
  0.0044541958    0.0044112666    0.0043684104    0.0043256144    0.0042828953
  0.0042402433    0.0041976851    0.0041552006    0.0041127997    0.0040704479
  0.0040282075    0.0039859959    0.0039438919    0.0039018409    0.0038598321
  0.0038179030    0.0037760208    0.0037341942    0.0036924155    0.0036506641
  0.0036089512    0.0035672542    0.0035255707    0.0034839091    0.0034422501
  0.0034005707    0.0033588845    0.0033171461    0.0032753773    0.0032335526
  0.0031916676    0.0031496649    0.0031075709    0.0030653968    0.0030230274
  0.0029805422    0.0029378677    0.0028949832    0.0028518658    0.0028084896
  0.0027648259    0.0027208537    0.0026765054    0.0026317450    0.0025865586
  0.0025408793    0.0024946527    0.0024478106    0.0024003215    0.0023520684
  0.0023030202    0.0022530863    0.0022022059    0.0021503013    0.0020973052
  0.0020432024    0.0019879216    0.0019314210    0.0018735760    0.0018514934
  0.0018514942    0.0018514942    0.0018514942    0.0018514942    0.0018514942
  0.0018514942    0.0018514942    0.0018514942    0.0018514942    0.0018514942
  0.0018514942    0.0018514942    0.0018514942    0.0018514942    0.0018514942
  0.0018514942    0.0018514942    0.0018514942    0.0018514942    0.0018514942
  0.0018514942    0.0018514942    0.0018514942    0.0018514942    0.0018514942
  0.0018514942    0.0018514942    0.0018514942    0.0018514942    0.0018514942
  0.0018514942    0.0018514942    0.0018514942    0.0018514942    0.0018514942
  0.0018514942    0.0018514942    0.0018514942    0.0018514942    0.0018514942
  0.0018514942    0.0018514942    0.0018514942    0.0018514942    0.0018514942
  0.0018514942    0.0018514942    0.0018514942    0.0018514942    0.0018514942
  0.0072670788    0.0072652100    0.0072596101    0.0072504364    0.0072379008
  0.0072222662    0.0072038006    0.0071828352    0.0071596043    0.0071344018
  0.0071074557    0.0070789522    0.0070490748    0.0070180031    0.0069858294
  0.0069526990    0.0069187068    0.0068839360    0.0068484583    0.0068123314
  0.0067756171    0.0067383818    0.0067006383    0.0066624393    0.0066238036
  0.0065848053    0.0065454120    0.0065057008    0.0064656602    0.0064253327
  0.0063847264    0.0063438509    0.0063027335    0.0062614002    0.0062198625
  0.0061780990    0.0061361696    0.0060940542    0.0060517814    0.0060093474
  0.0059667963    0.0059240938    0.0058812841    0.0058383496    0.0057953335
  0.0057522193    0.0057090200    0.0056657494    0.0056224206    0.0055790328
  0.0055355990    0.0054921067    0.0054485951    0.0054050650    0.0053615031
  0.0053179490    0.0052743784    0.0052308033    0.0051872519    0.0051437112
  0.0051001722    0.0050566835    0.0050132120    0.0049697826    0.0049264105
  0.0048830621    0.0048397643    0.0047965193    0.0047533431    0.0047102258
  0.0046671735    0.0046241996    0.0045812873    0.0045384434    0.0044956817
  0.0044529778    0.0044103682    0.0043678201    0.0043253596    0.0042829747
  0.0042406735    0.0041984366    0.0041562723    0.0041141830    0.0040721769
  0.0040302233    0.0039883398    0.0039465150    0.0039047611    0.0038630513
  0.0038213850    0.0037797677    0.0037381932    0.0036966490    0.0036551002
  0.0036136110    0.0035720930    0.0035306092    0.0034890932    0.0034475620
  0.0034059886    0.0033643732    0.0033227233    0.0032809995    0.0032391737
  0.0031972885    0.0031552628    0.0031130923    0.0030707935    0.0030282830
  0.0029856176    0.0029427036    0.0028995764    0.0028561383    0.0028124148
  0.0027683243    0.0027238948    0.0026790179    0.0026336784    0.0025878077
  0.0025413837    0.0024943447    0.0024465849    0.0023980831    0.0023487455
  0.0022985051    0.0022473093    0.0021950781    0.0021417258    0.0020872629
  0.0020316116    0.0019747212    0.0019164638    0.0019163231    0.0019163239
  0.0019163239    0.0019163239    0.0019163239    0.0019163239    0.0019163239
  0.0019163239    0.0019163239    0.0019163239    0.0019163239    0.0019163239
  0.0019163239    0.0019163239    0.0019163239    0.0019163239    0.0019163239
  0.0019163239    0.0019163239    0.0019163239    0.0019163239    0.0019163239
  0.0019163239    0.0019163239    0.0019163239    0.0019163239    0.0019163239
  0.0019163239    0.0019163239    0.0019163239    0.0019163239    0.0019163239
  0.0019163239    0.0019163239    0.0019163239    0.0019163239    0.0019163239
  0.0019163239    0.0019163239    0.0019163239    0.0019163239    0.0019163239
  0.0019163239    0.0019163239    0.0019163239    0.0019163239    0.0019163239
  0.0074520410    0.0074502637    0.0074449449    0.0074362628    0.0074243467
  0.0074094495    0.0073918064    0.0073717145    0.0073493897    0.0073251045
  0.0072990388    0.0072714331    0.0072424372    0.0072121957    0.0071808458
  0.0071484950    0.0071152603    0.0070812264    0.0070464445    0.0070110119
  0.0069749517    0.0069383496    0.0069012167    0.0068636061    0.0068255537
  0.0067870971    0.0067482570    0.0067090561    0.0066695173    0.0066296656
  0.0065895433    0.0065491230    0.0065084496    0.0064675318    0.0064263968
  0.0063850382    0.0063434831    0.0063017436    0.0062598301    0.0062177225
  0.0061754965    0.0061331165    0.0060905951    0.0060479598    0.0060052226
  0.0059623662    0.0059194176    0.0058763749    0.0058332658    0.0057900738
  0.0057468266    0.0057035358    0.0056601869    0.0056167923    0.0055733933
  0.0055299476    0.0054864947    0.0054430220    0.0053995687    0.0053560946
  0.0053126265    0.0052691908    0.0052257620    0.0051823654    0.0051390151
  0.0050956750    0.0050523952    0.0050091640    0.0049659610    0.0049228232
  0.0048797633    0.0048367388    0.0047937864    0.0047508986    0.0047080776
  0.0046653293    0.0046226654    0.0045800614    0.0045375524    0.0044951024
  0.0044527282    0.0044104537    0.0043682385    0.0043261078    0.0042840513
  0.0042420494    0.0042001467    0.0041582978    0.0041165214    0.0040748124
  0.0040331544    0.0039915597    0.0039500236    0.0039085200    0.0038670697
  0.0038256582    0.0037842759    0.0037429099    0.0037015635    0.0036602249
  0.0036188805    0.0035775348    0.0035361626    0.0034947537    0.0034533187
  0.0034118246    0.0033702486    0.0033286075    0.0032868704    0.0032450079
  0.0032030429    0.0031608920    0.0031185983    0.0030761284    0.0030334385
  0.0029905114    0.0029472974    0.0029038245    0.0028600029    0.0028158334
  0.0027712553    0.0027262286    0.0026807343    0.0026346984    0.0025880648
  0.0025407753    0.0024927786    0.0024440160    0.0023943832    0.0023438362
  0.0022923114    0.0022397206    0.0021860391    0.0021312214    0.0020752034
  0.0020179232    0.0019815080    0.0019815088    0.0019815088    0.0019815088
  0.0019815088    0.0019815088    0.0019815088    0.0019815088    0.0019815088
  0.0019815088    0.0019815088    0.0019815088    0.0019815088    0.0019815088
  0.0019815088    0.0019815088    0.0019815088    0.0019815088    0.0019815088
  0.0019815088    0.0019815088    0.0019815088    0.0019815088    0.0019815088
  0.0019815088    0.0019815088    0.0019815088    0.0019815088    0.0019815088
  0.0019815088    0.0019815088    0.0019815088    0.0019815088    0.0019815088
  0.0019815088    0.0019815088    0.0019815088    0.0019815088    0.0019815088
  0.0019815088    0.0019815088    0.0019815088    0.0019815088    0.0019815088
  0.0076361141    0.0076344225    0.0076294122    0.0076211421    0.0076098116
  0.0075956121    0.0075787631    0.0075594783    0.0075380197    0.0075146135
  0.0074894328    0.0074626875    0.0074345578    0.0074051301    0.0073746103
  0.0073430451    0.0073105756    0.0072772664    0.0072432107    0.0072084454
  0.0071730534    0.0071370810    0.0071005780    0.0070635768    0.0070260940
  0.0069882055    0.0069499115    0.0069112341    0.0068722141    0.0068328757
  0.0067932065    0.0067532683    0.0067130510    0.0066725631    0.0066318488
  0.0065909179    0.0065497456    0.0065083936    0.0064668390    0.0064251097
  0.0063832160    0.0063411698    0.0062989666    0.0062566338    0.0062141671
  0.0061715947    0.0061289123    0.0060861173    0.0060432523    0.0060002980
  0.0059572679    0.0059141730    0.0058709980    0.0058277983    0.0057845420
  0.0057412429    0.0056979270    0.0056545782    0.0056112235    0.0055678611
  0.0055244903    0.0054811367    0.0054377734    0.0053944381    0.0053511067
  0.0053078277    0.0052645405    0.0052213295    0.0051781367    0.0051349972
  0.0050919120    0.0050488823    0.0050058870    0.0049629729    0.0049201187
  0.0048773269    0.0048346117    0.0047919420    0.0047493854    0.0047068825
  0.0046644561    0.0046221020    0.0045798428    0.0045376358    0.0044955227
  0.0044534828    0.0044115206    0.0043696330    0.0043278091    0.0042860754
  0.0042443841    0.0042027735    0.0041612328    0.0041197471    0.0040783187
  0.0040369571    0.0039956189    0.0039543252    0.0039130652    0.0038718300
  0.0038306344    0.0037894360    0.0037482648    0.0037070885    0.0036658833
  0.0036246717    0.0035834370    0.0035421522    0.0035007987    0.0034594147
  0.0034179325    0.0033763494    0.0033346640    0.0032928590    0.0032509033
  0.0032087939    0.0031665235    0.0031240243    0.0030813041    0.0030383233
  0.0029950783    0.0029515053    0.0029076136    0.0028633363    0.0028185988
  0.0027734501    0.0027277823    0.0026815398    0.0026347018    0.0025871757
  0.0025389198    0.0024898871    0.0024399542    0.0023890860    0.0023372420
  0.0022843117    0.0022302787    0.0021750910    0.0021187030    0.0020610533
  0.0020470227    0.0020470235    0.0020470235    0.0020470235    0.0020470235
  0.0020470235    0.0020470235    0.0020470235    0.0020470235    0.0020470235
  0.0020470235    0.0020470235    0.0020470235    0.0020470235    0.0020470235
  0.0020470235    0.0020470235    0.0020470235    0.0020470235    0.0020470235
  0.0020470235    0.0020470235    0.0020470235    0.0020470235    0.0020470235
  0.0020470235    0.0020470235    0.0020470235    0.0020470235    0.0020470235
  0.0020470235    0.0020470235    0.0020470235    0.0020470235    0.0020470235
  0.0020470235    0.0020470235    0.0020470235    0.0020470235    0.0020470235
  0.0078193474    0.0078177570    0.0078129853    0.0078051518    0.0077943610
  0.0077807835    0.0077646653    0.0077461983    0.0077255530    0.0077029982
  0.0076786760    0.0076527865    0.0076254753    0.0075968783    0.0075671643
  0.0075363821    0.0075046544    0.0074720901    0.0074387410    0.0074046649
  0.0073699456    0.0073346289    0.0072987443    0.0072623440    0.0072254632
  0.0071881388    0.0071503900    0.0071122566    0.0070737610    0.0070349258
  0.0069957562    0.0069562959    0.0069165333    0.0068765125    0.0068362240
  0.0067956944    0.0067549507    0.0067139847    0.0066728241    0.0066314614
  0.0065899246    0.0065482241    0.0065063707    0.0064643428    0.0064222004
  0.0063799062    0.0063375198    0.0062950050    0.0062523888    0.0062096681
  0.0061668693    0.0061239887    0.0060810387    0.0060380301    0.0059949463
  0.0059518280    0.0059086580    0.0058654621    0.0058222380    0.0057789982
  0.0057357260    0.0056924742    0.0056492014    0.0056059316    0.0055626646
  0.0055194256    0.0054762119    0.0054330234    0.0053898466    0.0053467198
  0.0053036283    0.0052605967    0.0052175904    0.0051746437    0.0051317692
  0.0050889553    0.0050461816    0.0050034824    0.0049608698    0.0049183015
  0.0048758134    0.0048334159    0.0047910819    0.0047488241    0.0047066464
  0.0046645413    0.0046225033    0.0045805664    0.0045386948    0.0044968968
  0.0044551856    0.0044135389    0.0043719637    0.0043304501    0.0042889971
  0.0042476283    0.0042063114    0.0041650380    0.0041238031    0.0040826392
  0.0040415199    0.0040004009    0.0039593577    0.0039182815    0.0038772543
  0.0038362467    0.0037952175    0.0037541552    0.0037131145    0.0036720169
  0.0036309040    0.0035897238    0.0035484662    0.0035071558    0.0034657442
  0.0034242310    0.0033825803    0.0033408337    0.0032988941    0.0032567788
  0.0032145057    0.0031719711    0.0031292190    0.0030861766    0.0030428622
  0.0029992248    0.0029551851    0.0029107958    0.0028659456    0.0028206109
  0.0027747607    0.0027283278    0.0026812569    0.0026334919    0.0025849710
  0.0025356530    0.0024854151    0.0024342561    0.0023820614    0.0023288207
  0.0022744321    0.0022188875    0.0021621446    0.0021128578    0.0021128586
  0.0021128586    0.0021128586    0.0021128586    0.0021128586    0.0021128586
  0.0021128586    0.0021128586    0.0021128586    0.0021128586    0.0021128586
  0.0021128586    0.0021128586    0.0021128586    0.0021128586    0.0021128586
  0.0021128586    0.0021128586    0.0021128586    0.0021128586    0.0021128586
  0.0021128586    0.0021128586    0.0021128586    0.0021128586    0.0021128586
  0.0021128586    0.0021128586    0.0021128586    0.0021128586    0.0021128586
  0.0021128586    0.0021128586    0.0021128586    0.0021128586    0.0021128586
  0.0080017890    0.0080002665    0.0079957265    0.0079882532    0.0079779691
  0.0079650187    0.0079496011    0.0079318604    0.0079120337    0.0078902918
  0.0078667914    0.0078417220    0.0078152379    0.0077874592    0.0077585165
  0.0077285053    0.0076975516    0.0076657010    0.0076330710    0.0075996985
  0.0075656468    0.0075309618    0.0074957144    0.0074599360    0.0074236406
  0.0073869058    0.0073497092    0.0073121308    0.0072741721    0.0072358360
  0.0071971657    0.0071581850    0.0071189008    0.0070793376    0.0070395034
  0.0069994242    0.0069590906    0.0069185472    0.0068777680    0.0068367975
  0.0067956286    0.0067542883    0.0067127871    0.0066711008    0.0066292744
  0.0065873014    0.0065451932    0.0065029614    0.0064606319    0.0064181837
  0.0063756287    0.0063329930    0.0062902580    0.0062474497    0.0062045800
  0.0061616593    0.0061186685    0.0060756358    0.0060325703    0.0059894558
  0.0059463319    0.0059031815    0.0058600015    0.0058168457    0.0057736562
  0.0057304990    0.0056873312    0.0056441905    0.0056010631    0.0055579590
  0.0055148903    0.0054718685    0.0054288787    0.0053859340    0.0053430321
  0.0053001853    0.0052573933    0.0052146667    0.0051719958    0.0051294013
  0.0050868628    0.0050444029    0.0050020007    0.0049596799    0.0049174410
  0.0048752649    0.0048331854    0.0047911640    0.0047492334    0.0047073768
  0.0046655890    0.0046238929    0.0045822621    0.0045407050    0.0044992329
  0.0044578168    0.0044164623    0.0043751855    0.0043339756    0.0042927967
  0.0042517011    0.0042106381    0.0041696172    0.0041286417    0.0040876906
  0.0040467975    0.0040058983    0.0039649995    0.0039241373    0.0038832674
  0.0038423771    0.0038014616    0.0037605393    0.0037195465    0.0036785367
  0.0036374567    0.0035962712    0.0035550384    0.0035136843    0.0034722319
  0.0034306244    0.0033888772    0.0033469587    0.0033048570    0.0032625153
  0.0032199722    0.0031771621    0.0031340800    0.0030906580    0.0030468992
  0.0030027858    0.0029582383    0.0029132383    0.0028677467    0.0028217047
  0.0027750502    0.0027277489    0.0026797506    0.0026309730    0.0025813392
  0.0025308176    0.0024793243    0.0024267859    0.0023732212    0.0023184962
  0.0022625997    0.0022054800    0.0021790216    0.0021790097    0.0021790097
  0.0021790097    0.0021790097    0.0021790097    0.0021790097    0.0021790097
  0.0021790097    0.0021790097    0.0021790097    0.0021790097    0.0021790097
  0.0021790097    0.0021790097    0.0021790097    0.0021790097    0.0021790097
  0.0021790097    0.0021790097    0.0021790097    0.0021790097    0.0021790097
  0.0021790097    0.0021790097    0.0021790097    0.0021790097    0.0021790097
  0.0021790097    0.0021790097    0.0021790097    0.0021790097    0.0021790097
  0.0081834096    0.0081819676    0.0081776479    0.0081705208    0.0081607247
  0.0081483256    0.0081335683    0.0081165435    0.0080974605    0.0080765068
  0.0080538048    0.0080295560    0.0080038543    0.0079768732    0.0079487253
  0.0079194872    0.0078892662    0.0078581541    0.0078262264    0.0077935420
  0.0077601646    0.0077261408    0.0076915200    0.0076563550    0.0076206590
  0.0075845098    0.0075478837    0.0075108612    0.0074734223    0.0074356097
  0.0073974659    0.0073589752    0.0073201819    0.0072810917    0.0072417108
  0.0072020477    0.0071621655    0.0071220353    0.0070816838    0.0070411018
  0.0070003168    0.0069593385    0.0069181937    0.0068768577    0.0068353749
  0.0067937383    0.0067519414    0.0067100286    0.0066679764    0.0066257952
  0.0065835138    0.0065411411    0.0064986562    0.0064560702    0.0064134417
  0.0063707024    0.0063279262    0.0062850772    0.0062421812    0.0061992354
  0.0061562496    0.0061132350    0.0060702022    0.0060271339    0.0059840549
  0.0059409768    0.0058979088    0.0058548348    0.0058117659    0.0057687129
  0.0057256865    0.0056826973    0.0056397174    0.0055967950    0.0055538917
  0.0055110186    0.0054682227    0.0054254779    0.0053827828    0.0053401385
  0.0052975537    0.0052550525    0.0052125985    0.0051702277    0.0051279282
  0.0050856994    0.0050435435    0.0050014490    0.0049594515    0.0049175289
  0.0048756644    0.0048338992    0.0047922274    0.0047506003    0.0047090619
  0.0046676046    0.0046261968    0.0045848794    0.0045436381    0.0045024515
  0.0044613341    0.0044202656    0.0043792536    0.0043383061    0.0042974127
  0.0042565497    0.0042157346    0.0041749441    0.0041341664    0.0040934277
  0.0040526933    0.0040119707    0.0039712409    0.0039305062    0.0038897580
  0.0038489587    0.0038081572    0.0037672850    0.0037263343    0.0036853401
  0.0036442374    0.0036030380    0.0035617525    0.0035203200    0.0034787556
  0.0034369880    0.0033950832    0.0033529618    0.0033105861    0.0032679919
  0.0032251100    0.0031819712    0.0031384783    0.0030946128    0.0030503585
  0.0030056785    0.0029605059    0.0029148179    0.0028685702    0.0028217198
  0.0027741695    0.0027259058    0.0026768806    0.0026269700    0.0025761186
  0.0025243244    0.0024714713    0.0024175194    0.0023624601    0.0023062210
  0.0022487541    0.0022454892    0.0022454901    0.0022454901    0.0022454901
  0.0022454901    0.0022454901    0.0022454901    0.0022454901    0.0022454901
  0.0022454901    0.0022454901    0.0022454901    0.0022454901    0.0022454901
  0.0022454901    0.0022454901    0.0022454901    0.0022454901    0.0022454901
  0.0022454901    0.0022454901    0.0022454901    0.0022454901    0.0022454901
  0.0022454901    0.0022454901    0.0022454901    0.0022454901    0.0022454901
  0.0083642435    0.0083628687    0.0083587537    0.0083519776    0.0083425932
  0.0083307564    0.0083166082    0.0083002561    0.0082819027    0.0082617025
  0.0082397903    0.0082163078    0.0081914048    0.0081651913    0.0081377864
  0.0081093164    0.0080798458    0.0080494457    0.0080182165    0.0079862178
  0.0079535146    0.0079201530    0.0078861606    0.0078516131    0.0078165433
  0.0077809665    0.0077449201    0.0077084446    0.0076715596    0.0076342860
  0.0075966474    0.0075586665    0.0075203475    0.0074817161    0.0074428166
  0.0074036166    0.0073641814    0.0073244601    0.0072845368    0.0072443639
  0.0072039860    0.0071633948    0.0071226175    0.0070816443    0.0070405218
  0.0069992057    0.0069577416    0.0069161558    0.0068744074    0.0068325235
  0.0067905314    0.0067484077    0.0067061963    0.0066638742    0.0066214515
  0.0065789720    0.0065363980    0.0064937547    0.0064510537    0.0064082889
  0.0063654724    0.0063225990    0.0062797091    0.0062367827    0.0061938454
  0.0061508786    0.0061079067    0.0060649120    0.0060219197    0.0059789532
  0.0059359674    0.0058930270    0.0058500768    0.0058071777    0.0057643031
  0.0057214609    0.0056786626    0.0056358929    0.0055931871    0.0055505309
  0.0055079110    0.0054653602    0.0054228903    0.0053804527    0.0053381035
  0.0052958081    0.0052535996    0.0052114544    0.0051693743    0.0051273805
  0.0050854615    0.0050436186    0.0050018521    0.0049601748    0.0049185670
  0.0048770399    0.0048355774    0.0047942098    0.0047528930    0.0047116774
  0.0046705188    0.0046294220    0.0045884020    0.0045474433    0.0045065351
  0.0044656751    0.0044248880    0.0043841348    0.0043434271    0.0043027625
  0.0042621099    0.0042215109    0.0041809058    0.0041403272    0.0040997331
  0.0040591606    0.0040185774    0.0039779664    0.0039373392    0.0038966719
  0.0038559370    0.0038151488    0.0037743093    0.0037333627    0.0036923259
  0.0036511837    0.0036099067    0.0035684987    0.0035269457    0.0034851836
  0.0034432568    0.0034010801    0.0033587261    0.0033160362    0.0032731282
  0.0032298641    0.0031862568    0.0031422883    0.0030978904    0.0030530413
  0.0030077214    0.0029618555    0.0029153951    0.0028683235    0.0028205559
  0.0027720015    0.0027226662    0.0026724748    0.0026213326    0.0025692010
  0.0025160266    0.0024617453    0.0024063525    0.0023497754    0.0023122519
  0.0023122528    0.0023122528    0.0023122528    0.0023122528    0.0023122528
  0.0023122528    0.0023122528    0.0023122528    0.0023122528    0.0023122528
  0.0023122528    0.0023122528    0.0023122528    0.0023122528    0.0023122528
  0.0023122528    0.0023122528    0.0023122528    0.0023122528    0.0023122528
  0.0023122528    0.0023122528    0.0023122528    0.0023122528    0.0023122528
  0.0085443418    0.0085430194    0.0085391149    0.0085326135    0.0085236551
  0.0085123349    0.0084987341    0.0084830512    0.0084653800    0.0084458896
  0.0084247269    0.0084019950    0.0083778528    0.0083524171    0.0083257646
  0.0082980270    0.0082692948    0.0082396180    0.0082090993    0.0081777767
  0.0081457391    0.0081130102    0.0080796853    0.0080457506    0.0080112623
  0.0079762781    0.0079408139    0.0079049092    0.0078685622    0.0078318363
  0.0077947112    0.0077572318    0.0077194210    0.0076812834    0.0076428439
  0.0076041283    0.0075651227    0.0075258539    0.0074863483    0.0074465944
  0.0074066193    0.0073664308    0.0073260378    0.0072854491    0.0072446736
  0.0072037204    0.0071626171    0.0071213188    0.0070799079    0.0070383388
  0.0069966406    0.0069548052    0.0069128602    0.0068708152    0.0068286629
  0.0067863973    0.0067440773    0.0067016484    0.0066591532    0.0066165852
  0.0065739546    0.0065312720    0.0064885475    0.0064457908    0.0064029809
  0.0063601441    0.0063172750    0.0062744129    0.0062315248    0.0061886195
  0.0061457366    0.0061028436    0.0060599635    0.0060171198    0.0059742688
  0.0059314605    0.0058886641    0.0058459169    0.0058032146    0.0057605287
  0.0057179078    0.0056753369    0.0056328356    0.0055903673    0.0055479407
  0.0055056274    0.0054633520    0.0054211490    0.0053790059    0.0053369442
  0.0052949617    0.0052530585    0.0052112124    0.0051694771    0.0051277766
  0.0050861869    0.0050446663    0.0050032141    0.0049618446    0.0049205471
  0.0048793243    0.0048381791    0.0047971217    0.0047561190    0.0047151824
  0.0046743175    0.0046335081    0.0045927530    0.0045520550    0.0045114023
  0.0044708121    0.0044302547    0.0043897149    0.0043492402    0.0043087740
  0.0042683346    0.0042278913    0.0041874639    0.0041470170    0.0041065642
  0.0040661025    0.0040256091    0.0039850985    0.0039445090    0.0039038770
  0.0038631869    0.0038223756    0.0037815085    0.0037405245    0.0036994159
  0.0036581841    0.0036167709    0.0035751911    0.0035334424    0.0034914934
  0.0034492900    0.0034068472    0.0033641306    0.0033211017    0.0032777390
  0.0032340336    0.0031899305    0.0031454005    0.0031003840    0.0030548981
  0.0030088333    0.0029621647    0.0029148390    0.0028668166    0.0028180450
  0.0027684346    0.0027179185    0.0026664592    0.0026140059    0.0025605151
  0.0025058923    0.0024501505    0.0023932158    0.0023793183    0.0023793192
  0.0023793192    0.0023793192    0.0023793192    0.0023793192    0.0023793192
  0.0023793192    0.0023793192    0.0023793192    0.0023793192    0.0023793192
  0.0023793192    0.0023793192    0.0023793192    0.0023793192    0.0023793192
  0.0023793192    0.0023793192    0.0023793192    0.0023793192    0.0023793192
  0.0087236953    0.0087224344    0.0087186917    0.0087124836    0.0087039094
  0.0086930508    0.0086800280    0.0086649271    0.0086479319    0.0086291484
  0.0086086854    0.0085866807    0.0085632775    0.0085385747    0.0085126784
  0.0084856769    0.0084576400    0.0084286684    0.0083988431    0.0083682030
  0.0083368385    0.0083047734    0.0082720584    0.0082387474    0.0082048968
  0.0081704967    0.0081356080    0.0081002481    0.0080644795    0.0080282790
  0.0079916903    0.0079547144    0.0079174178    0.0078797816    0.0078418109
  0.0078035519    0.0077650091    0.0077261897    0.0076871193    0.0076477855
  0.0076082349    0.0075684551    0.0075284549    0.0074882419    0.0074478443
  0.0074072517    0.0073664915    0.0073255720    0.0072844851    0.0072432210
  0.0072018441    0.0071603272    0.0071186627    0.0070768956    0.0070350170
  0.0069930199    0.0069509315    0.0069087443    0.0068664683    0.0068241299
  0.0067817056    0.0067392217    0.0066966720    0.0066540664    0.0066114300
  0.0065687410    0.0065260259    0.0064832926    0.0064405063    0.0063977369
  0.0063549340    0.0063121369    0.0062693261    0.0062265258    0.0061837458
  0.0061409795    0.0060982241    0.0060555028    0.0060128111    0.0059701451
  0.0059275277    0.0058849406    0.0058424213    0.0057999384    0.0057574907
  0.0057151123    0.0056727991    0.0056305497    0.0055883832    0.0055462527
  0.0055041898    0.0054622152    0.0054203061    0.0053784928    0.0053367301
  0.0052950612    0.0052534630    0.0052119252    0.0051705006    0.0051291356
  0.0050878406    0.0050466283    0.0050054981    0.0049644420    0.0049234613
  0.0048825479    0.0048416765    0.0048008973    0.0047601932    0.0047195412
  0.0046789186    0.0046383909    0.0045978944    0.0045574423    0.0045170155
  0.0044766545    0.0044363061    0.0043959965    0.0043556840    0.0043153797
  0.0042750995    0.0042347998    0.0041945147    0.0041541881    0.0041138327
  0.0040734616    0.0040330115    0.0039925245    0.0039519679    0.0039113394
  0.0038706079    0.0038297679    0.0037888144    0.0037477278    0.0037065004
  0.0036650995    0.0036235335    0.0035817435    0.0035397475    0.0034975209
  0.0034550173    0.0034122088    0.0033690966    0.0033256487    0.0032817925
  0.0032375731    0.0031928724    0.0031477093    0.0031020002    0.0030557465
  0.0030088635    0.0029613133    0.0029130423    0.0028639625    0.0028140635
  0.0027632513    0.0027114901    0.0026587397    0.0026049029    0.0025499608
  0.0024938678    0.0024466743    0.0024466753    0.0024466753    0.0024466753
  0.0024466753    0.0024466753    0.0024466753    0.0024466753    0.0024466753
  0.0024466753    0.0024466753    0.0024466753    0.0024466753    0.0024466753
  0.0024466753    0.0024466753    0.0024466753    0.0024466753    0.0024466753
  0.0089023325    0.0089011156    0.0088975337    0.0088916083    0.0088833951
  0.0088729867    0.0088604633    0.0088459498    0.0088295655    0.0088114543
  0.0087916833    0.0087704006    0.0087477070    0.0087237336    0.0086985422
  0.0086722500    0.0086449308    0.0086166630    0.0085875306    0.0085575492
  0.0085268354    0.0084954365    0.0084633569    0.0084306510    0.0083973989
  0.0083636130    0.0083292858    0.0082945247    0.0082592807    0.0082236185
  0.0081875597    0.0081511262    0.0081143194    0.0080771851    0.0080397053
  0.0080019260    0.0079638316    0.0079254893    0.0078868431    0.0078479613
  0.0078088093    0.0077694551    0.0077298460    0.0076900490    0.0076500133
  0.0076098056    0.0075694148    0.0075288487    0.0074880984    0.0074471720
  0.0074061339    0.0073649199    0.0073235758    0.0072820923    0.0072404976
  0.0071987817    0.0071569378    0.0071150262    0.0070730056    0.0070308855
  0.0069886745    0.0069464002    0.0069040540    0.0068616462    0.0068192020
  0.0067766826    0.0067341139    0.0066915204    0.0066488807    0.0066062193
  0.0065635452    0.0065208532    0.0064781370    0.0064354215    0.0063927148
  0.0063500110    0.0063073071    0.0062646245    0.0062219737    0.0061793340
  0.0061367291    0.0060941548    0.0060516331    0.0060091202    0.0059666773
  0.0059242873    0.0058819338    0.0058396499    0.0057974084    0.0057552434
  0.0057131377    0.0056711014    0.0056291544    0.0055872598    0.0055454147
  0.0055036865    0.0054620149    0.0054204106    0.0053788834    0.0053374523
  0.0052960854    0.0052547915    0.0052135918    0.0051724635    0.0051314089
  0.0050904287    0.0050495204    0.0050086884    0.0049679316    0.0049272245
  0.0048865980    0.0048460432    0.0048055361    0.0047650809    0.0047246716
  0.0046843214    0.0046440187    0.0046037749    0.0045635293    0.0045233140
  0.0044831590    0.0044429902    0.0044028401    0.0043626793    0.0043225379
  0.0042823744    0.0042421903    0.0042019961    0.0041617257    0.0041214346
  0.0040811212    0.0040406944    0.0040001796    0.0039596245    0.0039189391
  0.0038781379    0.0038372004    0.0037961394    0.0037549341    0.0037135204
  0.0036719234    0.0036300979    0.0035880740    0.0035457568    0.0035031702
  0.0034602835    0.0034170767    0.0033735089    0.0033295409    0.0032851523
  0.0032403043    0.0031949668    0.0031490753    0.0031025970    0.0030554810
  0.0030076952    0.0029591620    0.0029098154    0.0028596413    0.0028085439
  0.0027564626    0.0027033732    0.0026492182    0.0025939328    0.0025375279
  0.0025143086    0.0025143096    0.0025143096    0.0025143096    0.0025143096
  0.0025143096    0.0025143096    0.0025143096    0.0025143096    0.0025143096
  0.0025143096    0.0025143096    0.0025143096    0.0025143096    0.0025143096
  0.0090802685    0.0090791032    0.0090756789    0.0090699946    0.0090621134
  0.0090521110    0.0090401052    0.0090261256    0.0090103568    0.0089928483
  0.0089737558    0.0089531577    0.0089311630    0.0089078844    0.0088833883
  0.0088577975    0.0088311634    0.0088035928    0.0087751224    0.0087458425
  0.0087157738    0.0086850141    0.0086535668    0.0086214872    0.0085888330
  0.0085556159    0.0085218978    0.0084876945    0.0084530014    0.0084178843
  0.0083823635    0.0083464611    0.0083101550    0.0082735141    0.0082365403
  0.0081992370    0.0081616298    0.0081237234    0.0080855442    0.0080470979
  0.0080083905    0.0079694288    0.0079302608    0.0078908523    0.0078512311
  0.0078113854    0.0077713629    0.0077311513    0.0076907784    0.0076502136
  0.0076094859    0.0075686027    0.0075275922    0.0074864070    0.0074450937
  0.0074036607    0.0073621172    0.0073204712    0.0072786976    0.0072368399
  0.0071948732    0.0071528226    0.0071106823    0.0070684933    0.0070262321
  0.0069838914    0.0069415121    0.0068990719    0.0068565959    0.0068140926
  0.0067715394    0.0067289609    0.0066863673    0.0066437507    0.0066011510
  0.0065585009    0.0065159000    0.0064732683    0.0064306730    0.0063880778
  0.0063454942    0.0063029569    0.0062604342    0.0062179608    0.0061755052
  0.0061331022    0.0060907349    0.0060484114    0.0060061666    0.0059639558
  0.0059218144    0.0058797261    0.0058376994    0.0057957542    0.0057538627
  0.0057120577    0.0056703013    0.0056286255    0.0055870390    0.0055455050
  0.0055040778    0.0054627101    0.0054214215    0.0053802124    0.0053390799
  0.0052980335    0.0052570624    0.0052161563    0.0051753349    0.0051345874
  0.0050938958    0.0050532897    0.0050127411    0.0049722517    0.0049318512
  0.0048914869    0.0048512060    0.0048109316    0.0047707283    0.0047305584
  0.0046904497    0.0046503481    0.0046103010    0.0045702499    0.0045302386
  0.0044902279    0.0044501949    0.0044101931    0.0043701761    0.0043301327
  0.0042900658    0.0042499470    0.0042097971    0.0041695926    0.0041293187
  0.0040889876    0.0040485542    0.0040080192    0.0039673804    0.0039266035
  0.0038857067    0.0038446158    0.0038034006    0.0037619670    0.0037203215
  0.0036784690    0.0036363794    0.0035940304    0.0035513366    0.0035083609
  0.0034650477    0.0034213493    0.0033772761    0.0033327179    0.0032876869
  0.0032421848    0.0031961008    0.0031493987    0.0031020662    0.0030540004
  0.0030052090    0.0029555972    0.0029051191    0.0028537136    0.0028013384
  0.0027479220    0.0026934309    0.0026378528    0.0025822127    0.0025822137
  0.0025822137    0.0025822137    0.0025822137    0.0025822137    0.0025822137
  0.0025822137    0.0025822137    0.0025822137    0.0025822137    0.0025822137
