  0.0000000000    0.0036000000
  0.0000500000    0.0006000000    299    19
  0.0000000238    0.1339772940    0.1995985270    0.2399515867    0.2691015482
  0.2920610666    0.3111215353    0.3275103331    0.3419600725    0.3549400568
  0.3667697668    0.3776770830    0.3878284216    0.3973500967    0.4063411474
  0.4148782492    0.4230247259    0.4308312178    0.4383407354    0.4455888033
  0.4526055098    0.4594171286    0.4660456896    0.4725109339    0.4788307428
  0.4850186586    0.4910904169    0.4970575094    0.5029306173    0.5087200403
  0.5144355059    0.5200859308    0.5256780386    0.5312207937    0.5367202044
  0.5421836615    0.5476180315    0.5530288458    0.5584221125    0.5638030767
  0.5691794157    0.5745550871    0.5799362898    0.5853281736    0.5907371759
  0.5961669683    0.6016256571    0.6071172476    0.6126482725    0.6182243586
  0.6238504648    0.6295333624    0.6352807283    0.6410956144    0.6469874620
  0.6529648542    0.6590336561    0.6652048349    0.6714922190    0.6779123068
  0.6844836473    0.6912370920    0.6982079744    0.7054474115    0.7130192995
  0.7210157156    0.7295575857    0.7388089895    0.7489971876    0.7604362726
  0.7735973120    0.7892124414    0.7999999762    0.8000000000    0.8000000000
  0.8000000000    0.8000000000    0.8000000000    0.8000000000    0.8000000000
  0.8000000000    0.8000000000    0.8000000000    0.8000000000    0.8000000000
  0.8000000000    0.8000000000    0.8000000000    0.8000000000    0.8000000000
  0.8000000000    0.8000000000    0.8000000000    0.8000000000    0.8000000000
  0.8000000000    0.8000000000    0.8000000000    0.8000000000    0.8000000000
  0.8000000000    0.8000000000    0.8000000000    0.8000000000    0.8000000000
  0.8000000000    0.8000000000    0.8000000000    0.8000000000    0.8000000000
  0.8000000000    0.8000000000    0.8000000000    0.8000000000    0.8000000000
  0.8000000000    0.8000000000    0.8000000000    0.8000000000    0.8000000000
  0.8000000000    0.8000000000    0.8000000000    0.8000000000    0.8000000000
  0.8000000000    0.8000000000    0.8000000000    0.8000000000    0.8000000000
  0.8000000000    0.8000000000    0.8000000000    0.8000000000    0.8000000000
  0.8000000000    0.8000000000    0.8000000000    0.8000000000    0.8000000000
  0.8000000000    0.8000000000    0.8000000000    0.8000000000    0.8000000000
  0.8000000000    0.8000000000    0.8000000000    0.8000000000    0.8000000000
  0.8000000000    0.8000000000    0.8000000000    0.8000000000    0.8000000000
  0.8000000000    0.8000000000    0.8000000000    0.8000000000    0.8000000000
  0.8000000000    0.8000000000    0.8000000000    0.8000000000    0.8000000000
  0.8000000000    0.8000000000    0.8000000000    0.8000000000    0.8000000000
  0.8000000000    0.8000000000    0.8000000000    0.8000000000    0.8000000000
  0.8000000000    0.8000000000    0.8000000000    0.8000000000    0.8000000000
  0.8000000000    0.8000000000    0.8000000000    0.8000000000    0.8000000000
  0.8000000000    0.8000000000    0.8000000000    0.8000000000    0.8000000000
  0.8000000000    0.8000000000    0.8000000000    0.8000000000    0.8000000000
  0.8000000000    0.8000000000    0.8000000000    0.8000000000    0.8000000000
  0.8000000000    0.8000000000    0.8000000000    0.8000000000    0.8000000000
  0.8000000000    0.8000000000    0.8000000000    0.8000000000    0.8000000000
  0.8000000000    0.8000000000    0.8000000000    0.8000000000    0.8000000000
  0.8000000000    0.8000000000    0.8000000000    0.8000000000    0.8000000000
  0.8000000000    0.8000000000    0.8000000000    0.8000000000    0.8000000000
  0.8000000000    0.8000000000    0.8000000000    0.8000000000    0.8000000000
  0.8000000000    0.8000000000    0.8000000000    0.8000000000    0.8000000000
  0.8000000000    0.8000000000    0.8000000000    0.8000000000    0.8000000000
  0.8000000000    0.8000000000    0.8000000000    0.8000000000    0.8000000000
  0.8000000000    0.8000000000    0.8000000000    0.8000000000    0.8000000000
  0.8000000000    0.8000000000    0.8000000000    0.8000000000    0.8000000000
  0.8000000000    0.8000000000    0.8000000000    0.8000000000    0.8000000000
  0.8000000000    0.8000000000    0.8000000000    0.8000000000    0.8000000000
  0.8000000000    0.8000000000    0.8000000000    0.8000000000    0.8000000000
  0.8000000000    0.8000000000    0.8000000000    0.8000000000    0.8000000000
  0.8000000000    0.8000000000    0.8000000000    0.8000000000    0.8000000000
  0.8000000000    0.8000000000    0.8000000000    0.8000000000    0.8000000000
  0.8000000000    0.8000000000    0.8000000000    0.8000000000    0.8000000000
  0.8000000000    0.8000000000    0.8000000000    0.8000000000    0.8000000000
  0.8000000000    0.8000000000    0.8000000000    0.8000000000    0.8000000000
  0.0000000238    0.1091192007    0.1713107824    0.2111543894    0.2402832270
  0.2633176565    0.2824588537    0.2989105463    0.3133963346    0.3263878107
  0.3382055521    0.3490787745    0.3591750860    0.3686236143    0.3775235415
  0.3859530687    0.3939765215    0.4016457319    0.4090030909    0.4160851717
  0.4229217768    0.4295394659    0.4359610796    0.4422065973    0.4482915640
  0.4542326212    0.4600426435    0.4657333136    0.4713164568    0.4768007517
  0.4821954966    0.4875086069    0.4927474260    0.4979194880    0.5030297518
  0.5080847979    0.5130913019    0.5180527925    0.5229751825    0.5278617620
  0.5327193975    0.5375502825    0.5423601389    0.5471527338    0.5519297361
  0.5566980124    0.5614602327    0.5662194490    0.5709808588    0.5757466555
  0.5805216074    0.5853089571    0.5901131868    0.5949366331    0.5997857809
  0.6046631098    0.6095713377    0.6145167589    0.6195035219    0.6245347261
  0.6296154737    0.6347488165    0.6399424314    0.6451992750    0.6505242109
  0.6559214354    0.6613989592    0.6669630766    0.6726209879    0.6783829927
  0.6842592001    0.6902662992    0.6964255095    0.7027635336    0.7093158960
  0.7161254644    0.7232643843    0.7308036566    0.7388625860    0.7475799322
  0.7571586847    0.7678558111    0.7800506353    0.7942985296    0.7999999762
  0.8000000000    0.8000000000    0.8000000000    0.8000000000    0.8000000000
  0.8000000000    0.8000000000    0.8000000000    0.8000000000    0.8000000000
  0.8000000000    0.8000000000    0.8000000000    0.8000000000    0.8000000000
  0.8000000000    0.8000000000    0.8000000000    0.8000000000    0.8000000000
  0.8000000000    0.8000000000    0.8000000000    0.8000000000    0.8000000000
  0.8000000000    0.8000000000    0.8000000000    0.8000000000    0.8000000000
  0.8000000000    0.8000000000    0.8000000000    0.8000000000    0.8000000000
  0.8000000000    0.8000000000    0.8000000000    0.8000000000    0.8000000000
  0.8000000000    0.8000000000    0.8000000000    0.8000000000    0.8000000000
  0.8000000000    0.8000000000    0.8000000000    0.8000000000    0.8000000000
  0.8000000000    0.8000000000    0.8000000000    0.8000000000    0.8000000000
  0.8000000000    0.8000000000    0.8000000000    0.8000000000    0.8000000000
  0.8000000000    0.8000000000    0.8000000000    0.8000000000    0.8000000000
  0.8000000000    0.8000000000    0.8000000000    0.8000000000    0.8000000000
  0.8000000000    0.8000000000    0.8000000000    0.8000000000    0.8000000000
  0.8000000000    0.8000000000    0.8000000000    0.8000000000    0.8000000000
  0.8000000000    0.8000000000    0.8000000000    0.8000000000    0.8000000000
  0.8000000000    0.8000000000    0.8000000000    0.8000000000    0.8000000000
  0.8000000000    0.8000000000    0.8000000000    0.8000000000    0.8000000000
  0.8000000000    0.8000000000    0.8000000000    0.8000000000    0.8000000000
  0.8000000000    0.8000000000    0.8000000000    0.8000000000    0.8000000000
  0.8000000000    0.8000000000    0.8000000000    0.8000000000    0.8000000000
  0.8000000000    0.8000000000    0.8000000000    0.8000000000    0.8000000000
  0.8000000000    0.8000000000    0.8000000000    0.8000000000    0.8000000000
  0.8000000000    0.8000000000    0.8000000000    0.8000000000    0.8000000000
  0.8000000000    0.8000000000    0.8000000000    0.8000000000    0.8000000000
  0.8000000000    0.8000000000    0.8000000000    0.8000000000    0.8000000000
  0.8000000000    0.8000000000    0.8000000000    0.8000000000    0.8000000000
  0.8000000000    0.8000000000    0.8000000000    0.8000000000    0.8000000000
  0.8000000000    0.8000000000    0.8000000000    0.8000000000    0.8000000000
  0.8000000000    0.8000000000    0.8000000000    0.8000000000    0.8000000000
  0.8000000000    0.8000000000    0.8000000000    0.8000000000    0.8000000000
  0.8000000000    0.8000000000    0.8000000000    0.8000000000    0.8000000000
  0.8000000000    0.8000000000    0.8000000000    0.8000000000    0.8000000000
  0.8000000000    0.8000000000    0.8000000000    0.8000000000    0.8000000000
  0.8000000000    0.8000000000    0.8000000000    0.8000000000    0.8000000000
  0.8000000000    0.8000000000    0.8000000000    0.8000000000    0.8000000000
  0.8000000000    0.8000000000    0.8000000000    0.8000000000    0.8000000000
  0.8000000000    0.8000000000    0.8000000000    0.8000000000    0.8000000000
  0.8000000000    0.8000000000    0.8000000000    0.8000000000    0.8000000000
  0.8000000000    0.8000000000    0.8000000000    0.8000000000    0.8000000000
  0.8000000000    0.8000000000    0.8000000000    0.8000000000    0.8000000000
  0.8000000000    0.8000000000    0.8000000000    0.8000000000    0.8000000000
  0.0000000238    0.0896081209    0.1474792719    0.1863285303    0.2151889563
  0.2381587267    0.2572964907    0.2737601519    0.2882561445    0.3012482882
  0.3130548239    0.3239037275    0.3339643717    0.3433656454    0.3522068262
  0.3605665445    0.3685105085    0.3760895014    0.3833472490    0.3903210402
  0.3970399618    0.4035317183    0.4098186255    0.4159203291    0.4218536139
  0.4276342630    0.4332750559    0.4387879610    0.4441847086    0.4494737387
  0.4546641588    0.4597636938    0.4647799253    0.4697187185    0.4745868921
  0.4793898344    0.4841323137    0.4888199568    0.4934562922    0.4980461836
  0.5025930643    0.5071012735    0.5115742445    0.5160148382    0.5204275370
  0.5248147726    0.5291787386    0.5335229635    0.5378508329    0.5421640635
  0.5464667559    0.5507598639    0.5550477266    0.5593320131    0.5636152983
  0.5679000616    0.5721895933    0.5764861345    0.5807926893    0.5851104021
  0.5894438982    0.5937959433    0.5981686831    0.6025640249    0.6069867373
  0.6114384890    0.6159228086    0.6204443216    0.6250043631    0.6296081781
  0.6342568636    0.6389552355    0.6437075377    0.6485172987    0.6533874750
  0.6583213091    0.6633258104    0.6684031725    0.6735615492    0.6788037539
  0.6841375589    0.6895741701    0.6951234579    0.7008008718    0.7066263914
  0.7126268625    0.7188363791    0.7252971411    0.7320722818    0.7392329931
  0.7468814611    0.7551479578    0.7641956568    0.7742492437    0.7856201410
  0.7987213373    0.7999999762    0.8000000000    0.8000000000    0.8000000000
  0.8000000000    0.8000000000    0.8000000000    0.8000000000    0.8000000000
  0.8000000000    0.8000000000    0.8000000000    0.8000000000    0.8000000000
  0.8000000000    0.8000000000    0.8000000000    0.8000000000    0.8000000000
  0.8000000000    0.8000000000    0.8000000000    0.8000000000    0.8000000000
  0.8000000000    0.8000000000    0.8000000000    0.8000000000    0.8000000000
  0.8000000000    0.8000000000    0.8000000000    0.8000000000    0.8000000000
  0.8000000000    0.8000000000    0.8000000000    0.8000000000    0.8000000000
  0.8000000000    0.8000000000    0.8000000000    0.8000000000    0.8000000000
  0.8000000000    0.8000000000    0.8000000000    0.8000000000    0.8000000000
  0.8000000000    0.8000000000    0.8000000000    0.8000000000    0.8000000000
  0.8000000000    0.8000000000    0.8000000000    0.8000000000    0.8000000000
  0.8000000000    0.8000000000    0.8000000000    0.8000000000    0.8000000000
  0.8000000000    0.8000000000    0.8000000000    0.8000000000    0.8000000000
  0.8000000000    0.8000000000    0.8000000000    0.8000000000    0.8000000000
  0.8000000000    0.8000000000    0.8000000000    0.8000000000    0.8000000000
  0.8000000000    0.8000000000    0.8000000000    0.8000000000    0.8000000000
  0.8000000000    0.8000000000    0.8000000000    0.8000000000    0.8000000000
  0.8000000000    0.8000000000    0.8000000000    0.8000000000    0.8000000000
  0.8000000000    0.8000000000    0.8000000000    0.8000000000    0.8000000000
  0.8000000000    0.8000000000    0.8000000000    0.8000000000    0.8000000000
  0.8000000000    0.8000000000    0.8000000000    0.8000000000    0.8000000000
  0.8000000000    0.8000000000    0.8000000000    0.8000000000    0.8000000000
  0.8000000000    0.8000000000    0.8000000000    0.8000000000    0.8000000000
  0.8000000000    0.8000000000    0.8000000000    0.8000000000    0.8000000000
  0.8000000000    0.8000000000    0.8000000000    0.8000000000    0.8000000000
  0.8000000000    0.8000000000    0.8000000000    0.8000000000    0.8000000000
  0.8000000000    0.8000000000    0.8000000000    0.8000000000    0.8000000000
  0.8000000000    0.8000000000    0.8000000000    0.8000000000    0.8000000000
  0.8000000000    0.8000000000    0.8000000000    0.8000000000    0.8000000000
  0.8000000000    0.8000000000    0.8000000000    0.8000000000    0.8000000000
  0.8000000000    0.8000000000    0.8000000000    0.8000000000    0.8000000000
  0.8000000000    0.8000000000    0.8000000000    0.8000000000    0.8000000000
  0.8000000000    0.8000000000    0.8000000000    0.8000000000    0.8000000000
  0.8000000000    0.8000000000    0.8000000000    0.8000000000    0.8000000000
  0.8000000000    0.8000000000    0.8000000000    0.8000000000    0.8000000000
  0.8000000000    0.8000000000    0.8000000000    0.8000000000    0.8000000000
  0.8000000000    0.8000000000    0.8000000000    0.8000000000    0.8000000000
  0.8000000000    0.8000000000    0.8000000000    0.8000000000    0.8000000000
  0.8000000000    0.8000000000    0.8000000000    0.8000000000    0.8000000000
  0.8000000000    0.8000000000    0.8000000000    0.8000000000    0.8000000000
  0.0000000238    0.0742816687    0.1273327589    0.1647636652    0.1931214571
  0.2158896208    0.2349406958    0.2513613462    0.2658333063    0.2788052797
  0.2905901670    0.3014134645    0.3114423037    0.3208045244    0.3296003103
  0.3379090548    0.3457936525    0.3533078432    0.3604944468    0.3673904657
  0.3740260363    0.3804280043    0.3866194963    0.3926199675    0.3984458685
  0.4041138411    0.4096369028    0.4150261641    0.4202929735    0.4254466295
  0.4304963827    0.4354490995    0.4403120279    0.4450928926    0.4497965097
  0.4544278860    0.4589932203    0.4634966135    0.4679428339    0.4723348856
  0.4766775370    0.4809736013    0.4852263689    0.4894403696    0.4936167955
  0.4977592707    0.5018707991    0.5059525728    0.5100087881    0.5140404463
  0.5180504084    0.5220404387    0.5260132074    0.5299702883    0.5339141130
  0.5378465414    0.5417692900    0.5456845999    0.5495940447    0.5534995794
  0.5574037313    0.5613072634    0.5652130365    0.5691207170    0.5730362654
  0.5769574881    0.5808886290    0.5848311186    0.5887877226    0.5927592039
  0.5967485666    0.6007578611    0.6047894716    0.6088452578    0.6129269838
  0.6170386076    0.6211816072    0.6253584623    0.6295726061    0.6338267565
  0.6381232023    0.6424656630    0.6468546152    0.6512954473    0.6557913065
  0.6603439093    0.6649577379    0.6696373701    0.6743835688    0.6792010069
  0.6840966940    0.6890742064    0.6941427469    0.6993093729    0.7045869112
  0.7099886179    0.7155351877    0.7212518930    0.7271732569    0.7333358526
  0.7398025751    0.7466343164    0.7539260626    0.7617923975    0.7703735113
  0.7798640966    0.7905071020    0.7999999762    0.8000000000    0.8000000000
  0.8000000000    0.8000000000    0.8000000000    0.8000000000    0.8000000000
  0.8000000000    0.8000000000    0.8000000000    0.8000000000    0.8000000000
  0.8000000000    0.8000000000    0.8000000000    0.8000000000    0.8000000000
  0.8000000000    0.8000000000    0.8000000000    0.8000000000    0.8000000000
  0.8000000000    0.8000000000    0.8000000000    0.8000000000    0.8000000000
  0.8000000000    0.8000000000    0.8000000000    0.8000000000    0.8000000000
  0.8000000000    0.8000000000    0.8000000000    0.8000000000    0.8000000000
  0.8000000000    0.8000000000    0.8000000000    0.8000000000    0.8000000000
  0.8000000000    0.8000000000    0.8000000000    0.8000000000    0.8000000000
  0.8000000000    0.8000000000    0.8000000000    0.8000000000    0.8000000000
  0.8000000000    0.8000000000    0.8000000000    0.8000000000    0.8000000000
  0.8000000000    0.8000000000    0.8000000000    0.8000000000    0.8000000000
  0.8000000000    0.8000000000    0.8000000000    0.8000000000    0.8000000000
  0.8000000000    0.8000000000    0.8000000000    0.8000000000    0.8000000000
  0.8000000000    0.8000000000    0.8000000000    0.8000000000    0.8000000000
  0.8000000000    0.8000000000    0.8000000000    0.8000000000    0.8000000000
  0.8000000000    0.8000000000    0.8000000000    0.8000000000    0.8000000000
  0.8000000000    0.8000000000    0.8000000000    0.8000000000    0.8000000000
  0.8000000000    0.8000000000    0.8000000000    0.8000000000    0.8000000000
  0.8000000000    0.8000000000    0.8000000000    0.8000000000    0.8000000000
  0.8000000000    0.8000000000    0.8000000000    0.8000000000    0.8000000000
  0.8000000000    0.8000000000    0.8000000000    0.8000000000    0.8000000000
  0.8000000000    0.8000000000    0.8000000000    0.8000000000    0.8000000000
  0.8000000000    0.8000000000    0.8000000000    0.8000000000    0.8000000000
  0.8000000000    0.8000000000    0.8000000000    0.8000000000    0.8000000000
  0.8000000000    0.8000000000    0.8000000000    0.8000000000    0.8000000000
  0.8000000000    0.8000000000    0.8000000000    0.8000000000    0.8000000000
  0.8000000000    0.8000000000    0.8000000000    0.8000000000    0.8000000000
  0.8000000000    0.8000000000    0.8000000000    0.8000000000    0.8000000000
  0.8000000000    0.8000000000    0.8000000000    0.8000000000    0.8000000000
  0.8000000000    0.8000000000    0.8000000000    0.8000000000    0.8000000000
  0.8000000000    0.8000000000    0.8000000000    0.8000000000    0.8000000000
  0.8000000000    0.8000000000    0.8000000000    0.8000000000    0.8000000000
  0.8000000000    0.8000000000    0.8000000000    0.8000000000    0.8000000000
  0.8000000000    0.8000000000    0.8000000000    0.8000000000    0.8000000000
  0.8000000000    0.8000000000    0.8000000000    0.8000000000    0.8000000000
  0.8000000000    0.8000000000    0.8000000000    0.8000000000    0.8000000000
  0.8000000000    0.8000000000    0.8000000000    0.8000000000    0.8000000000
  0.0000000238    0.0622130632    0.1102999449    0.1459607363    0.1735972643
  0.1960301638    0.2149080038    0.2312309027    0.2456394911    0.2585661173
  0.2703134298    0.2811015844    0.2910945654    0.3004195452    0.3091739416
  0.3174383402    0.3252747297    0.3327363253    0.3398666620    0.3467022657
  0.3532733679    0.3596071005    0.3657254934    0.3716494799    0.3773955584
  0.3829787493    0.3884130239    0.3937105894    0.3988807440    0.4039352655
  0.4088805914    0.4137261629    0.4184774637    0.4231430769    0.4277267694
  0.4322347879    0.4366718054    0.4410431623    0.4453521490    0.4496040583
  0.4538010359    0.4579477072    0.4620463133    0.4661000490    0.4701117277
  0.4740852594    0.4780215025    0.4819234610    0.4857928991    0.4896329641
  0.4934447050    0.4972305059    0.5009932280    0.5047330618    0.5084526300
  0.5121529818    0.5158360720    0.5195042849    0.5231574774    0.5267988920
  0.5304296732    0.5340499163    0.5376627684    0.5412686586    0.5448690176
  0.5484658003    0.5520597696    0.5556517839    0.5592454195    0.5628394842
  0.5664375067    0.5700395823    0.5736481428    0.5772623777    0.5808873415
  0.5845216036    0.5881674051    0.5918268919    0.5955022097    0.5991930246
  0.6029028177    0.6066324949    0.6103848696    0.6141603231    0.6179624319
  0.6217910051    0.6256516218    0.6295426607    0.6334677458    0.6374303102
  0.6414307356    0.6454731703    0.6495573759    0.6536896467    0.6578705072
  0.6621001482    0.6663861513    0.6707277060    0.6751287222    0.6795933962
  0.6841219664    0.6887214422    0.6933959246    0.6981497526    0.7029919863
  0.7079296350    0.7129722834    0.7181396723    0.7234459162    0.7289169550
  0.7345842600    0.7404896021    0.7466819525    0.7532260656    0.7602020025
  0.7677131891    0.7758789778    0.7848636866    0.7948650122    0.7999999762
  0.8000000000    0.8000000000    0.8000000000    0.8000000000    0.8000000000
  0.8000000000    0.8000000000    0.8000000000    0.8000000000    0.8000000000
  0.8000000000    0.8000000000    0.8000000000    0.8000000000    0.8000000000
  0.8000000000    0.8000000000    0.8000000000    0.8000000000    0.8000000000
  0.8000000000    0.8000000000    0.8000000000    0.8000000000    0.8000000000
  0.8000000000    0.8000000000    0.8000000000    0.8000000000    0.8000000000
  0.8000000000    0.8000000000    0.8000000000    0.8000000000    0.8000000000
  0.8000000000    0.8000000000    0.8000000000    0.8000000000    0.8000000000
  0.8000000000    0.8000000000    0.8000000000    0.8000000000    0.8000000000
  0.8000000000    0.8000000000    0.8000000000    0.8000000000    0.8000000000
  0.8000000000    0.8000000000    0.8000000000    0.8000000000    0.8000000000
  0.8000000000    0.8000000000    0.8000000000    0.8000000000    0.8000000000
  0.8000000000    0.8000000000    0.8000000000    0.8000000000    0.8000000000
  0.8000000000    0.8000000000    0.8000000000    0.8000000000    0.8000000000
  0.8000000000    0.8000000000    0.8000000000    0.8000000000    0.8000000000
  0.8000000000    0.8000000000    0.8000000000    0.8000000000    0.8000000000
  0.8000000000    0.8000000000    0.8000000000    0.8000000000    0.8000000000
  0.8000000000    0.8000000000    0.8000000000    0.8000000000    0.8000000000
  0.8000000000    0.8000000000    0.8000000000    0.8000000000    0.8000000000
  0.8000000000    0.8000000000    0.8000000000    0.8000000000    0.8000000000
  0.8000000000    0.8000000000    0.8000000000    0.8000000000    0.8000000000
  0.8000000000    0.8000000000    0.8000000000    0.8000000000    0.8000000000
  0.8000000000    0.8000000000    0.8000000000    0.8000000000    0.8000000000
  0.8000000000    0.8000000000    0.8000000000    0.8000000000    0.8000000000
  0.8000000000    0.8000000000    0.8000000000    0.8000000000    0.8000000000
  0.8000000000    0.8000000000    0.8000000000    0.8000000000    0.8000000000
  0.8000000000    0.8000000000    0.8000000000    0.8000000000    0.8000000000
  0.8000000000    0.8000000000    0.8000000000    0.8000000000    0.8000000000
  0.8000000000    0.8000000000    0.8000000000    0.8000000000    0.8000000000
  0.8000000000    0.8000000000    0.8000000000    0.8000000000    0.8000000000
  0.8000000000    0.8000000000    0.8000000000    0.8000000000    0.8000000000
  0.8000000000    0.8000000000    0.8000000000    0.8000000000    0.8000000000
  0.8000000000    0.8000000000    0.8000000000    0.8000000000    0.8000000000
  0.8000000000    0.8000000000    0.8000000000    0.8000000000    0.8000000000
  0.8000000000    0.8000000000    0.8000000000    0.8000000000    0.8000000000
  0.8000000000    0.8000000000    0.8000000000    0.8000000000    0.8000000000
  0.0000000238    0.0526602030    0.0959189177    0.1295481920    0.1562636614
  0.1782316446    0.1968508959    0.2130175352    0.2273237467    0.2401766539
  0.2518671751    0.2626065493    0.2725554228    0.2818379641    0.2905509233
  0.2987725496    0.3065644979    0.3139802217    0.3210612535    0.3278459787
  0.3343633890    0.3406405687    0.3467003107    0.3525623560    0.3582444906
  0.3637607336    0.3691255331    0.3743508577    0.3794465303    0.3844226122
  0.3892875433    0.3940495729    0.3987149477    0.4032911539    0.4077837706
  0.4121973753    0.4165373564    0.4208085299    0.4250149012    0.4291600466
  0.4332485437    0.4372823477    0.4412659407    0.4452014208    0.4490912676
  0.4529394388    0.4567474604    0.4605172873    0.4642507792    0.4679517508
  0.4716202497    0.4752593279    0.4788698435    0.4824546576    0.4860144854
  0.4895509481    0.4930655718    0.4965599298    0.5000359297    0.5034934282
  0.5069352388    0.5103616476    0.5137737513    0.5171737909    0.5205618143
  0.5239403963    0.5273085833    0.5306701899    0.5340237856    0.5373711824
  0.5407137156    0.5440526724    0.5473893404    0.5507233858    0.5540570498
  0.5573905230    0.5607262373    0.5640639067    0.5674055338    0.5707520723
  0.5741044283    0.5774626970    0.5808295965    0.5842064142    0.5875925779
  0.5909912348    0.5944020987    0.5978273630    0.6012685061    0.6047261477
  0.6082031488    0.6116986513    0.6152154207    0.6187552214    0.6223196745
  0.6259114027    0.6295293093    0.6331771135    0.6368567228    0.6405699015
  0.6443192244    0.6481042624    0.6519282579    0.6557951689    0.6597055674
  0.6636607409    0.6676659346    0.6717205763    0.6758264303    0.6799879313
  0.6842073202    0.6884866953    0.6928307772    0.6972396612    0.7017215014
  0.7062812567    0.7109233618    0.7156595945    0.7205002069    0.7254579782
  0.7305542231    0.7358097315    0.7412547827    0.7469299078    0.7528816462
  0.7591663122    0.7658580542    0.7730449915    0.7808357000    0.7893665552
  0.7987956285    0.7999999762    0.8000000000    0.8000000000    0.8000000000
  0.8000000000    0.8000000000    0.8000000000    0.8000000000    0.8000000000
  0.8000000000    0.8000000000    0.8000000000    0.8000000000    0.8000000000
  0.8000000000    0.8000000000    0.8000000000    0.8000000000    0.8000000000
  0.8000000000    0.8000000000    0.8000000000    0.8000000000    0.8000000000
  0.8000000000    0.8000000000    0.8000000000    0.8000000000    0.8000000000
  0.8000000000    0.8000000000    0.8000000000    0.8000000000    0.8000000000
  0.8000000000    0.8000000000    0.8000000000    0.8000000000    0.8000000000
  0.8000000000    0.8000000000    0.8000000000    0.8000000000    0.8000000000
  0.8000000000    0.8000000000    0.8000000000    0.8000000000    0.8000000000
  0.8000000000    0.8000000000    0.8000000000    0.8000000000    0.8000000000
  0.8000000000    0.8000000000    0.8000000000    0.8000000000    0.8000000000
  0.8000000000    0.8000000000    0.8000000000    0.8000000000    0.8000000000
  0.8000000000    0.8000000000    0.8000000000    0.8000000000    0.8000000000
  0.8000000000    0.8000000000    0.8000000000    0.8000000000    0.8000000000
  0.8000000000    0.8000000000    0.8000000000    0.8000000000    0.8000000000
  0.8000000000    0.8000000000    0.8000000000    0.8000000000    0.8000000000
  0.8000000000    0.8000000000    0.8000000000    0.8000000000    0.8000000000
  0.8000000000    0.8000000000    0.8000000000    0.8000000000    0.8000000000
  0.8000000000    0.8000000000    0.8000000000    0.8000000000    0.8000000000
  0.8000000000    0.8000000000    0.8000000000    0.8000000000    0.8000000000
  0.8000000000    0.8000000000    0.8000000000    0.8000000000    0.8000000000
  0.8000000000    0.8000000000    0.8000000000    0.8000000000    0.8000000000
  0.8000000000    0.8000000000    0.8000000000    0.8000000000    0.8000000000
  0.8000000000    0.8000000000    0.8000000000    0.8000000000    0.8000000000
  0.8000000000    0.8000000000    0.8000000000    0.8000000000    0.8000000000
  0.8000000000    0.8000000000    0.8000000000    0.8000000000    0.8000000000
  0.8000000000    0.8000000000    0.8000000000    0.8000000000    0.8000000000
  0.8000000000    0.8000000000    0.8000000000    0.8000000000    0.8000000000
  0.8000000000    0.8000000000    0.8000000000    0.8000000000    0.8000000000
  0.8000000000    0.8000000000    0.8000000000    0.8000000000    0.8000000000
  0.8000000000    0.8000000000    0.8000000000    0.8000000000    0.8000000000
  0.8000000000    0.8000000000    0.8000000000    0.8000000000    0.8000000000
  0.8000000000    0.8000000000    0.8000000000    0.8000000000    0.8000000000
  0.0000000238    0.0450417757    0.0837934732    0.1152295828    0.1408533335
  0.1622336149    0.1805102587    0.1964609861    0.2106230974    0.2233723879
  0.2349839449    0.2456592321    0.2555535078    0.2647868872    0.2734532118
  0.2816295385    0.2893778086    0.2967483759    0.3037849188    0.3105229616
  0.3169927359    0.3232211351    0.3292303324    0.3350400209    0.3406674623
  0.3461278200    0.3514351130    0.3566005945    0.3616348028    0.3665472746
  0.3713470697    0.3760413408    0.3806381464    0.3851431608    0.3895622015
  0.3939004183    0.3981638193    0.4023555040    0.4064801931    0.4105420828
  0.4145446539    0.4184915781    0.4223845720    0.4262281656    0.4300242186
  0.4337751150    0.4374840498    0.4411520243    0.4447819948    0.4483762980
  0.4519359827    0.4554631472    0.4589597940    0.4624273062    0.4658668280
  0.4692807436    0.4726701021    0.4760354280    0.4793792963    0.4827010393
  0.4860046625    0.4892888784    0.4925560236    0.4958062410    0.4990418673
  0.5022629023    0.5054694891    0.5086646795    0.5118489981    0.5150224447
  0.5181864023    0.5213408709    0.5244886637    0.5276291609    0.5307626963
  0.5338915110    0.5370154142    0.5401361227    0.5432538271    0.5463697195
  0.5494834661    0.5525976419    0.5557123423    0.5588277102    0.5619461775
  0.5650663614    0.5681906939    0.5713200808    0.5744549990    0.5775954008
  0.5807440042    0.5839003325    0.5870660067    0.5902419329    0.5934296370
  0.5966290236    0.5998408079    0.6030682802    0.6063094854    0.6095693350
  0.6128458261    0.6161416769    0.6194573641    0.6227942228    0.6261552572
  0.6295404196    0.6329509020    0.6363890409    0.6398568392    0.6433531523
  0.6468832254    0.6504466295    0.6540470839    0.6576833010    0.6613585234
  0.6650765181    0.6688366652    0.6726393938    0.6764914274    0.6803922892
  0.6843428373    0.6883475065    0.6924088240    0.6965244055    0.7007033587
  0.7049478292    0.7092578650    0.7136471033    0.7181128263    0.7226707697
  0.7273288488    0.7321041346    0.7370082617    0.7420734644    0.7473198175
  0.7527893305    0.7585209131    0.7645679235    0.7709995031    0.7778926134
  0.7853374243    0.7934570551    0.7999999762    0.8000000000    0.8000000000
  0.8000000000    0.8000000000    0.8000000000    0.8000000000    0.8000000000
  0.8000000000    0.8000000000    0.8000000000    0.8000000000    0.8000000000
  0.8000000000    0.8000000000    0.8000000000    0.8000000000    0.8000000000
  0.8000000000    0.8000000000    0.8000000000    0.8000000000    0.8000000000
  0.8000000000    0.8000000000    0.8000000000    0.8000000000    0.8000000000
  0.8000000000    0.8000000000    0.8000000000    0.8000000000    0.8000000000
  0.8000000000    0.8000000000    0.8000000000    0.8000000000    0.8000000000
  0.8000000000    0.8000000000    0.8000000000    0.8000000000    0.8000000000
  0.8000000000    0.8000000000    0.8000000000    0.8000000000    0.8000000000
  0.8000000000    0.8000000000    0.8000000000    0.8000000000    0.8000000000
  0.8000000000    0.8000000000    0.8000000000    0.8000000000    0.8000000000
  0.8000000000    0.8000000000    0.8000000000    0.8000000000    0.8000000000
  0.8000000000    0.8000000000    0.8000000000    0.8000000000    0.8000000000
  0.8000000000    0.8000000000    0.8000000000    0.8000000000    0.8000000000
  0.8000000000    0.8000000000    0.8000000000    0.8000000000    0.8000000000
  0.8000000000    0.8000000000    0.8000000000    0.8000000000    0.8000000000
  0.8000000000    0.8000000000    0.8000000000    0.8000000000    0.8000000000
  0.8000000000    0.8000000000    0.8000000000    0.8000000000    0.8000000000
  0.8000000000    0.8000000000    0.8000000000    0.8000000000    0.8000000000
  0.8000000000    0.8000000000    0.8000000000    0.8000000000    0.8000000000
  0.8000000000    0.8000000000    0.8000000000    0.8000000000    0.8000000000
  0.8000000000    0.8000000000    0.8000000000    0.8000000000    0.8000000000
  0.8000000000    0.8000000000    0.8000000000    0.8000000000    0.8000000000
  0.8000000000    0.8000000000    0.8000000000    0.8000000000    0.8000000000
  0.8000000000    0.8000000000    0.8000000000    0.8000000000    0.8000000000
  0.8000000000    0.8000000000    0.8000000000    0.8000000000    0.8000000000
  0.8000000000    0.8000000000    0.8000000000    0.8000000000    0.8000000000
  0.8000000000    0.8000000000    0.8000000000    0.8000000000    0.8000000000
  0.8000000000    0.8000000000    0.8000000000    0.8000000000    0.8000000000
  0.8000000000    0.8000000000    0.8000000000    0.8000000000    0.8000000000
  0.8000000000    0.8000000000    0.8000000000    0.8000000000    0.8000000000
  0.0000000238    0.0389104605    0.0735740423    0.1027548075    0.1271534204
  0.1478347063    0.1656862497    0.1813636541    0.1953374147    0.2079523325
  0.2194612265    0.2300550222    0.2398813963    0.2490560293    0.2576693296
  0.2657970190    0.2734978437    0.2808238268    0.2878154516    0.2945091963
  0.3009341955    0.3071172953    0.3130803823    0.3188431501    0.3244234324
  0.3298350573    0.3350913763    0.3402055502    0.3451875448    0.3500462294
  0.3547907591    0.3594288588    0.3639673948    0.3684128046    0.3727713346
  0.3770477533    0.3812468290    0.3853735209    0.3894318819    0.3934257269
  0.3973584890    0.4012338400    0.4050542593    0.4088235617    0.4125432253
  0.4162166834    0.4198461294    0.4234337091    0.4269807577    0.4304901361
  0.4339635611    0.4374032259    0.4408093691    0.4441851377    0.4475312948
  0.4508489847    0.4541393995    0.4574053049    0.4606460333    0.4638646841
  0.4670606375    0.4702362776    0.4733914137    0.4765283346    0.4796472311
  0.4827493429    0.4858352900    0.4889061689    0.4919631243    0.4950066328
  0.4980366945    0.5010558844    0.5040635347    0.5070611238    0.5100485563
  0.5130276918    0.5159988642    0.5189619303    0.5219186068    0.5248687506
  0.5278145552    0.5307547808    0.5336906195    0.5366242647    0.5395538568
  0.5424820662    0.5454079866    0.5483337641    0.5512580156    0.5541841269
  0.5571108580    0.5600395441    0.5629698515    0.5659036875    0.5688414335
  0.5717836142    0.5747316122    0.5776848555    0.5806442022    0.5836119413
  0.5865869761    0.5895719290    0.5925653696    0.5955702543    0.5985854864
  0.6016148806    0.6046556234    0.6077118635    0.6107819796    0.6138684034
  0.6169707537    0.6200926542    0.6232345819    0.6263948679    0.6295777559
  0.6327828646    0.6360113859    0.6392653227    0.6425466299    0.6458551645
  0.6491924047    0.6525624990    0.6559640169    0.6593978167    0.6628687143
  0.6663766146    0.6699230909    0.6735087156    0.6771374941    0.6808091879
  0.6845272303    0.6882919550    0.6921031237    0.6959680796    0.6998863935
  0.7038590670    0.7078903437    0.7119815588    0.7161428213    0.7203747034
  0.7246834040    0.7290790319    0.7335758448    0.7381801367    0.7429188013
  0.7478073359    0.7528732061    0.7581512213    0.7636840582    0.7695167303
  0.7757079840    0.7823287249    0.7894618750    0.7971995592    0.7999999762
  0.8000000000    0.8000000000    0.8000000000    0.8000000000    0.8000000000
  0.8000000000    0.8000000000    0.8000000000    0.8000000000    0.8000000000
  0.8000000000    0.8000000000    0.8000000000    0.8000000000    0.8000000000
  0.8000000000    0.8000000000    0.8000000000    0.8000000000    0.8000000000
  0.8000000000    0.8000000000    0.8000000000    0.8000000000    0.8000000000
  0.8000000000    0.8000000000    0.8000000000    0.8000000000    0.8000000000
  0.8000000000    0.8000000000    0.8000000000    0.8000000000    0.8000000000
  0.8000000000    0.8000000000    0.8000000000    0.8000000000    0.8000000000
  0.8000000000    0.8000000000    0.8000000000    0.8000000000    0.8000000000
  0.8000000000    0.8000000000    0.8000000000    0.8000000000    0.8000000000
  0.8000000000    0.8000000000    0.8000000000    0.8000000000    0.8000000000
  0.8000000000    0.8000000000    0.8000000000    0.8000000000    0.8000000000
  0.8000000000    0.8000000000    0.8000000000    0.8000000000    0.8000000000
  0.8000000000    0.8000000000    0.8000000000    0.8000000000    0.8000000000
  0.8000000000    0.8000000000    0.8000000000    0.8000000000    0.8000000000
  0.8000000000    0.8000000000    0.8000000000    0.8000000000    0.8000000000
  0.8000000000    0.8000000000    0.8000000000    0.8000000000    0.8000000000
  0.8000000000    0.8000000000    0.8000000000    0.8000000000    0.8000000000
  0.8000000000    0.8000000000    0.8000000000    0.8000000000    0.8000000000
  0.8000000000    0.8000000000    0.8000000000    0.8000000000    0.8000000000
  0.8000000000    0.8000000000    0.8000000000    0.8000000000    0.8000000000
  0.8000000000    0.8000000000    0.8000000000    0.8000000000    0.8000000000
  0.8000000000    0.8000000000    0.8000000000    0.8000000000    0.8000000000
  0.8000000000    0.8000000000    0.8000000000    0.8000000000    0.8000000000
  0.8000000000    0.8000000000    0.8000000000    0.8000000000    0.8000000000
  0.8000000000    0.8000000000    0.8000000000    0.8000000000    0.8000000000
  0.8000000000    0.8000000000    0.8000000000    0.8000000000    0.8000000000
  0.8000000000    0.8000000000    0.8000000000    0.8000000000    0.8000000000
  0.8000000000    0.8000000000    0.8000000000    0.8000000000    0.8000000000
  0.0000000238    0.0339272738    0.0649526358    0.0919013262    0.1149856806
  0.1348737001    0.1522239923    0.1675688982    0.1813118696    0.1937584162
  0.2051402807    0.2156337500    0.2253775835    0.2344826460    0.2430351496
  0.2511070967    0.2587580919    0.2660357714    0.2729817152    0.2796303988
  0.2860119104    0.2921508074    0.2980706453    0.3037903070    0.3093261957
  0.3146933794    0.3199051619    0.3249733686    0.3299079180    0.3347195387
  0.3394155264    0.3440047979    0.3484930754    0.3528873682    0.3571940184
  0.3614170790    0.3655619860    0.3696337461    0.3736358881    0.3775721312
  0.3814465284    0.3852623224    0.3890218973    0.3927285910    0.3963855505
  0.3999945879    0.4035585165    0.4070788622    0.4105581522    0.4139981508
  0.4174011946    0.4207683325    0.4241015673    0.4274023771    0.4306725740
  0.4339123964    0.4371246576    0.4403093100    0.4434685946    0.4466034174
  0.4497147799    0.4528029680    0.4558699369    0.4589164972    0.4619439363
  0.4649518251    0.4679419756    0.4709160089    0.4738730669    0.4768151522
  0.4797423601    0.4826562643    0.4855562449    0.4884438276    0.4913194895
  0.4941840410    0.4970380068    0.4998826742    0.5027173758    0.5055429697
  0.5083602667    0.5111710310    0.5139745951    0.5167711496    0.5195619345
  0.5223471880    0.5251280546    0.5279052973    0.5306770086    0.5334463835
  0.5362135649    0.5389786005    0.5417406797    0.5445028067    0.5472641230
  0.5500241995    0.5527859926    0.5555480719    0.5583119631    0.5610780954
  0.5638460398    0.5666181326    0.5693929911    0.5721724272    0.5749572992
  0.5777466536    0.5805417776    0.5833440542    0.5861532927    0.5889707327
  0.5917968035    0.5946317434    0.5974767447    0.6003320932    0.6031985044
  0.6060780287    0.6089690447    0.6118748903    0.6147943735    0.6177290201
  0.6206797838    0.6236490011    0.6266358137    0.6296403646    0.6326651812
  0.6357115984    0.6387803793    0.6418715239    0.6449874163    0.6481288195
  0.6512979746    0.6544943571    0.6577197313    0.6609766722    0.6642652750
  0.6675872087    0.6709447622    0.6743376017    0.6777678728    0.6812377691
  0.6847501516    0.6883034945    0.6918986082    0.6955415487    0.6992297888
  0.7029680014    0.7067561865    0.7105975866    0.7144973993    0.7184524298
  0.7224758387    0.7265632391    0.7307304621    0.7349803686    0.7393260717
  0.7437824488    0.7483650446    0.7530910254    0.7579952478    0.7631003618
  0.7684475183    0.7740806818    0.7800517321    0.7864196539    0.7932621241
  0.7999999762    0.8000000000    0.8000000000    0.8000000000    0.8000000000
  0.8000000000    0.8000000000    0.8000000000    0.8000000000    0.8000000000
  0.8000000000    0.8000000000    0.8000000000    0.8000000000    0.8000000000
  0.8000000000    0.8000000000    0.8000000000    0.8000000000    0.8000000000
  0.8000000000    0.8000000000    0.8000000000    0.8000000000    0.8000000000
  0.8000000000    0.8000000000    0.8000000000    0.8000000000    0.8000000000
  0.8000000000    0.8000000000    0.8000000000    0.8000000000    0.8000000000
  0.8000000000    0.8000000000    0.8000000000    0.8000000000    0.8000000000
  0.8000000000    0.8000000000    0.8000000000    0.8000000000    0.8000000000
  0.8000000000    0.8000000000    0.8000000000    0.8000000000    0.8000000000
  0.8000000000    0.8000000000    0.8000000000    0.8000000000    0.8000000000
  0.8000000000    0.8000000000    0.8000000000    0.8000000000    0.8000000000
  0.8000000000    0.8000000000    0.8000000000    0.8000000000    0.8000000000
  0.8000000000    0.8000000000    0.8000000000    0.8000000000    0.8000000000
  0.8000000000    0.8000000000    0.8000000000    0.8000000000    0.8000000000
  0.8000000000    0.8000000000    0.8000000000    0.8000000000    0.8000000000
  0.8000000000    0.8000000000    0.8000000000    0.8000000000    0.8000000000
  0.8000000000    0.8000000000    0.8000000000    0.8000000000    0.8000000000
  0.8000000000    0.8000000000    0.8000000000    0.8000000000    0.8000000000
  0.8000000000    0.8000000000    0.8000000000    0.8000000000    0.8000000000
  0.8000000000    0.8000000000    0.8000000000    0.8000000000    0.8000000000
  0.8000000000    0.8000000000    0.8000000000    0.8000000000    0.8000000000
  0.8000000000    0.8000000000    0.8000000000    0.8000000000    0.8000000000
  0.8000000000    0.8000000000    0.8000000000    0.8000000000    0.8000000000
  0.8000000000    0.8000000000    0.8000000000    0.8000000000    0.8000000000
  0.8000000000    0.8000000000    0.8000000000    0.8000000000    0.8000000000
  0.8000000000    0.8000000000    0.8000000000    0.8000000000    0.8000000000
  0.0000000238    0.0298360586    0.0576622248    0.0824667692    0.1041907549
  0.1232123137    0.1399943113    0.1549525023    0.1684217215    0.1806669950
  0.1918954134    0.2022689581    0.2119153738    0.2209372759    0.2294198751
  0.2374295473    0.2450237989    0.2522500277    0.2591468573    0.2657499075
  0.2720866919    0.2781826258    0.2840596437    0.2897370577    0.2952303648
  0.3005558252    0.3057259321    0.3107511759    0.3156439543    0.3204124689
  0.3250651598    0.3296097517    0.3340537786    0.3384029150    0.3426630259
  0.3468393087    0.3509372473    0.3549606562    0.3589135885    0.3628004313
  0.3666240931    0.3703883410    0.3740962267    0.3777498960    0.3813531637
  0.3849071741    0.3884154081    0.3918793917    0.3953010798    0.3986828566
  0.4020264864    0.4053330183    0.4086045504    0.4118430853    0.4150493860
  0.4182253122    0.4213714838    0.4244901896    0.4275813341    0.4306471109
  0.4336884260    0.4367056131    0.4397001505    0.4426728487    0.4456249475
  0.4485572577    0.4514703989    0.4543646097    0.4572419882    0.4601021528
  0.4629462004    0.4657751322    0.4685889959    0.4713898420    0.4741760015
  0.4769495249    0.4797113180    0.4824607134    0.4851996660    0.4879285574
  0.4906461477    0.4933553457    0.4960548639    0.4987466097    0.5014292479
  0.5041050673    0.5067733526    0.5094362974    0.5120926142    0.5147425413
  0.5173882246    0.5200288057    0.5226645231    0.5252969980    0.5279258490
  0.5305516958    0.5331751585    0.5357958555    0.5384153128    0.5410331488
  0.5436508894    0.5462671995    0.5488839388    0.5515012980    0.5541191816
  0.5567381144    0.5593591452    0.5619821787    0.5646072149    0.5672362089
  0.5698690176    0.5725046873    0.5751456022    0.5777910948    0.5804421186
  0.5830994368    0.5857625723    0.5884327650    0.5911107779    0.5937960863
  0.5964907885    0.5991942167    0.6019076586    0.6046326399    0.6073672056
  0.6101138353    0.6128722906    0.6156453371    0.6184315443    0.6212310076
  0.6240473032    0.6268792868    0.6297271013    0.6325937986    0.6354798079
  0.6383844137    0.6413088560    0.6442559481    0.6472249746    0.6502166033
  0.6532336473    0.6562775373    0.6593465567    0.6624437094    0.6655692339
  0.6687278986    0.6719155550    0.6751353502    0.6783908129    0.6816833735
  0.6850099325    0.6883752108    0.6917802095    0.6952242136    0.6987113714
  0.7022420645    0.7058169127    0.7094393015    0.7131111383    0.7168327570
  0.7206054449    0.7244392633    0.7283336878    0.7322936773    0.7363289118
  0.7404461145    0.7446544409    0.7489723444    0.7534122705    0.7579921484
  0.7627418280    0.7676883936    0.7728642225    0.7783103704    0.7840763330
  0.7902118921    0.7967773199    0.7999999762    0.8000000000    0.8000000000
  0.8000000000    0.8000000000    0.8000000000    0.8000000000    0.8000000000
  0.8000000000    0.8000000000    0.8000000000    0.8000000000    0.8000000000
  0.8000000000    0.8000000000    0.8000000000    0.8000000000    0.8000000000
  0.8000000000    0.8000000000    0.8000000000    0.8000000000    0.8000000000
  0.8000000000    0.8000000000    0.8000000000    0.8000000000    0.8000000000
  0.8000000000    0.8000000000    0.8000000000    0.8000000000    0.8000000000
  0.8000000000    0.8000000000    0.8000000000    0.8000000000    0.8000000000
  0.8000000000    0.8000000000    0.8000000000    0.8000000000    0.8000000000
  0.8000000000    0.8000000000    0.8000000000    0.8000000000    0.8000000000
  0.8000000000    0.8000000000    0.8000000000    0.8000000000    0.8000000000
  0.8000000000    0.8000000000    0.8000000000    0.8000000000    0.8000000000
  0.8000000000    0.8000000000    0.8000000000    0.8000000000    0.8000000000
  0.8000000000    0.8000000000    0.8000000000    0.8000000000    0.8000000000
  0.8000000000    0.8000000000    0.8000000000    0.8000000000    0.8000000000
  0.8000000000    0.8000000000    0.8000000000    0.8000000000    0.8000000000
  0.8000000000    0.8000000000    0.8000000000    0.8000000000    0.8000000000
  0.8000000000    0.8000000000    0.8000000000    0.8000000000    0.8000000000
  0.8000000000    0.8000000000    0.8000000000    0.8000000000    0.8000000000
  0.8000000000    0.8000000000    0.8000000000    0.8000000000    0.8000000000
  0.8000000000    0.8000000000    0.8000000000    0.8000000000    0.8000000000
  0.8000000000    0.8000000000    0.8000000000    0.8000000000    0.8000000000
  0.8000000000    0.8000000000    0.8000000000    0.8000000000    0.8000000000
  0.8000000000    0.8000000000    0.8000000000    0.8000000000    0.8000000000
  0.8000000000    0.8000000000    0.8000000000    0.8000000000    0.8000000000
  0.0000000238    0.0264439821    0.0514754057    0.0742659330    0.0946243525
  0.1127304316    0.1288889170    0.1434106588    0.1565655947    0.1685771704
  0.1796261549    0.1898583174    0.1993899584    0.2083171129    0.2167186975
  0.2246582747    0.2321895361    0.2393588305    0.2462033033    0.2527570486
  0.2590474367    0.2650986910    0.2709329844    0.2765679121    0.2820207357
  0.2873055220    0.2924346685    0.2974203825    0.3022731066    0.3070009470
  0.3116135836    0.3161179781    0.3205204248    0.3248285055    0.3290467501
  0.3331809759    0.3372366190    0.3412169218    0.3451265574    0.3489692926
  0.3527486086    0.3564677477    0.3601296663    0.3637366056    0.3672929049
  0.3707992315    0.3742590189    0.3776737928    0.3810455084    0.3843771696
  0.3876694441    0.3909244299    0.3941437483    0.3973282576    0.4004804850
  0.4036010504    0.4066918612    0.4097540140    0.4127880335    0.4157954931
  0.4187773466    0.4217345953    0.4246680498    0.4275797129    0.4304686308
  0.4333372831    0.4361857653    0.4390147924    0.4418249846    0.4446181059
  0.4473930120    0.4501525164    0.4528959990    0.4556234598    0.4583375216
  0.4610365152    0.4637229204    0.4663956881    0.4690567255    0.4717058420
  0.4743429899    0.4769699812    0.4795866251    0.4821927786    0.4847902536
  0.4873787642    0.4899576426    0.4925290823    0.4950929403    0.4976493120
  0.5001990080    0.5027412176    0.5052786589    0.5078094244    0.5103358030
  0.5128563643    0.5153723001    0.5178842783    0.5203928709    0.5228972197
  0.5253984690    0.5278976679    0.5303934336    0.5328873396    0.5353790045
  0.5378709078    0.5403601885    0.5428498030    0.5453378916    0.5478268862
  0.5503158331    0.5528062105    0.5552966356    0.5577893972    0.5602832079
  0.5627797842    0.5652792692    0.5677805662    0.5702860594    0.5727952242
  0.5753084421    0.5778257132    0.5803487539    0.5828770399    0.5854100943
  0.5879500151    0.5904962778    0.5930501223    0.5956114531    0.5981809855
  0.6007586718    0.6033459902    0.6059420347    0.6085496187    0.6111668825
  0.6137953520    0.6164352179    0.6190892935    0.6217543840    0.6244348764
  0.6271301508    0.6298390150    0.6325642347    0.6353062391    0.6380647898
  0.6408415556    0.6436391115    0.6464537382    0.6492920160    0.6521486998
  0.6550305605    0.6579347372    0.6608642817    0.6638167620    0.6667975664
  0.6698068380    0.6728447676    0.6759107351    0.6790083170    0.6821379423
  0.6853003740    0.6884975195    0.6917314291    0.6950016737    0.6983069658
  0.7016540289    0.7050407648    0.7084674597    0.7119388342    0.7154539347
  0.7190147161    0.7226260900    0.7262897730    0.7300071955    0.7337825537
  0.7376235723    0.7415386438    0.7455318689    0.7496143103    0.7538036108
  0.7581119776    0.7625576258    0.7671641588    0.7719611406    0.7769768000
  0.7822495222    0.7878220320    0.7937358618    0.7999999762    0.8000000000
  0.8000000000    0.8000000000    0.8000000000    0.8000000000    0.8000000000
  0.8000000000    0.8000000000    0.8000000000    0.8000000000    0.8000000000
  0.8000000000    0.8000000000    0.8000000000    0.8000000000    0.8000000000
  0.8000000000    0.8000000000    0.8000000000    0.8000000000    0.8000000000
  0.8000000000    0.8000000000    0.8000000000    0.8000000000    0.8000000000
  0.8000000000    0.8000000000    0.8000000000    0.8000000000    0.8000000000
  0.8000000000    0.8000000000    0.8000000000    0.8000000000    0.8000000000
  0.8000000000    0.8000000000    0.8000000000    0.8000000000    0.8000000000
  0.8000000000    0.8000000000    0.8000000000    0.8000000000    0.8000000000
  0.8000000000    0.8000000000    0.8000000000    0.8000000000    0.8000000000
  0.8000000000    0.8000000000    0.8000000000    0.8000000000    0.8000000000
  0.8000000000    0.8000000000    0.8000000000    0.8000000000    0.8000000000
  0.8000000000    0.8000000000    0.8000000000    0.8000000000    0.8000000000
  0.8000000000    0.8000000000    0.8000000000    0.8000000000    0.8000000000
  0.8000000000    0.8000000000    0.8000000000    0.8000000000    0.8000000000
  0.8000000000    0.8000000000    0.8000000000    0.8000000000    0.8000000000
  0.8000000000    0.8000000000    0.8000000000    0.8000000000    0.8000000000
  0.8000000000    0.8000000000    0.8000000000    0.8000000000    0.8000000000
  0.8000000000    0.8000000000    0.8000000000    0.8000000000    0.8000000000
  0.8000000000    0.8000000000    0.8000000000    0.8000000000    0.8000000000
  0.8000000000    0.8000000000    0.8000000000    0.8000000000    0.8000000000
  0.8000000000    0.8000000000    0.8000000000    0.8000000000    0.8000000000
  0.0000000238    0.0236049891    0.0462025404    0.0671316862    0.0861533403
  0.1033178091    0.1188110590    0.1328541994    0.1456573725    0.1574042559
  0.1682485342    0.1783179522    0.1877185106    0.1965364218    0.2048455954
  0.2127049685    0.2201668024    0.2272732496    0.2340606451    0.2405618429
  0.2468033552    0.2528086424    0.2585981607    0.2641909838    0.2696020842
  0.2748459578    0.2799360037    0.2848824263    0.2896961451    0.2943864107
  0.2989602804    0.3034259558    0.3077908754    0.3120601416    0.3162406206
  0.3203363657    0.3243520975    0.3282935381    0.3321635008    0.3359663725
  0.3397049665    0.3433831930    0.3470045328    0.3505700827    0.3540842295
  0.3575481176    0.3609646559    0.3643365622    0.3676645994    0.3709518671
  0.3741988420    0.3774078608    0.3805810213    0.3837197542    0.3868248224
  0.3898970366    0.3929398298    0.3959527254    0.3989367247    0.4018935442
  0.4048246622    0.4077310324    0.4106124163    0.4134701967    0.4163063288
  0.4191199064    0.4219137907    0.4246865511    0.4274404764    0.4301761866
  0.4328931570    0.4355936289    0.4382770300    0.4409444094    0.4435968637
  0.4462342501    0.4488565207    0.4514657259    0.4540617228    0.4566443205
  0.4592155695    0.4617736578    0.4643216372    0.4668586969    0.4693846464
  0.4719002962    0.4744070292    0.4769035101    0.4793921232    0.4818720102
  0.4843429327    0.4868071318    0.4892638445    0.4917133093    0.4941560984
  0.4965925455    0.4990226984    0.5014473200    0.5038660288    0.5062804937
  0.5086898565    0.5110952139    0.5134962320    0.5158930063    0.5182861090
  0.5206772089    0.5230643511    0.5254496336    0.5278321505    0.5302129030
  0.5325910807    0.5349690676    0.5373445749    0.5397200823    0.5420950174
  0.5444695711    0.5468436956    0.5492192984    0.5515940905    0.5539713144
  0.5563486814    0.5587280035    0.5611093760    0.5634926558    0.5658784151
  0.5682669878    0.5706584215    0.5730539560    0.5754536390    0.5778564692
  0.5802637815    0.5826767683    0.5850941420    0.5875170946    0.5899459600
  0.5923825026    0.5948243856    0.5972731829    0.5997302294    0.6021961927
  0.6046683073    0.6071508646    0.6096423388    0.6121438742    0.6146557570
  0.6171777964    0.6197115183    0.6222580194    0.6248149157    0.6273862123
  0.6299704313    0.6325690031    0.6351824522    0.6378122091    0.6404563189
  0.6431185484    0.6457990408    0.6484957933    0.6512132883    0.6539499998
  0.6567086458    0.6594873190    0.6622898817    0.6651146650    0.6679632425
  0.6708365679    0.6737373114    0.6766667128    0.6796223402    0.6826069593
  0.6856207609    0.6886674643    0.6917445421    0.6948575258    0.6980037928
  0.7011838675    0.7043998480    0.7076541185    0.7109466314    0.7142811060
  0.7176559687    0.7210700750    0.7245331049    0.7280387640    0.7315971613
  0.7352069616    0.7388744116    0.7426067591    0.7464050055    0.7502872705
  0.7542541742    0.7583225489    0.7625065088    0.7668254137    0.7713016748
  0.7759566545    0.7808235407    0.7859345198    0.7913227320    0.7970336676
  0.7999999762    0.8000000000    0.8000000000    0.8000000000    0.8000000000
  0.8000000000    0.8000000000    0.8000000000    0.8000000000    0.8000000000
  0.8000000000    0.8000000000    0.8000000000    0.8000000000    0.8000000000
  0.8000000000    0.8000000000    0.8000000000    0.8000000000    0.8000000000
  0.8000000000    0.8000000000    0.8000000000    0.8000000000    0.8000000000
  0.8000000000    0.8000000000    0.8000000000    0.8000000000    0.8000000000
  0.8000000000    0.8000000000    0.8000000000    0.8000000000    0.8000000000
  0.8000000000    0.8000000000    0.8000000000    0.8000000000    0.8000000000
  0.8000000000    0.8000000000    0.8000000000    0.8000000000    0.8000000000
  0.8000000000    0.8000000000    0.8000000000    0.8000000000    0.8000000000
  0.8000000000    0.8000000000    0.8000000000    0.8000000000    0.8000000000
  0.8000000000    0.8000000000    0.8000000000    0.8000000000    0.8000000000
  0.8000000000    0.8000000000    0.8000000000    0.8000000000    0.8000000000
  0.8000000000    0.8000000000    0.8000000000    0.8000000000    0.8000000000
  0.8000000000    0.8000000000    0.8000000000    0.8000000000    0.8000000000
  0.8000000000    0.8000000000    0.8000000000    0.8000000000    0.8000000000
  0.8000000000    0.8000000000    0.8000000000    0.8000000000    0.8000000000
  0.8000000000    0.8000000000    0.8000000000    0.8000000000    0.8000000000
  0.8000000000    0.8000000000    0.8000000000    0.8000000000    0.8000000000
  0.8000000000    0.8000000000    0.8000000000    0.8000000000    0.8000000000
  0.0000000238    0.0212075472    0.0416863680    0.0609158278    0.0786529779
  0.0948724508    0.1096740961    0.1232054949    0.1356244326    0.1470773458
  0.1576917887    0.1675779581    0.1768297434    0.1855253935    0.1937296629
  0.2015002489    0.2088835955    0.2159208536    0.2226458311    0.2290900946
  0.2352791071    0.2412348509    0.2469784498    0.2525271654    0.2578955889
  0.2630991697    0.2681498289    0.2730574846    0.2778329134    0.2824852228
  0.2870226622    0.2914513826    0.2957801104    0.3000130892    0.3041567087
  0.3082160234    0.3121959448    0.3161000967    0.3199338675    0.3236996889
  0.3274017096    0.3310424566    0.3346256018    0.3381538630    0.3416298151
  0.3450553656    0.3484332800    0.3517657042    0.3550546408    0.3583013773
  0.3615082026    0.3646768332    0.3678093195    0.3709059954    0.3739693880
  0.3769996881    0.3799992800    0.3829686403    0.3859095812    0.3888219595
  0.3917084932    0.3945695162    0.3974053621    0.4002168894    0.4030060530
  0.4057724714    0.4085180044    0.4112427950    0.4139480829    0.4166333914
  0.4193009138    0.4219502211    0.4245824099    0.4271979094    0.4297973394
  0.4323810816    0.4349496603    0.4375046015    0.4400452375    0.4425719023
  0.4450856447    0.4475867033    0.4500760794    0.4525535345    0.4550198793
  0.4574754953    0.4599206686    0.4623550653    0.4647796392    0.4671961069
  0.4696021318    0.4720000505    0.4743901014    0.4767714262    0.4791458368
  0.4815124750    0.4838720560    0.4862247229    0.4885712385    0.4909111738
  0.4932457685    0.4955741167    0.4978979349    0.5002157927    0.5025298357
  0.5048387289    0.5071439981    0.5094443560    0.5117418528    0.5140356302
  0.5163266897    0.5186136961    0.5208986521    0.5231817007    0.5254623652
  0.5277402639    0.5300173521    0.5322927237    0.5345664740    0.5368395090
  0.5391129255    0.5413843393    0.5436561346    0.5459283590    0.5482010126
  0.5504731417    0.5527467012    0.5550211668    0.5572970152    0.5595747232
  0.5618547201    0.5641356230    0.5664201498    0.5687064409    0.5709958315
  0.5732892275    0.5755851984    0.5778855085    0.5801892519    0.5824976206
  0.5848115206    0.5871290445    0.5894532919    0.5917819262    0.5941174746
  0.5964590311    0.5988073587    0.6011631727    0.6035259962    0.6058964968
  0.6082746267    0.6106619120    0.6130586386    0.6154642344    0.6178802729
  0.6203057528    0.6227429628    0.6251904726    0.6276501894    0.6301215410
  0.6326067209    0.6351042986    0.6376165152    0.6401426554    0.6426849604
  0.6452423334    0.6478144407    0.6504046679    0.6530130625    0.6556404352
  0.6582853079    0.6609496832    0.6636363268    0.6663435698    0.6690730333
  0.6718257189    0.6746027708    0.6774032354    0.6802316427    0.6830850840
  0.6859652758    0.6888756990    0.6918132067    0.6947810888    0.6977809668
  0.7008149385    0.7038792849    0.7069772482    0.7101104975    0.7132805586
  0.7164836645    0.7197276831    0.7230121851    0.7263370752    0.7297012091
  0.7331142664    0.7365741968    0.7400856256    0.7436492682    0.7472778082
  0.7509734869    0.7547469378    0.7586055040    0.7625644922    0.7666340113
  0.7708335638    0.7751841784    0.7797080755    0.7844313860    0.7893859625
  0.7946064711    0.7999999762    0.8000000000    0.8000000000    0.8000000000
  0.8000000000    0.8000000000    0.8000000000    0.8000000000    0.8000000000
  0.8000000000    0.8000000000    0.8000000000    0.8000000000    0.8000000000
  0.8000000000    0.8000000000    0.8000000000    0.8000000000    0.8000000000
  0.8000000000    0.8000000000    0.8000000000    0.8000000000    0.8000000000
  0.8000000000    0.8000000000    0.8000000000    0.8000000000    0.8000000000
  0.8000000000    0.8000000000    0.8000000000    0.8000000000    0.8000000000
  0.8000000000    0.8000000000    0.8000000000    0.8000000000    0.8000000000
  0.8000000000    0.8000000000    0.8000000000    0.8000000000    0.8000000000
  0.8000000000    0.8000000000    0.8000000000    0.8000000000    0.8000000000
  0.8000000000    0.8000000000    0.8000000000    0.8000000000    0.8000000000
  0.8000000000    0.8000000000    0.8000000000    0.8000000000    0.8000000000
  0.8000000000    0.8000000000    0.8000000000    0.8000000000    0.8000000000
  0.8000000000    0.8000000000    0.8000000000    0.8000000000    0.8000000000
  0.8000000000    0.8000000000    0.8000000000    0.8000000000    0.8000000000
  0.8000000000    0.8000000000    0.8000000000    0.8000000000    0.8000000000
  0.8000000000    0.8000000000    0.8000000000    0.8000000000    0.8000000000
  0.8000000000    0.8000000000    0.8000000000    0.8000000000    0.8000000000
  0.0000000238    0.0191662073    0.0377976656    0.0554871321    0.0720096350
  0.0872993708    0.1013959169    0.1143918753    0.1264006376    0.1375338793
  0.1478960752    0.1575796843    0.1666655779    0.1752231836    0.1833120108
  0.1909825563    0.1982797384    0.2052400827    0.2118973494    0.2182796240
  0.2244118452    0.2303156614    0.2360102415    0.2415122271    0.2468377352
  0.2519991636    0.2570088148    0.2618776560    0.2666156530    0.2712303877
  0.2757312536    0.2801243544    0.2844170332    0.2886152983    0.2927236319
  0.2967482805    0.3006934404    0.3045639753    0.3083627939    0.3120940924
  0.3157607794    0.3193678617    0.3229158640    0.3264093637    0.3298497915
  0.3332400560    0.3365825415    0.3398786306    0.3431315660    0.3463426352
  0.3495123625    0.3526447535    0.3557396173    0.3587990046    0.3618242502
  0.3648167372    0.3677776098    0.3707086802    0.3736099005    0.3764834166
  0.3793297052    0.3821502924    0.3849448919    0.3877160788    0.3904640913
  0.3931886435    0.3958914995    0.3985739946    0.4012356520    0.4038777113
  0.4065012693    0.4091058493    0.4116931200    0.4142630816    0.4168167353
  0.4193534613    0.4218760252    0.4243826151    0.4268747568    0.4293534040
  0.4318184137    0.4342695951    0.4367089987    0.4391358614    0.4415504694
  0.4439537764    0.4463454485    0.4487274408    0.4510984659    0.4534592390
  0.4558106661    0.4581528902    0.4604856253    0.4628097296    0.4651258707
  0.4674337149    0.4697335482    0.4720259905    0.4743108034    0.4765891314
  0.4788606405    0.4811255217    0.4833839178    0.4856370211    0.4878844023
  0.4901262999    0.4923627615    0.4945944071    0.4968214273    0.4990439177
  0.5012619257    0.5034761190    0.5056861162    0.5078933954    0.5100966692
  0.5122969389    0.5144942999    0.5166893244    0.5188821077    0.5210716486
  0.5232595682    0.5254458189    0.5276300669    0.5298132658    0.5319945097
  0.5341757536    0.5363560915    0.5385355234    0.5407150507    0.5428931952
  0.5450729609    0.5472513914    0.5494318247    0.5516119719    0.5537932158
  0.5559768915    0.5581602335    0.5603456259    0.5625329256    0.5647226572
  0.5669138193    0.5691083193    0.5713055372    0.5735046148    0.5757081747
  0.5779153109    0.5801255465    0.5823396444    0.5845580339    0.5867815256
  0.5890096426    0.5912427664    0.5934816122    0.5957257509    0.5979754686
  0.6002324343    0.6024956942    0.6047651052    0.6070414782    0.6093268156
  0.6116196871    0.6139203787    0.6162301302    0.6185486555    0.6208767653
  0.6232142210    0.6255621195    0.6279207945    0.6302907705    0.6326719046
  0.6350652933    0.6374718428    0.6398897886    0.6423233271    0.6447694063
  0.6472309828    0.6497061968    0.6521979570    0.6547067881    0.6572327852
  0.6597763777    0.6623372793    0.6649182081    0.6675173044    0.6701376677
  0.6727800131    0.6754427671    0.6781300783    0.6808403254    0.6835726500
  0.6863314867    0.6891162157    0.6919300318    0.6947689295    0.6976364851
  0.7005322695    0.7034575701    0.7064147711    0.7094035864    0.7124267817
  0.7154823542    0.7185691595    0.7216926336    0.7248534918    0.7280517817
  0.7312881231    0.7345664740    0.7378883600    0.7412571192    0.7446747065
  0.7481448889    0.7516761541    0.7552741766    0.7589478254    0.7627033949
  0.7665553808    0.7705200434    0.7746073961    0.7788390875    0.7832393408
  0.7878295660    0.7926390886    0.7976989985    0.7999999762    0.8000000000
  0.8000000000    0.8000000000    0.8000000000    0.8000000000    0.8000000000
  0.8000000000    0.8000000000    0.8000000000    0.8000000000    0.8000000000
  0.8000000000    0.8000000000    0.8000000000    0.8000000000    0.8000000000
  0.8000000000    0.8000000000    0.8000000000    0.8000000000    0.8000000000
  0.8000000000    0.8000000000    0.8000000000    0.8000000000    0.8000000000
  0.8000000000    0.8000000000    0.8000000000    0.8000000000    0.8000000000
  0.8000000000    0.8000000000    0.8000000000    0.8000000000    0.8000000000
  0.8000000000    0.8000000000    0.8000000000    0.8000000000    0.8000000000
  0.8000000000    0.8000000000    0.8000000000    0.8000000000    0.8000000000
  0.8000000000    0.8000000000    0.8000000000    0.8000000000    0.8000000000
  0.8000000000    0.8000000000    0.8000000000    0.8000000000    0.8000000000
  0.8000000000    0.8000000000    0.8000000000    0.8000000000    0.8000000000
  0.8000000000    0.8000000000    0.8000000000    0.8000000000    0.8000000000
  0.8000000000    0.8000000000    0.8000000000    0.8000000000    0.8000000000
  0.8000000000    0.8000000000    0.8000000000    0.8000000000    0.8000000000
  0.0000000238    0.0174146414    0.0344315290    0.0507326841    0.0661191225
  0.0805080652    0.0939005613    0.1063473463    0.1179252386    0.1287177801
  0.1388079405    0.1482705355    0.1571748495    0.1655808687    0.1735414267
  0.1811021090    0.1883033514    0.1951802015    0.2017629862    0.2080780268
  0.2141489744    0.2199964762    0.2256394625    0.2310932398    0.2363722086
  0.2414901495    0.2464590788    0.2512877226    0.2559870958    0.2605645895
  0.2650287867    0.2693862677    0.2736442327    0.2778074980    0.2818821192
  0.2858731508    0.2897853136    0.2936216116    0.2973879099    0.3010860205
  0.3047205687    0.3082941294    0.3118096113    0.3152698278    0.3186773062
  0.3220350027    0.3253440142    0.3286076784    0.3318266630    0.3350040674
  0.3381405115    0.3412387133    0.3442997217    0.3473243475    0.3503151655
  0.3532728910    0.3561988115    0.3590945959    0.3619608164    0.3647979021
  0.3676086664    0.3703922510    0.3731507540    0.3758850336    0.3785952806
  0.3812829256    0.3839475393    0.3865915060    0.3892149687    0.3918179750
  0.3944022894    0.3969673872    0.3995143652    0.4020438433    0.4045567751
  0.4070525885    0.4095329046    0.4119981527    0.4144482374    0.4168840647
  0.4193055391    0.4217135668    0.4241085768    0.4264908075    0.4288607359
  0.4312185526    0.4335646868    0.4358999014    0.4382240057    0.4405371904
  0.4428414583    0.4451348543    0.4474181414    0.4496931791    0.4519591570
  0.4542162180    0.4564652205    0.4587052107    0.4609374762    0.4631627321
  0.4653806448    0.4675913572    0.4697950602    0.4719918966    0.4741830587
  0.4763671637    0.4785469294    0.4807198763    0.4828872442    0.4850495577
  0.4872070074    0.4893592119    0.4915077925    0.4936507940    0.4957903147
  0.4979255438    0.5000569582    0.5021852255    0.5043099165    0.5064306021
  0.5085492849    0.5106641531    0.5127771616    0.5148874521    0.5169950247
  0.5191009760    0.5212043524    0.5233071089    0.5254073858    0.5275061846
  0.5296045065    0.5317013979    0.5337973833    0.5358929873    0.5379877329
  0.5400826216    0.5421766520    0.5442713499    0.5463666201    0.5484611273
  0.5505572081    0.5526543856    0.5547521353    0.5568505526    0.5589509249
  0.5610528708    0.5631562471    0.5652616262    0.5673693419    0.5694798231
  0.5715922117    0.5737077475    0.5758260012    0.5779477358    0.5800725698
  0.5822021723    0.5843343019    0.5864706278    0.5886124849    0.5907574892
  0.5929079294    0.5950635672    0.5972248793    0.5993912935    0.6015631437
  0.6037416697    0.6059280634    0.6081183195    0.6103171110    0.6125238180
  0.6147374868    0.6169601679    0.6191895247    0.6214280367    0.6236747026
  0.6259318590    0.6281985044    0.6304757357    0.6327633619    0.6350616693
  0.6373708010    0.6396910429    0.6420258284    0.6443708658    0.6467295885
  0.6491033316    0.6514895201    0.6538922071    0.6563091993    0.6587402105
  0.6611912012    0.6636564016    0.6661394358    0.6686414480    0.6711621523
  0.6737026930    0.6762619257    0.6788417101    0.6814450979    0.6840689898
  0.6867173910    0.6893898249    0.6920836210    0.6948063135    0.6975522757
  0.7003248930    0.7031257391    0.7059549570    0.7088132620    0.7116992712
  0.7146183252    0.7175674677    0.7205459356    0.7235591650    0.7266090631
  0.7296901941    0.7328063726    0.7359623194    0.7391563177    0.7423938513
  0.7456749201    0.7490051985    0.7523876429    0.7558288813    0.7593353510
  0.7629127741    0.7665724993    0.7703258276    0.7741886377    0.7781727076
  0.7822941542    0.7865752459    0.7910431147    0.7957138300    0.7999999762
  0.8000000000    0.8000000000    0.8000000000    0.8000000000    0.8000000000
  0.8000000000    0.8000000000    0.8000000000    0.8000000000    0.8000000000
  0.8000000000    0.8000000000    0.8000000000    0.8000000000    0.8000000000
  0.8000000000    0.8000000000    0.8000000000    0.8000000000    0.8000000000
  0.8000000000    0.8000000000    0.8000000000    0.8000000000    0.8000000000
  0.8000000000    0.8000000000    0.8000000000    0.8000000000    0.8000000000
  0.8000000000    0.8000000000    0.8000000000    0.8000000000    0.8000000000
  0.8000000000    0.8000000000    0.8000000000    0.8000000000    0.8000000000
  0.8000000000    0.8000000000    0.8000000000    0.8000000000    0.8000000000
  0.8000000000    0.8000000000    0.8000000000    0.8000000000    0.8000000000
  0.8000000000    0.8000000000    0.8000000000    0.8000000000    0.8000000000
  0.8000000000    0.8000000000    0.8000000000    0.8000000000    0.8000000000
  0.8000000000    0.8000000000    0.8000000000    0.8000000000    0.8000000000
  0.0000000238    0.0159009695    0.0315023184    0.0465550184    0.0608891249
  0.0744163752    0.0871155500    0.0990082502    0.1101428747    0.1205788374
  0.1303789377    0.1396044970    0.1483121634    0.1565530539    0.1643740416
  0.1718143702    0.1789118052    0.1856965780    0.1921978712    0.1984402418
  0.2044452429    0.2102329969    0.2158202410    0.2212222338    0.2264533281
  0.2315262556    0.2364513159    0.2412394762    0.2458988428    0.2504385710
  0.2548657656    0.2591875315    0.2634102106    0.2675397158    0.2715808630
  0.2755386114    0.2794175863    0.2832219839    0.2869563341    0.2906230688
  0.2942254782    0.2977674246    0.3012517691    0.3046812296    0.3080577135
  0.3113836527    0.3146618605    0.3178938150    0.3210814714    0.3242279291
  0.3273330450    0.3303991079    0.3334282637    0.3364218950    0.3393802881
  0.3423058748    0.3451998949    0.3480629206    0.3508960485    0.3537009478
  0.3564780474    0.3592288256    0.3619536161    0.3646538973    0.3673304796
  0.3699835539    0.3726144075    0.3752238035    0.3778124094    0.3803802252
  0.3829285860    0.3854585409    0.3879689455    0.3904627085    0.3929385900
  0.3953982115    0.3978414774    0.4002683401    0.4026808500    0.4050783873
  0.4074612856    0.4098304987    0.4121864557    0.4145289183    0.4168587923
  0.4191764116    0.4214820623    0.4237761259    0.4260588408    0.4283310175
  0.4305924654    0.4328428030    0.4350845575    0.4373151541    0.4395370722
  0.4417494535    0.4439535379    0.4461490870    0.4483361959    0.4505151033
  0.4526855230    0.4548491240    0.4570056200    0.4591546297    0.4612968683
  0.4634324312    0.4655609846    0.4676842451    0.4698007822    0.4719117880
  0.4740167856    0.4761170149    0.4782110453    0.4803010225    0.4823854685
  0.4844656229    0.4865409613    0.4886121988    0.4906793356    0.4927429914
  0.4948022604    0.4968577147    0.4989104509    0.5009589911    0.5030054331
  0.5050483465    0.5070893049    0.5091263533    0.5111615419    0.5131944418
  0.5152250528    0.5172544718    0.5192811728    0.5213058233    0.5233307600
  0.5253526926    0.5273740530    0.5293944120    0.5314132452    0.5334325552
  0.5354499578    0.5374678850    0.5394853354    0.5415023088    0.5435198545
  0.5455383539    0.5475555182    0.5495741606    0.5515932798    0.5536138773
  0.5556345224    0.5576570272    0.5596814394    0.5617062807    0.5637334585
  0.5657624006    0.5677926779    0.5698256731    0.5718608141    0.5738998652
  0.5759402037    0.5779843569    0.5800310373    0.5820814371    0.5841356039
  0.5861925364    0.5882553339    0.5903203249    0.5923905611    0.5944651365
  0.5965447664    0.5986294985    0.6007195711    0.6028136492    0.6049151659
  0.6070225954    0.6091359854    0.6112555265    0.6133825064    0.6155163527
  0.6176569700    0.6198054552    0.6219625235    0.6241276979    0.6263015985
  0.6284837008    0.6306742907    0.6328756571    0.6350859880    0.6373076200
  0.6395399332    0.6417839766    0.6440375090    0.6463043928    0.6485820532
  0.6508741617    0.6531786203    0.6554974794    0.6578301191    0.6601759672
  0.6625393629    0.6649158239    0.6673112154    0.6697221041    0.6721502066
  0.6745958567    0.6770618677    0.6795447111    0.6820486784    0.6845725298
  0.6871177435    0.6896850348    0.6922754049    0.6948891401    0.6975246191
  0.7001853704    0.7028701544    0.7055816412    0.7083210230    0.7110858679
  0.7138801813    0.7167015314    0.7195499182    0.7224315882    0.7253398657
  0.7282825708    0.7312564611    0.7342643499    0.7373042822    0.7403846979
  0.7435001612    0.7466548681    0.7498561621    0.7531036139    0.7564006567
  0.7597576380    0.7631775141    0.7666656256    0.7702354193    0.7738983870
  0.7776642084    0.7815475702    0.7855652094    0.7897323370    0.7940796137
  0.7986178637    0.7999999762    0.8000000000    0.8000000000    0.8000000000
  0.8000000000    0.8000000000    0.8000000000    0.8000000000    0.8000000000
  0.8000000000    0.8000000000    0.8000000000    0.8000000000    0.8000000000
  0.8000000000    0.8000000000    0.8000000000    0.8000000000    0.8000000000
  0.8000000000    0.8000000000    0.8000000000    0.8000000000    0.8000000000
  0.8000000000    0.8000000000    0.8000000000    0.8000000000    0.8000000000
  0.8000000000    0.8000000000    0.8000000000    0.8000000000    0.8000000000
  0.8000000000    0.8000000000    0.8000000000    0.8000000000    0.8000000000
  0.8000000000    0.8000000000    0.8000000000    0.8000000000    0.8000000000
  0.8000000000    0.8000000000    0.8000000000    0.8000000000    0.8000000000
  0.8000000000    0.8000000000    0.8000000000    0.8000000000    0.8000000000
  0.0000000238    0.0145840883    0.0289398432    0.0428711176    0.0562355757
  0.0689479589    0.0809736013    0.0923153162    0.1029999018    0.1130680323
  0.1225655794    0.1315397978    0.1400377035    0.1481014490    0.1557707548
  0.1630816698    0.1700656176    0.1767514467    0.1831647158    0.1893286943
  0.1952627420    0.2009857893    0.2065134764    0.2118610144    0.2170407534
  0.2220655203    0.2269458055    0.2316909075    0.2363099337    0.2408105135
  0.2452001333    0.2494857073    0.2536734343    0.2577678442    0.2617755651
  0.2657007456    0.2695472956    0.2733200312    0.2770227671    0.2806585073
  0.2842305422    0.2877419233    0.2911962271    0.2945955515    0.2979416609
  0.3012382746    0.3044863462    0.3076891184    0.3108473063    0.3139634371
  0.3170386076    0.3200755835    0.3230747938    0.3260381937    0.3289672136
  0.3318625212    0.3347259283    0.3375592470    0.3403617620    0.3431362867
  0.3458832979    0.3486030817    0.3512971640    0.3539663553    0.3566115618
  0.3592334986    0.3618323088    0.3644099474    0.3669664621    0.3695025206
  0.3720181227    0.3745150805    0.3769932985    0.3794534445    0.3818965197
  0.3843224764    0.3867317915    0.3891249895    0.3915029764    0.3938662291
  0.3962146044    0.3985490084    0.4008692980    0.4031764269    0.4054701090
  0.4077518225    0.4100213766    0.4122784376    0.4145239592    0.4167587042
  0.4189824343    0.4211954355    0.4233978987    0.4255906820    0.4277734995
  0.4299470186    0.4321115732    0.4342667818    0.4364134073    0.4385510683
  0.4406816244    0.4428031206    0.4449178457    0.4470243692    0.4491239309
  0.4512161970    0.4533012629    0.4553803682    0.4574525595    0.4595185518
  0.4615784883    0.4636329889    0.4656806231    0.4677230597    0.4697609663
  0.4717933893    0.4738204718    0.4758432627    0.4778609514    0.4798740149
  0.4818826914    0.4838874578    0.4858884573    0.4878852129    0.4898788691
  0.4918679953    0.4938546419    0.4958368540    0.4978172541    0.4997938395
  0.5017672300    0.5037389517    0.5057075262    0.5076735735    0.5096380949
  0.5115996122    0.5135602236    0.5155184507    0.5174742937    0.5194298029
  0.5213830233    0.5233344793    0.5252861261    0.5272356272    0.5291848421
  0.5311333895    0.5330802679    0.5350279093    0.5369749308    0.5389212847
  0.5408674955    0.5428144693    0.5447608232    0.5467084169    0.5486559153
  0.5506036997    0.5525527239    0.5545029402    0.5564534903    0.5584061861
  0.5603586912    0.5623137236    0.5642708063    0.5662290335    0.5681893110
  0.5701520205    0.5721162081    0.5740828276    0.5760526419    0.5780252218
  0.5800000906    0.5819785357    0.5839604616    0.5859450102    0.5879338503
  0.5899260283    0.5919219732    0.5939233541    0.5959279299    0.5979369402
  0.5999511480    0.6019705057    0.6039949656    0.6060243845    0.6080596209
  0.6101017714    0.6121490717    0.6142019033    0.6162617922    0.6183286905
  0.6204020262    0.6224829435    0.6245722055    0.6266688108    0.6287730455
  0.6308876753    0.6330084562    0.6351393461    0.6372798204    0.6394304514
  0.6415907145    0.6437612295    0.6459418535    0.6481352091    0.6503382921
  0.6525548697    0.6547827959    0.6570242167    0.6592777014    0.6615464926
  0.6638281107    0.6661246061    0.6684352636    0.6707629442    0.6731065989
  0.6754674196    0.6778443575    0.6802382231    0.6826520205    0.6850832224
  0.6875358820    0.6900066614    0.6924988031    0.6950116396    0.6975471735
  0.7001032114    0.7026824713    0.7052877665    0.7079170465    0.7105701685
  0.7132472754    0.7159530878    0.7186851740    0.7214408636    0.7242298365
  0.7270431280    0.7298881769    0.7327625513    0.7356674433    0.7386016607
  0.7415710211    0.7445781946    0.7476184607    0.7506999731    0.7538231134
  0.7569907904    0.7602115870    0.7634861708    0.7668212652    0.7702269793
  0.7737140894    0.7772865534    0.7809605360    0.7847472906    0.7886688471
  0.7927322626    0.7969605207    0.7999999762    0.8000000000    0.8000000000
  0.8000000000    0.8000000000    0.8000000000    0.8000000000    0.8000000000
  0.8000000000    0.8000000000    0.8000000000    0.8000000000    0.8000000000
  0.8000000000    0.8000000000    0.8000000000    0.8000000000    0.8000000000
  0.8000000000    0.8000000000    0.8000000000    0.8000000000    0.8000000000
  0.8000000000    0.8000000000    0.8000000000    0.8000000000    0.8000000000
  0.8000000000    0.8000000000    0.8000000000    0.8000000000    0.8000000000
  0.8000000000    0.8000000000    0.8000000000    0.8000000000    0.8000000000
  0.8000000000    0.8000000000    0.8000000000    0.8000000000    0.8000000000
  0.0000000238    0.0134314775    0.0266868830    0.0396112680    0.0520859003
  0.0640326262    0.0754115343    0.0862123251    0.0964465380    0.1061400652
  0.1153249025    0.1240375280    0.1323142290    0.1401898623    0.1476979494
  0.1548695326    0.1617321253    0.1683114767    0.1746300459    0.1807090998
  0.1865669012    0.1922205687    0.1976846457    0.2029740095    0.2081003904
  0.2130748034    0.2179077387    0.2226082087    0.2271842718    0.2316445589
  0.2359956503    0.2402442694    0.2443958521    0.2484559774    0.2524292231
  0.2563215971    0.2601362944    0.2638773203    0.2675484896    0.2711539507
  0.2746957541    0.2781774759    0.2816026449    0.2849720716    0.2882894754
  0.2915570974    0.2947766066    0.2979506731    0.3010804892    0.3041680098
  0.3072154760    0.3102238894    0.3131948233    0.3161302805    0.3190310240
  0.3218977690    0.3247334719    0.3275376081    0.3303123236    0.3330582380
  0.3357762098    0.3384672403    0.3411328077    0.3437725782    0.3463891745
  0.3489815474    0.3515516996    0.3540991068    0.3566262484    0.3591325521
  0.3616186857    0.3640852690    0.3665333509    0.3689635515    0.3713752508
  0.3737706423    0.3761490583    0.3785115957    0.3808580160    0.3831899881
  0.3855061769    0.3878086805    0.3900973082    0.3923718691    0.3946332216
  0.3968817949    0.3991184473    0.4013423681    0.4035543680    0.4057553530
  0.4079450369    0.4101242781    0.4122921228    0.4144500494    0.4165976763
  0.4187363863    0.4208647013    0.4229845285    0.4250943899    0.4271961927
  0.4292901278    0.4313746691    0.4334517241    0.4355203390    0.4375817537
  0.4396356821    0.4416832209    0.4437224627    0.4457556963    0.4477820158
  0.4498015165    0.4518159151    0.4538232565    0.4558241606    0.4578209162
  0.4598109484    0.4617960215    0.4637756109    0.4657499075    0.4677194834
  0.4696844816    0.4716449976    0.4736005545    0.4755522490    0.4774992704
  0.4794425726    0.4813818216    0.4833175421    0.4852498770    0.4871783018
  0.4891029119    0.4910253286    0.4929440737    0.4948591948    0.4967727900
  0.4986823320    0.5005904436    0.5024956465    0.5043985128    0.5062989950
  0.5081972837    0.5100942850    0.5119890928    0.5138821840    0.5157731771
  0.5176630735    0.5195513487    0.5214385748    0.5233252287    0.5252103567
  0.5270944834    0.5289781332    0.5308603048    0.5327429533    0.5346246481
  0.5365058661    0.5383880854    0.5402688742    0.5421501875    0.5440315485
  0.5459129095    0.5477952719    0.5496785402    0.5515609503    0.5534456491
  0.5553308725    0.5572174311    0.5591039896    0.5609923601    0.5628825426
  0.5647744417    0.5666681051    0.5685626268    0.5704605818    0.5723593473
  0.5742614985    0.5761648417    0.5780706644    0.5799802542    0.5818921804
  0.5838073969    0.5857249022    0.5876459837    0.5895705938    0.5914995909
  0.5934319735    0.5953673124    0.5973081350    0.5992522001    0.6012020826
  0.6031550646    0.6051141024    0.6070769548    0.6090470552    0.6110207796
  0.6130007029    0.6149862528    0.6169786215    0.6189764738    0.6209813356
  0.6229919195    0.6250109434    0.6270375013    0.6290694952    0.6311115980
  0.6331605196    0.6352164507    0.6372834444    0.6393575907    0.6414412260
  0.6435353994    0.6456387758    0.6477511644    0.6498751879    0.6520098448
  0.6541566133    0.6563128710    0.6584815741    0.6606644869    0.6628590345
  0.6650665998    0.6672868967    0.6695212603    0.6717720747    0.6740368128
  0.6763148546    0.6786112070    0.6809232473    0.6832511663    0.6855978727
  0.6879631281    0.6903454065    0.6927469492    0.6951685190    0.6976093054
  0.7000736475    0.7025552988    0.7050621271    0.7075889826    0.7101375341
  0.7127140284    0.7153083563    0.7179305792    0.7205810785    0.7232509375
  0.7259506464    0.7286773920    0.7314285040    0.7342094183    0.7370189428
  0.7398566961    0.7427284479    0.7456284285    0.7485625505    0.7515354395
  0.7545437098    0.7575958490    0.7606880426    0.7638320684    0.7670287848
  0.7702900171    0.7736144781    0.7770203352    0.7805103540    0.7840942144
  0.7877960443    0.7916168451    0.7955795527    0.7996978521    0.7999999762
  0.8000000000    0.8000000000    0.8000000000    0.8000000000    0.8000000000
  0.8000000000    0.8000000000    0.8000000000    0.8000000000    0.8000000000
  0.8000000000    0.8000000000    0.8000000000    0.8000000000    0.8000000000
  0.8000000000    0.8000000000    0.8000000000    0.8000000000    0.8000000000
  0.8000000000    0.8000000000    0.8000000000    0.8000000000    0.8000000000
  0.8000000000    0.8000000000    0.8000000000    0.8000000000    0.8000000000
  0.0000000238    0.0124168634    0.0246964693    0.0367159128    0.0483763933
  0.0596086740    0.0703707457    0.0806462049    0.0904350996    0.0997521162
  0.1086190939    0.1170613527    0.1251077890    0.1327861547    0.1401242018
  0.1471476316    0.1538807154    0.1603455305    0.1665632010    0.1725517511
  0.1783278227    0.1839077234    0.1893049479    0.1945321798    0.1996009588
  0.2045222998    0.2093055964    0.2139593840    0.2184913874    0.2229098082
  0.2272210836    0.2314309835    0.2355454206    0.2395704031    0.2435097933
  0.2473687887    0.2511504412    0.2548599958    0.2585005522    0.2620754957
  0.2655874968    0.2690400839    0.2724354506    0.2757768393    0.2790654898
  0.2823054552    0.2854971647    0.2886431456    0.2917454004    0.2948056459
  0.2978255987    0.3008068800    0.3037509680    0.3066593409    0.3095326662
  0.3123734713    0.3151817560    0.3179586649    0.3207065344    0.3234251738
  0.3261161566    0.3287804365    0.3314189196    0.3340318918    0.3366206884
  0.3391861200    0.3417283773    0.3442487001    0.3467483759    0.3492263079
  0.3516848803    0.3541234732    0.3565438509    0.3589454412    0.3613292933
  0.3636959314    0.3660457850    0.3683799982    0.3706971884    0.3729995489
  0.3752875090    0.3775603056    0.3798188925    0.3820641756    0.3842959642
  0.3865146399    0.3887204409    0.3909143209    0.3930959940    0.3952657938
  0.3974244833    0.3995718241    0.4017091990    0.4038351774    0.4059517145
  0.4080572844    0.4101538897    0.4122405767    0.4143186808    0.4163873434
  0.4184478045    0.4204986334    0.4225422144    0.4245776415    0.4266050577
  0.4286241293    0.4306365728    0.4326410532    0.4346397638    0.4366301775
  0.4386141062    0.4405916452    0.4425629377    0.4445276022    0.4464867830
  0.4484400988    0.4503876448    0.4523290396    0.4542653799    0.4561958075
  0.4581224680    0.4600434065    0.4619597197    0.4638710260    0.4657783747
  0.4676809072    0.4695786238    0.4714727163    0.4733626604    0.4752485991
  0.4771311045    0.4790097475    0.4808845282    0.4827566385    0.4846260309
  0.4864907503    0.4883529425    0.4902121305    0.4920693159    0.4939226389
  0.4957741022    0.4976227045    0.4994690657    0.5013132334    0.5031546354
  0.5049944639    0.5068320990    0.5086686850    0.5105032206    0.5123357058
  0.5141671896    0.5159967184    0.5178252459    0.5196523905    0.5214790583
  0.5233038664    0.5251282930    0.5269518137    0.5287744761    0.5305968046
  0.5324182749    0.5342394114    0.5360611200    0.5378820658    0.5397031069
  0.5415238619    0.5433447123    0.5451662302    0.5469878435    0.5488100767
  0.5506333113    0.5524567366    0.5542806864    0.5561065912    0.5579321623
  0.5597596407    0.5615880728    0.5634184122    0.5652501345    0.5670827627
  0.5689176798    0.5707548380    0.5725937128    0.5744334459    0.5762766600
  0.5781224012    0.5799702406    0.5818205595    0.5836733580    0.5855298758
  0.5873891592    0.5892512083    0.5911168814    0.5929860830    0.5948587656
  0.5967348337    0.5986160517    0.6005001307    0.6023879290    0.6042810678
  0.6061782122    0.6080809355    0.6099875689    0.6119004488    0.6138175249
  0.6157411337    0.6176691771    0.6196039915    0.6215451479    0.6234908342
  0.6254442930    0.6274046183    0.6293708086    0.6313452959    0.6333263159
  0.6353165388    0.6373138666    0.6393186331    0.6413309813    0.6433544874
  0.6453858137    0.6474259615    0.6494755507    0.6515345335    0.6536050081
  0.6556849241    0.6577768087    0.6598780870    0.6619921923    0.6641184092
  0.6662562132    0.6684069395    0.6705699682    0.6727473974    0.6749385118
  0.6771457911    0.6793659449    0.6816005945    0.6838524103    0.6861174345
  0.6884012938    0.6907036066    0.6930211782    0.6953580141    0.6977119207
  0.7000866175    0.7024783850    0.7048943758    0.7073284388    0.7097833872
  0.7122608423    0.7147578955    0.7172821283    0.7198249578    0.7223945856
  0.7249862432    0.7276031733    0.7302444220    0.7329120874    0.7356048346
  0.7383263350    0.7410728216    0.7438495398    0.7466556787    0.7494910479
  0.7523609877    0.7552634478    0.7582039595    0.7611850977    0.7642085791
  0.7672821283    0.7704086542    0.7735912085    0.7768417120    0.7801699877
  0.7835797071    0.7870849848    0.7906967402    0.7944275618    0.7982909441
  0.7999999762    0.8000000000    0.8000000000    0.8000000000    0.8000000000
  0.8000000000    0.8000000000    0.8000000000    0.8000000000    0.8000000000
  0.8000000000    0.8000000000    0.8000000000    0.8000000000    0.8000000000
  0.8000000000    0.8000000000    0.8000000000    0.8000000000    0.8000000000
  0.0000000238    0.0115190268    0.0229301214    0.0341347933    0.0450514555
  0.0556193113    0.0657983541    0.0755671740    0.0849207163    0.0938636065
  0.1024091005    0.1105763674    0.1183859110    0.1258592844    0.1330193758
  0.1398870230    0.1464839697    0.1528280973    0.1589380980    0.1648305178
  0.1705203295    0.1760211706    0.1813466787    0.1865086317    0.1915170431
  0.1963823080    0.2011126280    0.2057173014    0.2102036238    0.2145782709
  0.2188479185    0.2230187654    0.2270952463    0.2310832739    0.2349876165
  0.2388128042    0.2425618410    0.2462397337    0.2498489618    0.2533927679
  0.2568756342    0.2602985144    0.2636655092    0.2669784784    0.2702392340
  0.2734513044    0.2766155005    0.2797344923    0.2828100920    0.2858441591
  0.2888376951    0.2917922735    0.2947106600    0.2975929976    0.3004400015
  0.3032548189    0.3060374022    0.3087888956    0.3115109682    0.3142034769
  0.3168692350    0.3195073366    0.3221198797    0.3247071028    0.3272703886
  0.3298094034    0.3323266268    0.3348209620    0.3372942686    0.3397460699
  0.3421787024    0.3445915937    0.3469847441    0.3493598700    0.3517180681
  0.3540580511    0.3563809633    0.3586883783    0.3609790087    0.3632544279
  0.3655144930    0.3677602053    0.3699918985    0.3722093821    0.3744135618
  0.3766042471    0.3787822962    0.3809480906    0.3831018209    0.3852433443
  0.3873734236    0.3894923925    0.3916004896    0.3936979532    0.3957844973
  0.3978614569    0.3999285460    0.4019853830    0.4040338755    0.4060725451
  0.4081022024    0.4101235151    0.4121361971    0.4141403913    0.4161362886
  0.4181246042    0.4201054811    0.4220785856    0.4240445852    0.4260030985
  0.4279547453    0.4299003363    0.4318388224    0.4337703943    0.4356962442
  0.4376158953    0.4395295858    0.4414373159    0.4433387518    0.4452355623
  0.4471267939    0.4490125418    0.4508934736    0.4527695894    0.4546400309
  0.4565064669    0.4583678484    0.4602247953    0.4620780230    0.4639264345
  0.4657706976    0.4676119089    0.4694480658    0.4712812662    0.4731101274
  0.4749366999    0.4767584562    0.4785775423    0.4803940535    0.4822058916
  0.4840157747    0.4858231783    0.4876271963    0.4894287825    0.4912270784
  0.4930235624    0.4948173285    0.4966089010    0.4983978033    0.5001855612
  0.5019712210    0.5037543535    0.5055363894    0.5073159933    0.5090950727
  0.5108711958    0.5126464128    0.5144202471    0.5161936522    0.5179651976
  0.5197358370    0.5215051889    0.5232737303    0.5250414610    0.5268088102
  0.5285753965    0.5303421736    0.5321076632    0.5338723898    0.5356377840
  0.5374029398    0.5391672850    0.5409332514    0.5426979780    0.5444633722
  0.5462289572    0.5479947329    0.5497611284    0.5515286684    0.5532958269
  0.5550659418    0.5568343401    0.5586051702    0.5603770494    0.5621503592
  0.5639242411    0.5656999826    0.5674775839    0.5692570448    0.5710374117
  0.5728199720    0.5746039152    0.5763900042    0.5781786680    0.5799703360
  0.5817636728    0.5835598707    0.5853581190    0.5871592283    0.5889635801
  0.5907715559    0.5925813913    0.5943951845    0.5962125063    0.5980332136
  0.5998577833    0.6016865492    0.6035181761    0.6053538561    0.6071960688
  0.6090405703    0.6108906507    0.6127441168    0.6146046877    0.6164689302
  0.6183388948    0.6202131987    0.6220938444    0.6239816427    0.6258747339
  0.6277727365    0.6296775103    0.6315894365    0.6335091829    0.6354341745
  0.6373668432    0.6393085718    0.6412561178    0.6432116747    0.6451771975
  0.6471501112    0.6491314650    0.6511223555    0.6531210661    0.6551308870
  0.6571494341    0.6591788054    0.6612192392    0.6632686377    0.6653318644
  0.6674047709    0.6694892168    0.6715872049    0.6736974001    0.6758196115
  0.6779555082    0.6801044226    0.6822691202    0.6844490290    0.6866404772
  0.6888498545    0.6910735846    0.6933139563    0.6955738783    0.6978461981
  0.7001392126    0.7024490118    0.7047806025    0.7071285486    0.7094957113
  0.7118827581    0.7142913580    0.7167186499    0.7191704035    0.7216422796
  0.7241363287    0.7266533136    0.7291927099    0.7317569971    0.7343433142
  0.7369533300    0.7395904303    0.7422523260    0.7449428797    0.7476581335
  0.7504028082    0.7531764746    0.7559814215    0.7588222265    0.7616980791
  0.7646133661    0.7675694227    0.7705742121    0.7736309767    0.7767451525
  0.7799255610    0.7831768751    0.7865096807    0.7899368048    0.7934646368
  0.7971099138    0.7999999762    0.8000000000    0.8000000000    0.8000000000
  0.8000000000    0.8000000000    0.8000000000    0.8000000000    0.8000000000
