  0.0000000000    0.0036000000
  0.0000500000    0.0006000000    299    19
  0.0008367428    0.0008320213    0.0008237374    0.0008146807    0.0008053207
  0.0007958006    0.0007861853    0.0007765096    0.0007667875    0.0007570349
  0.0007472602    0.0007374651    0.0007276570    0.0007178398    0.0007080115
  0.0006981786    0.0006883393    0.0006784973    0.0006686507    0.0006588010
  0.0006489495    0.0006390952    0.0006292401    0.0006193836    0.0006095233
  0.0005996667    0.0005898050    0.0005799416    0.0005700779    0.0005602136
  0.0005503466    0.0005404753    0.0005306055    0.0005207304    0.0005108546
  0.0005009752    0.0004910900    0.0004812019    0.0004713103    0.0004614178
  0.0004515169    0.0004416138    0.0004317073    0.0004217987    0.0004118861
  0.0004019767    0.0003920640    0.0003821552    0.0003722504    0.0003623531
  0.0003524700    0.0003426033    0.0003327538    0.0003229377    0.0003131536
  0.0003034057    0.0002937068    0.0002840598    0.0002744634    0.0002649159
  0.0002554150    0.0002459403    0.0002364720    0.0002269731    0.0002174004
  0.0002076847    0.0001977433    0.0001874711    0.0001767326    0.0001653607
  0.0001531095    0.0001396022    0.0001308250    0.0001308251    0.0001308251
  0.0001308251    0.0001308251    0.0001308251    0.0001308251    0.0001308251
  0.0001308251    0.0001308251    0.0001308251    0.0001308251    0.0001308251
  0.0001308251    0.0001308251    0.0001308251    0.0001308251    0.0001308251
  0.0001308251    0.0001308251    0.0001308251    0.0001308251    0.0001308251
  0.0001308251    0.0001308251    0.0001308251    0.0001308251    0.0001308251
  0.0001308251    0.0001308251    0.0001308251    0.0001308251    0.0001308251
  0.0001308251    0.0001308251    0.0001308251    0.0001308251    0.0001308251
  0.0001308251    0.0001308251    0.0001308251    0.0001308251    0.0001308251
  0.0001308251    0.0001308251    0.0001308251    0.0001308251    0.0001308251
  0.0001308251    0.0001308251    0.0001308251    0.0001308251    0.0001308251
  0.0001308251    0.0001308251    0.0001308251    0.0001308251    0.0001308251
  0.0001308251    0.0001308251    0.0001308251    0.0001308251    0.0001308251
  0.0001308251    0.0001308251    0.0001308251    0.0001308251    0.0001308251
  0.0001308251    0.0001308251    0.0001308251    0.0001308251    0.0001308251
  0.0001308251    0.0001308251    0.0001308251    0.0001308251    0.0001308251
  0.0001308251    0.0001308251    0.0001308251    0.0001308251    0.0001308251
  0.0001308251    0.0001308251    0.0001308251    0.0001308251    0.0001308251
  0.0001308251    0.0001308251    0.0001308251    0.0001308251    0.0001308251
  0.0001308251    0.0001308251    0.0001308251    0.0001308251    0.0001308251
  0.0001308251    0.0001308251    0.0001308251    0.0001308251    0.0001308251
  0.0001308251    0.0001308251    0.0001308251    0.0001308251    0.0001308251
  0.0001308251    0.0001308251    0.0001308251    0.0001308251    0.0001308251
  0.0001308251    0.0001308251    0.0001308251    0.0001308251    0.0001308251
  0.0001308251    0.0001308251    0.0001308251    0.0001308251    0.0001308251
  0.0001308251    0.0001308251    0.0001308251    0.0001308251    0.0001308251
  0.0001308251    0.0001308251    0.0001308251    0.0001308251    0.0001308251
  0.0001308251    0.0001308251    0.0001308251    0.0001308251    0.0001308251
  0.0001308251    0.0001308251    0.0001308251    0.0001308251    0.0001308251
  0.0001308251    0.0001308251    0.0001308251    0.0001308251    0.0001308251
  0.0001308251    0.0001308251    0.0001308251    0.0001308251    0.0001308251
  0.0001308251    0.0001308251    0.0001308251    0.0001308251    0.0001308251
  0.0001308251    0.0001308251    0.0001308251    0.0001308251    0.0001308251
  0.0001308251    0.0001308251    0.0001308251    0.0001308251    0.0001308251
  0.0001308251    0.0001308251    0.0001308251    0.0001308251    0.0001308251
  0.0001308251    0.0001308251    0.0001308251    0.0001308251    0.0001308251
  0.0001308251    0.0001308251    0.0001308251    0.0001308251    0.0001308251
  0.0001308251    0.0001308251    0.0001308251    0.0001308251    0.0001308251
  0.0001308251    0.0001308251    0.0001308251    0.0001308251    0.0001308251
  0.0001308251    0.0001308251    0.0001308251    0.0001308251    0.0001308251
  0.0001308251    0.0001308251    0.0001308251    0.0001308251    0.0001308251
  0.0001308251    0.0001308251    0.0001308251    0.0001308251    0.0001308251
  0.0001308251    0.0001308251    0.0001308251    0.0001308251    0.0001308251
  0.0001308251    0.0001308251    0.0001308251    0.0001308251    0.0001308251
  0.0001308251    0.0001308251    0.0001308251    0.0001308251    0.0001308251
  0.0001308251    0.0001308251    0.0001308251    0.0001308251    0.0001308251
  0.0009762331    0.0009722297    0.0009645429    0.0009558632    0.0009467833
  0.0009374904    0.0009280642    0.0009185468    0.0009089735    0.0008993509
  0.0008896923    0.0008800036    0.0008702971    0.0008605713    0.0008508313
  0.0008410818    0.0008313212    0.0008215509    0.0008117758    0.0008019942
  0.0007922108    0.0007824242    0.0007726332    0.0007628369    0.0007530431
  0.0007432452    0.0007334455    0.0007236467    0.0007138429    0.0007040398
  0.0006942351    0.0006844294    0.0006746235    0.0006648134    0.0006550055
  0.0006451966    0.0006353814    0.0006255671    0.0006157495    0.0006059334
  0.0005961091    0.0005862847    0.0005764536    0.0005666162    0.0005567820
  0.0005469378    0.0005370878    0.0005272350    0.0005173730    0.0005075079
  0.0004976351    0.0004877566    0.0004778701    0.0004679809    0.0004580805
  0.0004481750    0.0004382695    0.0004283579    0.0004184421    0.0004085283
  0.0003986170    0.0003887156    0.0003788189    0.0003689368    0.0003590747
  0.0003492415    0.0003394364    0.0003296652    0.0003199339    0.0003102427
  0.0003005951    0.0002909830    0.0002813932    0.0002718074    0.0002621971
  0.0002525315    0.0002427378    0.0002327685    0.0002225176    0.0002118872
  0.0002007282    0.0001888792    0.0001760975    0.0001620276    0.0001566220
  0.0001566221    0.0001566221    0.0001566221    0.0001566221    0.0001566221
  0.0001566221    0.0001566221    0.0001566221    0.0001566221    0.0001566221
  0.0001566221    0.0001566221    0.0001566221    0.0001566221    0.0001566221
  0.0001566221    0.0001566221    0.0001566221    0.0001566221    0.0001566221
  0.0001566221    0.0001566221    0.0001566221    0.0001566221    0.0001566221
  0.0001566221    0.0001566221    0.0001566221    0.0001566221    0.0001566221
  0.0001566221    0.0001566221    0.0001566221    0.0001566221    0.0001566221
  0.0001566221    0.0001566221    0.0001566221    0.0001566221    0.0001566221
  0.0001566221    0.0001566221    0.0001566221    0.0001566221    0.0001566221
  0.0001566221    0.0001566221    0.0001566221    0.0001566221    0.0001566221
  0.0001566221    0.0001566221    0.0001566221    0.0001566221    0.0001566221
  0.0001566221    0.0001566221    0.0001566221    0.0001566221    0.0001566221
  0.0001566221    0.0001566221    0.0001566221    0.0001566221    0.0001566221
  0.0001566221    0.0001566221    0.0001566221    0.0001566221    0.0001566221
  0.0001566221    0.0001566221    0.0001566221    0.0001566221    0.0001566221
  0.0001566221    0.0001566221    0.0001566221    0.0001566221    0.0001566221
  0.0001566221    0.0001566221    0.0001566221    0.0001566221    0.0001566221
  0.0001566221    0.0001566221    0.0001566221    0.0001566221    0.0001566221
  0.0001566221    0.0001566221    0.0001566221    0.0001566221    0.0001566221
  0.0001566221    0.0001566221    0.0001566221    0.0001566221    0.0001566221
  0.0001566221    0.0001566221    0.0001566221    0.0001566221    0.0001566221
  0.0001566221    0.0001566221    0.0001566221    0.0001566221    0.0001566221
  0.0001566221    0.0001566221    0.0001566221    0.0001566221    0.0001566221
  0.0001566221    0.0001566221    0.0001566221    0.0001566221    0.0001566221
  0.0001566221    0.0001566221    0.0001566221    0.0001566221    0.0001566221
  0.0001566221    0.0001566221    0.0001566221    0.0001566221    0.0001566221
  0.0001566221    0.0001566221    0.0001566221    0.0001566221    0.0001566221
  0.0001566221    0.0001566221    0.0001566221    0.0001566221    0.0001566221
  0.0001566221    0.0001566221    0.0001566221    0.0001566221    0.0001566221
  0.0001566221    0.0001566221    0.0001566221    0.0001566221    0.0001566221
  0.0001566221    0.0001566221    0.0001566221    0.0001566221    0.0001566221
  0.0001566221    0.0001566221    0.0001566221    0.0001566221    0.0001566221
  0.0001566221    0.0001566221    0.0001566221    0.0001566221    0.0001566221
  0.0001566221    0.0001566221    0.0001566221    0.0001566221    0.0001566221
  0.0001566221    0.0001566221    0.0001566221    0.0001566221    0.0001566221
  0.0001566221    0.0001566221    0.0001566221    0.0001566221    0.0001566221
  0.0001566221    0.0001566221    0.0001566221    0.0001566221    0.0001566221
  0.0001566221    0.0001566221    0.0001566221    0.0001566221    0.0001566221
  0.0001566221    0.0001566221    0.0001566221    0.0001566221    0.0001566221
  0.0001566221    0.0001566221    0.0001566221    0.0001566221    0.0001566221
  0.0001566221    0.0001566221    0.0001566221    0.0001566221    0.0001566221
  0.0001566221    0.0001566221    0.0001566221    0.0001566221    0.0001566221
  0.0001566221    0.0001566221    0.0001566221    0.0001566221    0.0001566221
  0.0011146880    0.0011113041    0.0011042412    0.0010959742    0.0010871943
  0.0010781419    0.0010689222    0.0010595813    0.0010501614    0.0010406779
  0.0010311467    0.0010215797    0.0010119809    0.0010023544    0.0009927077
  0.0009830484    0.0009733690    0.0009636804    0.0009539827    0.0009442722
  0.0009345596    0.0009248378    0.0009151106    0.0009053780    0.0008956437
  0.0008859048    0.0008761648    0.0008664244    0.0008566775    0.0008469316
  0.0008371842    0.0008274362    0.0008176857    0.0008079371    0.0007981856
  0.0007884329    0.0007786806    0.0007689250    0.0007591709    0.0007494149
  0.0007396593    0.0007299015    0.0007201414    0.0007103823    0.0007006168
  0.0006908487    0.0006810817    0.0006713122    0.0006615373    0.0006517614
  0.0006419778    0.0006321939    0.0006224017    0.0006126047    0.0006028027
  0.0005929958    0.0005831806    0.0005733583    0.0005635267    0.0005536923
  0.0005438464    0.0005339891    0.0005241234    0.0005142521    0.0005043692
  0.0004944793    0.0004845819    0.0004746723    0.0004647584    0.0004548350
  0.0004449123    0.0004349876    0.0004250619    0.0004151389    0.0004052255
  0.0003953286    0.0003854439    0.0003755836    0.0003657440    0.0003559380
  0.0003461665    0.0003364233    0.0003267095    0.0003170156    0.0003073260
  0.0002976157    0.0002878526    0.0002779977    0.0002679830    0.0002577454
  0.0002471874    0.0002361941    0.0002246368    0.0002123389    0.0001990594
  0.0001844872    0.0001831021    0.0001831022    0.0001831022    0.0001831022
  0.0001831022    0.0001831022    0.0001831022    0.0001831022    0.0001831022
  0.0001831022    0.0001831022    0.0001831022    0.0001831022    0.0001831022
  0.0001831022    0.0001831022    0.0001831022    0.0001831022    0.0001831022
  0.0001831022    0.0001831022    0.0001831022    0.0001831022    0.0001831022
  0.0001831022    0.0001831022    0.0001831022    0.0001831022    0.0001831022
  0.0001831022    0.0001831022    0.0001831022    0.0001831022    0.0001831022
  0.0001831022    0.0001831022    0.0001831022    0.0001831022    0.0001831022
  0.0001831022    0.0001831022    0.0001831022    0.0001831022    0.0001831022
  0.0001831022    0.0001831022    0.0001831022    0.0001831022    0.0001831022
  0.0001831022    0.0001831022    0.0001831022    0.0001831022    0.0001831022
  0.0001831022    0.0001831022    0.0001831022    0.0001831022    0.0001831022
  0.0001831022    0.0001831022    0.0001831022    0.0001831022    0.0001831022
  0.0001831022    0.0001831022    0.0001831022    0.0001831022    0.0001831022
  0.0001831022    0.0001831022    0.0001831022    0.0001831022    0.0001831022
  0.0001831022    0.0001831022    0.0001831022    0.0001831022    0.0001831022
  0.0001831022    0.0001831022    0.0001831022    0.0001831022    0.0001831022
  0.0001831022    0.0001831022    0.0001831022    0.0001831022    0.0001831022
  0.0001831022    0.0001831022    0.0001831022    0.0001831022    0.0001831022
  0.0001831022    0.0001831022    0.0001831022    0.0001831022    0.0001831022
  0.0001831022    0.0001831022    0.0001831022    0.0001831022    0.0001831022
  0.0001831022    0.0001831022    0.0001831022    0.0001831022    0.0001831022
  0.0001831022    0.0001831022    0.0001831022    0.0001831022    0.0001831022
  0.0001831022    0.0001831022    0.0001831022    0.0001831022    0.0001831022
  0.0001831022    0.0001831022    0.0001831022    0.0001831022    0.0001831022
  0.0001831022    0.0001831022    0.0001831022    0.0001831022    0.0001831022
  0.0001831022    0.0001831022    0.0001831022    0.0001831022    0.0001831022
  0.0001831022    0.0001831022    0.0001831022    0.0001831022    0.0001831022
  0.0001831022    0.0001831022    0.0001831022    0.0001831022    0.0001831022
  0.0001831022    0.0001831022    0.0001831022    0.0001831022    0.0001831022
  0.0001831022    0.0001831022    0.0001831022    0.0001831022    0.0001831022
  0.0001831022    0.0001831022    0.0001831022    0.0001831022    0.0001831022
  0.0001831022    0.0001831022    0.0001831022    0.0001831022    0.0001831022
  0.0001831022    0.0001831022    0.0001831022    0.0001831022    0.0001831022
  0.0001831022    0.0001831022    0.0001831022    0.0001831022    0.0001831022
  0.0001831022    0.0001831022    0.0001831022    0.0001831022    0.0001831022
  0.0001831022    0.0001831022    0.0001831022    0.0001831022    0.0001831022
  0.0001831022    0.0001831022    0.0001831022    0.0001831022    0.0001831022
  0.0001831022    0.0001831022    0.0001831022    0.0001831022    0.0001831022
  0.0001831022    0.0001831022    0.0001831022    0.0001831022    0.0001831022
  0.0001831022    0.0001831022    0.0001831022    0.0001831022    0.0001831022
  0.0012521552    0.0012492937    0.0012428672    0.0012350457    0.0012265958
  0.0012178037    0.0012087958    0.0011996493    0.0011903917    0.0011810583
  0.0011716638    0.0011622194    0.0011527362    0.0011432212    0.0011336773
  0.0011241074    0.0011145227    0.0011049176    0.0010952991    0.0010856659
  0.0010760249    0.0010663748    0.0010567145    0.0010470467    0.0010373781
  0.0010277002    0.0010180157    0.0010083314    0.0009986426    0.0009889525
  0.0009792567    0.0009695619    0.0009598676    0.0009501664    0.0009404652
  0.0009307670    0.0009210652    0.0009113632    0.0009016577    0.0008919557
  0.0008822512    0.0008725478    0.0008628462    0.0008531379    0.0008434332
  0.0008337269    0.0008240175    0.0008143122    0.0008046009    0.0007948911
  0.0007851792    0.0007754670    0.0007657515    0.0007560351    0.0007463152
  0.0007365922    0.0007268663    0.0007171361    0.0007074026    0.0006976645
  0.0006879191    0.0006781705    0.0006684144    0.0006586598    0.0006488873
  0.0006391163    0.0006293348    0.0006195452    0.0006097439    0.0005999359
  0.0005901167    0.0005802865    0.0005704444    0.0005605919    0.0005507311
  0.0005408560    0.0005309701    0.0005210748    0.0005111665    0.0005012472
  0.0004913187    0.0004813803    0.0004714424    0.0004614984    0.0004515511
  0.0004416087    0.0004316712    0.0004217388    0.0004118254    0.0004019337
  0.0003920596    0.0003822118    0.0003723848    0.0003625806    0.0003527893
  0.0003430032    0.0003331999    0.0003233529    0.0003134220    0.0003033715
  0.0002931230    0.0002826185    0.0002717530    0.0002604125    0.0002484690
  0.0002357405    0.0002220131    0.0002101984    0.0002101986    0.0002101986
  0.0002101986    0.0002101986    0.0002101986    0.0002101986    0.0002101986
  0.0002101986    0.0002101986    0.0002101986    0.0002101986    0.0002101986
  0.0002101986    0.0002101986    0.0002101986    0.0002101986    0.0002101986
  0.0002101986    0.0002101986    0.0002101986    0.0002101986    0.0002101986
  0.0002101986    0.0002101986    0.0002101986    0.0002101986    0.0002101986
  0.0002101986    0.0002101986    0.0002101986    0.0002101986    0.0002101986
  0.0002101986    0.0002101986    0.0002101986    0.0002101986    0.0002101986
  0.0002101986    0.0002101986    0.0002101986    0.0002101986    0.0002101986
  0.0002101986    0.0002101986    0.0002101986    0.0002101986    0.0002101986
  0.0002101986    0.0002101986    0.0002101986    0.0002101986    0.0002101986
  0.0002101986    0.0002101986    0.0002101986    0.0002101986    0.0002101986
  0.0002101986    0.0002101986    0.0002101986    0.0002101986    0.0002101986
  0.0002101986    0.0002101986    0.0002101986    0.0002101986    0.0002101986
  0.0002101986    0.0002101986    0.0002101986    0.0002101986    0.0002101986
  0.0002101986    0.0002101986    0.0002101986    0.0002101986    0.0002101986
  0.0002101986    0.0002101986    0.0002101986    0.0002101986    0.0002101986
  0.0002101986    0.0002101986    0.0002101986    0.0002101986    0.0002101986
  0.0002101986    0.0002101986    0.0002101986    0.0002101986    0.0002101986
  0.0002101986    0.0002101986    0.0002101986    0.0002101986    0.0002101986
  0.0002101986    0.0002101986    0.0002101986    0.0002101986    0.0002101986
  0.0002101986    0.0002101986    0.0002101986    0.0002101986    0.0002101986
  0.0002101986    0.0002101986    0.0002101986    0.0002101986    0.0002101986
  0.0002101986    0.0002101986    0.0002101986    0.0002101986    0.0002101986
  0.0002101986    0.0002101986    0.0002101986    0.0002101986    0.0002101986
  0.0002101986    0.0002101986    0.0002101986    0.0002101986    0.0002101986
  0.0002101986    0.0002101986    0.0002101986    0.0002101986    0.0002101986
  0.0002101986    0.0002101986    0.0002101986    0.0002101986    0.0002101986
  0.0002101986    0.0002101986    0.0002101986    0.0002101986    0.0002101986
  0.0002101986    0.0002101986    0.0002101986    0.0002101986    0.0002101986
  0.0002101986    0.0002101986    0.0002101986    0.0002101986    0.0002101986
  0.0002101986    0.0002101986    0.0002101986    0.0002101986    0.0002101986
  0.0002101986    0.0002101986    0.0002101986    0.0002101986    0.0002101986
  0.0002101986    0.0002101986    0.0002101986    0.0002101986    0.0002101986
  0.0002101986    0.0002101986    0.0002101986    0.0002101986    0.0002101986
  0.0002101986    0.0002101986    0.0002101986    0.0002101986    0.0002101986
  0.0002101986    0.0002101986    0.0002101986    0.0002101986    0.0002101986
  0.0002101986    0.0002101986    0.0002101986    0.0002101986    0.0002101986
  0.0002101986    0.0002101986    0.0002101986    0.0002101986    0.0002101986
  0.0013886746    0.0013862448    0.0013804512    0.0013731055    0.0013650084
  0.0013564986    0.0013477267    0.0013387770    0.0013297027    0.0013205287
  0.0013112780    0.0013019653    0.0012926061    0.0012832019    0.0012737686
  0.0012642990    0.0012548089    0.0012452959    0.0012357623    0.0012262101
  0.0012166461    0.0012070680    0.0011974824    0.0011878828    0.0011782758
  0.0011686636    0.0011590443    0.0011494158    0.0011397888    0.0011301493
  0.0011205117    0.0011108664    0.0011012236    0.0010915703    0.0010819203
  0.0010722686    0.0010626176    0.0010529624    0.0010433092    0.0010336498
  0.0010239941    0.0010143341    0.0010046761    0.0009950195    0.0009853636
  0.0009757012    0.0009660420    0.0009563826    0.0009467261    0.0009370657
  0.0009274081    0.0009177503    0.0009080862    0.0008984259    0.0008887636
  0.0008791031    0.0008694421    0.0008597756    0.0008501139    0.0008404464
  0.0008307746    0.0008211059    0.0008114309    0.0008017543    0.0007920755
  0.0007823916    0.0007727052    0.0007630188    0.0007533202    0.0007436226
  0.0007339147    0.0007242025    0.0007144804    0.0007047600    0.0006950220
  0.0006852808    0.0006755322    0.0006657729    0.0006560003    0.0006462222
  0.0006364309    0.0006266288    0.0006168116    0.0006069847    0.0005971413
  0.0005872898    0.0005774158    0.0005675342    0.0005576395    0.0005477269
  0.0005378047    0.0005278671    0.0005179253    0.0005079658    0.0004979994
  0.0004880358    0.0004780608    0.0004680901    0.0004581234    0.0004481613
  0.0004382166    0.0004282833    0.0004183643    0.0004084637    0.0003985740
  0.0003886955    0.0003788232    0.0003689282    0.0003590017    0.0003490096
  0.0003389118    0.0003286531    0.0003181742    0.0003073955    0.0002962235
  0.0002845397    0.0002722217    0.0002590919    0.0002449489    0.0002378598
  0.0002378599    0.0002378599    0.0002378599    0.0002378599    0.0002378599
  0.0002378599    0.0002378599    0.0002378599    0.0002378599    0.0002378599
  0.0002378599    0.0002378599    0.0002378599    0.0002378599    0.0002378599
  0.0002378599    0.0002378599    0.0002378599    0.0002378599    0.0002378599
  0.0002378599    0.0002378599    0.0002378599    0.0002378599    0.0002378599
  0.0002378599    0.0002378599    0.0002378599    0.0002378599    0.0002378599
  0.0002378599    0.0002378599    0.0002378599    0.0002378599    0.0002378599
  0.0002378599    0.0002378599    0.0002378599    0.0002378599    0.0002378599
  0.0002378599    0.0002378599    0.0002378599    0.0002378599    0.0002378599
  0.0002378599    0.0002378599    0.0002378599    0.0002378599    0.0002378599
  0.0002378599    0.0002378599    0.0002378599    0.0002378599    0.0002378599
  0.0002378599    0.0002378599    0.0002378599    0.0002378599    0.0002378599
  0.0002378599    0.0002378599    0.0002378599    0.0002378599    0.0002378599
  0.0002378599    0.0002378599    0.0002378599    0.0002378599    0.0002378599
  0.0002378599    0.0002378599    0.0002378599    0.0002378599    0.0002378599
  0.0002378599    0.0002378599    0.0002378599    0.0002378599    0.0002378599
  0.0002378599    0.0002378599    0.0002378599    0.0002378599    0.0002378599
  0.0002378599    0.0002378599    0.0002378599    0.0002378599    0.0002378599
  0.0002378599    0.0002378599    0.0002378599    0.0002378599    0.0002378599
  0.0002378599    0.0002378599    0.0002378599    0.0002378599    0.0002378599
  0.0002378599    0.0002378599    0.0002378599    0.0002378599    0.0002378599
  0.0002378599    0.0002378599    0.0002378599    0.0002378599    0.0002378599
  0.0002378599    0.0002378599    0.0002378599    0.0002378599    0.0002378599
  0.0002378599    0.0002378599    0.0002378599    0.0002378599    0.0002378599
  0.0002378599    0.0002378599    0.0002378599    0.0002378599    0.0002378599
  0.0002378599    0.0002378599    0.0002378599    0.0002378599    0.0002378599
  0.0002378599    0.0002378599    0.0002378599    0.0002378599    0.0002378599
  0.0002378599    0.0002378599    0.0002378599    0.0002378599    0.0002378599
  0.0002378599    0.0002378599    0.0002378599    0.0002378599    0.0002378599
  0.0002378599    0.0002378599    0.0002378599    0.0002378599    0.0002378599
  0.0002378599    0.0002378599    0.0002378599    0.0002378599    0.0002378599
  0.0002378599    0.0002378599    0.0002378599    0.0002378599    0.0002378599
  0.0002378599    0.0002378599    0.0002378599    0.0002378599    0.0002378599
  0.0002378599    0.0002378599    0.0002378599    0.0002378599    0.0002378599
  0.0002378599    0.0002378599    0.0002378599    0.0002378599    0.0002378599
  0.0002378599    0.0002378599    0.0002378599    0.0002378599    0.0002378599
  0.0015242888    0.0015222192    0.0015170293    0.0015101759    0.0015024622
  0.0014942566    0.0014857382    0.0014770045    0.0014681173    0.0014591154
  0.0014500153    0.0014408466    0.0014316191    0.0014223382    0.0014130152
  0.0014036512    0.0013942628    0.0013848413    0.0013754034    0.0013659358
  0.0013564551    0.0013469579    0.0013374462    0.0013279216    0.0013183812
  0.0013088363    0.0012992793    0.0012897121    0.0012801412    0.0012705637
  0.0012609816    0.0012513923    0.0012418021    0.0012322043    0.0012226009
  0.0012129980    0.0012033935    0.0011937852    0.0011841750    0.0011745651
  0.0011649495    0.0011553384    0.0011457219    0.0011361061    0.0011264934
  0.0011168744    0.0011072553    0.0010976385    0.0010880263    0.0010784061
  0.0010687917    0.0010591746    0.0010495611    0.0010399430    0.0010303267
  0.0010207113    0.0010110962    0.0010014810    0.0009918617    0.0009822482
  0.0009726303    0.0009630145    0.0009534005    0.0009437823    0.0009341663
  0.0009245437    0.0009149274    0.0009052994    0.0008956761    0.0008860520
  0.0008764253    0.0008667944    0.0008571579    0.0008475228    0.0008378827
  0.0008282421    0.0008185919    0.0008089401    0.0007992814    0.0007896156
  0.0007799429    0.0007702692    0.0007605853    0.0007508899    0.0007411915
  0.0007314803    0.0007217625    0.0007120341    0.0007022930    0.0006925422
  0.0006827746    0.0006730001    0.0006632125    0.0006534103    0.0006435921
  0.0006337544    0.0006239084    0.0006140454    0.0006041652    0.0005942681
  0.0005843515    0.0005744260    0.0005644869    0.0005545277    0.0005445561
  0.0005345770    0.0005245810    0.0005145810    0.0005045816    0.0004945785
  0.0004845761    0.0004745799    0.0004645880    0.0004546132    0.0004446450
  0.0004346833    0.0004247321    0.0004147744    0.0004048021    0.0003948008
  0.0003847394    0.0003745918    0.0003643141    0.0003538465    0.0003431251
  0.0003320759    0.0003206006    0.0003085888    0.0002959095    0.0002823975
  0.0002678696    0.0002660420    0.0002660422    0.0002660422    0.0002660422
  0.0002660422    0.0002660422    0.0002660422    0.0002660422    0.0002660422
  0.0002660422    0.0002660422    0.0002660422    0.0002660422    0.0002660422
  0.0002660422    0.0002660422    0.0002660422    0.0002660422    0.0002660422
  0.0002660422    0.0002660422    0.0002660422    0.0002660422    0.0002660422
  0.0002660422    0.0002660422    0.0002660422    0.0002660422    0.0002660422
  0.0002660422    0.0002660422    0.0002660422    0.0002660422    0.0002660422
  0.0002660422    0.0002660422    0.0002660422    0.0002660422    0.0002660422
  0.0002660422    0.0002660422    0.0002660422    0.0002660422    0.0002660422
  0.0002660422    0.0002660422    0.0002660422    0.0002660422    0.0002660422
  0.0002660422    0.0002660422    0.0002660422    0.0002660422    0.0002660422
  0.0002660422    0.0002660422    0.0002660422    0.0002660422    0.0002660422
  0.0002660422    0.0002660422    0.0002660422    0.0002660422    0.0002660422
  0.0002660422    0.0002660422    0.0002660422    0.0002660422    0.0002660422
  0.0002660422    0.0002660422    0.0002660422    0.0002660422    0.0002660422
  0.0002660422    0.0002660422    0.0002660422    0.0002660422    0.0002660422
  0.0002660422    0.0002660422    0.0002660422    0.0002660422    0.0002660422
  0.0002660422    0.0002660422    0.0002660422    0.0002660422    0.0002660422
  0.0002660422    0.0002660422    0.0002660422    0.0002660422    0.0002660422
  0.0002660422    0.0002660422    0.0002660422    0.0002660422    0.0002660422
  0.0002660422    0.0002660422    0.0002660422    0.0002660422    0.0002660422
  0.0002660422    0.0002660422    0.0002660422    0.0002660422    0.0002660422
  0.0002660422    0.0002660422    0.0002660422    0.0002660422    0.0002660422
  0.0002660422    0.0002660422    0.0002660422    0.0002660422    0.0002660422
  0.0002660422    0.0002660422    0.0002660422    0.0002660422    0.0002660422
  0.0002660422    0.0002660422    0.0002660422    0.0002660422    0.0002660422
  0.0002660422    0.0002660422    0.0002660422    0.0002660422    0.0002660422
  0.0002660422    0.0002660422    0.0002660422    0.0002660422    0.0002660422
  0.0002660422    0.0002660422    0.0002660422    0.0002660422    0.0002660422
  0.0002660422    0.0002660422    0.0002660422    0.0002660422    0.0002660422
  0.0002660422    0.0002660422    0.0002660422    0.0002660422    0.0002660422
  0.0002660422    0.0002660422    0.0002660422    0.0002660422    0.0002660422
  0.0002660422    0.0002660422    0.0002660422    0.0002660422    0.0002660422
  0.0002660422    0.0002660422    0.0002660422    0.0002660422    0.0002660422
  0.0016590431    0.0016572645    0.0016526349    0.0016462886    0.0016389816
  0.0016311015    0.0016228516    0.0016143555    0.0016056675    0.0015968478
  0.0015879110    0.0015788924    0.0015698008    0.0015606464    0.0015514456
  0.0015421986    0.0015329117    0.0015235966    0.0015142489    0.0015048753
  0.0014954822    0.0014860658    0.0014766326    0.0014671840    0.0014577215
  0.0014482465    0.0014387554    0.0014292548    0.0014197462    0.0014102311
  0.0014007060    0.0013911775    0.0013816374    0.0013720920    0.0013625432
  0.0013529923    0.0013434318    0.0013338724    0.0013243113    0.0013147455
  0.0013051769    0.0012956026    0.0012860333    0.0012764575    0.0012668815
  0.0012573071    0.0012477273    0.0012381528    0.0012285768    0.0012189973
  0.0012094203    0.0011998435    0.0011902652    0.0011806873    0.0011711118
  0.0011615332    0.0011519535    0.0011423789    0.0011328001    0.0011232308
  0.0011136507    0.0011040771    0.0010945015    0.0010849298    0.0010753541
  0.0010657803    0.0010562146    0.0010466420    0.0010370656    0.0010274917
  0.0010179163    0.0010083458    0.0009987665    0.0009891884    0.0009796145
  0.0009700351    0.0009604569    0.0009508740    0.0009412899    0.0009317022
  0.0009221174    0.0009125247    0.0009029279    0.0008933312    0.0008837244
  0.0008741203    0.0008645092    0.0008548903    0.0008452657    0.0008356400
  0.0008260024    0.0008163609    0.0008067103    0.0007970514    0.0007873796
  0.0007777011    0.0007680171    0.0007583147    0.0007486102    0.0007388824
  0.0007291477    0.0007193979    0.0007096360    0.0006998613    0.0006900653
  0.0006802545    0.0006704298    0.0006605859    0.0006507215    0.0006408476
  0.0006309492    0.0006210349    0.0006110964    0.0006011471    0.0005911823
  0.0005811945    0.0005711957    0.0005611926    0.0005511686    0.0005411364
  0.0005311020    0.0005210608    0.0005110143    0.0005009832    0.0004909473
  0.0004809131    0.0004708935    0.0004608598    0.0004508360    0.0004407903
  0.0004307185    0.0004205923    0.0004104018    0.0004000855    0.0003896215
  0.0003789372    0.0003679788    0.0003566656    0.0003448944    0.0003325592
  0.0003195410    0.0003056661    0.0002947082    0.0002947084    0.0002947084
  0.0002947084    0.0002947084    0.0002947084    0.0002947084    0.0002947084
  0.0002947084    0.0002947084    0.0002947084    0.0002947084    0.0002947084
  0.0002947084    0.0002947084    0.0002947084    0.0002947084    0.0002947084
  0.0002947084    0.0002947084    0.0002947084    0.0002947084    0.0002947084
  0.0002947084    0.0002947084    0.0002947084    0.0002947084    0.0002947084
  0.0002947084    0.0002947084    0.0002947084    0.0002947084    0.0002947084
  0.0002947084    0.0002947084    0.0002947084    0.0002947084    0.0002947084
  0.0002947084    0.0002947084    0.0002947084    0.0002947084    0.0002947084
  0.0002947084    0.0002947084    0.0002947084    0.0002947084    0.0002947084
  0.0002947084    0.0002947084    0.0002947084    0.0002947084    0.0002947084
  0.0002947084    0.0002947084    0.0002947084    0.0002947084    0.0002947084
  0.0002947084    0.0002947084    0.0002947084    0.0002947084    0.0002947084
  0.0002947084    0.0002947084    0.0002947084    0.0002947084    0.0002947084
  0.0002947084    0.0002947084    0.0002947084    0.0002947084    0.0002947084
  0.0002947084    0.0002947084    0.0002947084    0.0002947084    0.0002947084
  0.0002947084    0.0002947084    0.0002947084    0.0002947084    0.0002947084
  0.0002947084    0.0002947084    0.0002947084    0.0002947084    0.0002947084
  0.0002947084    0.0002947084    0.0002947084    0.0002947084    0.0002947084
  0.0002947084    0.0002947084    0.0002947084    0.0002947084    0.0002947084
  0.0002947084    0.0002947084    0.0002947084    0.0002947084    0.0002947084
  0.0002947084    0.0002947084    0.0002947084    0.0002947084    0.0002947084
  0.0002947084    0.0002947084    0.0002947084    0.0002947084    0.0002947084
  0.0002947084    0.0002947084    0.0002947084    0.0002947084    0.0002947084
  0.0002947084    0.0002947084    0.0002947084    0.0002947084    0.0002947084
  0.0002947084    0.0002947084    0.0002947084    0.0002947084    0.0002947084
  0.0002947084    0.0002947084    0.0002947084    0.0002947084    0.0002947084
  0.0002947084    0.0002947084    0.0002947084    0.0002947084    0.0002947084
  0.0002947084    0.0002947084    0.0002947084    0.0002947084    0.0002947084
  0.0002947084    0.0002947084    0.0002947084    0.0002947084    0.0002947084
  0.0002947084    0.0002947084    0.0002947084    0.0002947084    0.0002947084
  0.0002947084    0.0002947084    0.0002947084    0.0002947084    0.0002947084
  0.0017929646    0.0017914301    0.0017873041    0.0017814637    0.0017745839
  0.0017670522    0.0017590959    0.0017508389    0.0017423761    0.0017337426
  0.0017249816    0.0017161221    0.0017071778    0.0016981583    0.0016890860
  0.0016799544    0.0016707868    0.0016615719    0.0016523277    0.0016430490
  0.0016337482    0.0016244206    0.0016150727    0.0016057056    0.0015963151
  0.0015869133    0.0015775012    0.0015680692    0.0015586241    0.0015491724
  0.0015397101    0.0015302385    0.0015207587    0.0015112722    0.0015017751
  0.0014922739    0.0014827700    0.0014732595    0.0014637438    0.0014542246
  0.0014447030    0.0014351756    0.0014256488    0.0014161142    0.0014065831
  0.0013970472    0.0013875082    0.0013779677    0.0013684318    0.0013588926
  0.0013493520    0.0013398071    0.0013302682    0.0013207239    0.0013111804
  0.0013016390    0.0012921016    0.0012825571    0.0012730201    0.0012634753
  0.0012539374    0.0012443957    0.0012348604    0.0012253210    0.0012157836
  0.0012062463    0.0011967111    0.0011871760    0.0011776396    0.0011681038
  0.0011585746    0.0011490393    0.0011395074    0.0011299740    0.0011204452
  0.0011109124    0.0011013782    0.0010918488    0.0010823160    0.0010727860
  0.0010632479    0.0010537147    0.0010441822    0.0010346405    0.0010251053
  0.0010155636    0.0010060248    0.0009964796    0.0009869404    0.0009773888
  0.0009678381    0.0009582820    0.0009487275    0.0009391666    0.0009295998
  0.0009200285    0.0009104485    0.0009008665    0.0008912810    0.0008816833
  0.0008720830    0.0008624690    0.0008528543    0.0008432255    0.0008335928
  0.0008239391    0.0008142851    0.0008046120    0.0007949326    0.0007852394
  0.0007755381    0.0007658151    0.0007560731    0.0007463254    0.0007365553
  0.0007267707    0.0007169711    0.0007071520    0.0006973101    0.0006874525
  0.0006775785    0.0006676746    0.0006577551    0.0006478225    0.0006378626
  0.0006278830    0.0006178857    0.0006078757    0.0005978438    0.0005878007
  0.0005777410    0.0005676732    0.0005576067    0.0005475238    0.0005374368
  0.0005273528    0.0005172683    0.0005071893    0.0004970948    0.0004869965
  0.0004768886    0.0004667542    0.0004565671    0.0004463278    0.0004359788
  0.0004255012    0.0004148469    0.0004039553    0.0003927520    0.0003811683
  0.0003691101    0.0003564663    0.0003431104    0.0003289059    0.0003238322
  0.0003238324    0.0003238324    0.0003238324    0.0003238324    0.0003238324
  0.0003238324    0.0003238324    0.0003238324    0.0003238324    0.0003238324
  0.0003238324    0.0003238324    0.0003238324    0.0003238324    0.0003238324
  0.0003238324    0.0003238324    0.0003238324    0.0003238324    0.0003238324
  0.0003238324    0.0003238324    0.0003238324    0.0003238324    0.0003238324
  0.0003238324    0.0003238324    0.0003238324    0.0003238324    0.0003238324
  0.0003238324    0.0003238324    0.0003238324    0.0003238324    0.0003238324
  0.0003238324    0.0003238324    0.0003238324    0.0003238324    0.0003238324
  0.0003238324    0.0003238324    0.0003238324    0.0003238324    0.0003238324
  0.0003238324    0.0003238324    0.0003238324    0.0003238324    0.0003238324
  0.0003238324    0.0003238324    0.0003238324    0.0003238324    0.0003238324
  0.0003238324    0.0003238324    0.0003238324    0.0003238324    0.0003238324
  0.0003238324    0.0003238324    0.0003238324    0.0003238324    0.0003238324
  0.0003238324    0.0003238324    0.0003238324    0.0003238324    0.0003238324
  0.0003238324    0.0003238324    0.0003238324    0.0003238324    0.0003238324
  0.0003238324    0.0003238324    0.0003238324    0.0003238324    0.0003238324
  0.0003238324    0.0003238324    0.0003238324    0.0003238324    0.0003238324
  0.0003238324    0.0003238324    0.0003238324    0.0003238324    0.0003238324
  0.0003238324    0.0003238324    0.0003238324    0.0003238324    0.0003238324
  0.0003238324    0.0003238324    0.0003238324    0.0003238324    0.0003238324
  0.0003238324    0.0003238324    0.0003238324    0.0003238324    0.0003238324
  0.0003238324    0.0003238324    0.0003238324    0.0003238324    0.0003238324
  0.0003238324    0.0003238324    0.0003238324    0.0003238324    0.0003238324
  0.0003238324    0.0003238324    0.0003238324    0.0003238324    0.0003238324
  0.0003238324    0.0003238324    0.0003238324    0.0003238324    0.0003238324
  0.0003238324    0.0003238324    0.0003238324    0.0003238324    0.0003238324
  0.0003238324    0.0003238324    0.0003238324    0.0003238324    0.0003238324
  0.0003238324    0.0003238324    0.0003238324    0.0003238324    0.0003238324
  0.0003238324    0.0003238324    0.0003238324    0.0003238324    0.0003238324
  0.0019260843    0.0019247522    0.0019210774    0.0019157262    0.0019092772
  0.0019021119    0.0018944690    0.0018864805    0.0018782485    0.0018698254
  0.0018612474    0.0018525560    0.0018437703    0.0018348925    0.0018259519
  0.0018169531    0.0018078952    0.0017987965    0.0017896572    0.0017804834
  0.0017712757    0.0017620468    0.0017527852    0.0017434979    0.0017341916
  0.0017248673    0.0017155258    0.0017061682    0.0016968011    0.0016874141
  0.0016780197    0.0016686076    0.0016591902    0.0016497630    0.0016403214
  0.0016308778    0.0016214277    0.0016119668    0.0016025017    0.0015930335
  0.0015835581    0.0015740766    0.0015645956    0.0015551110    0.0015456188
  0.0015361254    0.0015266270    0.0015171300    0.0015076306    0.0014981299
  0.0014886244    0.0014791205    0.0014696144    0.0014601076    0.0014505965
  0.0014410923    0.0014315821    0.0014220765    0.0014125680    0.0014030577
  0.0013935474    0.0013840429    0.0013745368    0.0013650306    0.0013555217
  0.0013460202    0.0013365190    0.0013270110    0.0013175113    0.0013080082
  0.0012985079    0.0012890040    0.0012795063    0.0012700084    0.0012605125
  0.0012510158    0.0012415209    0.0012320215    0.0012225274    0.0012130368
  0.0012035479    0.0011940512    0.0011845569    0.0011750668    0.0011655758
  0.0011560861    0.0011465927    0.0011370948    0.0011276086    0.0011181156
  0.0011086186    0.0010991199    0.0010896289    0.0010801283    0.0010706275
  0.0010611325    0.0010516267    0.0010421226    0.0010326140    0.0010231006
  0.0010135888    0.0010040665    0.0009945463    0.0009850196    0.0009754839
  0.0009659489    0.0009564092    0.0009468607    0.0009373070    0.0009277436
  0.0009181726    0.0009085952    0.0008990078    0.0008894124    0.0008798085
  0.0008701886    0.0008605648    0.0008509226    0.0008412721    0.0008316094
  0.0008219327    0.0008122346    0.0008025231    0.0007928025    0.0007830632
  0.0007733039    0.0007635247    0.0007537312    0.0007439162    0.0007340816
  0.0007242213    0.0007143442    0.0007044472    0.0006945242    0.0006845812
  0.0006746173    0.0006646279    0.0006546228    0.0006445984    0.0006345531
  0.0006244829    0.0006144015    0.0006043136    0.0005942041    0.0005840908
  0.0005739652    0.0005638368    0.0005537032    0.0005435556    0.0005334171
  0.0005232525    0.0005130890    0.0005028873    0.0004926522    0.0004823579
  0.0004719759    0.0004614791    0.0004508392    0.0004399813    0.0004288721
  0.0004174328    0.0004055860    0.0003932415    0.0003803007    0.0003666284
  0.0003533782    0.0003533784    0.0003533784    0.0003533784    0.0003533784
  0.0003533784    0.0003533784    0.0003533784    0.0003533784    0.0003533784
  0.0003533784    0.0003533784    0.0003533784    0.0003533784    0.0003533784
  0.0003533784    0.0003533784    0.0003533784    0.0003533784    0.0003533784
  0.0003533784    0.0003533784    0.0003533784    0.0003533784    0.0003533784
  0.0003533784    0.0003533784    0.0003533784    0.0003533784    0.0003533784
  0.0003533784    0.0003533784    0.0003533784    0.0003533784    0.0003533784
  0.0003533784    0.0003533784    0.0003533784    0.0003533784    0.0003533784
  0.0003533784    0.0003533784    0.0003533784    0.0003533784    0.0003533784
  0.0003533784    0.0003533784    0.0003533784    0.0003533784    0.0003533784
  0.0003533784    0.0003533784    0.0003533784    0.0003533784    0.0003533784
  0.0003533784    0.0003533784    0.0003533784    0.0003533784    0.0003533784
  0.0003533784    0.0003533784    0.0003533784    0.0003533784    0.0003533784
  0.0003533784    0.0003533784    0.0003533784    0.0003533784    0.0003533784
  0.0003533784    0.0003533784    0.0003533784    0.0003533784    0.0003533784
  0.0003533784    0.0003533784    0.0003533784    0.0003533784    0.0003533784
  0.0003533784    0.0003533784    0.0003533784    0.0003533784    0.0003533784
  0.0003533784    0.0003533784    0.0003533784    0.0003533784    0.0003533784
  0.0003533784    0.0003533784    0.0003533784    0.0003533784    0.0003533784
  0.0003533784    0.0003533784    0.0003533784    0.0003533784    0.0003533784
  0.0003533784    0.0003533784    0.0003533784    0.0003533784    0.0003533784
  0.0003533784    0.0003533784    0.0003533784    0.0003533784    0.0003533784
  0.0003533784    0.0003533784    0.0003533784    0.0003533784    0.0003533784
  0.0003533784    0.0003533784    0.0003533784    0.0003533784    0.0003533784
  0.0003533784    0.0003533784    0.0003533784    0.0003533784    0.0003533784
  0.0003533784    0.0003533784    0.0003533784    0.0003533784    0.0003533784
  0.0003533784    0.0003533784    0.0003533784    0.0003533784    0.0003533784
  0.0020584397    0.0020572725    0.0020539922    0.0020491021    0.0020430896
  0.0020363055    0.0020289915    0.0020212840    0.0020133006    0.0020050997
  0.0019967234    0.0019882064    0.0019795808    0.0019708677    0.0019620630
  0.0019531978    0.0019442701    0.0019352856    0.0019262634    0.0019171902
  0.0019080855    0.0018989496    0.0018897827    0.0018805854    0.0018713709
  0.0018621272    0.0018528615    0.0018435868    0.0018342854    0.0018249705
  0.0018156428    0.0018063032    0.0017969467    0.0017875800    0.0017782042
  0.0017688202    0.0017594230    0.0017500196    0.0017406107    0.0017311917
  0.0017217693    0.0017123387    0.0017029011    0.0016934630    0.0016840144
  0.0016745674    0.0016651119    0.0016556547    0.0016461967    0.0016367336
  0.0016272665    0.0016178020    0.0016083357    0.0015988635    0.0015893920
  0.0015799169    0.0015704447    0.0015609664    0.0015514933    0.0015420165
  0.0015325373    0.0015230618    0.0015135864    0.0015041125    0.0014946362
  0.0014851592    0.0014756826    0.0014662127    0.0014567363    0.0014472646
  0.0014377943    0.0014283219    0.0014188537    0.0014093776    0.0013999131
  0.0013904481    0.0013809799    0.0013715186    0.0013620529    0.0013525846
  0.0013431279    0.0013336635    0.0013242054    0.0013147433    0.0013052908
  0.0012958334    0.0012863813    0.0012769200    0.0012674637    0.0012580140
  0.0012485574    0.0012391033    0.0012296541    0.0012202003    0.0012107478
  0.0012012950    0.0011918404    0.0011823900    0.0011729349    0.0011634813
  0.0011540209    0.0011445669    0.0011351073    0.0011256455    0.0011161833
  0.0011067201    0.0010972526    0.0010877829    0.0010783139    0.0010688362
  0.0010593523    0.0010498716    0.0010403822    0.0010308896    0.0010213917
  0.0010118855    0.0010023777    0.0009928629    0.0009833390    0.0009738128
  0.0009642740    0.0009547291    0.0009451744    0.0009356034    0.0009260307
  0.0009164453    0.0009068516    0.0008972363    0.0008876128    0.0008779827
  0.0008683295    0.0008586634    0.0008489876    0.0008392894    0.0008295699
  0.0008198381    0.0008100909    0.0008003170    0.0007905264    0.0007807191
  0.0007708861    0.0007610245    0.0007511487    0.0007412487    0.0007313294
  0.0007213725    0.0007114047    0.0007014163    0.0006913977    0.0006813487
  0.0006712907    0.0006612083    0.0006511054    0.0006409916    0.0006308567
  0.0006207080    0.0006105510    0.0006003796    0.0005901957    0.0005800074
  0.0005698188    0.0005596028    0.0005493725    0.0005391210    0.0005288282
  0.0005184844    0.0005080737    0.0004975526    0.0004869017    0.0004760855
  0.0004650377    0.0004537063    0.0004420300    0.0004299278    0.0004173041
  0.0004040695    0.0003901126    0.0003833309    0.0003833311    0.0003833311
  0.0003833311    0.0003833311    0.0003833311    0.0003833311    0.0003833311
  0.0003833311    0.0003833311    0.0003833311    0.0003833311    0.0003833311
  0.0003833311    0.0003833311    0.0003833311    0.0003833311    0.0003833311
  0.0003833311    0.0003833311    0.0003833311    0.0003833311    0.0003833311
  0.0003833311    0.0003833311    0.0003833311    0.0003833311    0.0003833311
  0.0003833311    0.0003833311    0.0003833311    0.0003833311    0.0003833311
  0.0003833311    0.0003833311    0.0003833311    0.0003833311    0.0003833311
  0.0003833311    0.0003833311    0.0003833311    0.0003833311    0.0003833311
  0.0003833311    0.0003833311    0.0003833311    0.0003833311    0.0003833311
  0.0003833311    0.0003833311    0.0003833311    0.0003833311    0.0003833311
  0.0003833311    0.0003833311    0.0003833311    0.0003833311    0.0003833311
  0.0003833311    0.0003833311    0.0003833311    0.0003833311    0.0003833311
  0.0003833311    0.0003833311    0.0003833311    0.0003833311    0.0003833311
  0.0003833311    0.0003833311    0.0003833311    0.0003833311    0.0003833311
  0.0003833311    0.0003833311    0.0003833311    0.0003833311    0.0003833311
  0.0003833311    0.0003833311    0.0003833311    0.0003833311    0.0003833311
  0.0003833311    0.0003833311    0.0003833311    0.0003833311    0.0003833311
  0.0003833311    0.0003833311    0.0003833311    0.0003833311    0.0003833311
  0.0003833311    0.0003833311    0.0003833311    0.0003833311    0.0003833311
  0.0003833311    0.0003833311    0.0003833311    0.0003833311    0.0003833311
  0.0003833311    0.0003833311    0.0003833311    0.0003833311    0.0003833311
  0.0003833311    0.0003833311    0.0003833311    0.0003833311    0.0003833311
  0.0003833311    0.0003833311    0.0003833311    0.0003833311    0.0003833311
  0.0003833311    0.0003833311    0.0003833311    0.0003833311    0.0003833311
  0.0021900555    0.0021890220    0.0021860919    0.0021816266    0.0021760427
  0.0021696428    0.0021626682    0.0021552623    0.0021475389    0.0021395714
  0.0021314083    0.0021230840    0.0021146377    0.0021060830    0.0020974287
  0.0020886994    0.0020799065    0.0020710482    0.0020621440    0.0020531863
  0.0020441885    0.0020351572    0.0020260857    0.0020169876    0.0020078566
  0.0019986998    0.0019895243    0.0019803240    0.0019710996    0.0019618647
  0.0019526071    0.0019433339    0.0019340522    0.0019247501    0.0019154410
  0.0019061193    0.0018967796    0.0018874353    0.0018780810    0.0018687174
  0.0018593455    0.0018499661    0.0018405801    0.0018311944    0.0018217917
  0.0018123911    0.0018029816    0.0017935699    0.0017841568    0.0017747318
  0.0017653075    0.0017558788    0.0017464470    0.0017370186    0.0017275832
  0.0017181474    0.0017087068    0.0016992624    0.0016898207    0.0016803772
  0.0016709328    0.0016614889    0.0016520463    0.0016425957    0.0016331537
  0.0016237060    0.0016142586    0.0016048129    0.0015953699    0.0015859207
  0.0015764814    0.0015670334    0.0015575877    0.0015481505    0.0015387034
  0.0015292672    0.0015198235    0.0015103884    0.0015009488    0.0014915105
  0.0014820799    0.0014726440    0.0014632090    0.0014537810    0.0014443477
  0.0014349149    0.0014254932    0.0014160660    0.0014066397    0.0013972153
  0.0013877905    0.0013783752    0.0013689499    0.0013595327    0.0013501092
  0.0013406929    0.0013312776    0.0013218611    0.0013124409    0.0013030268
  0.0012936130    0.0012841933    0.0012747812    0.0012653672    0.0012559571
  0.0012465343    0.0012371229    0.0012277029    0.0012182912    0.0012088717
  0.0011994538    0.0011900294    0.0011806112    0.0011711840    0.0011617610
  0.0011523304    0.0011428956    0.0011334650    0.0011240254    0.0011145825
  0.0011051359    0.0010956886    0.0010862307    0.0010767683    0.0010673079
  0.0010578368    0.0010483615    0.0010388764    0.0010293851    0.0010198849
  0.0010103799    0.0010008617    0.0009913403    0.0009818000    0.0009722560
  0.0009627014    0.0009531375    0.0009435507    0.0009339637    0.0009243525
  0.0009147254    0.0009050913    0.0008954391    0.0008857683    0.0008760851
  0.0008663827    0.0008566514    0.0008469149    0.0008371417    0.0008273648
  0.0008175516    0.0008077219    0.0007978638    0.0007879950    0.0007780929
  0.0007681613    0.0007582048    0.0007482319    0.0007382303    0.0007282037
  0.0007181543    0.0007080797    0.0006979753    0.0006878510    0.0006777188
  0.0006675548    0.0006573767    0.0006471890    0.0006369806    0.0006267624
  0.0006165352    0.0006062870    0.0005960213    0.0005857412    0.0005754409
  0.0005651026    0.0005547077    0.0005442555    0.0005337203    0.0005230589
  0.0005122481    0.0005012495    0.0004900092    0.0004784622    0.0004665512
  0.0004541944    0.0004413033    0.0004277970    0.0004136628    0.0004136630
  0.0004136630    0.0004136630    0.0004136630    0.0004136630    0.0004136630
  0.0004136630    0.0004136630    0.0004136630    0.0004136630    0.0004136630
  0.0004136630    0.0004136630    0.0004136630    0.0004136630    0.0004136630
  0.0004136630    0.0004136630    0.0004136630    0.0004136630    0.0004136630
  0.0004136630    0.0004136630    0.0004136630    0.0004136630    0.0004136630
  0.0004136630    0.0004136630    0.0004136630    0.0004136630    0.0004136630
  0.0004136630    0.0004136630    0.0004136630    0.0004136630    0.0004136630
  0.0004136630    0.0004136630    0.0004136630    0.0004136630    0.0004136630
  0.0004136630    0.0004136630    0.0004136630    0.0004136630    0.0004136630
  0.0004136630    0.0004136630    0.0004136630    0.0004136630    0.0004136630
  0.0004136630    0.0004136630    0.0004136630    0.0004136630    0.0004136630
  0.0004136630    0.0004136630    0.0004136630    0.0004136630    0.0004136630
  0.0004136630    0.0004136630    0.0004136630    0.0004136630    0.0004136630
  0.0004136630    0.0004136630    0.0004136630    0.0004136630    0.0004136630
  0.0004136630    0.0004136630    0.0004136630    0.0004136630    0.0004136630
  0.0004136630    0.0004136630    0.0004136630    0.0004136630    0.0004136630
  0.0004136630    0.0004136630    0.0004136630    0.0004136630    0.0004136630
  0.0004136630    0.0004136630    0.0004136630    0.0004136630    0.0004136630
  0.0004136630    0.0004136630    0.0004136630    0.0004136630    0.0004136630
  0.0004136630    0.0004136630    0.0004136630    0.0004136630    0.0004136630
  0.0004136630    0.0004136630    0.0004136630    0.0004136630    0.0004136630
  0.0004136630    0.0004136630    0.0004136630    0.0004136630    0.0004136630
  0.0023209420    0.0023200251    0.0023174000    0.0023133345    0.0023081512
  0.0023021451    0.0022955194    0.0022884280    0.0022809820    0.0022732561
  0.0022653147    0.0022571992    0.0022489338    0.0022405543    0.0022320609
  0.0022234860    0.0022148260    0.0022061005    0.0021973221    0.0021884822
  0.0021795945    0.0021706656    0.0021617025    0.0021526978    0.0021436657
  0.0021346065    0.0021255132    0.0021164004    0.0021072614    0.0020980968
  0.0020889208    0.0020797271    0.0020705094    0.0020612820    0.0020520319
  0.0020427735    0.0020335070    0.0020242201    0.0020149268    0.0020056210
  0.0019963101    0.0019869883    0.0019776497    0.0019683147    0.0019589648
  0.0019496134    0.0019402549    0.0019308839    0.0019215137    0.0019121328
  0.0019027541    0.0018933725    0.0018839826    0.0018745854    0.0018651875
  0.0018557961    0.0018463879    0.0018369818    0.0018275785    0.0018181731
  0.0018087606    0.0017993421    0.0017899300    0.0017805193    0.0017710997
  0.0017616891    0.0017522658    0.0017428533    0.0017334359    0.0017240147
  0.0017146014    0.0017051808    0.0016957647    0.0016863487    0.0016769289
  0.0016675112    0.0016581020    0.0016486868    0.0016392720    0.0016298634
  0.0016204472    0.0016110446    0.0016016319    0.0015922200    0.0015828151
  0.0015734132    0.0015640062    0.0015546094    0.0015452053    0.0015358043
  0.0015264124    0.0015170121    0.0015076143    0.0014982205    0.0014888267
  0.0014794351    0.0014700463    0.0014606578    0.0014512752    0.0014418868
  0.0014325029    0.0014231162    0.0014137328    0.0014043539    0.0013949766
  0.0013855907    0.0013762139    0.0013668316    0.0013574536    0.0013480734
  0.0013387010    0.0013293179    0.0013199460    0.0013105677    0.0013011880
  0.0012918098    0.0012824344    0.0012730489    0.0012636741    0.0012542860
  0.0012449052    0.0012355191    0.0012261304    0.0012167407    0.0012073494
  0.0011979549    0.0011885599    0.0011791561    0.0011697469    0.0011603409
  0.0011509310    0.0011415097    0.0011320901    0.0011226650    0.0011132337
  0.0011037876    0.0010943449    0.0010848957    0.0010754351    0.0010659600
  0.0010564911    0.0010470033    0.0010375084    0.0010280015    0.0010184838
  0.0010089588    0.0009994196    0.0009898627    0.0009803046    0.0009707237
  0.0009611322    0.0009515246    0.0009419000    0.0009322541    0.0009226011
  0.0009129219    0.0009032201    0.0008935099    0.0008837693    0.0008740113
  0.0008642237    0.0008544221    0.0008445886    0.0008347361    0.0008248616
  0.0008149628    0.0008050320    0.0007950663    0.0007850840    0.0007750752
  0.0007650450    0.0007549790    0.0007448962    0.0007347751    0.0007246351
  0.0007144778    0.0007043003    0.0006940989    0.0006838789    0.0006736323
  0.0006633722    0.0006531102    0.0006428139    0.0006325165    0.0006221862
  0.0006118362    0.0006014520    0.0005910157    0.0005805347    0.0005699548
  0.0005592870    0.0005484863    0.0005375199    0.0005263416    0.0005148977
  0.0005031420    0.0004909952    0.0004783854    0.0004652416    0.0004514610
  0.0004443574    0.0004443577    0.0004443577    0.0004443577    0.0004443577
  0.0004443577    0.0004443577    0.0004443577    0.0004443577    0.0004443577
  0.0004443577    0.0004443577    0.0004443577    0.0004443577    0.0004443577
  0.0004443577    0.0004443577    0.0004443577    0.0004443577    0.0004443577
  0.0004443577    0.0004443577    0.0004443577    0.0004443577    0.0004443577
  0.0004443577    0.0004443577    0.0004443577    0.0004443577    0.0004443577
  0.0004443577    0.0004443577    0.0004443577    0.0004443577    0.0004443577
  0.0004443577    0.0004443577    0.0004443577    0.0004443577    0.0004443577
  0.0004443577    0.0004443577    0.0004443577    0.0004443577    0.0004443577
  0.0004443577    0.0004443577    0.0004443577    0.0004443577    0.0004443577
  0.0004443577    0.0004443577    0.0004443577    0.0004443577    0.0004443577
  0.0004443577    0.0004443577    0.0004443577    0.0004443577    0.0004443577
  0.0004443577    0.0004443577    0.0004443577    0.0004443577    0.0004443577
  0.0004443577    0.0004443577    0.0004443577    0.0004443577    0.0004443577
  0.0004443577    0.0004443577    0.0004443577    0.0004443577    0.0004443577
  0.0004443577    0.0004443577    0.0004443577    0.0004443577    0.0004443577
  0.0004443577    0.0004443577    0.0004443577    0.0004443577    0.0004443577
  0.0004443577    0.0004443577    0.0004443577    0.0004443577    0.0004443577
  0.0004443577    0.0004443577    0.0004443577    0.0004443577    0.0004443577
  0.0004443577    0.0004443577    0.0004443577    0.0004443577    0.0004443577
  0.0024511382    0.0024503166    0.0024479490    0.0024442431    0.0024394531
  0.0024338283    0.0024275480    0.0024207792    0.0024136228    0.0024061566
  0.0023984540    0.0023905570    0.0023824893    0.0023742789    0.0023659648
  0.0023575403    0.0023490321    0.0023404445    0.0023317980    0.0023230829
  0.0023143133    0.0023055032    0.0022966444    0.0022877440    0.0022788166
  0.0022698474    0.0022608437    0.0022518205    0.0022427707    0.0022336944
  0.0022245921    0.0022154787    0.0022063329    0.0021971768    0.0021880038
  0.0021788142    0.0021696089    0.0021603952    0.0021511598    0.0021419173
  0.0021326614    0.0021233994    0.0021141253    0.0021048397    0.0020955432
  0.0020862434    0.0020769341    0.0020676160    0.0020582898    0.0020489630
  0.0020396295    0.0020302902    0.0020209391    0.0020115900    0.0020022308
  0.0019928751    0.0019835109    0.0019741449    0.0019647722    0.0019554057
  0.0019460276    0.0019366449    0.0019272646    0.0019178873    0.0019085018
  0.0018991210    0.0018897335    0.0018803464    0.0018709545    0.0018615705
  0.0018521774    0.0018427881    0.0018333975    0.0018240064    0.0018146159
  0.0018052266    0.0017958395    0.0017864446    0.0017770537    0.0017676677
  0.0017582822    0.0017488978    0.0017395106    0.0017301266    0.0017207413
  0.0017113562    0.0017019721    0.0016925949    0.0016832210    0.0016738355
  0.0016644653    0.0016550910    0.0016457139    0.0016363449    0.0016269704
  0.0016176013    0.0016082339    0.0015988691    0.0015895036    0.0015801431
  0.0015707794    0.0015614231    0.0015520616    0.0015427099    0.0015333507
  0.0015239995    0.0015146433    0.0015052975    0.0014959454    0.0014865974
  0.0014772458    0.0014679053    0.0014585597    0.0014492110    0.0014398647
  0.0014305266    0.0014211813    0.0014118387    0.0014025006    0.0013931599
  0.0013838109    0.0013744752    0.0013651341    0.0013557898    0.0013464441
  0.0013371060    0.0013277626    0.0013184192    0.0013090740    0.0012997253
  0.0012903714    0.0012810254    0.0012716673    0.0012623138    0.0012529562
  0.0012435899    0.0012342275    0.0012248575    0.0012154893    0.0012061144
  0.0011967292    0.0011873491    0.0011779541    0.0011685628    0.0011591583
  0.0011497503    0.0011403351    0.0011309092    0.0011214791    0.0011120411
  0.0011025987    0.0010931429    0.0010836742    0.0010741988    0.0010647089
  0.0010552139    0.0010457000    0.0010361794    0.0010266424    0.0010170959
  0.0010075275    0.0009979496    0.0009883509    0.0009787381    0.0009691012
  0.0009594498    0.0009497881    0.0009400998    0.0009303876    0.0009206497
  0.0009108989    0.0009011267    0.0008913214    0.0008814952    0.0008716440
  0.0008617650    0.0008518572    0.0008419287    0.0008319612    0.0008219733
  0.0008119609    0.0008019101    0.0007918433    0.0007817468    0.0007716195
  0.0007614555    0.0007512780    0.0007410775    0.0007308519    0.0007205993
  0.0007103431    0.0007000541    0.0006897408    0.0006794103    0.0006690747
  0.0006586992    0.0006483012    0.0006378698    0.0006274100    0.0006168818
  0.0006062864    0.0005955946    0.0005847922    0.0005738371    0.0005627069
  0.0005513504    0.0005397137    0.0005277432    0.0005153748    0.0005025294
  0.0004891232    0.0004753997    0.0004754000    0.0004754000    0.0004754000
  0.0004754000    0.0004754000    0.0004754000    0.0004754000    0.0004754000
  0.0004754000    0.0004754000    0.0004754000    0.0004754000    0.0004754000
  0.0004754000    0.0004754000    0.0004754000    0.0004754000    0.0004754000
  0.0004754000    0.0004754000    0.0004754000    0.0004754000    0.0004754000
  0.0004754000    0.0004754000    0.0004754000    0.0004754000    0.0004754000
  0.0004754000    0.0004754000    0.0004754000    0.0004754000    0.0004754000
  0.0004754000    0.0004754000    0.0004754000    0.0004754000    0.0004754000
  0.0004754000    0.0004754000    0.0004754000    0.0004754000    0.0004754000
  0.0004754000    0.0004754000    0.0004754000    0.0004754000    0.0004754000
  0.0004754000    0.0004754000    0.0004754000    0.0004754000    0.0004754000
  0.0004754000    0.0004754000    0.0004754000    0.0004754000    0.0004754000
  0.0004754000    0.0004754000    0.0004754000    0.0004754000    0.0004754000
  0.0004754000    0.0004754000    0.0004754000    0.0004754000    0.0004754000
  0.0004754000    0.0004754000    0.0004754000    0.0004754000    0.0004754000
  0.0004754000    0.0004754000    0.0004754000    0.0004754000    0.0004754000
  0.0004754000    0.0004754000    0.0004754000    0.0004754000    0.0004754000
  0.0004754000    0.0004754000    0.0004754000    0.0004754000    0.0004754000
  0.0025806476    0.0025799162    0.0025777787    0.0025743950    0.0025699664
  0.0025647045    0.0025587789    0.0025523379    0.0025454727    0.0025382818
  0.0025308244    0.0025231514    0.0025152947    0.0025072823    0.0024991372
  0.0024908847    0.0024825271    0.0024740927    0.0024655780    0.0024569966
  0.0024483546    0.0024396584    0.0024309151    0.0024221315    0.0024132993
  0.0024044338    0.0023955349    0.0023866023    0.0023776362    0.0023686521
  0.0023596347    0.0023505997    0.0023415397    0.0023324550    0.0023233613
  0.0023142436    0.0023051101    0.0022959537    0.0022867899    0.0022776116
  0.0022684266    0.0022592138    0.0022500026    0.0022407720    0.0022315369
  0.0022222906    0.0022130340    0.0022037744    0.0021944985    0.0021852141
  0.0021759355    0.0021666357    0.0021573360    0.0021480303    0.0021387191
  0.0021294031    0.0021200829    0.0021107525    0.0021014261    0.0020920908
  0.0020827540    0.0020734100    0.0020640723    0.0020547222    0.0020453669
  0.0020360201    0.0020266694    0.0020173094    0.0020079535    0.0019985961
  0.0019892316    0.0019798733    0.0019705096    0.0019611475    0.0019517815
  0.0019424242    0.0019330530    0.0019236922    0.0019143307    0.0019049634
  0.0018955971    0.0018862383    0.0018768706    0.0018675065    0.0018581464
  0.0018487859    0.0018394311    0.0018300663    0.0018207092    0.0018113548
  0.0018019989    0.0017926421    0.0017832907    0.0017739406    0.0017645872
  0.0017552365    0.0017458901    0.0017365430    0.0017272019    0.0017178571
  0.0017085150    0.0016991765    0.0016898427    0.0016805045    0.0016711678
  0.0016618343    0.0016525045    0.0016431745    0.0016338459    0.0016245197
  0.0016151966    0.0016058736    0.0015965564    0.0015872318    0.0015779155
  0.0015685991    0.0015592840    0.0015499670    0.0015406495    0.0015313413
  0.0015220309    0.0015127190    0.0015034121    0.0014941024    0.0014848001
  0.0014754894    0.0014661807    0.0014568750    0.0014475658    0.0014382664
  0.0014289548    0.0014196560    0.0014103437    0.0014010399    0.0013917342
  0.0013824163    0.0013731113    0.0013638023    0.0013544902    0.0013451736
  0.0013358615    0.0013265417    0.0013172189    0.0013079030    0.0012985738
  0.0012892412    0.0012799108    0.0012705771    0.0012612391    0.0012518921
  0.0012425421    0.0012331883    0.0012238256    0.0012144606    0.0012050919
  0.0011957093    0.0011863221    0.0011769326    0.0011675375    0.0011581241
  0.0011487045    0.0011392783    0.0011298405    0.0011203930    0.0011109342
  0.0011014665    0.0010919848    0.0010824905    0.0010729806    0.0010634592
  0.0010539222    0.0010443647    0.0010348019    0.0010252086    0.0010156074
  0.0010059820    0.0009963469    0.0009866866    0.0009770012    0.0009672934
  0.0009575630    0.0009478156    0.0009380373    0.0009282432    0.0009184187
  0.0009085628    0.0008986881    0.0008887752    0.0008788369    0.0008688814
  0.0008588895    0.0008488676    0.0008388041    0.0008287232    0.0008186126
  0.0008084769    0.0007983161    0.0007881211    0.0007779001    0.0007676449
  0.0007573691    0.0007470839    0.0007367694    0.0007264279    0.0007160657
  0.0007056857    0.0006952765    0.0006848391    0.0006743656    0.0006638561
  0.0006533024    0.0006426783    0.0006319717    0.0006211579    0.0006102240
  0.0005991267    0.0005878217    0.0005762861    0.0005644595    0.0005522760
  0.0005396816    0.0005265975    0.0005129429    0.0005067700    0.0005067702
  0.0005067702    0.0005067702    0.0005067702    0.0005067702    0.0005067702
  0.0005067702    0.0005067702    0.0005067702    0.0005067702    0.0005067702
  0.0005067702    0.0005067702    0.0005067702    0.0005067702    0.0005067702
  0.0005067702    0.0005067702    0.0005067702    0.0005067702    0.0005067702
  0.0005067702    0.0005067702    0.0005067702    0.0005067702    0.0005067702
  0.0005067702    0.0005067702    0.0005067702    0.0005067702    0.0005067702
  0.0005067702    0.0005067702    0.0005067702    0.0005067702    0.0005067702
  0.0005067702    0.0005067702    0.0005067702    0.0005067702    0.0005067702
  0.0005067702    0.0005067702    0.0005067702    0.0005067702    0.0005067702
  0.0005067702    0.0005067702    0.0005067702    0.0005067702    0.0005067702
  0.0005067702    0.0005067702    0.0005067702    0.0005067702    0.0005067702
  0.0005067702    0.0005067702    0.0005067702    0.0005067702    0.0005067702
  0.0005067702    0.0005067702    0.0005067702    0.0005067702    0.0005067702
  0.0005067702    0.0005067702    0.0005067702    0.0005067702    0.0005067702
  0.0005067702    0.0005067702    0.0005067702    0.0005067702    0.0005067702
  0.0027095033    0.0027088412    0.0027069076    0.0027038069    0.0026997262
  0.0026948127    0.0026892239    0.0026831060    0.0026765497    0.0026696412
  0.0026624335    0.0026549968    0.0026473545    0.0026395436    0.0026315870
  0.0026235103    0.0026153236    0.0026070387    0.0025986683    0.0025902262
  0.0025817182    0.0025731507    0.0025645221    0.0025558480    0.0025471356
  0.0025383760    0.0025295689    0.0025207384    0.0025118680    0.0025029739
  0.0024940480    0.0024850983    0.0024761172    0.0024671207    0.0024581011
  0.0024490587    0.0024399938    0.0024309225    0.0024218218    0.0024127154
  0.0024035881    0.0023944482    0.0023852961    0.0023761323    0.0023669573
  0.0023577639    0.0023485678    0.0023393547    0.0023301397    0.0023209086
  0.0023116769    0.0023024302    0.0022931766    0.0022839238    0.0022746579
  0.0022653866    0.0022561108    0.0022468236    0.0022375330    0.0022282463
  0.0022189434    0.0022096455    0.0022003397    0.0021910264    0.0021817131
  0.0021723938    0.0021630826    0.0021537596    0.0021444326    0.0021351086
  0.0021257751    0.0021164461    0.0021071155    0.0020977842    0.0020884460
  0.0020791148    0.0020697783    0.0020604373    0.0020510990    0.0020417575
  0.0020324199    0.0020230806    0.0020137407    0.0020044003    0.0019950608
  0.0019857223    0.0019763861    0.0019670465    0.0019577106    0.0019483787
  0.0019390345    0.0019297020    0.0019203759    0.0019110397    0.0019017061
  0.0018923754    0.0018830433    0.0018737215    0.0018643995    0.0018550729
  0.0018457482    0.0018364259    0.0018271072    0.0018177927    0.0018084726
  0.0017991640    0.0017898412    0.0017805315    0.0017712255    0.0017619185
  0.0017526117    0.0017433114    0.0017340032    0.0017247082    0.0017154071
  0.0017061116    0.0016968170    0.0016875199    0.0016782263    0.0016689420
  0.0016596485    0.0016503666    0.0016410778    0.0016317934    0.0016225138
  0.0016132315    0.0016039567    0.0015946720    0.0015853971    0.0015761242
  0.0015668455    0.0015575712    0.0015482981    0.0015390234    0.0015297526
  0.0015204787    0.0015112110    0.0015019390    0.0014926635    0.0014833987
  0.0014741254    0.0014648494    0.0014555757    0.0014463066    0.0014370310
  0.0014277553    0.0014184801    0.0014092042    0.0013999247    0.0013906395
  0.0013813587    0.0013720721    0.0013627857    0.0013534932    0.0013442012
  0.0013348965    0.0013255995    0.0013162974    0.0013069823    0.0012976729
  0.0012883553    0.0012790304    0.0012696981    0.0012603635    0.0012510256
  0.0012416770    0.0012323109    0.0012229580    0.0012135864    0.0012042015
  0.0011948123    0.0011854068    0.0011760020    0.0011665833    0.0011571596
  0.0011477159    0.0011382614    0.0011287907    0.0011193070    0.0011098113
  0.0011003034    0.0010907846    0.0010812342    0.0010716825    0.0010621094
  0.0010525084    0.0010428996    0.0010332586    0.0010236029    0.0010139364
  0.0010042245    0.0009945060    0.0009847618    0.0009749872    0.0009651880
  0.0009553600    0.0009455131    0.0009356391    0.0009257250    0.0009157916
  0.0009058195    0.0008958152    0.0008857977    0.0008757288    0.0008656441
  0.0008555283    0.0008453772    0.0008351956    0.0008249832    0.0008147516
  0.0008044793    0.0007941848    0.0007838766    0.0007735331    0.0007631516
  0.0007527627    0.0007423531    0.0007319066    0.0007214383    0.0007109293
  0.0007003855    0.0006897910    0.0006791387    0.0006684111    0.0006575887
  0.0006466590    0.0006355865    0.0006243397    0.0006128683    0.0006011445
  0.0005891218    0.0005767349    0.0005639050    0.0005505927    0.0005384550
  0.0005384553    0.0005384553    0.0005384553    0.0005384553    0.0005384553
  0.0005384553    0.0005384553    0.0005384553    0.0005384553    0.0005384553
  0.0005384553    0.0005384553    0.0005384553    0.0005384553    0.0005384553
  0.0005384553    0.0005384553    0.0005384553    0.0005384553    0.0005384553
  0.0005384553    0.0005384553    0.0005384553    0.0005384553    0.0005384553
  0.0005384553    0.0005384553    0.0005384553    0.0005384553    0.0005384553
  0.0005384553    0.0005384553    0.0005384553    0.0005384553    0.0005384553
  0.0005384553    0.0005384553    0.0005384553    0.0005384553    0.0005384553
  0.0005384553    0.0005384553    0.0005384553    0.0005384553    0.0005384553
  0.0005384553    0.0005384553    0.0005384553    0.0005384553    0.0005384553
  0.0005384553    0.0005384553    0.0005384553    0.0005384553    0.0005384553
  0.0005384553    0.0005384553    0.0005384553    0.0005384553    0.0005384553
  0.0005384553    0.0005384553    0.0005384553    0.0005384553    0.0005384553
  0.0028377136    0.0028371120    0.0028353514    0.0028325143    0.0028287356
  0.0028241623    0.0028189088    0.0028131093    0.0028068542    0.0028002269
  0.0027932925    0.0027860963    0.0027786805    0.0027710830    0.0027633177
  0.0027554285    0.0027474072    0.0027392924    0.0027310787    0.0027227801
  0.0027144111    0.0027059689    0.0026974694    0.0026889193    0.0026803176
  0.0026716633    0.0026629728    0.0026542370    0.0026454725    0.0026366705
  0.0026278394    0.0026189792    0.0026100896    0.0026011709    0.0025922315
  0.0025832716    0.0025742913    0.0025652909    0.0025562626    0.0025472230
  0.0025381722    0.0025291027    0.0025200148    0.0025109090    0.0025017936
  0.0024926690    0.0024835278    0.0024743782    0.0024652207    0.0024560404
  0.0024468607    0.0024376745    0.0024284747    0.0024192616    0.0024100512
  0.0024008286    0.0023915944    0.0023823568    0.0023731160    0.0023638653
  0.0023546127    0.0023453512    0.0023360887    0.0023268186    0.0023175415
  0.0023082651    0.0022989826    0.0022896948    0.0022804023    0.0022711124
  0.0022618191    0.0022525158    0.0022432237    0.0022339162    0.0022246143
  0.0022153049    0.0022059954    0.0021966933    0.0021873789    0.0021780664
  0.0021687561    0.0021594422    0.0021501255    0.0021408130    0.0021314988
  0.0021221837    0.0021128681    0.0021035531    0.0020942390    0.0020849202
  0.0020756040    0.0020662968    0.0020569750    0.0020476696    0.0020383571
  0.0020290504    0.0020197379    0.0020104267    0.0020011172    0.0019918102
  0.0019825126    0.0019732070    0.0019639004    0.0019545994    0.0019452990
  0.0019359997    0.0019267081    0.0019174082    0.0019081176    0.0018988260
  0.0018895393    0.0018802477    0.0018709686    0.0018616808    0.0018524012
  0.0018431205    0.0018338444    0.0018245688    0.0018152944    0.0018060169
  0.0017967478    0.0017874827    0.0017782124    0.0017689528    0.0017596848
  0.0017504247    0.0017411584    0.0017319066    0.0017226506    0.0017133966
  0.0017041451    0.0016948882    0.0016856406    0.0016763994    0.0016671413
  0.0016579009    0.0016486557    0.0016394117    0.0016301742    0.0016209265
  0.0016116925    0.0016024510    0.0015932119    0.0015839761    0.0015747370
  0.0015654910    0.0015562612    0.0015470232    0.0015377865    0.0015285445
  0.0015193111    0.0015100708    0.0015008256    0.0014915887    0.0014823458
  0.0014731020    0.0014638630    0.0014546190    0.0014453748    0.0014361165
  0.0014268699    0.0014176126    0.0014083587    0.0013990976    0.0013898322
  0.0013805709    0.0013712909    0.0013620221    0.0013527417    0.0013434590
  0.0013341684    0.0013248731    0.0013155706    0.0013062736    0.0012969579
  0.0012876348    0.0012783076    0.0012689743    0.0012596285    0.0012502756
  0.0012409182    0.0012315489    0.0012221643    0.0012127709    0.0012033647
  0.0011939516    0.0011845316    0.0011750898    0.0011656408    0.0011561710
  0.0011466861    0.0011371814    0.0011276734    0.0011181386    0.0011085970
  0.0010990245    0.0010894393    0.0010798287    0.0010701995    0.0010605586
  0.0010508794    0.0010411943    0.0010314679    0.0010217241    0.0010119563
  0.0010021636    0.0009923338    0.0009824887    0.0009726079    0.0009627004
  0.0009527609    0.0009427891    0.0009327824    0.0009227430    0.0009126828
  0.0009025858    0.0008924631    0.0008823034    0.0008721046    0.0008618830
  0.0008516221    0.0008413390    0.0008310369    0.0008206891    0.0008103333
  0.0007999351    0.0007895159    0.0007790661    0.0007685999    0.0007580835
  0.0007475478    0.0007369785    0.0007263494    0.0007156684    0.0007049270
  0.0006940890    0.0006831500    0.0006720963    0.0006608814    0.0006494708
  0.0006378372    0.0006259353    0.0006137146    0.0006011305    0.0005880852
  0.0005745531    0.0005704455    0.0005704458    0.0005704458    0.0005704458
  0.0005704458    0.0005704458    0.0005704458    0.0005704458    0.0005704458
  0.0005704458    0.0005704458    0.0005704458    0.0005704458    0.0005704458
  0.0005704458    0.0005704458    0.0005704458    0.0005704458    0.0005704458
  0.0005704458    0.0005704458    0.0005704458    0.0005704458    0.0005704458
  0.0005704458    0.0005704458    0.0005704458    0.0005704458    0.0005704458
  0.0005704458    0.0005704458    0.0005704458    0.0005704458    0.0005704458
  0.0005704458    0.0005704458    0.0005704458    0.0005704458    0.0005704458
  0.0005704458    0.0005704458    0.0005704458    0.0005704458    0.0005704458
  0.0005704458    0.0005704458    0.0005704458    0.0005704458    0.0005704458
  0.0005704458    0.0005704458    0.0005704458    0.0005704458    0.0005704458
  0.0029652988    0.0029647542    0.0029631429    0.0029605464    0.0029570464
  0.0029527753    0.0029478469    0.0029423620    0.0029364113    0.0029300655
  0.0029233940    0.0029164541    0.0029092703    0.0029018910    0.0028943396
  0.0028866329    0.0028787992    0.0028708499    0.0028627977    0.0028546473
  0.0028464224    0.0028381199    0.0028297557    0.0028213277    0.0028128525
  0.0028043196    0.0027957370    0.0027871129    0.0027784467    0.0027697468
  0.0027610127    0.0027522443    0.0027434414    0.0027346214    0.0027257669
  0.0027168866    0.0027079891    0.0026990662    0.0026901179    0.0026811532
  0.0026721720    0.0026631747    0.0026541533    0.0026451165    0.0026360727
  0.0026270060    0.0026179331    0.0026088380    0.0025997373    0.0025906235
  0.0025815050    0.0025723659    0.0025632231    0.0025540687    0.0025449033
  0.0025357352    0.0025265569    0.0025173612    0.0025081719    0.0024989661
  0.0024897523    0.0024805384    0.0024713173    0.0024620894    0.0024528554
  0.0024436157    0.0024343781    0.0024251285    0.0024158748    0.0024066174
  0.0023973642    0.0023881010    0.0023788356    0.0023695688    0.0023602937
  0.0023510180    0.0023417424    0.0023324674    0.0023231863    0.0023138998
  0.0023046155    0.0022953269    0.0022860416    0.0022767533    0.0022674692
  0.0022581763    0.0022488823    0.0022395940    0.0022303058    0.0022210112
  0.0022117176    0.0022024258    0.0021931361    0.0021838427    0.0021745529
  0.0021652604    0.0021559664    0.0021466776    0.0021373883    0.0021281054
  0.0021188107    0.0021095302    0.0021002393    0.0020909574    0.0020816728
  0.0020723925    0.0020631169    0.0020538346    0.0020445583    0.0020352830
  0.0020260093    0.0020167320    0.0020074693    0.0019982045    0.0019889326
  0.0019796659    0.0019704052    0.0019611395    0.0019518816    0.0019426257
  0.0019333736    0.0019241196    0.0019148652    0.0019056161    0.0018963628
  0.0018871224    0.0018778738    0.0018686392    0.0018593933    0.0018501577
  0.0018409283    0.0018316902    0.0018224597    0.0018132330    0.0018040005
  0.0017947782    0.0017855474    0.0017763239    0.0017671082    0.0017578821
  0.0017486660    0.0017394559    0.0017302335    0.0017210244    0.0017118097
  0.0017025959    0.0016933930    0.0016841789    0.0016749691    0.0016657641
  0.0016565608    0.0016473510    0.0016381496    0.0016289398    0.0016197366
  0.0016105362    0.0016013313    0.0015921230    0.0015829218    0.0015737117
  0.0015645150    0.0015553077    0.0015460955    0.0015368883    0.0015276794
  0.0015184658    0.0015092570    0.0015000470    0.0014908287    0.0014816080
  0.0014723906    0.0014631662    0.0014539364    0.0014447108    0.0014354757
  0.0014262402    0.0014170027    0.0014077502    0.0013985029    0.0013892516
  0.0013799909    0.0013707230    0.0013614502    0.0013521738    0.0013428899
  0.0013335897    0.0013242890    0.0013149871    0.0013056722    0.0012963473
  0.0012870176    0.0012776758    0.0012683186    0.0012589544    0.0012495826
  0.0012401845    0.0012307932    0.0012213813    0.0012119550    0.0012025106
  0.0011930545    0.0011835836    0.0011741012    0.0011645912    0.0011550759
  0.0011455312    0.0011359745    0.0011263933    0.0011167987    0.0011071707
  0.0010975297    0.0010878638    0.0010781789    0.0010684601    0.0010587168
  0.0010489434    0.0010391494    0.0010293321    0.0010194752    0.0010095980
  0.0009996782    0.0009897390    0.0009797631    0.0009697596    0.0009597179
  0.0009496551    0.0009395575    0.0009294143    0.0009192393    0.0009090373
  0.0008988105    0.0008885378    0.0008782353    0.0008679215    0.0008575491
  0.0008471691    0.0008367466    0.0008262991    0.0008158246    0.0008053326
  0.0007948000    0.0007842195    0.0007736175    0.0007629619    0.0007522560
  0.0007414920    0.0007306390    0.0007197012    0.0007086546    0.0006974659
  0.0006860978    0.0006745430    0.0006627454    0.0006506703    0.0006382430
  0.0006254468    0.0006122067    0.0006027290    0.0006027293    0.0006027293
  0.0006027293    0.0006027293    0.0006027293    0.0006027293    0.0006027293
  0.0006027293    0.0006027293    0.0006027293    0.0006027293    0.0006027293
  0.0006027293    0.0006027293    0.0006027293    0.0006027293    0.0006027293
  0.0006027293    0.0006027293    0.0006027293    0.0006027293    0.0006027293
  0.0006027293    0.0006027293    0.0006027293    0.0006027293    0.0006027293
  0.0006027293    0.0006027293    0.0006027293    0.0006027293    0.0006027293
  0.0006027293    0.0006027293    0.0006027293    0.0006027293    0.0006027293
  0.0006027293    0.0006027293    0.0006027293    0.0006027293    0.0006027293
  0.0030922689    0.0030917746    0.0030902993    0.0030879086    0.0030846724
  0.0030806925    0.0030760596    0.0030708782    0.0030652285    0.0030591680
  0.0030527711    0.0030460781    0.0030391351    0.0030319821    0.0030246429
  0.0030171347    0.0030094863    0.0030017090    0.0029938253    0.0029858394
  0.0029777660    0.0029696110    0.0029613905    0.0029530925    0.0029447342
  0.0029363231    0.0029278580    0.0029193470    0.0029107986    0.0029022029
  0.0028935684    0.0028848950    0.0028761913    0.0028674571    0.0028587013
  0.0028499059    0.0028410888    0.0028322500    0.0028233896    0.0028144989
  0.0028055959    0.0027966715    0.0027877177    0.0027787607    0.0027697833
  0.0027607858    0.0027517773    0.0027427495    0.0027337110    0.0027246625
  0.0027155956    0.0027065193    0.0026974339    0.0026883313    0.0026792204
  0.0026701099    0.0026609752    0.0026518416    0.0026426930    0.0026335382
  0.0026243774    0.0026152111    0.0026060316    0.0025968555    0.0025876593
  0.0025784671    0.0025692639    0.0025600655    0.0025508491    0.0025416307
  0.0025324108    0.0025231899    0.0025139606    0.0025047235    0.0024954943
  0.0024862508    0.0024770085    0.0024677606    0.0024585146    0.0024492566
  0.0024400091    0.0024307505    0.0024214888    0.0024122316    0.0024029721
  0.0023937110    0.0023844417    0.0023751790    0.0023659159    0.0023566463
  0.0023473777    0.0023381038    0.0023288386    0.0023195693    0.0023103029
  0.0023010267    0.0022917613    0.0022824872    0.0022732248    0.0022639551
  0.0022546785    0.0022454152    0.0022361464    0.0022268854    0.0022176199
  0.0022083573    0.0021990848    0.0021898289    0.0021805648    0.0021713059
  0.0021620525    0.0021527864    0.0021435334    0.0021342877    0.0021250256
  0.0021157781    0.0021065281    0.0020972815    0.0020880396    0.0020787966
  0.0020695537    0.0020603115    0.0020510763    0.0020418369    0.0020326065
  0.0020233733    0.0020141443    0.0020049144    0.0019956845    0.0019864608
  0.0019772438    0.0019680181    0.0019588008    0.0019495926    0.0019403727
  0.0019311685    0.0019219542    0.0019127467    0.0019035417    0.0018943392
  0.0018851412    0.0018759373    0.0018667390    0.0018575416    0.0018483518
  0.0018391601    0.0018299720    0.0018207839    0.0018115915    0.0018024057
  0.0017932226    0.0017840384    0.0017748634    0.0017656794    0.0017565019
  0.0017473270    0.0017381419    0.0017289707    0.0017197960    0.0017106237
  0.0017014543    0.0016922805    0.0016831026    0.0016739406    0.0016647636
  0.0016555914    0.0016464155    0.0016372508    0.0016280808    0.0016189071
  0.0016097304    0.0016005527    0.0015913837    0.0015821988    0.0015730253
  0.0015638389    0.0015546623    0.0015454843    0.0015362944    0.0015271056
  0.0015179125    0.0015087236    0.0014995288    0.0014903300    0.0014811213
  0.0014719115    0.0014627063    0.0014534851    0.0014442678    0.0014350349
  0.0014258092    0.0014165676    0.0014073295    0.0013980697    0.0013888166
  0.0013795526    0.0013702825    0.0013609984    0.0013517128    0.0013424139
  0.0013331144    0.0013237931    0.0013144592    0.0013051315    0.0012957732
  0.0012864132    0.0012770494    0.0012676552    0.0012582595    0.0012488473
  0.0012394127    0.0012299675    0.0012205140    0.0012110353    0.0012015398
  0.0011920205    0.0011824962    0.0011729481    0.0011633668    0.0011537716
  0.0011441558    0.0011345222    0.0011248645    0.0011151687    0.0011054542
  0.0010957273    0.0010859577    0.0010761640    0.0010663490    0.0010564947
  0.0010466072    0.0010366972    0.0010267538    0.0010167760    0.0010067703
  0.0009967148    0.0009866484    0.0009765287    0.0009663881    0.0009562199
  0.0009459929    0.0009357655    0.0009254863    0.0009151565    0.0009048274
  0.0008944469    0.0008840328    0.0008736032    0.0008631342    0.0008526342
  0.0008421102    0.0008315366    0.0008209473    0.0008103159    0.0007996268
  0.0007889002    0.0007781009    0.0007672515    0.0007563055    0.0007452630
  0.0007340795    0.0007227676    0.0007112557    0.0006995414    0.0006875916
  0.0006753162    0.0006627210    0.0006497233    0.0006362784    0.0006352958
  0.0006352911    0.0006352911    0.0006352911    0.0006352911    0.0006352911
  0.0006352911    0.0006352911    0.0006352911    0.0006352911    0.0006352911
  0.0006352911    0.0006352911    0.0006352911    0.0006352911    0.0006352911
  0.0006352911    0.0006352911    0.0006352911    0.0006352911    0.0006352911
  0.0006352911    0.0006352911    0.0006352911    0.0006352911    0.0006352911
  0.0006352911    0.0006352911    0.0006352911    0.0006352911    0.0006352911
  0.0032186518    0.0032181877    0.0032168384    0.0032146280    0.0032116303
  0.0032079113    0.0032035760    0.0031986790    0.0031933205    0.0031875436
  0.0031814074    0.0031749763    0.0031682777    0.0031613535    0.0031542286
  0.0031469303    0.0031394782    0.0031318936    0.0031241792    0.0031163592
  0.0031084482    0.0031004423    0.0030923577    0.0030842015    0.0030759811
  0.0030676945    0.0030593498    0.0030509555    0.0030425201    0.0030340328
  0.0030255028    0.0030169388    0.0030083405    0.0029996979    0.0029910298
  0.0029823264    0.0029736064    0.0029648510    0.0029560696    0.0029472622
  0.0029384381    0.0029295882    0.0029207217    0.0029118298    0.0029029308
  0.0028939977    0.0028850579    0.0028761026    0.0028671321    0.0028581465
  0.0028491463    0.0028401318    0.0028311033    0.0028220612    0.0028130144
  0.0028039459    0.0027948735    0.0027857974    0.0027767009    0.0027676014
  0.0027584908    0.0027493695    0.0027402380    0.0027311050    0.0027219625
  0.0027128108    0.0027036589    0.0026944986    0.0026853223    0.0026761549
  0.0026669725    0.0026577916    0.0026485965    0.0026394039    0.0026302061
  0.0026210035    0.0026117964    0.0026025778    0.0025933712    0.0025841538
  0.0025749263    0.0025657044    0.0025564809    0.0025472484    0.0025380153
  0.0025287820    0.0025195488    0.0025103088    0.0025010700    0.0024918329
  0.0024825903    0.0024733502    0.0024640985    0.0024548576    0.0024456063
  0.0024363664    0.0024271172    0.0024178733    0.0024086210    0.0023993752
  0.0023901221    0.0023808832    0.0023716313    0.0023623808    0.0023531321
  0.0023438927    0.0023346423    0.0023254026    0.0023161464    0.0023069081
  0.0022976683    0.0022884274    0.0022791859    0.0022699513    0.0022607107
  0.0022514713    0.0022422338    0.0022330052    0.0022237728    0.0022145506
  0.0022053135    0.0021960876    0.0021868606    0.0021776398    0.0021684129
  0.0021591934    0.0021499813    0.0021407655    0.0021315524    0.0021223429
  0.0021131316    0.0021039253    0.0020947241    0.0020855177    0.0020763061
  0.0020671135    0.0020579176    0.0020487247    0.0020395239    0.0020303391
  0.0020211482    0.0020119629    0.0020027787    0.0019935965    0.0019844218
  0.0019752453    0.0019660723    0.0019568936    0.0019477206    0.0019385536
  0.0019293832    0.0019202208    0.0019110562    0.0019018962    0.0018927308
  0.0018835764    0.0018744188    0.0018652634    0.0018561115    0.0018469591
  0.0018378116    0.0018286653    0.0018195111    0.0018103652    0.0018012180
  0.0017920761    0.0017829349    0.0017737915    0.0017646508    0.0017555097
  0.0017463640    0.0017372251    0.0017280882    0.0017189415    0.0017098089
  0.0017006685    0.0016915303    0.0016823871    0.0016732442    0.0016641070
  0.0016549641    0.0016458166    0.0016366698    0.0016275336    0.0016183840
  0.0016092305    0.0016000790    0.0015909265    0.0015817747    0.0015726124
  0.0015634490    0.0015542863    0.0015451180    0.0015359453    0.0015267698
  0.0015175926    0.0015084010    0.0014992148    0.0014900285    0.0014808286
  0.0014716282    0.0014624138    0.0014532025    0.0014439736    0.0014347479
  0.0014255051    0.0014162654    0.0014070092    0.0013977428    0.0013884809
  0.0013791991    0.0013699065    0.0013606110    0.0013512961    0.0013419769
  0.0013326326    0.0013232823    0.0013139254    0.0013045597    0.0012951616
  0.0012857580    0.0012763419    0.0012669096    0.0012574649    0.0012479924
  0.0012385102    0.0012290009    0.0012194838    0.0012099384    0.0012003693
  0.0011907831    0.0011811727    0.0011715437    0.0011618846    0.0011522004
  0.0011424785    0.0011327424    0.0011229833    0.0011131854    0.0011033772
  0.0010935247    0.0010836321    0.0010737231    0.0010637742    0.0010538009
  0.0010437849    0.0010337496    0.0010236551    0.0010135410    0.0010033936
  0.0009932056    0.0009829967    0.0009727272    0.0009624479    0.0009521165
  0.0009417618    0.0009313695    0.0009209480    0.0009104895    0.0009000043
  0.0008894769    0.0008789293    0.0008683386    0.0008577129    0.0008470565
  0.0008363480    0.0008255994    0.0008147906    0.0008039118    0.0007929611
  0.0007819068    0.0007707418    0.0007594581    0.0007480065    0.0007363518
  0.0007244850    0.0007123524    0.0006999161    0.0006871298    0.0006739461
  0.0006681271    0.0006681274    0.0006681274    0.0006681274    0.0006681274
  0.0006681274    0.0006681274    0.0006681274    0.0006681274    0.0006681274
  0.0006681274    0.0006681274    0.0006681274    0.0006681274    0.0006681274
  0.0006681274    0.0006681274    0.0006681274    0.0006681274    0.0006681274
  0.0033444322    0.0033440181    0.0033427680    0.0033407247    0.0033379415
  0.0033344750    0.0033304004    0.0033257932    0.0033206985    0.0033151980
  0.0033093451    0.0033031654    0.0032967101    0.0032900231    0.0032831195
  0.0032760382    0.0032687783    0.0032613826    0.0032538535    0.0032462051
  0.0032384525    0.0032306117    0.0032226787    0.0032146607    0.0032065750
  0.0031984196    0.0031902126    0.0031819424    0.0031736175    0.0031652470
  0.0031568297    0.0031483650    0.0031398720    0.0031313403    0.0031227694
  0.0031141590    0.0031055285    0.0030968581    0.0030881673    0.0030794556
  0.0030707042    0.0030619415    0.0030531488    0.0030443355    0.0030355111
  0.0030266572    0.0030177924    0.0030089076    0.0030000031    0.0029910793
  0.0029821455    0.0029732018    0.0029642304    0.0029552498    0.0029462692
  0.0029372619    0.0029282462    0.0029192224    0.0029101819    0.0029011427
  0.0028920788    0.0028830169    0.0028739397    0.0028648564    0.0028557585
  0.0028466639    0.0028375471    0.0028284341    0.0028193080    0.0028101866
  0.0028010446    0.0027918994    0.0027827596    0.0027736091    0.0027644397
  0.0027552769    0.0027461128    0.0027369313    0.0027277574    0.0027185751
  0.0027093930    0.0027002036    0.0026910071    0.0026818121    0.0026726107
  0.0026634117    0.0026542073    0.0026449983    0.0026357845    0.0026265749
  0.0026173616    0.0026081453    0.0025989265    0.0025897054    0.0025804903
  0.0025712662    0.0025620415    0.0025528238    0.0025435913    0.0025343667
  0.0025251434    0.0025159139    0.0025066865    0.0024974615    0.0024882393
  0.0024790132    0.0024697836    0.0024605584    0.0024513308    0.0024421084
  0.0024328843    0.0024236528    0.0024144276    0.0024052097    0.0023959856
  0.0023867623    0.0023775411    0.0023683219    0.0023591122    0.0023498923
  0.0023406762    0.0023314643    0.0023222508    0.0023130357    0.0023038332
  0.0022946243    0.0022854220    0.0022762204    0.0022670146    0.0022578169
  0.0022486219    0.0022394177    0.0022302300    0.0022210339    0.0022118494
  0.0022026519    0.0021934728    0.0021842882    0.0021750991    0.0021659297
  0.0021567510    0.0021475694    0.0021383980    0.0021292247    0.0021200626
  0.0021108943    0.0021017326    0.0020925721    0.0020834192    0.0020742575
  0.0020650990    0.0020559505    0.0020467950    0.0020376509    0.0020284962
  0.0020193591    0.0020102187    0.0020010813    0.0019919365    0.0019828014
  0.0019736657    0.0019645360    0.0019554079    0.0019462818    0.0019371530
  0.0019280282    0.0019188979    0.0019097778    0.0019006639    0.0018915418
  0.0018824231    0.0018733125    0.0018641869    0.0018550765    0.0018459628
  0.0018368516    0.0018277437    0.0018186351    0.0018095228    0.0018004205
  0.0017912977    0.0017822015    0.0017730912    0.0017639819    0.0017548698
  0.0017457653    0.0017366556    0.0017275421    0.0017184262    0.0017093175
  0.0017002036    0.0016910954    0.0016819844    0.0016728679    0.0016637430
  0.0016546240    0.0016454985    0.0016363772    0.0016272527    0.0016181223
  0.0016089832    0.0015998530    0.0015907129    0.0015815688    0.0015724212
  0.0015632688    0.0015541089    0.0015449543    0.0015357948    0.0015266096
  0.0015174383    0.0015082525    0.0014990719    0.0014898658    0.0014806647
  0.0014714528    0.0014622419    0.0014530163    0.0014437720    0.0014345235
  0.0014252771    0.0014160167    0.0014067420    0.0013974482    0.0013881566
  0.0013788508    0.0013695193    0.0013601907    0.0013508471    0.0013414766
  0.0013320994    0.0013227087    0.0013132985    0.0013038832    0.0012944377
  0.0012849838    0.0012755059    0.0012660042    0.0012564959    0.0012469479
  0.0012373897    0.0012278121    0.0012182012    0.0012085686    0.0011989178
  0.0011892391    0.0011795379    0.0011697978    0.0011600262    0.0011502477
  0.0011404222    0.0011305758    0.0011206959    0.0011107653    0.0011008331
  0.0010908474    0.0010808364    0.0010707713    0.0010606871    0.0010505693
  0.0010404163    0.0010302207    0.0010200024    0.0010097294    0.0009994293
  0.0009890950    0.0009787234    0.0009683203    0.0009578746    0.0009474067
  0.0009369084    0.0009263648    0.0009157923    0.0009051728    0.0008945313
  0.0008838452    0.0008731214    0.0008623504    0.0008515150    0.0008406210
  0.0008296530    0.0008186087    0.0008074531    0.0007961772    0.0007847605
  0.0007731671    0.0007613828    0.0007493654    0.0007370646    0.0007244585
  0.0007114812    0.0007012236    0.0007012240    0.0007012240    0.0007012240
  0.0007012240    0.0007012240    0.0007012240    0.0007012240    0.0007012240
