  0.0000000000    0.0036000000
  0.0000500000    0.0006000000    299    19
  0.0769921839    0.0768589079    0.0766321719    0.0763876140    0.0761355460
  0.0758785307    0.0756175220    0.0753529370    0.0750848353    0.0748133361
  0.0745384395    0.0742600262    0.0739780962    0.0736925900    0.0734033287
  0.0731103122    0.0728133619    0.0725124180    0.0722073019    0.0718978941
  0.0715840757    0.0712656677    0.0709425509    0.0706145465    0.0702814162
  0.0699431598    0.0695993602    0.0692498982    0.0688945949    0.0685332119
  0.0681654513    0.0677910149    0.0674097836    0.0670212805    0.0666253269
  0.0662215054    0.0658093989    0.0653887093    0.0649590194    0.0645199716
  0.0640708506    0.0636113584    0.0631408989    0.0626589358    0.0621647537
  0.0616579354    0.0611374676    0.0606028140    0.0600530803    0.0594874322
  0.0589050949    0.0583049953    0.0576858819    0.0570470989    0.0563870370
  0.0557041466    0.0549971759    0.0542640984    0.0535023510    0.0527088940
  0.0518802106    0.0510108173    0.0500942767    0.0491214693    0.0480808318
  0.0469557941    0.0457243025    0.0443560183    0.0428082049    0.0410203636
  0.0388996899    0.0362972915    0.0344451964    0.0344451964    0.0344451964
  0.0344451964    0.0344451964    0.0344451964    0.0344451964    0.0344451964
  0.0344451964    0.0344451964    0.0344451964    0.0344451964    0.0344451964
  0.0344451964    0.0344451964    0.0344451964    0.0344451964    0.0344451964
  0.0344451964    0.0344451964    0.0344451964    0.0344451964    0.0344451964
  0.0344451964    0.0344451964    0.0344451964    0.0344451964    0.0344451964
  0.0344451964    0.0344451964    0.0344451964    0.0344451964    0.0344451964
  0.0344451964    0.0344451964    0.0344451964    0.0344451964    0.0344451964
  0.0344451964    0.0344451964    0.0344451964    0.0344451964    0.0344451964
  0.0344451964    0.0344451964    0.0344451964    0.0344451964    0.0344451964
  0.0344451964    0.0344451964    0.0344451964    0.0344451964    0.0344451964
  0.0344451964    0.0344451964    0.0344451964    0.0344451964    0.0344451964
  0.0344451964    0.0344451964    0.0344451964    0.0344451964    0.0344451964
  0.0344451964    0.0344451964    0.0344451964    0.0344451964    0.0344451964
  0.0344451964    0.0344451964    0.0344451964    0.0344451964    0.0344451964
  0.0344451964    0.0344451964    0.0344451964    0.0344451964    0.0344451964
  0.0344451964    0.0344451964    0.0344451964    0.0344451964    0.0344451964
  0.0344451964    0.0344451964    0.0344451964    0.0344451964    0.0344451964
  0.0344451964    0.0344451964    0.0344451964    0.0344451964    0.0344451964
  0.0344451964    0.0344451964    0.0344451964    0.0344451964    0.0344451964
  0.0344451964    0.0344451964    0.0344451964    0.0344451964    0.0344451964
  0.0344451964    0.0344451964    0.0344451964    0.0344451964    0.0344451964
  0.0344451964    0.0344451964    0.0344451964    0.0344451964    0.0344451964
  0.0344451964    0.0344451964    0.0344451964    0.0344451964    0.0344451964
  0.0344451964    0.0344451964    0.0344451964    0.0344451964    0.0344451964
  0.0344451964    0.0344451964    0.0344451964    0.0344451964    0.0344451964
  0.0344451964    0.0344451964    0.0344451964    0.0344451964    0.0344451964
  0.0344451964    0.0344451964    0.0344451964    0.0344451964    0.0344451964
  0.0344451964    0.0344451964    0.0344451964    0.0344451964    0.0344451964
  0.0344451964    0.0344451964    0.0344451964    0.0344451964    0.0344451964
  0.0344451964    0.0344451964    0.0344451964    0.0344451964    0.0344451964
  0.0344451964    0.0344451964    0.0344451964    0.0344451964    0.0344451964
  0.0344451964    0.0344451964    0.0344451964    0.0344451964    0.0344451964
  0.0344451964    0.0344451964    0.0344451964    0.0344451964    0.0344451964
  0.0344451964    0.0344451964    0.0344451964    0.0344451964    0.0344451964
  0.0344451964    0.0344451964    0.0344451964    0.0344451964    0.0344451964
  0.0344451964    0.0344451964    0.0344451964    0.0344451964    0.0344451964
  0.0344451964    0.0344451964    0.0344451964    0.0344451964    0.0344451964
  0.0344451964    0.0344451964    0.0344451964    0.0344451964    0.0344451964
  0.0344451964    0.0344451964    0.0344451964    0.0344451964    0.0344451964
  0.0344451964    0.0344451964    0.0344451964    0.0344451964    0.0344451964
  0.0344451964    0.0344451964    0.0344451964    0.0344451964    0.0344451964
  0.0344451964    0.0344451964    0.0344451964    0.0344451964    0.0344451964
  0.0344451964    0.0344451964    0.0344451964    0.0344451964    0.0344451964
  0.0344451964    0.0344451964    0.0344451964    0.0344451964    0.0344451964
  0.0344451964    0.0344451964    0.0344451964    0.0344451964    0.0344451964
  0.0792640746    0.0791644156    0.0789771378    0.0787682831    0.0785506070
  0.0783276260    0.0781006515    0.0778702796    0.0776369870    0.0774007738
  0.0771617591    0.0769199431    0.0766754448    0.0764281452    0.0761780441
  0.0759251416    0.0756693184    0.0754105151    0.0751487315    0.0748838484
  0.0746158659    0.0743446648    0.0740701258    0.0737921298    0.0735107362
  0.0732257068    0.0729369819    0.0726445019    0.0723480284    0.0720475614
  0.0717429221    0.0714339912    0.0711206496    0.0708026588    0.0704800189
  0.0701524913    0.0698197782    0.0694818795    0.0691384971    0.0687895715
  0.0684346259    0.0680736601    0.0677062571    0.0673321784    0.0669514239
  0.0665633380    0.0661677420    0.0657643974    0.0653527677    0.0649326742
  0.0645035803    0.0640651286    0.0636167824    0.0631582439    0.0626886785
  0.0622077286    0.0617149770    0.0612095296    0.0606907308    0.0601580441
  0.0596106350    0.0590479076    0.0584686100    0.0578720868    0.0572573841
  0.0566236079    0.0559692681    0.0552930534    0.0545934737    0.0538685024
  0.0531160533    0.0523329675    0.0515152514    0.0506578982    0.0497542918
  0.0487963855    0.0477710664    0.0466647446    0.0454551876    0.0441156328
  0.0426066816    0.0408766568    0.0388477743    0.0364020169    0.0354005992
  0.0354005992    0.0354005992    0.0354005992    0.0354005992    0.0354005992
  0.0354005992    0.0354005992    0.0354005992    0.0354005992    0.0354005992
  0.0354005992    0.0354005992    0.0354005992    0.0354005992    0.0354005992
  0.0354005992    0.0354005992    0.0354005992    0.0354005992    0.0354005992
  0.0354005992    0.0354005992    0.0354005992    0.0354005992    0.0354005992
  0.0354005992    0.0354005992    0.0354005992    0.0354005992    0.0354005992
  0.0354005992    0.0354005992    0.0354005992    0.0354005992    0.0354005992
  0.0354005992    0.0354005992    0.0354005992    0.0354005992    0.0354005992
  0.0354005992    0.0354005992    0.0354005992    0.0354005992    0.0354005992
  0.0354005992    0.0354005992    0.0354005992    0.0354005992    0.0354005992
  0.0354005992    0.0354005992    0.0354005992    0.0354005992    0.0354005992
  0.0354005992    0.0354005992    0.0354005992    0.0354005992    0.0354005992
  0.0354005992    0.0354005992    0.0354005992    0.0354005992    0.0354005992
  0.0354005992    0.0354005992    0.0354005992    0.0354005992    0.0354005992
  0.0354005992    0.0354005992    0.0354005992    0.0354005992    0.0354005992
  0.0354005992    0.0354005992    0.0354005992    0.0354005992    0.0354005992
  0.0354005992    0.0354005992    0.0354005992    0.0354005992    0.0354005992
  0.0354005992    0.0354005992    0.0354005992    0.0354005992    0.0354005992
  0.0354005992    0.0354005992    0.0354005992    0.0354005992    0.0354005992
  0.0354005992    0.0354005992    0.0354005992    0.0354005992    0.0354005992
  0.0354005992    0.0354005992    0.0354005992    0.0354005992    0.0354005992
  0.0354005992    0.0354005992    0.0354005992    0.0354005992    0.0354005992
  0.0354005992    0.0354005992    0.0354005992    0.0354005992    0.0354005992
  0.0354005992    0.0354005992    0.0354005992    0.0354005992    0.0354005992
  0.0354005992    0.0354005992    0.0354005992    0.0354005992    0.0354005992
  0.0354005992    0.0354005992    0.0354005992    0.0354005992    0.0354005992
  0.0354005992    0.0354005992    0.0354005992    0.0354005992    0.0354005992
  0.0354005992    0.0354005992    0.0354005992    0.0354005992    0.0354005992
  0.0354005992    0.0354005992    0.0354005992    0.0354005992    0.0354005992
  0.0354005992    0.0354005992    0.0354005992    0.0354005992    0.0354005992
  0.0354005992    0.0354005992    0.0354005992    0.0354005992    0.0354005992
  0.0354005992    0.0354005992    0.0354005992    0.0354005992    0.0354005992
  0.0354005992    0.0354005992    0.0354005992    0.0354005992    0.0354005992
  0.0354005992    0.0354005992    0.0354005992    0.0354005992    0.0354005992
  0.0354005992    0.0354005992    0.0354005992    0.0354005992    0.0354005992
  0.0354005992    0.0354005992    0.0354005992    0.0354005992    0.0354005992
  0.0354005992    0.0354005992    0.0354005992    0.0354005992    0.0354005992
  0.0354005992    0.0354005992    0.0354005992    0.0354005992    0.0354005992
  0.0354005992    0.0354005992    0.0354005992    0.0354005992    0.0354005992
  0.0354005992    0.0354005992    0.0354005992    0.0354005992    0.0354005992
  0.0354005992    0.0354005992    0.0354005992    0.0354005992    0.0354005992
  0.0354005992    0.0354005992    0.0354005992    0.0354005992    0.0354005992
  0.0354005992    0.0354005992    0.0354005992    0.0354005992    0.0354005992
  0.0812711418    0.0811956227    0.0810402930    0.0808603466    0.0806700289
  0.0804738104    0.0802734792    0.0800697505    0.0798632205    0.0796540678
  0.0794424713    0.0792285502    0.0790123045    0.0787937343    0.0785728991
  0.0783498585    0.0781244338    0.0778967440    0.0776667297    0.0774342716
  0.0771994889    0.0769622028    0.0767224133    0.0764800608    0.0762351453
  0.0759875476    0.0757372677    0.0754842460    0.0752283037    0.0749695003
  0.0747077167    0.0744428933    0.0741749108    0.0739037693    0.0736292899
  0.0733514130    0.0730700791    0.0727851093    0.0724965036    0.0722040832
  0.0719077885    0.0716074407    0.0713029206    0.0709941685    0.0706808865
  0.0703630149    0.0700404942    0.0697130859    0.0693805516    0.0690428317
  0.0686995685    0.0683507621    0.0679959953    0.0676351488    0.0672679842
  0.0668942630    0.0665136278    0.0661258399    0.0657305419    0.0653276145
  0.0649164617    0.0644967258    0.0640681088    0.0636303127    0.0631826818
  0.0627249181    0.0622564852    0.0617766678    0.0612851679    0.0607811511
  0.0602643192    0.0597338378    0.0591889322    0.0586288869    0.0580530465
  0.0574606955    0.0568505228    0.0562218726    0.0555731952    0.0549036562
  0.0542116463    0.0534949601    0.0527515113    0.0519782603    0.0511713326
  0.0503256023    0.0494345725    0.0484901369    0.0474803746    0.0463914573
  0.0452035964    0.0438910425    0.0424206555    0.0407459438    0.0388006866
  0.0364927948    0.0362637341    0.0362637341    0.0362637341    0.0362637341
  0.0362637341    0.0362637341    0.0362637341    0.0362637341    0.0362637341
  0.0362637341    0.0362637341    0.0362637341    0.0362637341    0.0362637341
  0.0362637341    0.0362637341    0.0362637341    0.0362637341    0.0362637341
  0.0362637341    0.0362637341    0.0362637341    0.0362637341    0.0362637341
  0.0362637341    0.0362637341    0.0362637341    0.0362637341    0.0362637341
  0.0362637341    0.0362637341    0.0362637341    0.0362637341    0.0362637341
  0.0362637341    0.0362637341    0.0362637341    0.0362637341    0.0362637341
  0.0362637341    0.0362637341    0.0362637341    0.0362637341    0.0362637341
  0.0362637341    0.0362637341    0.0362637341    0.0362637341    0.0362637341
  0.0362637341    0.0362637341    0.0362637341    0.0362637341    0.0362637341
  0.0362637341    0.0362637341    0.0362637341    0.0362637341    0.0362637341
  0.0362637341    0.0362637341    0.0362637341    0.0362637341    0.0362637341
  0.0362637341    0.0362637341    0.0362637341    0.0362637341    0.0362637341
  0.0362637341    0.0362637341    0.0362637341    0.0362637341    0.0362637341
  0.0362637341    0.0362637341    0.0362637341    0.0362637341    0.0362637341
  0.0362637341    0.0362637341    0.0362637341    0.0362637341    0.0362637341
  0.0362637341    0.0362637341    0.0362637341    0.0362637341    0.0362637341
  0.0362637341    0.0362637341    0.0362637341    0.0362637341    0.0362637341
  0.0362637341    0.0362637341    0.0362637341    0.0362637341    0.0362637341
  0.0362637341    0.0362637341    0.0362637341    0.0362637341    0.0362637341
  0.0362637341    0.0362637341    0.0362637341    0.0362637341    0.0362637341
  0.0362637341    0.0362637341    0.0362637341    0.0362637341    0.0362637341
  0.0362637341    0.0362637341    0.0362637341    0.0362637341    0.0362637341
  0.0362637341    0.0362637341    0.0362637341    0.0362637341    0.0362637341
  0.0362637341    0.0362637341    0.0362637341    0.0362637341    0.0362637341
  0.0362637341    0.0362637341    0.0362637341    0.0362637341    0.0362637341
  0.0362637341    0.0362637341    0.0362637341    0.0362637341    0.0362637341
  0.0362637341    0.0362637341    0.0362637341    0.0362637341    0.0362637341
  0.0362637341    0.0362637341    0.0362637341    0.0362637341    0.0362637341
  0.0362637341    0.0362637341    0.0362637341    0.0362637341    0.0362637341
  0.0362637341    0.0362637341    0.0362637341    0.0362637341    0.0362637341
  0.0362637341    0.0362637341    0.0362637341    0.0362637341    0.0362637341
  0.0362637341    0.0362637341    0.0362637341    0.0362637341    0.0362637341
  0.0362637341    0.0362637341    0.0362637341    0.0362637341    0.0362637341
  0.0362637341    0.0362637341    0.0362637341    0.0362637341    0.0362637341
  0.0362637341    0.0362637341    0.0362637341    0.0362637341    0.0362637341
  0.0362637341    0.0362637341    0.0362637341    0.0362637341    0.0362637341
  0.0362637341    0.0362637341    0.0362637341    0.0362637341    0.0362637341
  0.0362637341    0.0362637341    0.0362637341    0.0362637341    0.0362637341
  0.0362637341    0.0362637341    0.0362637341    0.0362637341    0.0362637341
  0.0830709636    0.0830129683    0.0828839839    0.0827282369    0.0825606287
  0.0823863447    0.0822075307    0.0820253789    0.0818403065    0.0816527903
  0.0814630091    0.0812710822    0.0810771286    0.0808812082    0.0806833208
  0.0804834664    0.0802817643    0.0800780952    0.0798725188    0.0796649754
  0.0794555247    0.0792441070    0.0790306628    0.0788151920    0.0785977542
  0.0783781707    0.0781564415    0.0779326260    0.0777066052    0.0774783790
  0.0772478282    0.0770150125    0.0767798722    0.0765422285    0.0763021410
  0.0760596097    0.0758144557    0.0755666792    0.0753161609    0.0750629604
  0.0748068988    0.0745479763    0.0742861331    0.0740211308    0.0737530887
  0.0734818280    0.0732072294    0.0729293525    0.0726478994    0.0723629296
  0.0720742643    0.0717818439    0.0714854896    0.0711851418    0.0708806217
  0.0705718100    0.0702585876    0.0699407756    0.0696182549    0.0692908466
  0.0689583123    0.0686205924    0.0682773888    0.0679287612    0.0675739944
  0.0672133863    0.0668464005    0.0664728582    0.0660924017    0.0657049119
  0.0653099716    0.0649072826    0.0644964874    0.0640772879    0.0636493862
  0.0632121861    0.0627653897    0.0623085797    0.0618411601    0.0613626540
  0.0608725846    0.0603702962    0.0598555505    0.0593273938    0.0587851703
  0.0582284033    0.0576561987    0.0570676029    0.0564621985    0.0558389723
  0.0551964939    0.0545338094    0.0538490713    0.0531406701    0.0524060428
  0.0516424477    0.0508458316    0.0500112474    0.0491320193    0.0482008159
  0.0472055972    0.0461340249    0.0449672639    0.0436819494    0.0422486365
  0.0406258404    0.0387595594    0.0370536745    0.0370536745    0.0370536745
  0.0370536745    0.0370536745    0.0370536745    0.0370536745    0.0370536745
  0.0370536745    0.0370536745    0.0370536745    0.0370536745    0.0370536745
  0.0370536745    0.0370536745    0.0370536745    0.0370536745    0.0370536745
  0.0370536745    0.0370536745    0.0370536745    0.0370536745    0.0370536745
  0.0370536745    0.0370536745    0.0370536745    0.0370536745    0.0370536745
  0.0370536745    0.0370536745    0.0370536745    0.0370536745    0.0370536745
  0.0370536745    0.0370536745    0.0370536745    0.0370536745    0.0370536745
  0.0370536745    0.0370536745    0.0370536745    0.0370536745    0.0370536745
  0.0370536745    0.0370536745    0.0370536745    0.0370536745    0.0370536745
  0.0370536745    0.0370536745    0.0370536745    0.0370536745    0.0370536745
  0.0370536745    0.0370536745    0.0370536745    0.0370536745    0.0370536745
  0.0370536745    0.0370536745    0.0370536745    0.0370536745    0.0370536745
  0.0370536745    0.0370536745    0.0370536745    0.0370536745    0.0370536745
  0.0370536745    0.0370536745    0.0370536745    0.0370536745    0.0370536745
  0.0370536745    0.0370536745    0.0370536745    0.0370536745    0.0370536745
  0.0370536745    0.0370536745    0.0370536745    0.0370536745    0.0370536745
  0.0370536745    0.0370536745    0.0370536745    0.0370536745    0.0370536745
  0.0370536745    0.0370536745    0.0370536745    0.0370536745    0.0370536745
  0.0370536745    0.0370536745    0.0370536745    0.0370536745    0.0370536745
  0.0370536745    0.0370536745    0.0370536745    0.0370536745    0.0370536745
  0.0370536745    0.0370536745    0.0370536745    0.0370536745    0.0370536745
  0.0370536745    0.0370536745    0.0370536745    0.0370536745    0.0370536745
  0.0370536745    0.0370536745    0.0370536745    0.0370536745    0.0370536745
  0.0370536745    0.0370536745    0.0370536745    0.0370536745    0.0370536745
  0.0370536745    0.0370536745    0.0370536745    0.0370536745    0.0370536745
  0.0370536745    0.0370536745    0.0370536745    0.0370536745    0.0370536745
  0.0370536745    0.0370536745    0.0370536745    0.0370536745    0.0370536745
  0.0370536745    0.0370536745    0.0370536745    0.0370536745    0.0370536745
  0.0370536745    0.0370536745    0.0370536745    0.0370536745    0.0370536745
  0.0370536745    0.0370536745    0.0370536745    0.0370536745    0.0370536745
  0.0370536745    0.0370536745    0.0370536745    0.0370536745    0.0370536745
  0.0370536745    0.0370536745    0.0370536745    0.0370536745    0.0370536745
  0.0370536745    0.0370536745    0.0370536745    0.0370536745    0.0370536745
  0.0370536745    0.0370536745    0.0370536745    0.0370536745    0.0370536745
  0.0370536745    0.0370536745    0.0370536745    0.0370536745    0.0370536745
  0.0370536745    0.0370536745    0.0370536745    0.0370536745    0.0370536745
  0.0370536745    0.0370536745    0.0370536745    0.0370536745    0.0370536745
  0.0370536745    0.0370536745    0.0370536745    0.0370536745    0.0370536745
  0.0847037733    0.0846585929    0.0845514834    0.0844164789    0.0842681825
  0.0841124356    0.0839517415    0.0837874115    0.0836202204    0.0834505260
  0.0832786262    0.0831046999    0.0829289258    0.0827513039    0.0825720131
  0.0823909342    0.0822082460    0.0820238888    0.0818378627    0.0816501677
  0.0814608634    0.0812698901    0.0810773075    0.0808829963    0.0806870162
  0.0804893672    0.0802899897    0.0800888240    0.0798859894    0.0796812475
  0.0794747770    0.0792663991    0.0790562332    0.0788440406    0.0786300004
  0.0784139931    0.0781960189    0.0779759586    0.0777538717    0.0775295794
  0.0773032010    0.0770745575    0.0768437088    0.0766105950    0.0763751566
  0.0761372149    0.0758968890    0.0756540596    0.0754087269    0.0751607120
  0.0749100745    0.0746566951    0.0744003952    0.0741412938    0.0738792121
  0.0736141503    0.0733459890    0.0730745494    0.0727999508    0.0725218952
  0.0722403228    0.0719552934    0.0716665089    0.0713739693    0.0710775554
  0.0707770884    0.0704725087    0.0701637566    0.0698504150    0.0695326626
  0.0692100823    0.0688826740    0.0685501397    0.0682125986    0.0678693950
  0.0675207078    0.0671662390    0.0668056905    0.0664387643    0.0660654604
  0.0656853020    0.0652981102    0.0649034679    0.0645012558    0.0640909374
  0.0636724532    0.0632449687    0.0628086030    0.0623627603    0.0619068444
  0.0614406765    0.0609635413    0.0604753196    0.0599749386    0.0594621599
  0.0589367449    0.0583973825    0.0578439534    0.0572756231    0.0566914976
  0.0560912192    0.0554734170    0.0548370779    0.0541811287    0.0535037220
  0.0528032482    0.0520776212    0.0513230264    0.0505364239    0.0497126877
  0.0488455594    0.0479267538    0.0469463766    0.0458913147    0.0447450578
  0.0434859693    0.0420881212    0.0405153334    0.0387220681    0.0377839506
  0.0377839506    0.0377839506    0.0377839506    0.0377839506    0.0377839506
  0.0377839506    0.0377839506    0.0377839506    0.0377839506    0.0377839506
  0.0377839506    0.0377839506    0.0377839506    0.0377839506    0.0377839506
  0.0377839506    0.0377839506    0.0377839506    0.0377839506    0.0377839506
  0.0377839506    0.0377839506    0.0377839506    0.0377839506    0.0377839506
  0.0377839506    0.0377839506    0.0377839506    0.0377839506    0.0377839506
  0.0377839506    0.0377839506    0.0377839506    0.0377839506    0.0377839506
  0.0377839506    0.0377839506    0.0377839506    0.0377839506    0.0377839506
  0.0377839506    0.0377839506    0.0377839506    0.0377839506    0.0377839506
  0.0377839506    0.0377839506    0.0377839506    0.0377839506    0.0377839506
  0.0377839506    0.0377839506    0.0377839506    0.0377839506    0.0377839506
  0.0377839506    0.0377839506    0.0377839506    0.0377839506    0.0377839506
  0.0377839506    0.0377839506    0.0377839506    0.0377839506    0.0377839506
  0.0377839506    0.0377839506    0.0377839506    0.0377839506    0.0377839506
  0.0377839506    0.0377839506    0.0377839506    0.0377839506    0.0377839506
  0.0377839506    0.0377839506    0.0377839506    0.0377839506    0.0377839506
  0.0377839506    0.0377839506    0.0377839506    0.0377839506    0.0377839506
  0.0377839506    0.0377839506    0.0377839506    0.0377839506    0.0377839506
  0.0377839506    0.0377839506    0.0377839506    0.0377839506    0.0377839506
  0.0377839506    0.0377839506    0.0377839506    0.0377839506    0.0377839506
  0.0377839506    0.0377839506    0.0377839506    0.0377839506    0.0377839506
  0.0377839506    0.0377839506    0.0377839506    0.0377839506    0.0377839506
  0.0377839506    0.0377839506    0.0377839506    0.0377839506    0.0377839506
  0.0377839506    0.0377839506    0.0377839506    0.0377839506    0.0377839506
  0.0377839506    0.0377839506    0.0377839506    0.0377839506    0.0377839506
  0.0377839506    0.0377839506    0.0377839506    0.0377839506    0.0377839506
  0.0377839506    0.0377839506    0.0377839506    0.0377839506    0.0377839506
  0.0377839506    0.0377839506    0.0377839506    0.0377839506    0.0377839506
  0.0377839506    0.0377839506    0.0377839506    0.0377839506    0.0377839506
  0.0377839506    0.0377839506    0.0377839506    0.0377839506    0.0377839506
  0.0377839506    0.0377839506    0.0377839506    0.0377839506    0.0377839506
  0.0377839506    0.0377839506    0.0377839506    0.0377839506    0.0377839506
  0.0377839506    0.0377839506    0.0377839506    0.0377839506    0.0377839506
  0.0377839506    0.0377839506    0.0377839506    0.0377839506    0.0377839506
  0.0377839506    0.0377839506    0.0377839506    0.0377839506    0.0377839506
  0.0377839506    0.0377839506    0.0377839506    0.0377839506    0.0377839506
  0.0861989558    0.0861633122    0.0860742629    0.0859571993    0.0858257711
  0.0856860578    0.0855409205    0.0853918493    0.0852397382    0.0850851238
  0.0849282444    0.0847694576    0.0846088827    0.0844465792    0.0842826664
  0.0841171443    0.0839501917    0.0837816894    0.0836118162    0.0834403932
  0.0832675993    0.0830933750    0.0829177201    0.0827406347    0.0825620592
  0.0823821127    0.0822006762    0.0820177495    0.0818333924    0.0816475451
  0.0814602077    0.0812713206    0.0810809433    0.0808889568    0.0806953609
  0.0805002153    0.0803034604    0.0801050365    0.0799049437    0.0797031820
  0.0794996321    0.0792944133    0.0790873468    0.0788784921    0.0786678493
  0.0784552395    0.0782407224    0.0780242980    0.0778059661    0.0775854886
  0.0773630440    0.0771384537    0.0769117773    0.0766828358    0.0764516890
  0.0762182772    0.0759825408    0.0757444203    0.0755037963    0.0752607882
  0.0750151575    0.0747669637    0.0745161474    0.0742625296    0.0740061700
  0.0737468302    0.0734846890    0.0732193291    0.0729509890    0.0726794899
  0.0724047124    0.0721265376    0.0718448460    0.0715596974    0.0712708533
  0.0709783137    0.0706817806    0.0703813136    0.0700766742    0.0697677433
  0.0694544017    0.0691366494    0.0688141286    0.0684866607    0.0681543052
  0.0678166449    0.0674736798    0.0671251118    0.0667707026    0.0664103329
  0.0660435855    0.0656705201    0.0652907193    0.0649038851    0.0645097196
  0.0641078055    0.0636982024    0.0632803142    0.0628537834    0.0624182522
  0.0619732440    0.0615186989    0.0610540211    0.0605784953    0.0600918829
  0.0595938265    0.0590833724    0.0585604012    0.0580244362    0.0574745834
  0.0569102466    0.0563308299    0.0557353199    0.0551233590    0.0544933379
  0.0538440645    0.0531744063    0.0524819791    0.0517645776    0.0510194600
  0.0502423942    0.0494290292    0.0485732257    0.0476668179    0.0467002094
  0.0456615984    0.0445353687    0.0433024466    0.0419387519    0.0404131711
  0.0386877954    0.0384644568    0.0384644568    0.0384644568    0.0384644568
  0.0384644568    0.0384644568    0.0384644568    0.0384644568    0.0384644568
  0.0384644568    0.0384644568    0.0384644568    0.0384644568    0.0384644568
  0.0384644568    0.0384644568    0.0384644568    0.0384644568    0.0384644568
  0.0384644568    0.0384644568    0.0384644568    0.0384644568    0.0384644568
  0.0384644568    0.0384644568    0.0384644568    0.0384644568    0.0384644568
  0.0384644568    0.0384644568    0.0384644568    0.0384644568    0.0384644568
  0.0384644568    0.0384644568    0.0384644568    0.0384644568    0.0384644568
  0.0384644568    0.0384644568    0.0384644568    0.0384644568    0.0384644568
  0.0384644568    0.0384644568    0.0384644568    0.0384644568    0.0384644568
  0.0384644568    0.0384644568    0.0384644568    0.0384644568    0.0384644568
  0.0384644568    0.0384644568    0.0384644568    0.0384644568    0.0384644568
  0.0384644568    0.0384644568    0.0384644568    0.0384644568    0.0384644568
  0.0384644568    0.0384644568    0.0384644568    0.0384644568    0.0384644568
  0.0384644568    0.0384644568    0.0384644568    0.0384644568    0.0384644568
  0.0384644568    0.0384644568    0.0384644568    0.0384644568    0.0384644568
  0.0384644568    0.0384644568    0.0384644568    0.0384644568    0.0384644568
  0.0384644568    0.0384644568    0.0384644568    0.0384644568    0.0384644568
  0.0384644568    0.0384644568    0.0384644568    0.0384644568    0.0384644568
  0.0384644568    0.0384644568    0.0384644568    0.0384644568    0.0384644568
  0.0384644568    0.0384644568    0.0384644568    0.0384644568    0.0384644568
  0.0384644568    0.0384644568    0.0384644568    0.0384644568    0.0384644568
  0.0384644568    0.0384644568    0.0384644568    0.0384644568    0.0384644568
  0.0384644568    0.0384644568    0.0384644568    0.0384644568    0.0384644568
  0.0384644568    0.0384644568    0.0384644568    0.0384644568    0.0384644568
  0.0384644568    0.0384644568    0.0384644568    0.0384644568    0.0384644568
  0.0384644568    0.0384644568    0.0384644568    0.0384644568    0.0384644568
  0.0384644568    0.0384644568    0.0384644568    0.0384644568    0.0384644568
  0.0384644568    0.0384644568    0.0384644568    0.0384644568    0.0384644568
  0.0384644568    0.0384644568    0.0384644568    0.0384644568    0.0384644568
  0.0384644568    0.0384644568    0.0384644568    0.0384644568    0.0384644568
  0.0384644568    0.0384644568    0.0384644568    0.0384644568    0.0384644568
  0.0384644568    0.0384644568    0.0384644568    0.0384644568    0.0384644568
  0.0384644568    0.0384644568    0.0384644568    0.0384644568    0.0384644568
  0.0875786841    0.0875501335    0.0874759257    0.0873745382    0.0872580111
  0.0871324241    0.0870008767    0.0868651569    0.0867260993    0.0865844786
  0.0864405334    0.0862946808    0.0861470401    0.0859977305    0.0858469307
  0.0856946409    0.0855409205    0.0853858888    0.0852294862    0.0850717723
  0.0849128067    0.0847525299    0.0845910013    0.0844282210    0.0842641890
  0.0840989053    0.0839323103    0.0837644637    0.0835953653    0.0834250152
  0.0832533538    0.0830804408    0.0829061568    0.0827305615    0.0825536549
  0.0823754370    0.0821957886    0.0820148289    0.0818324983    0.0816487372
  0.0814635456    0.0812768638    0.0810888112    0.0808992088    0.0807081163
  0.0805155337    0.0803213418    0.0801256597    0.0799283683    0.0797294080
  0.0795288384    0.0793265998    0.0791226327    0.0789169371    0.0787095129
  0.0785002410    0.0782891214    0.0780762136    0.0778613389    0.0776446760
  0.0774258673    0.0772051513    0.0769823492    0.0767575204    0.0765304863
  0.0763013065    0.0760700405    0.0758363903    0.0756003559    0.0753619969
  0.0751211941    0.0748780072    0.0746321380    0.0743837059    0.0741327107
  0.0738789141    0.0736223757    0.0733629167    0.0731005371    0.0728351176
  0.0725667179    0.0722950399    0.0720200837    0.0717418492    0.0714600384
  0.0711748302    0.0708859265    0.0705932081    0.0702966154    0.0699961483
  0.0696914494    0.0693825781    0.0690692961    0.0687514842    0.0684289038
  0.0681015551    0.0677693188    0.0674317181    0.0670889914    0.0667404234
  0.0663862526    0.0660260618    0.0656597316    0.0652870238    0.0649074614
  0.0645209849    0.0641273558    0.0637261569    0.0633170307    0.0629000366
  0.0624743402    0.0620398819    0.0615960062    0.0611427724    0.0606795847
  0.0602057278    0.0597211421    0.0592255890    0.0587178767    0.0581978858
  0.0576652586    0.0571191013    0.0565587580    0.0559843481    0.0553941429
  0.0547874868    0.0541640222    0.0535211861    0.0528589785    0.0521743596
  0.0514654815    0.0507288873    0.0499618948    0.0491581857    0.0483132899
  0.0474186838    0.0464660227    0.0454439223    0.0443375409    0.0431297123
  0.0417996943    0.0403188765    0.0391027033    0.0391027033    0.0391027033
  0.0391027033    0.0391027033    0.0391027033    0.0391027033    0.0391027033
  0.0391027033    0.0391027033    0.0391027033    0.0391027033    0.0391027033
  0.0391027033    0.0391027033    0.0391027033    0.0391027033    0.0391027033
  0.0391027033    0.0391027033    0.0391027033    0.0391027033    0.0391027033
  0.0391027033    0.0391027033    0.0391027033    0.0391027033    0.0391027033
  0.0391027033    0.0391027033    0.0391027033    0.0391027033    0.0391027033
  0.0391027033    0.0391027033    0.0391027033    0.0391027033    0.0391027033
  0.0391027033    0.0391027033    0.0391027033    0.0391027033    0.0391027033
  0.0391027033    0.0391027033    0.0391027033    0.0391027033    0.0391027033
  0.0391027033    0.0391027033    0.0391027033    0.0391027033    0.0391027033
  0.0391027033    0.0391027033    0.0391027033    0.0391027033    0.0391027033
  0.0391027033    0.0391027033    0.0391027033    0.0391027033    0.0391027033
  0.0391027033    0.0391027033    0.0391027033    0.0391027033    0.0391027033
  0.0391027033    0.0391027033    0.0391027033    0.0391027033    0.0391027033
  0.0391027033    0.0391027033    0.0391027033    0.0391027033    0.0391027033
  0.0391027033    0.0391027033    0.0391027033    0.0391027033    0.0391027033
  0.0391027033    0.0391027033    0.0391027033    0.0391027033    0.0391027033
  0.0391027033    0.0391027033    0.0391027033    0.0391027033    0.0391027033
  0.0391027033    0.0391027033    0.0391027033    0.0391027033    0.0391027033
  0.0391027033    0.0391027033    0.0391027033    0.0391027033    0.0391027033
  0.0391027033    0.0391027033    0.0391027033    0.0391027033    0.0391027033
  0.0391027033    0.0391027033    0.0391027033    0.0391027033    0.0391027033
  0.0391027033    0.0391027033    0.0391027033    0.0391027033    0.0391027033
  0.0391027033    0.0391027033    0.0391027033    0.0391027033    0.0391027033
  0.0391027033    0.0391027033    0.0391027033    0.0391027033    0.0391027033
  0.0391027033    0.0391027033    0.0391027033    0.0391027033    0.0391027033
  0.0391027033    0.0391027033    0.0391027033    0.0391027033    0.0391027033
  0.0391027033    0.0391027033    0.0391027033    0.0391027033    0.0391027033
  0.0391027033    0.0391027033    0.0391027033    0.0391027033    0.0391027033
  0.0391027033    0.0391027033    0.0391027033    0.0391027033    0.0391027033
  0.0391027033    0.0391027033    0.0391027033    0.0391027033    0.0391027033
  0.0888599455    0.0888368189    0.0887747109    0.0886869729    0.0885837376
  0.0884707868    0.0883513987    0.0882273614    0.0880999267    0.0879696310
  0.0878370106    0.0877024233    0.0875660479    0.0874280035    0.0872885287
  0.0871475637    0.0870053470    0.0868617594    0.0867169797    0.0865709484
  0.0864237845    0.0862754285    0.0861259401    0.0859753191    0.0858235061
  0.0856706202    0.0855166614    0.0853615105    0.0852052271    0.0850478709
  0.0848893821    0.0847297609    0.0845690072    0.0844071209    0.0842440426
  0.0840798318    0.0839144886    0.0837479532    0.0835802257    0.0834113061
  0.0832411945    0.0830698311    0.0828972757    0.0827234089    0.0825483501
  0.0823719800    0.0821942985    0.0820153058    0.0818350613    0.0816534460
  0.0814704597    0.0812860429    0.0811003149    0.0809130967    0.0807244480
  0.0805343688    0.0803428590    0.0801497400    0.0799551904    0.0797589719
  0.0795612633    0.0793618858    0.0791609585    0.0789583027    0.0787539780
  0.0785479248    0.0783401430    0.0781305730    0.0779191554    0.0777058899
  0.0774908364    0.0772737563    0.0770547688    0.0768337548    0.0766107738
  0.0763856471    0.0761583745    0.0759290159    0.0756973922    0.0754635632
  0.0752272904    0.0749887526    0.0747478306    0.0745042861    0.0742583573
  0.0740097463    0.0737585723    0.0735045969    0.0732479990    0.0729883611
  0.0727258623    0.0724603236    0.0721918046    0.0719200671    0.0716450512
  0.0713666975    0.0710848272    0.0707994998    0.0705105960    0.0702178180
  0.0699212849    0.0696206391    0.0693160594    0.0690071285    0.0686939657
  0.0683760345    0.0680536926    0.0677263439    0.0673941672    0.0670568049
  0.0667142570    0.0663659871    0.0660118759    0.0656521022    0.0652860105
  0.0649136007    0.0645346344    0.0641487539    0.0637556016    0.0633551180
  0.0629470050    0.0625305474    0.0621058643    0.0616727173    0.0612302721
  0.0607784092    0.0603167713    0.0598451197    0.0593626797    0.0588693321
  0.0583643615    0.0578475296    0.0573186576    0.0567763746    0.0562205017
  0.0556506217    0.0550657809    0.0544654429    0.0538476408    0.0532118976
  0.0525567830    0.0518801510    0.0511790812    0.0504519045    0.0496933162
  0.0488997996    0.0480655730    0.0471833050    0.0462438762    0.0452373326
  0.0441506207    0.0429676473    0.0416689813    0.0402319729    0.0397046506
  0.0397046506    0.0397046506    0.0397046506    0.0397046506    0.0397046506
  0.0397046506    0.0397046506    0.0397046506    0.0397046506    0.0397046506
  0.0397046506    0.0397046506    0.0397046506    0.0397046506    0.0397046506
  0.0397046506    0.0397046506    0.0397046506    0.0397046506    0.0397046506
  0.0397046506    0.0397046506    0.0397046506    0.0397046506    0.0397046506
  0.0397046506    0.0397046506    0.0397046506    0.0397046506    0.0397046506
  0.0397046506    0.0397046506    0.0397046506    0.0397046506    0.0397046506
  0.0397046506    0.0397046506    0.0397046506    0.0397046506    0.0397046506
  0.0397046506    0.0397046506    0.0397046506    0.0397046506    0.0397046506
  0.0397046506    0.0397046506    0.0397046506    0.0397046506    0.0397046506
  0.0397046506    0.0397046506    0.0397046506    0.0397046506    0.0397046506
  0.0397046506    0.0397046506    0.0397046506    0.0397046506    0.0397046506
  0.0397046506    0.0397046506    0.0397046506    0.0397046506    0.0397046506
  0.0397046506    0.0397046506    0.0397046506    0.0397046506    0.0397046506
  0.0397046506    0.0397046506    0.0397046506    0.0397046506    0.0397046506
  0.0397046506    0.0397046506    0.0397046506    0.0397046506    0.0397046506
  0.0397046506    0.0397046506    0.0397046506    0.0397046506    0.0397046506
  0.0397046506    0.0397046506    0.0397046506    0.0397046506    0.0397046506
  0.0397046506    0.0397046506    0.0397046506    0.0397046506    0.0397046506
  0.0397046506    0.0397046506    0.0397046506    0.0397046506    0.0397046506
  0.0397046506    0.0397046506    0.0397046506    0.0397046506    0.0397046506
  0.0397046506    0.0397046506    0.0397046506    0.0397046506    0.0397046506
  0.0397046506    0.0397046506    0.0397046506    0.0397046506    0.0397046506
  0.0397046506    0.0397046506    0.0397046506    0.0397046506    0.0397046506
  0.0397046506    0.0397046506    0.0397046506    0.0397046506    0.0397046506
  0.0397046506    0.0397046506    0.0397046506    0.0397046506    0.0397046506
  0.0397046506    0.0397046506    0.0397046506    0.0397046506    0.0397046506
  0.0397046506    0.0397046506    0.0397046506    0.0397046506    0.0397046506
  0.0397046506    0.0397046506    0.0397046506    0.0397046506    0.0397046506
  0.0900562108    0.0900372565    0.0899850428    0.0899091065    0.0898176730
  0.0897161067    0.0896076858    0.0894942582    0.0893771350    0.0892570317
  0.0891344249    0.0890097916    0.0888833702    0.0887552202    0.0886256397
  0.0884946883    0.0883623660    0.0882288516    0.0880941451    0.0879583061
  0.0878213346    0.0876833498    0.0875442326    0.0874040425    0.0872628391
  0.0871206224    0.0869773924    0.0868331492    0.0866879523    0.0865416825
  0.0863944590    0.0862461627    0.0860969126    0.0859466493    0.0857953131
  0.0856430233    0.0854897201    0.0853353441    0.0851799548    0.0850235522
  0.0848660767    0.0847075284    0.0845479667    0.0843873322    0.0842255652
  0.0840627253    0.0838987529    0.0837337077    0.0835675299    0.0834002197
  0.0832317173    0.0830620825    0.0828912556    0.0827192366    0.0825459659
  0.0823715627    0.0821958482    0.0820189416    0.0818407238    0.0816611946
  0.0814803541    0.0812982619    0.0811147988    0.0809299648    0.0807437003
  0.0805561244    0.0803671181    0.0801765621    0.0799846351    0.0797911584
  0.0795961916    0.0793996155    0.0792015493    0.0790018737    0.0788005888
  0.0785976350    0.0783930123    0.0781866014    0.0779785216    0.0777687132
  0.0775571167    0.0773435533    0.0771281421    0.0769108832    0.0766916573
  0.0764704645    0.0762471855    0.0760217607    0.0757944286    0.0755648315
  0.0753329694    0.0750988424    0.0748625696    0.0746237934    0.0743826330
  0.0741391480    0.0738929808    0.0736443102    0.0733929574    0.0731388628
  0.0728820860    0.0726223290    0.0723597705    0.0720941722    0.0718254149
  0.0715536177    0.0712786019    0.0710001886    0.0707183778    0.0704329908
  0.0701439679    0.0698512495    0.0695546567    0.0692541301    0.0689495504
  0.0686406195    0.0683275163    0.0680097640    0.0676874816    0.0673604310
  0.0670284331    0.0666911304    0.0663485825    0.0660007298    0.0656471550
  0.0652876198    0.0649219453    0.0645500720    0.0641715825    0.0637862980
  0.0633938015    0.0629940927    0.0625868142    0.0621714890    0.0617479980
  0.0613159835    0.0608749688    0.0604248941    0.0599652827    0.0594956577
  0.0590154231    0.0585246384    0.0580230057    0.0575093925    0.0569839776
  0.0564458072    0.0558946431    0.0553297102    0.0547498763    0.0541553795
  0.0535437167    0.0529152453    0.0522669256    0.0515978038    0.0509051383
  0.0501857698    0.0494363010    0.0486529171    0.0478284657    0.0469577014
  0.0460317433    0.0450407565    0.0439728796    0.0428142250    0.0415463746
  0.0402747691    0.0402747691    0.0402747691    0.0402747691    0.0402747691
  0.0402747691    0.0402747691    0.0402747691    0.0402747691    0.0402747691
  0.0402747691    0.0402747691    0.0402747691    0.0402747691    0.0402747691
  0.0402747691    0.0402747691    0.0402747691    0.0402747691    0.0402747691
  0.0402747691    0.0402747691    0.0402747691    0.0402747691    0.0402747691
  0.0402747691    0.0402747691    0.0402747691    0.0402747691    0.0402747691
  0.0402747691    0.0402747691    0.0402747691    0.0402747691    0.0402747691
  0.0402747691    0.0402747691    0.0402747691    0.0402747691    0.0402747691
  0.0402747691    0.0402747691    0.0402747691    0.0402747691    0.0402747691
  0.0402747691    0.0402747691    0.0402747691    0.0402747691    0.0402747691
  0.0402747691    0.0402747691    0.0402747691    0.0402747691    0.0402747691
  0.0402747691    0.0402747691    0.0402747691    0.0402747691    0.0402747691
  0.0402747691    0.0402747691    0.0402747691    0.0402747691    0.0402747691
  0.0402747691    0.0402747691    0.0402747691    0.0402747691    0.0402747691
  0.0402747691    0.0402747691    0.0402747691    0.0402747691    0.0402747691
  0.0402747691    0.0402747691    0.0402747691    0.0402747691    0.0402747691
  0.0402747691    0.0402747691    0.0402747691    0.0402747691    0.0402747691
  0.0402747691    0.0402747691    0.0402747691    0.0402747691    0.0402747691
  0.0402747691    0.0402747691    0.0402747691    0.0402747691    0.0402747691
  0.0402747691    0.0402747691    0.0402747691    0.0402747691    0.0402747691
  0.0402747691    0.0402747691    0.0402747691    0.0402747691    0.0402747691
  0.0402747691    0.0402747691    0.0402747691    0.0402747691    0.0402747691
  0.0402747691    0.0402747691    0.0402747691    0.0402747691    0.0402747691
  0.0402747691    0.0402747691    0.0402747691    0.0402747691    0.0402747691
  0.0402747691    0.0402747691    0.0402747691    0.0402747691    0.0402747691
  0.0402747691    0.0402747691    0.0402747691    0.0402747691    0.0402747691
  0.0402747691    0.0402747691    0.0402747691    0.0402747691    0.0402747691
  0.0911783874    0.0911626518    0.0911184847    0.0910526812    0.0909717977
  0.0908805430    0.0907820761    0.0906782448    0.0905704796    0.0904595554
  0.0903460085    0.0902302563    0.0901126564    0.0899934471    0.0898726285
  0.0897504985    0.0896270573    0.0895023644    0.0893765986    0.0892496407
  0.0891216695    0.0889926851    0.0888626873    0.0887316763    0.0885997713
  0.0884668529    0.0883329809    0.0881982744    0.0880625546    0.0879259408
  0.0877884328    0.0876500309    0.0875106752    0.0873704255    0.0872292817
  0.0870872438    0.0869442523    0.0868003666    0.0866555870    0.0865098536
  0.0863632262    0.0862156451    0.0860671103    0.0859176815    0.0857672393
  0.0856159031    0.0854635537    0.0853102505    0.0851559937    0.0850007236
  0.0848444402    0.0846872032    0.0845289528    0.0843696296    0.0842092931
  0.0840478837    0.0838854611    0.0837219059    0.0835573375    0.0833916366
  0.0832248032    0.0830568969    0.0828878582    0.0827176869    0.0825463235
  0.0823737681    0.0822000206    0.0820251405    0.0818489492    0.0816715658
  0.0814929307    0.0813129842    0.0811317861    0.0809491575    0.0807653368
  0.0805801451    0.0803935230    0.0802055895    0.0800161660    0.0798252523
  0.0796330273    0.0794391930    0.0792439282    0.0790470541    0.0788487494
  0.0786487758    0.0784472525    0.0782439411    0.0780390203    0.0778324902
  0.0776241124    0.0774140060    0.0772021711    0.0769884288    0.0767728388
  0.0765553415    0.0763358772    0.0761145055    0.0758910477    0.0756655633
  0.0754378736    0.0752081573    0.0749761760    0.0747419298    0.0745054185
  0.0742665827    0.0740253031    0.0737815797    0.0735354125    0.0732865632
  0.0730350316    0.0727809370    0.0725239813    0.0722642243    0.0720015466
  0.0717358291    0.0714671314    0.0711952746    0.0709201396    0.0706417859
  0.0703599155    0.0700745881    0.0697856247    0.0694927871    0.0691963136
  0.0688958466    0.0685913861    0.0682825148    0.0679694116    0.0676520169
  0.0673297942    0.0670028627    0.0666711628    0.0663342178    0.0659919083
  0.0656442940    0.0652911365    0.0649319589    0.0645668209    0.0641955435
  0.0638176501    0.0634328425    0.0630412996    0.0626424849    0.0622362792
  0.0618218482    0.0613997281    0.0609693229    0.0605299771    0.0600813329
  0.0596237481    0.0591563284    0.0586787760    0.0581910312    0.0576922596
  0.0571822226    0.0566606224    0.0561266840    0.0555798709    0.0550198853
  0.0544462502    0.0538569987    0.0532518923    0.0526297390    0.0519885123
  0.0513266027    0.0506419241    0.0499306619    0.0491899550    0.0484158099
  0.0476019084    0.0467421710    0.0458292663    0.0448538363    0.0438044369
  0.0426689088    0.0414322317    0.0408169925    0.0408169925    0.0408169925
  0.0408169925    0.0408169925    0.0408169925    0.0408169925    0.0408169925
  0.0408169925    0.0408169925    0.0408169925    0.0408169925    0.0408169925
  0.0408169925    0.0408169925    0.0408169925    0.0408169925    0.0408169925
  0.0408169925    0.0408169925    0.0408169925    0.0408169925    0.0408169925
  0.0408169925    0.0408169925    0.0408169925    0.0408169925    0.0408169925
  0.0408169925    0.0408169925    0.0408169925    0.0408169925    0.0408169925
  0.0408169925    0.0408169925    0.0408169925    0.0408169925    0.0408169925
  0.0408169925    0.0408169925    0.0408169925    0.0408169925    0.0408169925
  0.0408169925    0.0408169925    0.0408169925    0.0408169925    0.0408169925
  0.0408169925    0.0408169925    0.0408169925    0.0408169925    0.0408169925
  0.0408169925    0.0408169925    0.0408169925    0.0408169925    0.0408169925
  0.0408169925    0.0408169925    0.0408169925    0.0408169925    0.0408169925
  0.0408169925    0.0408169925    0.0408169925    0.0408169925    0.0408169925
  0.0408169925    0.0408169925    0.0408169925    0.0408169925    0.0408169925
  0.0408169925    0.0408169925    0.0408169925    0.0408169925    0.0408169925
  0.0408169925    0.0408169925    0.0408169925    0.0408169925    0.0408169925
  0.0408169925    0.0408169925    0.0408169925    0.0408169925    0.0408169925
  0.0408169925    0.0408169925    0.0408169925    0.0408169925    0.0408169925
  0.0408169925    0.0408169925    0.0408169925    0.0408169925    0.0408169925
  0.0408169925    0.0408169925    0.0408169925    0.0408169925    0.0408169925
  0.0408169925    0.0408169925    0.0408169925    0.0408169925    0.0408169925
  0.0408169925    0.0408169925    0.0408169925    0.0408169925    0.0408169925
  0.0408169925    0.0408169925    0.0408169925    0.0408169925    0.0408169925
  0.0408169925    0.0408169925    0.0408169925    0.0408169925    0.0408169925
  0.0922352970    0.0922220647    0.0921845138    0.0921273530    0.0920558274
  0.0919738710    0.0918844640    0.0917894542    0.0916902125    0.0915876329
  0.0914823115    0.0913746655    0.0912651122    0.0911538303    0.0910409391
  0.0909266770    0.0908111632    0.0906943977    0.0905765593    0.0904575884
  0.0903376043    0.0902166665    0.0900947154    0.0899718702    0.0898480713
  0.0897233784    0.0895978510    0.0894714296    0.0893441141    0.0892160237
  0.0890870392    0.0889572203    0.0888266265    0.0886951387    0.0885628760
  0.0884297788    0.0882957876    0.0881610215    0.0880254209    0.0878889859
  0.0877517164    0.0876136124    0.0874746740    0.0873349607    0.0871942937
  0.0870528519    0.0869105160    0.0867673457    0.0866233408    0.0864783823
  0.0863325894    0.0861859024    0.0860383213    0.0858899057    0.0857405365
  0.0855902731    0.0854390562    0.0852868855    0.0851338208    0.0849798024
  0.0848248303    0.0846689045    0.0845120251    0.0843540728    0.0841952264
  0.0840353072    0.0838743746    0.0837124288    0.0835494697    0.0833853781
  0.0832203329    0.0830540955    0.0828867853    0.0827184618    0.0825488865
  0.0823782980    0.0822064579    0.0820335448    0.0818593800    0.0816840231
  0.0815075338    0.0813297331    0.0811506808    0.0809704363    0.0807888210
  0.0806058943    0.0804217756    0.0802362263    0.0800493062    0.0798610151
  0.0796712935    0.0794802606    0.0792876184    0.0790936053    0.0788979828
  0.0787009299    0.0785023272    0.0783021152    0.0781002343    0.0778968036
  0.0776917040    0.0774848163    0.0772763193    0.0770660341    0.0768540204
  0.0766399801    0.0764242709    0.0762065351    0.0759870112    0.0757654011
  0.0755418241    0.0753161013    0.0750884116    0.0748584569    0.0746264160
  0.0743920505    0.0741553605    0.0739164650    0.0736750662    0.0734312236
  0.0731848776    0.0729360282    0.0726844370    0.0724301636    0.0721732676
  0.0719134510    0.0716507733    0.0713850558    0.0711162984    0.0708443820
  0.0705693066    0.0702908337    0.0700090826    0.0697236359    0.0694347322
  0.0691421330    0.0688457787    0.0685452521    0.0682409704    0.0679322779
  0.0676192343    0.0673019588    0.0669800341    0.0666533411    0.0663218796
  0.0659853518    0.0656433403    0.0652963221    0.0649432838    0.0645849407
  0.0642202199    0.0638494790    0.0634721816    0.0630886257    0.0626979172
  0.0622999370    0.0618945658    0.0614818037    0.0610609949    0.0606319606
  0.0601944625    0.0597480834    0.0592923462    0.0588271916    0.0583526790
  0.0578675568    0.0573720038    0.0568657815    0.0563479364    0.0558184087
  0.0552766621    0.0547216237    0.0541527569    0.0535695255    0.0529709160
  0.0523552597    0.0517207086    0.0510661304    0.0503890812    0.0496858656
  0.0489536226    0.0481882989    0.0473846495    0.0465361178    0.0456360877
  0.0446756780    0.0436446965    0.0425325930    0.0413343012    0.0413343012
  0.0413343012    0.0413343012    0.0413343012    0.0413343012    0.0413343012
  0.0413343012    0.0413343012    0.0413343012    0.0413343012    0.0413343012
  0.0413343012    0.0413343012    0.0413343012    0.0413343012    0.0413343012
  0.0413343012    0.0413343012    0.0413343012    0.0413343012    0.0413343012
  0.0413343012    0.0413343012    0.0413343012    0.0413343012    0.0413343012
  0.0413343012    0.0413343012    0.0413343012    0.0413343012    0.0413343012
  0.0413343012    0.0413343012    0.0413343012    0.0413343012    0.0413343012
  0.0413343012    0.0413343012    0.0413343012    0.0413343012    0.0413343012
  0.0413343012    0.0413343012    0.0413343012    0.0413343012    0.0413343012
  0.0413343012    0.0413343012    0.0413343012    0.0413343012    0.0413343012
  0.0413343012    0.0413343012    0.0413343012    0.0413343012    0.0413343012
  0.0413343012    0.0413343012    0.0413343012    0.0413343012    0.0413343012
  0.0413343012    0.0413343012    0.0413343012    0.0413343012    0.0413343012
  0.0413343012    0.0413343012    0.0413343012    0.0413343012    0.0413343012
  0.0413343012    0.0413343012    0.0413343012    0.0413343012    0.0413343012
  0.0413343012    0.0413343012    0.0413343012    0.0413343012    0.0413343012
  0.0413343012    0.0413343012    0.0413343012    0.0413343012    0.0413343012
  0.0413343012    0.0413343012    0.0413343012    0.0413343012    0.0413343012
  0.0413343012    0.0413343012    0.0413343012    0.0413343012    0.0413343012
  0.0413343012    0.0413343012    0.0413343012    0.0413343012    0.0413343012
  0.0413343012    0.0413343012    0.0413343012    0.0413343012    0.0413343012
  0.0413343012    0.0413343012    0.0413343012    0.0413343012    0.0413343012
  0.0932341516    0.0932229459    0.0931908190    0.0931411088    0.0930777490
  0.0930042565    0.0929231346    0.0928362310    0.0927448571    0.0926499069
  0.0925520957    0.0924519002    0.0923496187    0.0922456086    0.0921399295
  0.0920328796    0.0919244587    0.0918148458    0.0917041600    0.0915923417
  0.0914795101    0.0913657248    0.0912510455    0.0911354125    0.0910189450
  0.0909016430    0.0907834470    0.0906644762    0.0905446708    0.0904240310
  0.0903026760    0.0901805460    0.0900575817    0.0899339020    0.0898093879
  0.0896841586    0.0895582139    0.0894314349    0.0893039405    0.0891756713
  0.0890466869    0.0889169276    0.0887863338    0.0886550844    0.0885230005
  0.0883902013    0.0882566273    0.0881222188    0.0879870951    0.0878511369
  0.0877144635    0.0875770152    0.0874387324    0.0872996151    0.0871597230
  0.0870191157    0.0868775547    0.0867352188    0.0865921080    0.0864481628
  0.0863033235    0.0861575902    0.0860110819    0.0858637393    0.0857154429
  0.0855663717    0.0854162872    0.0852654278    0.0851136148    0.0849608481
  0.0848072469    0.0846526325    0.0844971240    0.0843406618    0.0841831863
  0.0840247571    0.0838654339    0.0837050378    0.0835436285    0.0833812654
  0.0832177699    0.0830533803    0.0828877985    0.0827211440    0.0825534761
  0.0823847353    0.0822148025    0.0820438564    0.0818716586    0.0816983283
  0.0815239251    0.0813482106    0.0811713040    0.0809932053    0.0808138549
  0.0806332529    0.0804513991    0.0802682340    0.0800838172    0.0798979700
  0.0797108114    0.0795222223    0.0793322623    0.0791409314    0.0789481699
  0.0787537992    0.0785580575    0.0783607066    0.0781618655    0.0779614151
  0.0777594745    0.0775557458    0.0773505270    0.0771435201    0.0769347847
  0.0767243207    0.0765121281    0.0762979686    0.0760821402    0.0758642256
  0.0756445229    0.0754227936    0.0751990378    0.0749732554    0.0747453868
  0.0745153725    0.0742832124    0.0740487278    0.0738119185    0.0735729039
  0.0733315051    0.0730875432    0.0728411973    0.0725922883    0.0723407567
  0.0720863640    0.0718294084    0.0715696514    0.0713069141    0.0710410774
  0.0707724988    0.0705005825    0.0702255070    0.0699470937    0.0696652830
  0.0693800747    0.0690912306    0.0687985718    0.0685023963    0.0682021081
  0.0678978860    0.0675894916    0.0672768056    0.0669595897    0.0666380823
  0.0663116872    0.0659803450    0.0656442940    0.0653028190    0.0649560988
  0.0646036565    0.0642457306    0.0638816655    0.0635116398    0.0631353557
  0.0627525747    0.0623628199    0.0619657934    0.0615617931    0.0611502826
  0.0607311428    0.0603036582    0.0598681271    0.0594235361    0.0589701831
  0.0585078299    0.0580359995    0.0575541556    0.0570621192    0.0565591156
  0.0560452044    0.0555203855    0.0549828112    0.0544333160    0.0538699329
  0.0532926023    0.0526999533    0.0520903766    0.0514633358    0.0508151948
  0.0501453578    0.0494502485    0.0487266481    0.0479702652    0.0471760333
  0.0463388860    0.0454512537    0.0445053875    0.0434929430    0.0424026549
  0.0418293178    0.0418293178    0.0418293178    0.0418293178    0.0418293178
  0.0418293178    0.0418293178    0.0418293178    0.0418293178    0.0418293178
  0.0418293178    0.0418293178    0.0418293178    0.0418293178    0.0418293178
  0.0418293178    0.0418293178    0.0418293178    0.0418293178    0.0418293178
  0.0418293178    0.0418293178    0.0418293178    0.0418293178    0.0418293178
  0.0418293178    0.0418293178    0.0418293178    0.0418293178    0.0418293178
  0.0418293178    0.0418293178    0.0418293178    0.0418293178    0.0418293178
  0.0418293178    0.0418293178    0.0418293178    0.0418293178    0.0418293178
  0.0418293178    0.0418293178    0.0418293178    0.0418293178    0.0418293178
  0.0418293178    0.0418293178    0.0418293178    0.0418293178    0.0418293178
  0.0418293178    0.0418293178    0.0418293178    0.0418293178    0.0418293178
  0.0418293178    0.0418293178    0.0418293178    0.0418293178    0.0418293178
  0.0418293178    0.0418293178    0.0418293178    0.0418293178    0.0418293178
  0.0418293178    0.0418293178    0.0418293178    0.0418293178    0.0418293178
  0.0418293178    0.0418293178    0.0418293178    0.0418293178    0.0418293178
  0.0418293178    0.0418293178    0.0418293178    0.0418293178    0.0418293178
  0.0418293178    0.0418293178    0.0418293178    0.0418293178    0.0418293178
  0.0418293178    0.0418293178    0.0418293178    0.0418293178    0.0418293178
  0.0418293178    0.0418293178    0.0418293178    0.0418293178    0.0418293178
  0.0418293178    0.0418293178    0.0418293178    0.0418293178    0.0418293178
  0.0941812098    0.0941716135    0.0941438973    0.0941005051    0.0940444171
  0.0939784944    0.0939048827    0.0938254297    0.0937413275    0.0936534703
  0.0935626328    0.0934692919    0.0933737457    0.0932762921    0.0931772888
  0.0930767357    0.0929748714    0.0928717554    0.0927675664    0.0926622450
  0.0925559103    0.0924486816    0.0923404992    0.0922314227    0.0921215713
  0.0920108259    0.0918992460    0.0917869508    0.0916738808    0.0915600359
  0.0914454162    0.0913301408    0.0912140310    0.0910972655    0.0909797847
  0.0908615887    0.0907426775    0.0906231105    0.0905027688    0.0903817713
  0.0902600586    0.0901376903    0.0900146067    0.0898908079    0.0897662938
  0.0896411240    0.0895152390    0.0893886387    0.0892613232    0.0891333520
  0.0890046656    0.0888752639    0.0887450874    0.0886142552    0.0884826481
  0.0883503854    0.0882173479    0.0880835950    0.0879490674    0.0878138840
  0.0876778662    0.0875410736    0.0874035656    0.0872653425    0.0871262848
  0.0869865119    0.0868459046    0.0867045224    0.0865623057    0.0864193738
  0.0862755477    0.0861309469    0.0859855115    0.0858392417    0.0856921375
  0.0855441988    0.0853954256    0.0852456987    0.0850951374    0.0849437416
  0.0847914517    0.0846382678    0.0844841301    0.0843290985    0.0841731131
  0.0840161741    0.0838582814    0.0836994946    0.0835397542    0.0833788812
  0.0832171738    0.0830543935    0.0828905404    0.0827257335    0.0825597942
  0.0823928416    0.0822248161    0.0820557177    0.0818854868    0.0817141831
  0.0815416873    0.0813681185    0.0811932981    0.0810174048    0.0808402002
  0.0806618631    0.0804822147    0.0803014338    0.0801192820    0.0799358785
  0.0797511041    0.0795651376    0.0793777406    0.0791889131    0.0789987147
  0.0788072050    0.0786141455    0.0784196556    0.0782237351    0.0780262649
  0.0778271258    0.0776266158    0.0774244368    0.0772205889    0.0770150721
  0.0768080056    0.0765991509    0.0763885677    0.0761761963    0.0759619772
  0.0757458508    0.0755279958    0.0753080547    0.0750862658    0.0748624504
  0.0746364892    0.0744085610    0.0741784275    0.0739462078    0.0737117231
  0.0734748542    0.0732358396    0.0729942620    0.0727504194    0.0725039542
  0.0722549856    0.0720033944    0.0717490613    0.0714920461    0.0712322295
  0.0709696114    0.0707039535    0.0704351962    0.0701633990    0.0698883235
  0.0696100891    0.0693283379    0.0690432489    0.0687545240    0.0684622228
  0.0681659877    0.0678659976    0.0675618947    0.0672537386    0.0669411719
  0.0666243136    0.0663031638    0.0659771860    0.0656463206    0.0653103888
  0.0649695694    0.0646235049    0.0642717183    0.0639143884    0.0635512173
  0.0631819665    0.0628063977    0.0624245703    0.0620357096    0.0616401732
  0.0612376034    0.0608273447    0.0604098141    0.0599843562    0.0595506132
  0.0591081083    0.0586573184    0.0581975877    0.0577284992    0.0572496355
  0.0567614734    0.0562625229    0.0557526648    0.0552317202    0.0546996891
  0.0541546643    0.0535967648    0.0530249178    0.0524387062    0.0518355668
  0.0512147248    0.0505738556    0.0499111712    0.0492233336    0.0485078394
  0.0477603376    0.0469760001    0.0461495817    0.0452748239    0.0443440378
  0.0433485806    0.0423042476    0.0423042476    0.0423042476    0.0423042476
  0.0423042476    0.0423042476    0.0423042476    0.0423042476    0.0423042476
  0.0423042476    0.0423042476    0.0423042476    0.0423042476    0.0423042476
  0.0423042476    0.0423042476    0.0423042476    0.0423042476    0.0423042476
  0.0423042476    0.0423042476    0.0423042476    0.0423042476    0.0423042476
  0.0423042476    0.0423042476    0.0423042476    0.0423042476    0.0423042476
  0.0423042476    0.0423042476    0.0423042476    0.0423042476    0.0423042476
  0.0423042476    0.0423042476    0.0423042476    0.0423042476    0.0423042476
  0.0423042476    0.0423042476    0.0423042476    0.0423042476    0.0423042476
  0.0423042476    0.0423042476    0.0423042476    0.0423042476    0.0423042476
  0.0423042476    0.0423042476    0.0423042476    0.0423042476    0.0423042476
  0.0423042476    0.0423042476    0.0423042476    0.0423042476    0.0423042476
  0.0423042476    0.0423042476    0.0423042476    0.0423042476    0.0423042476
  0.0423042476    0.0423042476    0.0423042476    0.0423042476    0.0423042476
  0.0423042476    0.0423042476    0.0423042476    0.0423042476    0.0423042476
  0.0423042476    0.0423042476    0.0423042476    0.0423042476    0.0423042476
  0.0423042476    0.0423042476    0.0423042476    0.0423042476    0.0423042476
  0.0423042476    0.0423042476    0.0423042476    0.0423042476    0.0423042476
  0.0950815380    0.0950733125    0.0950492918    0.0950112641    0.0949614942
  0.0949023068    0.0948356092    0.0947630107    0.0946855843    0.0946043432
  0.0945199430    0.0944329202    0.0943436325    0.0942523777    0.0941593945
  0.0940649211    0.0939690173    0.0938719213    0.0937736332    0.0936742723
  0.0935738981    0.0934725702    0.0933703482    0.0932672918    0.0931633413
  0.0930586159    0.0929531157    0.0928468406    0.0927397907    0.0926320851
  0.0925236046    0.0924144685    0.0923046172    0.0921940506    0.0920828879
  0.0919710100    0.0918584764    0.0917452276    0.0916313827    0.0915168822
  0.0914017856    0.0912859142    0.0911695063    0.0910523832    0.0909346640
  0.0908162892    0.0906972587    0.0905776322    0.0904572904    0.0903362930
  0.0902147591    0.0900924504    0.0899695456    0.0898459852    0.0897217691
  0.0895968974    0.0894713700    0.0893451273    0.0892182887    0.0890907347
  0.0889625251    0.0888336003    0.0887040794    0.0885737836    0.0884427726
  0.0883111656    0.0881788433    0.0880457461    0.0879119933    0.0877775252
  0.0876422822    0.0875063837    0.0873697102    0.0872323215    0.0870941579
  0.0869553387    0.0868156254    0.0866752565    0.0865341127    0.0863921344
  0.0862493813    0.0861059129    0.0859615505    0.0858164132    0.0856705010
  0.0855237544    0.0853762329    0.0852277577    0.0850785077    0.0849284232
  0.0847774446    0.0846255720    0.0844728649    0.0843192637    0.0841647089
  0.0840092599    0.0838529170    0.0836956203    0.0835374296    0.0833782256
  0.0832180679    0.0830569565    0.0828948915    0.0827317536    0.0825676024
  0.0824024379    0.0822362602    0.0820690095    0.0819006860    0.0817312896
  0.0815608203    0.0813892186    0.0812165439    0.0810426176    0.0808676183
  0.0806914270    0.0805140436    0.0803354084    0.0801555216    0.0799745023
  0.0797921717    0.0796085298    0.0794236362    0.0792373717    0.0790498555
  0.0788608491    0.0786704719    0.0784787238    0.0782854855    0.0780909359
  0.0778947175    0.0776971877    0.0774979293    0.0772972405    0.0770949423
  0.0768908560    0.0766853392    0.0764780939    0.0762691200    0.0760583580
  0.0758459270    0.0756315887    0.0754154027    0.0751974881    0.0749774873
  0.0747555196    0.0745316446    0.0743057430    0.0740777552    0.0738475621
  0.0736152232    0.0733806789    0.0731438100    0.0729046762    0.0726632178
  0.0724191964    0.0721727312    0.0719238222    0.0716723502    0.0714180171
  0.0711610019    0.0709012449    0.0706385672    0.0703729689    0.0701043308
  0.0698326528    0.0695577562    0.0692795813    0.0689980090    0.0687130392
  0.0684244931    0.0681321919    0.0678363740    0.0675363839    0.0672326386
  0.0669246614    0.0666126907    0.0662962496    0.0659752190    0.0656495392
  0.0653190911    0.0649838746    0.0646434128    0.0642979443    0.0639469326
  0.0635901988    0.0632279217    0.0628593862    0.0624847710    0.0621041358
  0.0617167056    0.0613224804    0.0609208643    0.0605123937    0.0600964129
  0.0596728623    0.0592414439    0.0588016212    0.0583533347    0.0578959882
  0.0574297607    0.0569547117    0.0564697683    0.0559746325    0.0554691255
  0.0549529493    0.0544252098    0.0538854301    0.0533327758    0.0527666509
  0.0521861017    0.0515892804    0.0509748161    0.0503406823    0.0496852696
  0.0490053594    0.0482973158    0.0475585163    0.0467840135    0.0459681451
  0.0451055467    0.0441890061    0.0432105958    0.0427608788    0.0427608788
  0.0427608788    0.0427608788    0.0427608788    0.0427608788    0.0427608788
  0.0427608788    0.0427608788    0.0427608788    0.0427608788    0.0427608788
  0.0427608788    0.0427608788    0.0427608788    0.0427608788    0.0427608788
  0.0427608788    0.0427608788    0.0427608788    0.0427608788    0.0427608788
  0.0427608788    0.0427608788    0.0427608788    0.0427608788    0.0427608788
  0.0427608788    0.0427608788    0.0427608788    0.0427608788    0.0427608788
  0.0427608788    0.0427608788    0.0427608788    0.0427608788    0.0427608788
  0.0427608788    0.0427608788    0.0427608788    0.0427608788    0.0427608788
  0.0427608788    0.0427608788    0.0427608788    0.0427608788    0.0427608788
  0.0427608788    0.0427608788    0.0427608788    0.0427608788    0.0427608788
  0.0427608788    0.0427608788    0.0427608788    0.0427608788    0.0427608788
  0.0427608788    0.0427608788    0.0427608788    0.0427608788    0.0427608788
  0.0427608788    0.0427608788    0.0427608788    0.0427608788    0.0427608788
  0.0427608788    0.0427608788    0.0427608788    0.0427608788    0.0427608788
  0.0427608788    0.0427608788    0.0427608788    0.0427608788    0.0427608788
  0.0959396660    0.0959325135    0.0959115922    0.0958780944    0.0958339274
  0.0957807600    0.0957202613    0.0956539214    0.0955827534    0.0955076516
  0.0954292119    0.0953480899    0.0952645838    0.0951790512    0.0950917304
  0.0950028598    0.0949125588    0.0948209465    0.0947281420    0.0946342647
  0.0945393741    0.0944435298    0.0943467319    0.0942490995    0.0941506922
  0.0940514505    0.0939513743    0.0938506424    0.0937491357    0.0936469734
  0.0935440958    0.0934405625    0.0933363140    0.0932314694    0.0931259692
  0.0930198133    0.0929130018    0.0928056538    0.0926975906    0.0925889909
  0.0924797356    0.0923698843    0.0922594368    0.0921483934    0.0920367539
  0.0919244587    0.0918116271    0.0916981399    0.0915841162    0.0914694369
  0.0913542211    0.0912383497    0.0911218822    0.0910048783    0.0908872187
  0.0907689631    0.0906501114    0.0905306041    0.0904105008    0.0902898610
  0.0901685059    0.0900466144    0.0899240673    0.0898008645    0.0896770656
  0.0895526111    0.0894276202    0.0893019140    0.0891755521    0.0890485942
  0.0889209211    0.0887926519    0.0886637270    0.0885341465    0.0884038508
  0.0882729590    0.0881413519    0.0880090296    0.0878760517    0.0877423584
  0.0876080096    0.0874729455    0.0873371661    0.0872006714    0.0870634615
  0.0869255364    0.0867868960    0.0866474807    0.0865073502    0.0863665044
  0.0862247646    0.0860823691    0.0859392583    0.0857952535    0.0856504738
  0.0855049193    0.0853585303    0.0852114260    0.0850634873    0.0849146545
  0.0847649872    0.0846144855    0.0844631493    0.0843109787    0.0841578543
  0.0840039551    0.0838489830    0.0836932361    0.0835365951    0.0833790004
  0.0832204521    0.0830610096    0.0829004943    0.0827391446    0.0825767219
  0.0824133456    0.0822489560    0.0820834935    0.0819170177    0.0817495883
  0.0815809667    0.0814113915    0.0812406242    0.0810687840    0.0808958709
  0.0807217658    0.0805465877    0.0803700984    0.0801925361    0.0800137818
  0.0798337162    0.0796524584    0.0794699490    0.0792861283    0.0791010559
  0.0789146125    0.0787269175    0.0785377920    0.0783472359    0.0781554282
  0.0779620707    0.0777672231    0.0775709450    0.0773732364    0.0771739185
  0.0769730508    0.0767706335    0.0765666068    0.0763609111    0.0761534870
  0.0759444535    0.0757336318    0.0755210817    0.0753066838    0.0750904977
  0.0748722851    0.0746523440    0.0744304359    0.0742063820    0.0739804804
  0.0737524331    0.0735222399    0.0732898414    0.0730552971    0.0728185475
  0.0725794137    0.0723377168    0.0720939934    0.0718475878    0.0715985596
  0.0713470280    0.0710926950    0.0708358586    0.0705761611    0.0703137219
  0.0700481832    0.0697796643    0.0695079863    0.0692331493    0.0689550936
  0.0686737597    0.0683890879    0.0681005418    0.0678087175    0.0675130785
  0.0672133863    0.0669099987    0.0666022599    0.0662904680    0.0659746230
  0.0656537712    0.0653287470    0.0649989545    0.0646641552    0.0643243492
  0.0639792979    0.0636291206    0.0632734597    0.0629117787    0.0625444949
  0.0621708930    0.0617909729    0.0614050925    0.0610119402    0.0606123507
  0.0602056682    0.0597915351    0.0593698323    0.0589403212    0.0585031211
  0.0580572188    0.0576029718    0.0571403801    0.0566683710    0.0561864674
  0.0556954443    0.0551944673    0.0546825230    0.0541597307    0.0536248982
  0.0530777872    0.0525171459    0.0519421399    0.0513512790    0.0507430136
  0.0501159132    0.0494674146    0.0487948954    0.0480947196    0.0473639667
  0.0465987027    0.0457936227    0.0449422300    0.0440399349    0.0432008207
  0.0432008207    0.0432008207    0.0432008207    0.0432008207    0.0432008207
  0.0432008207    0.0432008207    0.0432008207    0.0432008207    0.0432008207
  0.0432008207    0.0432008207    0.0432008207    0.0432008207    0.0432008207
  0.0432008207    0.0432008207    0.0432008207    0.0432008207    0.0432008207
  0.0432008207    0.0432008207    0.0432008207    0.0432008207    0.0432008207
  0.0432008207    0.0432008207    0.0432008207    0.0432008207    0.0432008207
  0.0432008207    0.0432008207    0.0432008207    0.0432008207    0.0432008207
  0.0432008207    0.0432008207    0.0432008207    0.0432008207    0.0432008207
  0.0432008207    0.0432008207    0.0432008207    0.0432008207    0.0432008207
  0.0432008207    0.0432008207    0.0432008207    0.0432008207    0.0432008207
  0.0432008207    0.0432008207    0.0432008207    0.0432008207    0.0432008207
  0.0432008207    0.0432008207    0.0432008207    0.0432008207    0.0432008207
  0.0432008207    0.0432008207    0.0432008207    0.0432008207    0.0432008207
  0.0967593491    0.0967530906    0.0967347324    0.0967051685    0.0966657698
  0.0966180265    0.0965631902    0.0965025723    0.0964371264    0.0963676870
  0.0962949097    0.0962192714    0.0961411893    0.0960610211    0.0959789455
  0.0958953202    0.0958101451    0.0957237184    0.0956360400    0.0955472291
  0.0954574049    0.0953665674    0.0952748358    0.0951822698    0.0950888693
  0.0949946344    0.0948996842    0.0948039591    0.0947075784    0.0946104825
  0.0945127308    0.0944143236    0.0943152606    0.0942155421    0.0941152275
  0.0940143168    0.0939128101    0.0938107073    0.0937079489    0.0936046541
  0.0935008228    0.0933963954    0.0932913721    0.0931857526    0.0930795968
  0.0929729044    0.0928656161    0.0927577913    0.0926494300    0.0925404131
  0.0924309194    0.0923208892    0.0922102630    0.0920990407    0.0919873416
  0.0918750465    0.0917621553    0.0916487277    0.0915347636    0.0914202034
  0.0913051069    0.0911894143    0.0910731852    0.0909563601    0.0908389390
  0.0907209814    0.0906024277    0.0904832780    0.0903635323    0.0902432501
  0.0901223719    0.0900008380    0.0898788273    0.0897561014    0.0896328390
  0.0895089209    0.0893844068    0.0892593563    0.0891335905    0.0890072286
  0.0888802707    0.0887526572    0.0886243880    0.0884955227    0.0883660018
  0.0882358253    0.0881049931    0.0879735053    0.0878413618    0.0877085030
  0.0875749886    0.0874408782    0.0873059332    0.0871704519    0.0870341957
  0.0868972838    0.0867595971    0.0866211951    0.0864820778    0.0863422453
  0.0862017572    0.0860604346    0.0859183371    0.0857755244    0.0856319368
  0.0854875743    0.0853424966    0.0851965249    0.0850498378    0.0849023163
  0.0847540200    0.0846048295    0.0844549239    0.0843040645    0.0841524303
  0.0839999020    0.0838465393    0.0836922824    0.0835371315    0.0833810270
  0.0832240880    0.0830662549    0.0829074085    0.0827477276    0.0825869739
  0.0824253261    0.0822626054    0.0820990503    0.0819344223    0.0817687809
  0.0816021264    0.0814343393    0.0812655985    0.0810958445    0.0809247792
  0.0807528198    0.0805796683    0.0804053843    0.0802300274    0.0800533593
  0.0798756778    0.0796966851    0.0795165002    0.0793351233    0.0791524351
  0.0789683759    0.0787832439    0.0785966814    0.0784088075    0.0782195032
  0.0780289471    0.0778369009    0.0776433647    0.0774485171    0.0772521198
  0.0770542324    0.0768549144    0.0766539872    0.0764515102    0.0762472451
  0.0760415494    0.0758340657    0.0756249726    0.0754140913    0.0752014220
  0.0749870837    0.0747706592    0.0745526254    0.0743325651    0.0741105974
  0.0738866031    0.0736605823    0.0734324753    0.0732024610    0.0729700625
  0.0727354586    0.0724986494    0.0722595751    0.0720180571    0.0717741549
  0.0715278685    0.0712790191    0.0710274875    0.0707733333    0.0705164373
  0.0702568591    0.0699945390    0.0697291195    0.0694608390    0.0691893399
  0.0689146817    0.0686366856    0.0683556497    0.0680709779    0.0677830279
  0.0674912035    0.0671958029    0.0668964684    0.0665932596    0.0662862360
  0.0659746826    0.0656592548    0.0653389990    0.0650143921    0.0646851361
  0.0643511117    0.0640118420    0.0636678040    0.0633182824    0.0629633963
  0.0626028478    0.0622364581    0.0618639886    0.0614853203    0.0611006320
  0.0607092679    0.0603113472    0.0599063337    0.0594939291    0.0590744317
  0.0586470664    0.0582121313    0.0577695072    0.0573180020    0.0568586290
  0.0563898981    0.0559122264    0.0554249585    0.0549282730    0.0544205010
  0.0539024174    0.0533730686    0.0528309047    0.0522757471    0.0517067015
  0.0511215627    0.0505194366    0.0498989522    0.0492571294    0.0485912859
  0.0478989780    0.0471766889    0.0464203656    0.0456260741    0.0447866023
  0.0438984334    0.0436255038    0.0436255038    0.0436255038    0.0436255038
  0.0436255038    0.0436255038    0.0436255038    0.0436255038    0.0436255038
  0.0436255038    0.0436255038    0.0436255038    0.0436255038    0.0436255038
  0.0436255038    0.0436255038    0.0436255038    0.0436255038    0.0436255038
  0.0436255038    0.0436255038    0.0436255038    0.0436255038    0.0436255038
  0.0436255038    0.0436255038    0.0436255038    0.0436255038    0.0436255038
  0.0436255038    0.0436255038    0.0436255038    0.0436255038    0.0436255038
  0.0436255038    0.0436255038    0.0436255038    0.0436255038    0.0436255038
  0.0436255038    0.0436255038    0.0436255038    0.0436255038    0.0436255038
  0.0436255038    0.0436255038    0.0436255038    0.0436255038    0.0436255038
  0.0436255038    0.0436255038    0.0436255038    0.0436255038    0.0436255038
  0.0975439250    0.0975384414    0.0975222290    0.0974960625    0.0974608362
  0.0974178016    0.0973680913    0.0973127186    0.0972525775    0.0971883833
  0.0971207917    0.0970503390    0.0969773233    0.0969021618    0.0968250930
  0.0967462957    0.0966660082    0.0965843499    0.0965014398    0.0964173377
  0.0963322222    0.0962460935    0.0961590707    0.0960711539    0.0959824622
  0.0958929360    0.0958026350    0.0957116187    0.0956198871    0.0955274999
  0.0954344571    0.0953407586    0.0952464044    0.0951515138    0.0950559676
  0.0949598253    0.0948631465    0.0947658718    0.0946680009    0.0945695937
  0.0944706500    0.0943711698    0.0942710936    0.0941704810    0.0940693915
  0.0939677060    0.0938655436    0.0937627852    0.0936595500    0.0935557783
  0.0934515297    0.0933466852    0.0932413638    0.0931355059    0.0930291116
  0.0929222405    0.0928148329    0.0927068293    0.0925984085    0.0924893916
  0.0923798382    0.0922698081    0.0921592414    0.0920481384    0.0919364989
  0.0918243229    0.0917116702    0.0915984213    0.0914846361    0.0913703144
  0.0912555158    0.0911401212    0.0910241902    0.0909077227    0.0907906592
  0.0906730592    0.0905549228    0.0904362500    0.0903169811    0.0901971161
  0.0900767148    0.0899557173    0.0898341835    0.0897120535    0.0895893872
  0.0894660652    0.0893421471    0.0892176926    0.0890926421    0.0889669359
  0.0888406336    0.0887137353    0.0885862410    0.0884580910    0.0883293450
  0.0881999433    0.0880698860    0.0879392326    0.0878079236    0.0876760185
  0.0875433385    0.0874101222    0.0872761309    0.0871415436    0.0870062411
  0.0868702829    0.0867336690    0.0865962803    0.0864582360    0.0863194764
  0.0861800015    0.0860397518    0.0858989060    0.0857572854    0.0856148303
  0.0854716599    0.0853277743    0.0851830542    0.0850376189    0.0848914087
  0.0847444236    0.0845966041    0.0844479501    0.0842985213    0.0841481984
  0.0839971602    0.0838451684    0.0836924613    0.0835387409    0.0833842456
  0.0832289159    0.0830725729    0.0829153955    0.0827573240    0.0825982392
  0.0824383199    0.0822773278    0.0821154416    0.0819526613    0.0817887485
  0.0816239417    0.0814581811    0.0812912285    0.0811233819    0.0809544027
  0.0807843506    0.0806133449    0.0804410875    0.0802677572    0.0800933540
  0.0799178183    0.0797410309    0.0795631707    0.0793839991    0.0792036951
  0.0790221989    0.0788393915    0.0786552727    0.0784699619    0.0782832205
  0.0780953467    0.0779059827    0.0777151883    0.0775230825    0.0773295462
  0.0771345198    0.0769381225    0.0767402351    0.0765407383    0.0763396919
  0.0761371553    0.0759329498    0.0757270753    0.0755196512    0.0753104389
  0.0750995576    0.0748869479    0.0746723711    0.0744561255    0.0742380321
  0.0740179718    0.0737959445    0.0735719502    0.0733459890    0.0731179416
  0.0728876293    0.0726552904    0.0724208653    0.0721841156    0.0719450414
  0.0717037022    0.0714599192    0.0712135732    0.0709647834    0.0707134902
  0.0704592764    0.0702027380    0.0699432790    0.0696809590    0.0694156587
  0.0691474378    0.0688761771    0.0686018765    0.0683241189    0.0680433214
  0.0677588880    0.0674711168    0.0671796501    0.0668846667    0.0665856302
  0.0662828982    0.0659761131    0.0656653345    0.0653500855    0.0650304854
  0.0647062957    0.0643776357    0.0640443265    0.0637058318    0.0633625090
  0.0630136430    0.0626597106    0.0623001158    0.0619349182    0.0615637004
  0.0611867607    0.0608035624    0.0604135692    0.0600170195    0.0596138537
  0.0592039526    0.0587864220    0.0583615601    0.0579297245    0.0574891269
  0.0570411980    0.0565845072    0.0561193526    0.0556453764    0.0551626384
  0.0546699464    0.0541666448    0.0536533892    0.0531285107    0.0525917113
  0.0520422161    0.0514781773    0.0508991778    0.0503036082    0.0496892035
  0.0490534604    0.0483951271    0.0477105081    0.0469967425    0.0462487042
  0.0454640687    0.0446371734    0.0440361202    0.0440361202    0.0440361202
  0.0440361202    0.0440361202    0.0440361202    0.0440361202    0.0440361202
  0.0440361202    0.0440361202    0.0440361202    0.0440361202    0.0440361202
  0.0440361202    0.0440361202    0.0440361202    0.0440361202    0.0440361202
  0.0440361202    0.0440361202    0.0440361202    0.0440361202    0.0440361202
  0.0440361202    0.0440361202    0.0440361202    0.0440361202    0.0440361202
  0.0440361202    0.0440361202    0.0440361202    0.0440361202    0.0440361202
  0.0440361202    0.0440361202    0.0440361202    0.0440361202    0.0440361202
  0.0440361202    0.0440361202    0.0440361202    0.0440361202    0.0440361202
  0.0982962549    0.0982914269    0.0982770622    0.0982537568    0.0982222259
  0.0981834233    0.0981382430    0.0980876386    0.0980323851    0.0979730785
  0.0979103744    0.0978446901    0.0977764428    0.0977059901    0.0976335704
  0.0975593626    0.0974836051    0.0974064171    0.0973279774    0.0972483456
  0.0971676409    0.0970859230    0.0970033109    0.0969197452    0.0968353450
  0.0967501700    0.0966642201    0.0965775549    0.0964902341    0.0964021981
  0.0963135064    0.0962241590    0.0961342156    0.0960436761    0.0959526002
  0.0958608687    0.0957686007    0.0956757963    0.0955824554    0.0954885185
  0.0953941047    0.0952991545    0.0952036083    0.0951076448    0.0950111449
  0.0949141085    0.0948165953    0.0947185457    0.0946200192    0.0945210159
  0.0944214761    0.0943214595    0.0942209661    0.0941199362    0.0940184295
  0.0939165056    0.0938139856    0.0937110484    0.0936075747    0.0935036242
  0.0933991969    0.0932942927    0.0931888521    0.0930829942    0.0929765403
  0.0928696692    0.0927622616    0.0926544368    0.0925460160    0.0924371183
  0.0923277438    0.0922178924    0.0921075046    0.0919965804    0.0918852389
  0.0917733014    0.0916608870    0.0915479362    0.0914345086    0.0913204849
  0.0912060440    0.0910910070    0.0909754336    0.0908593833    0.0907427967
  0.0906256735    0.0905079544    0.0903897583    0.0902710259    0.0901516974
  0.0900318325    0.0899113715    0.0897904336    0.0896688998    0.0895468295
  0.0894241035    0.0893009007    0.0891770422    0.0890527070    0.0889277160
  0.0888020694    0.0886759460    0.0885491669    0.0884218514    0.0882938802
  0.0881653130    0.0880360305    0.0879062712    0.0877757967    0.0876447260
  0.0875130594    0.0873806179    0.0872476399    0.0871140659    0.0869796574
  0.0868447125    0.0867090523    0.0865727365    0.0864357650    0.0862980783
  0.0861596763    0.0860205591    0.0858807862    0.0857402384    0.0855990350
  0.0854570568    0.0853143632    0.0851708949    0.0850266516    0.0848816931
  0.0847360194    0.0845894516    0.0844421685    0.0842941701    0.0841452181
  0.0839956105    0.0838450491    0.0836937129    0.0835415423    0.0833885372
  0.0832346976    0.0830799043    0.0829242766    0.0827677548    0.0826103985
  0.0824520886    0.0822928846    0.0821327269    0.0819715559    0.0818094909
  0.0816464722    0.0814824402    0.0813175142    0.0811514556    0.0809844434
  0.0808164179    0.0806472003    0.0804770887    0.0803058445    0.0801335275
  0.0799601376    0.0797855556    0.0796097815    0.0794330537    0.0792549551
  0.0790757239    0.0788952410    0.0787136853    0.0785308182    0.0783466399
  0.0781611502    0.0779743493    0.0777863562    0.0775968134    0.0774060786
  0.0772137940    0.0770202577    0.0768252909    0.0766287148    0.0764307082
  0.0762311518    0.0760301650    0.0758275688    0.0756233633    0.0754174292
  0.0752098858    0.0750007927    0.0747897923    0.0745771825    0.0743626058
  0.0741464198    0.0739282072    0.0737082660    0.0734861195    0.0732622445
  0.0730362833    0.0728082955    0.0725781024    0.0723458827    0.0721113980
  0.0718748271    0.0716357529    0.0713942945    0.0711507499    0.0709044039
  0.0706557333    0.0704046786    0.0701506436    0.0698941648    0.0696348846
  0.0693726242    0.0691075623    0.0688396990    0.0685686171    0.0682944357
  0.0680169165    0.0677364171    0.0674524605    0.0671647489    0.0668736398
  0.0665788949    0.0662805140    0.0659782588    0.0656717122    0.0653612316
  0.0650468767    0.0647278130    0.0644043982    0.0640765727    0.0637437999
  0.0634060800    0.0630635917    0.0627159178    0.0623628795    0.0620045364
  0.0616401136    0.0612705648    0.0608945191    0.0605127513    0.0601249039
  0.0597298443    0.0593291819    0.0589211285    0.0585055053    0.0580837429
  0.0576539338    0.0572164357    0.0567716062    0.0563183725    0.0558567941
  0.0553868115    0.0549072325    0.0544189513    0.0539207160    0.0534115136
  0.0528917611    0.0523596704    0.0518157184    0.0512574613    0.0506844223
  0.0500940382    0.0494861901    0.0488569438    0.0482052863    0.0475287735
  0.0468219817    0.0460839570    0.0453092158    0.0444939435    0.0444337428
  0.0444336832    0.0444336832    0.0444336832    0.0444336832    0.0444336832
  0.0444336832    0.0444336832    0.0444336832    0.0444336832    0.0444336832
  0.0444336832    0.0444336832    0.0444336832    0.0444336832    0.0444336832
  0.0444336832    0.0444336832    0.0444336832    0.0444336832    0.0444336832
  0.0444336832    0.0444336832    0.0444336832    0.0444336832    0.0444336832
  0.0444336832    0.0444336832    0.0444336832    0.0444336832    0.0444336832
  0.0990189612    0.0990146101    0.0990018547    0.0989809930    0.0989526808
  0.0989175737    0.0988765657    0.0988302529    0.0987794697    0.0987246931
  0.0986664593    0.0986053050    0.0985415280    0.0984754860    0.0984074175
  0.0983375609    0.0982660949    0.0981931984    0.0981189311    0.0980434716
  0.0979669392    0.0978893340    0.0978107750    0.0977313221    0.0976510346
  0.0975699127    0.0974880159    0.0974054039    0.0973221362    0.0972381532
  0.0971535146    0.0970682800    0.0969824493    0.0968959630    0.0968089402
  0.0967213213    0.0966332257    0.0965445340    0.0964553058    0.0963655412
  0.0962752998    0.0961845219    0.0960932672    0.0960014760    0.0959092677
  0.0958164632    0.0957232416    0.0956295431    0.0955353677    0.0954407156
  0.0953455865    0.0952499807    0.0951538980    0.0950573385    0.0949603617
  0.0948628485    0.0947649181    0.0946665704    0.0945676863    0.0944683850
  0.0943686068    0.0942683518    0.0941676199    0.0940664709    0.0939648449
  0.0938627422    0.0937602222    0.0936572254    0.0935536921    0.0934498012
  0.0933453739    0.0932405293    0.0931351483    0.0930293500    0.0929230750
  0.0928163230    0.0927090943    0.0926013291    0.0924932063    0.0923845470
  0.0922753513    0.0921657383    0.0920556486    0.0919450223    0.0918339193
  0.0917223394    0.0916102827    0.0914976895    0.0913846195    0.0912710726
  0.0911569893    0.0910424292    0.0909272730    0.0908116996    0.0906955302
  0.0905789435    0.0904617608    0.0903441012    0.0902258456    0.0901071131
  0.0899877846    0.0898680389    0.0897476375    0.0896266997    0.0895052254
  0.0893832743    0.0892606676    0.0891375840    0.0890137851    0.0888895690
  0.0887647569    0.0886393487    0.0885133445    0.0883868039    0.0882596076
  0.0881318152    0.0880034268    0.0878745019    0.0877449214    0.0876148045
  0.0874839127    0.0873524845    0.0872204006    0.0870877206    0.0869543254
  0.0868203342    0.0866857469    0.0865504444    0.0864144862    0.0862778723
  0.0861405432    0.0860025585    0.0858639181    0.0857245028    0.0855843127
  0.0854435861    0.0853020847    0.0851598680    0.0850168169    0.0848731697
  0.0847286880    0.0845834911    0.0844375193    0.0842907727    0.0841433108
  0.0839950144    0.0838459432    0.0836959779    0.0835452378    0.0833937228
  0.0832413137    0.0830881298    0.0829340518    0.0827791393    0.0826232731
  0.0824666321    0.0823090374    0.0821505487    0.0819911659    0.0818308294
  0.0816695988    0.0815074146    0.0813441575    0.0811800063    0.0810148418
  0.0808487236    0.0806815922    0.0805133879    0.0803441703    0.0801738799
  0.0800024569    0.0798300207    0.0796565115    0.0794817507    0.0793060362
  0.0791290700    0.0789509714    0.0787716210    0.0785910785    0.0784094036
  0.0782264173    0.0780421197    0.0778565705    0.0776698887    0.0774817169
  0.0772921741    0.0771013200    0.0769090950    0.0767154992    0.0765203536
  0.0763237774    0.0761257708    0.0759262145    0.0757251084    0.0755224526
  0.0753182471    0.0751122534    0.0749047697    0.0746956766    0.0744847357
  0.0742721260    0.0740576088    0.0738414228    0.0736232102    0.0734032691
  0.0731812418    0.0729574263    0.0727314651    0.0725034177    0.0722735226
  0.0720413029    0.0718068779    0.0715703666    0.0713314116    0.0710902512
  0.0708464682    0.0706003606    0.0703518689    0.0701009333    0.0698470175
  0.0695905983    0.0693314970    0.0690695941    0.0688048899    0.0685370266
  0.0682663023    0.0679922998    0.0677153766    0.0674349964    0.0671512187
  0.0668641031    0.0665734112    0.0662792027    0.0659811199    0.0656792223
  0.0653730929    0.0650632083    0.0647492707    0.0644308031    0.0641084015
  0.0637811124    0.0634489357    0.0631123483    0.0627706349    0.0624240935
  0.0620720685    0.0617150962    0.0613519251    0.0609835088    0.0606093109
  0.0602289736    0.0598429143    0.0594497621    0.0590508878    0.0586448014
  0.0582322180    0.0578124821    0.0573856533    0.0569512546    0.0565094054
  0.0560593307    0.0556015670    0.0551350415    0.0546597540    0.0541755855
  0.0536814034    0.0531773865    0.0526623428    0.0521355569    0.0515964925
  0.0510434210    0.0504755080    0.0498918593    0.0492897928    0.0486669838
  0.0480222404    0.0473522246    0.0466541350    0.0459246933    0.0451603234
  0.0448192060    0.0448192060    0.0448192060    0.0448192060    0.0448192060
  0.0448192060    0.0448192060    0.0448192060    0.0448192060    0.0448192060
  0.0448192060    0.0448192060    0.0448192060    0.0448192060    0.0448192060
  0.0448192060    0.0448192060    0.0448192060    0.0448192060    0.0448192060
  0.0997141302    0.0997103155    0.0996988714    0.0996801555    0.0996546447
  0.0996228755    0.0995855033    0.0995431840    0.0994963944    0.0994457901
  0.0993918478    0.0993348658    0.0992752612    0.0992133915    0.0991494358
  0.0990836918    0.0990162194    0.0989473164    0.0988770425    0.0988055170
  0.0987328589    0.0986591876    0.0985845029    0.0985088646    0.0984323919
  0.0983550847    0.0982770622    0.0981982648    0.0981187522    0.0980385840
  0.0979577601    0.0978762805    0.0977942646    0.0977116525    0.0976284444
  0.0975446403    0.0974603593    0.0973754823    0.0972901285    0.0972042978
  0.0971178710    0.0970310271    0.0969436467    0.0968557894    0.0967675149
  0.0966787040    0.0965894759    0.0964997709    0.0964095891    0.0963189304
  0.0962278545    0.0961363614    0.0960443318    0.0959518850    0.0958590806
  0.0957657397    0.0956719816    0.0955778062    0.0954831541    0.0953881443
  0.0952925980    0.0951966941    0.0951003134    0.0950035155    0.0949062407
  0.0948086083    0.0947104394    0.0946119130    0.0945129097    0.0944135487
  0.0943136513    0.0942133367    0.0941126645    0.0940115154    0.0939098299
  0.0938077867    0.0937053263    0.0936023295    0.0934989750    0.0933951437
  0.0932908952    0.0931861699    0.0930809677    0.0929753482    0.0928692520
  0.0927627385    0.0926557481    0.0925482810    0.0924403369    0.0923319757
  0.0922231376    0.0921138227    0.0920040309    0.0918937624    0.0917830765
  0.0916718543    0.0915601552    0.0914480388    0.0913353264    0.0912221968
  0.0911085904    0.0909944475    0.0908798277    0.0907647312    0.0906491578
  0.0905330479    0.0904164016    0.0902992785    0.0901816189    0.0900634825
  0.0899448097    0.0898255408    0.0897057950    0.0895855725    0.0894647539
  0.0893433988    0.0892215073    0.0890990794    0.0889761746    0.0888526142
  0.0887285173    0.0886038840    0.0884786546    0.0883528292    0.0882265270
  0.0880995691    0.0879720747    0.0878439844    0.0877152383    0.0875859559
  0.0874560773    0.0873254836    0.0871944129    0.0870626271    0.0869303048
  0.0867972076    0.0866636336    0.0865293443    0.0863943398    0.0862588584
  0.0861226022    0.0859856308    0.0858480632    0.0857097805    0.0855709016
  0.0854312479    0.0852909386    0.0851499140    0.0850082338    0.0848657191
  0.0847224891    0.0845786035    0.0844338834    0.0842885077    0.0841422379
  0.0839953721    0.0838476717    0.0836991966    0.0835498273    0.0833997428
  0.0832488239    0.0830971301    0.0829446018    0.0827912390    0.0826369822
  0.0824818909    0.0823258460    0.0821690261    0.0820113719    0.0818527043
  0.0816931427    0.0815327466    0.0813712180    0.0812089145    0.0810455978
  0.0808813274    0.0807161033    0.0805498660    0.0803825557    0.0802143514
  0.0800448358    0.0798746049    0.0797031224    0.0795305669    0.0793568790
  0.0791821778    0.0790062845    0.0788291991    0.0786509216    0.0784715712
  0.0782909691    0.0781092346    0.0779262483    0.0777419508    0.0775562823
  0.0773694217    0.0771811903    0.0769917071    0.0768008530    0.0766085684
  0.0764147937    0.0762197673    0.0760231912    0.0758251250    0.0756255686
  0.0754244626    0.0752217472    0.0750176013    0.0748118460    0.0746041238
  0.0743950307    0.0741840899    0.0739715993    0.0737570226    0.0735408366
  0.0733227432    0.0731029212    0.0728810728    0.0726570785    0.0724311769
  0.0722034276    0.0719735324    0.0717414320    0.0715070069    0.0712706149
  0.0710318983    0.0707906187    0.0705472529    0.0703014433    0.0700528920
  0.0698019564    0.0695484579    0.0692922175    0.0690334737    0.0687716901
  0.0685072243    0.0682397187    0.0679691136    0.0676957071    0.0674187243
  0.0671387613    0.0668555200    0.0665686429    0.0662783086    0.0659845173
  0.0656869709    0.0653857291    0.0650803149    0.0647707880    0.0644576848
  0.0641399324    0.0638180673    0.0634916723    0.0631602108    0.0628248155
  0.0624840558    0.0621385276    0.0617873371    0.0614313185    0.0610699356
  0.0607030094    0.0603301823    0.0599518716    0.0595670044    0.0591762364
  0.0587791502    0.0583755076    0.0579653084    0.0575480163    0.0571240485
  0.0566929877    0.0562541187    0.0558077395    0.0553530157    0.0548905432
  0.0544193089    0.0539392531    0.0534497797    0.0529498756    0.0524394810
  0.0519175828    0.0513837039    0.0508360565    0.0502737463    0.0496954024
  0.0490989387    0.0484830439    0.0478451550    0.0471821725    0.0464921892
  0.0457710922    0.0451934636    0.0451934636    0.0451934636    0.0451934636
  0.0451934636    0.0451934636    0.0451934636    0.0451934636    0.0451934636
