  0.0000000000    0.0150000000
  0.0002500000    0.0010000000    179    30
  0.0000000238    0.0556193113    0.1024091005    0.1398870230    0.1705203295
  0.1963823080    0.2188479185    0.2388128042    0.2568756342    0.2734513044
  0.2888376951    0.3032548189    0.3168692350    0.3298094034    0.3421787024
  0.3540580511    0.3655144930    0.3766042471    0.3873734236    0.3978614569
  0.4081022024    0.4181246042    0.4279547453    0.4376158953    0.4471267939
  0.4565064669    0.4657706976    0.4749366999    0.4840157747    0.4930235624
  0.5019712210    0.5108711958    0.5197358370    0.5285753965    0.5374029398
  0.5462289572    0.5550659418    0.5639242411    0.5728199720    0.5817636728
  0.5907715559    0.5998577833    0.6090405703    0.6183388948    0.6277727365
  0.6373668432    0.6471501112    0.6571494341    0.6674047709    0.6779555082
  0.6888498545    0.7001392126    0.7118827581    0.7241363287    0.7369533300
  0.7504028082    0.7646133661    0.7799255610    0.7971099138    0.7999999762
  0.8000000000    0.8000000000    0.8000000000    0.8000000000    0.8000000000
  0.8000000000    0.8000000000    0.8000000000    0.8000000000    0.8000000000
  0.8000000000    0.8000000000    0.8000000000    0.8000000000    0.8000000000
  0.8000000000    0.8000000000    0.8000000000    0.8000000000    0.8000000000
  0.8000000000    0.8000000000    0.8000000000    0.8000000000    0.8000000000
  0.8000000000    0.8000000000    0.8000000000    0.8000000000    0.8000000000
  0.8000000000    0.8000000000    0.8000000000    0.8000000000    0.8000000000
  0.8000000000    0.8000000000    0.8000000000    0.8000000000    0.8000000000
  0.8000000000    0.8000000000    0.8000000000    0.8000000000    0.8000000000
  0.8000000000    0.8000000000    0.8000000000    0.8000000000    0.8000000000
  0.8000000000    0.8000000000    0.8000000000    0.8000000000    0.8000000000
  0.8000000000    0.8000000000    0.8000000000    0.8000000000    0.8000000000
  0.8000000000    0.8000000000    0.8000000000    0.8000000000    0.8000000000
  0.8000000000    0.8000000000    0.8000000000    0.8000000000    0.8000000000
  0.8000000000    0.8000000000    0.8000000000    0.8000000000    0.8000000000
  0.8000000000    0.8000000000    0.8000000000    0.8000000000    0.8000000000
  0.8000000000    0.8000000000    0.8000000000    0.8000000000    0.8000000000
  0.8000000000    0.8000000000    0.8000000000    0.8000000000    0.8000000000
  0.8000000000    0.8000000000    0.8000000000    0.8000000000    0.8000000000
  0.8000000000    0.8000000000    0.8000000000    0.8000000000    0.8000000000
  0.8000000000    0.8000000000    0.8000000000    0.8000000000    0.8000000000
  0.8000000000    0.8000000000    0.8000000000    0.8000000000    0.8000000000
  0.8000000000    0.8000000000    0.8000000000    0.8000000000    0.8000000000
  0.8000000000    0.8000000000    0.8000000000    0.8000000000    0.8000000000
  0.0000000238    0.0498044729    0.0930670500    0.1287430048    0.1584014177
  0.1836677313    0.2057211161    0.2253687143    0.2431665182    0.2595065832
  0.2746739149    0.2888823271    0.3022917032    0.3150302649    0.3271971941
  0.3388726473    0.3501233816    0.3610031366    0.3715588331    0.3818282366
  0.3918450117    0.4016378641    0.4112322092    0.4206490755    0.4299087763
  0.4390282869    0.4480240583    0.4569092989    0.4656976938    0.4744026423
  0.4830331564    0.4916023493    0.5001191854    0.5085932493    0.5170346975
  0.5254537821    0.5338585138    0.5422590017    0.5506654024    0.5590861559
  0.5675329447    0.5760157347    0.5845474482    0.5931379080    0.6018018484
  0.6105536222    0.6194091082    0.6283871412    0.6375048399    0.6467871904
  0.6562601328    0.6659513235    0.6758948088    0.6861309290    0.6967005014
  0.7076545954    0.7190395594    0.7309070826    0.7433020830    0.7562862158
  0.7699935198    0.7847671747    0.7999999762    0.8000000000    0.8000000000
  0.8000000000    0.8000000000    0.8000000000    0.8000000000    0.8000000000
  0.8000000000    0.8000000000    0.8000000000    0.8000000000    0.8000000000
  0.8000000000    0.8000000000    0.8000000000    0.8000000000    0.8000000000
  0.8000000000    0.8000000000    0.8000000000    0.8000000000    0.8000000000
  0.8000000000    0.8000000000    0.8000000000    0.8000000000    0.8000000000
  0.8000000000    0.8000000000    0.8000000000    0.8000000000    0.8000000000
  0.8000000000    0.8000000000    0.8000000000    0.8000000000    0.8000000000
  0.8000000000    0.8000000000    0.8000000000    0.8000000000    0.8000000000
  0.8000000000    0.8000000000    0.8000000000    0.8000000000    0.8000000000
  0.8000000000    0.8000000000    0.8000000000    0.8000000000    0.8000000000
  0.8000000000    0.8000000000    0.8000000000    0.8000000000    0.8000000000
  0.8000000000    0.8000000000    0.8000000000    0.8000000000    0.8000000000
  0.8000000000    0.8000000000    0.8000000000    0.8000000000    0.8000000000
  0.8000000000    0.8000000000    0.8000000000    0.8000000000    0.8000000000
  0.8000000000    0.8000000000    0.8000000000    0.8000000000    0.8000000000
  0.8000000000    0.8000000000    0.8000000000    0.8000000000    0.8000000000
  0.8000000000    0.8000000000    0.8000000000    0.8000000000    0.8000000000
  0.8000000000    0.8000000000    0.8000000000    0.8000000000    0.8000000000
  0.8000000000    0.8000000000    0.8000000000    0.8000000000    0.8000000000
  0.8000000000    0.8000000000    0.8000000000    0.8000000000    0.8000000000
  0.8000000000    0.8000000000    0.8000000000    0.8000000000    0.8000000000
  0.8000000000    0.8000000000    0.8000000000    0.8000000000    0.8000000000
  0.8000000000    0.8000000000    0.8000000000    0.8000000000    0.8000000000
  0.0000000238    0.0448655367    0.0848509073    0.1186981440    0.1473174810
  0.1719382048    0.1935478926    0.2128600359    0.2303831816    0.2464855433
  0.2614372492    0.2754428148    0.2886578321    0.3012052774    0.3131838560
  0.3246716261    0.3357334852    0.3464229345    0.3567855597    0.3668596983
  0.3766768217    0.3862664938    0.3956526995    0.4048566103    0.4138980150
  0.4227936029    0.4315576315    0.4402054071    0.4487479448    0.4571976900
  0.4655653715    0.4738600969    0.4820917368    0.4902695894    0.4984002829
  0.5064942122    0.5145575762    0.5225997686    0.5306280851    0.5386492491
  0.5466730356    0.5547053576    0.5627569437    0.5708356142    0.5789492846
  0.5871100187    0.5953267813    0.6036115885    0.6119757414    0.6204341173
  0.6290018320    0.6376953363    0.6465315104    0.6555341959    0.6647282362
  0.6741390944    0.6837978125    0.6937452078    0.7040153265    0.7146552801
  0.7257091284    0.7372150183    0.7492145300    0.7617664576    0.7750060797
  0.7892745733    0.7999999762    0.8000000000    0.8000000000    0.8000000000
  0.8000000000    0.8000000000    0.8000000000    0.8000000000    0.8000000000
  0.8000000000    0.8000000000    0.8000000000    0.8000000000    0.8000000000
  0.8000000000    0.8000000000    0.8000000000    0.8000000000    0.8000000000
  0.8000000000    0.8000000000    0.8000000000    0.8000000000    0.8000000000
  0.8000000000    0.8000000000    0.8000000000    0.8000000000    0.8000000000
  0.8000000000    0.8000000000    0.8000000000    0.8000000000    0.8000000000
  0.8000000000    0.8000000000    0.8000000000    0.8000000000    0.8000000000
  0.8000000000    0.8000000000    0.8000000000    0.8000000000    0.8000000000
  0.8000000000    0.8000000000    0.8000000000    0.8000000000    0.8000000000
  0.8000000000    0.8000000000    0.8000000000    0.8000000000    0.8000000000
  0.8000000000    0.8000000000    0.8000000000    0.8000000000    0.8000000000
  0.8000000000    0.8000000000    0.8000000000    0.8000000000    0.8000000000
  0.8000000000    0.8000000000    0.8000000000    0.8000000000    0.8000000000
  0.8000000000    0.8000000000    0.8000000000    0.8000000000    0.8000000000
  0.8000000000    0.8000000000    0.8000000000    0.8000000000    0.8000000000
  0.8000000000    0.8000000000    0.8000000000    0.8000000000    0.8000000000
  0.8000000000    0.8000000000    0.8000000000    0.8000000000    0.8000000000
  0.8000000000    0.8000000000    0.8000000000    0.8000000000    0.8000000000
  0.8000000000    0.8000000000    0.8000000000    0.8000000000    0.8000000000
  0.8000000000    0.8000000000    0.8000000000    0.8000000000    0.8000000000
  0.8000000000    0.8000000000    0.8000000000    0.8000000000    0.8000000000
  0.8000000000    0.8000000000    0.8000000000    0.8000000000    0.8000000000
  0.0000000238    0.0406446695    0.0776190996    0.1096480131    0.1371814966
  0.1611127138    0.1822471380    0.2012037039    0.2184415579    0.2343011141
  0.2490367174    0.2628423929    0.2758684397    0.2882339716    0.3000344038
  0.3113457918    0.3222322702    0.3327461958    0.3429322004    0.3528274775
  0.3624644995    0.3718712568    0.3810705900    0.3900846720    0.3989326715
  0.4076300859    0.4161919832    0.4246323347    0.4329614401    0.4411927938
  0.4493347883    0.4573966265    0.4653875589    0.4733160734    0.4811897993
  0.4890153646    0.4968002081    0.5045515299    0.5122757196    0.5199784517
  0.5276673555    0.5353486300    0.5430292368    0.5507157087    0.5584136248
  0.5661329985    0.5738800287    0.5816603899    0.5894861937    0.5973643541
  0.6053070307    0.6133209944    0.6214194536    0.6296174765    0.6379263639
  0.6463636637    0.6549464464    0.6636971235    0.6726354837    0.6817901850
  0.6911897898    0.7008684397    0.7108619452    0.7212100744    0.7319491625
  0.7431141615    0.7547409773    0.7668853521    0.7796932936    0.7934918165
  0.7999999762    0.8000000000    0.8000000000    0.8000000000    0.8000000000
  0.8000000000    0.8000000000    0.8000000000    0.8000000000    0.8000000000
  0.8000000000    0.8000000000    0.8000000000    0.8000000000    0.8000000000
  0.8000000000    0.8000000000    0.8000000000    0.8000000000    0.8000000000
  0.8000000000    0.8000000000    0.8000000000    0.8000000000    0.8000000000
  0.8000000000    0.8000000000    0.8000000000    0.8000000000    0.8000000000
  0.8000000000    0.8000000000    0.8000000000    0.8000000000    0.8000000000
  0.8000000000    0.8000000000    0.8000000000    0.8000000000    0.8000000000
  0.8000000000    0.8000000000    0.8000000000    0.8000000000    0.8000000000
  0.8000000000    0.8000000000    0.8000000000    0.8000000000    0.8000000000
  0.8000000000    0.8000000000    0.8000000000    0.8000000000    0.8000000000
  0.8000000000    0.8000000000    0.8000000000    0.8000000000    0.8000000000
  0.8000000000    0.8000000000    0.8000000000    0.8000000000    0.8000000000
  0.8000000000    0.8000000000    0.8000000000    0.8000000000    0.8000000000
  0.8000000000    0.8000000000    0.8000000000    0.8000000000    0.8000000000
  0.8000000000    0.8000000000    0.8000000000    0.8000000000    0.8000000000
  0.8000000000    0.8000000000    0.8000000000    0.8000000000    0.8000000000
  0.8000000000    0.8000000000    0.8000000000    0.8000000000    0.8000000000
  0.8000000000    0.8000000000    0.8000000000    0.8000000000    0.8000000000
  0.8000000000    0.8000000000    0.8000000000    0.8000000000    0.8000000000
  0.8000000000    0.8000000000    0.8000000000    0.8000000000    0.8000000000
  0.8000000000    0.8000000000    0.8000000000    0.8000000000    0.8000000000
  0.0000000238    0.0370142698    0.0712440729    0.1014977217    0.1279164076
  0.1511208296    0.1717490435    0.1903297186    0.2072694540    0.2228790045
  0.2373954058    0.2510027647    0.2638436079    0.2760324717    0.2876611471
  0.2988052130    0.3095270872    0.3198766470    0.3298981428    0.3396289110
  0.3490997076    0.3583389521    0.3673690081    0.3762114286    0.3848845720
  0.3934045076    0.4017860174    0.4100416422    0.4181830645    0.4262212992
  0.4341667414    0.4420256853    0.4498098612    0.4575240374    0.4651773214
  0.4727762461    0.4803262472    0.4878341913    0.4953054190    0.5027458906
  0.5101615667    0.5175583601    0.5249404192    0.5323148012    0.5396857023
  0.5470597982    0.5544423819    0.5618391752    0.5692569017    0.5767029524
  0.5841821909    0.5917032003    0.5992735624    0.6069031477    0.6145989180
  0.6223718405    0.6302329302    0.6381955385    0.6462710619    0.6544764280
  0.6628279924    0.6713464499    0.6800523043    0.6889686346    0.6981289625
  0.7075572729    0.7172920465    0.7273612738    0.7378043890    0.7486473799
  0.7599211931    0.7716889143    0.7840895891    0.7974518061    0.7999999762
  0.8000000000    0.8000000000    0.8000000000    0.8000000000    0.8000000000
  0.8000000000    0.8000000000    0.8000000000    0.8000000000    0.8000000000
  0.8000000000    0.8000000000    0.8000000000    0.8000000000    0.8000000000
  0.8000000000    0.8000000000    0.8000000000    0.8000000000    0.8000000000
  0.8000000000    0.8000000000    0.8000000000    0.8000000000    0.8000000000
  0.8000000000    0.8000000000    0.8000000000    0.8000000000    0.8000000000
  0.8000000000    0.8000000000    0.8000000000    0.8000000000    0.8000000000
  0.8000000000    0.8000000000    0.8000000000    0.8000000000    0.8000000000
  0.8000000000    0.8000000000    0.8000000000    0.8000000000    0.8000000000
  0.8000000000    0.8000000000    0.8000000000    0.8000000000    0.8000000000
  0.8000000000    0.8000000000    0.8000000000    0.8000000000    0.8000000000
  0.8000000000    0.8000000000    0.8000000000    0.8000000000    0.8000000000
  0.8000000000    0.8000000000    0.8000000000    0.8000000000    0.8000000000
  0.8000000000    0.8000000000    0.8000000000    0.8000000000    0.8000000000
  0.8000000000    0.8000000000    0.8000000000    0.8000000000    0.8000000000
  0.8000000000    0.8000000000    0.8000000000    0.8000000000    0.8000000000
  0.8000000000    0.8000000000    0.8000000000    0.8000000000    0.8000000000
  0.8000000000    0.8000000000    0.8000000000    0.8000000000    0.8000000000
  0.8000000000    0.8000000000    0.8000000000    0.8000000000    0.8000000000
  0.8000000000    0.8000000000    0.8000000000    0.8000000000    0.8000000000
  0.8000000000    0.8000000000    0.8000000000    0.8000000000    0.8000000000
  0.0000000238    0.0338726282    0.0656133890    0.0941568613    0.1194499731
  0.1418983221    0.1619946241    0.1801790953    0.1968064070    0.2121576071
  0.2264508963    0.2398579359    0.2525143385    0.2645303011    0.2759940386
  0.2869773626    0.2975408792    0.3077351809    0.3176022291    0.3271789789
  0.3364952803    0.3455788374    0.3544531584    0.3631380320    0.3716519117
  0.3800103426    0.3882276773    0.3963172197    0.4042896509    0.4121556520
  0.4199248075    0.4276062727    0.4352057695    0.4427334547    0.4501947641
  0.4575959444    0.4649432421    0.4722425222    0.4794985056    0.4867171049
  0.4939032793    0.5010620832    0.5081971884    0.5153144598    0.5224183321
  0.5295129061    0.5366029501    0.5436938047    0.5507908583    0.5578974009
  0.5650207758    0.5721649408    0.5793354750    0.5865385771    0.5937824965
  0.6010710955    0.6084136248    0.6158187151    0.6232942820    0.6308502913
  0.6384947538    0.6462437868    0.6541063547    0.6621003389    0.6702384710
  0.6785434961    0.6870307207    0.6957278967    0.7046610117    0.7138557196
  0.7233452082    0.7331566572    0.7433178186    0.7538544416    0.7647959948
  0.7762039900    0.7882248640    0.7999999762    0.8000000000    0.8000000000
  0.8000000000    0.8000000000    0.8000000000    0.8000000000    0.8000000000
  0.8000000000    0.8000000000    0.8000000000    0.8000000000    0.8000000000
  0.8000000000    0.8000000000    0.8000000000    0.8000000000    0.8000000000
  0.8000000000    0.8000000000    0.8000000000    0.8000000000    0.8000000000
  0.8000000000    0.8000000000    0.8000000000    0.8000000000    0.8000000000
  0.8000000000    0.8000000000    0.8000000000    0.8000000000    0.8000000000
  0.8000000000    0.8000000000    0.8000000000    0.8000000000    0.8000000000
  0.8000000000    0.8000000000    0.8000000000    0.8000000000    0.8000000000
  0.8000000000    0.8000000000    0.8000000000    0.8000000000    0.8000000000
  0.8000000000    0.8000000000    0.8000000000    0.8000000000    0.8000000000
  0.8000000000    0.8000000000    0.8000000000    0.8000000000    0.8000000000
  0.8000000000    0.8000000000    0.8000000000    0.8000000000    0.8000000000
  0.8000000000    0.8000000000    0.8000000000    0.8000000000    0.8000000000
  0.8000000000    0.8000000000    0.8000000000    0.8000000000    0.8000000000
  0.8000000000    0.8000000000    0.8000000000    0.8000000000    0.8000000000
  0.8000000000    0.8000000000    0.8000000000    0.8000000000    0.8000000000
  0.8000000000    0.8000000000    0.8000000000    0.8000000000    0.8000000000
  0.8000000000    0.8000000000    0.8000000000    0.8000000000    0.8000000000
  0.8000000000    0.8000000000    0.8000000000    0.8000000000    0.8000000000
  0.8000000000    0.8000000000    0.8000000000    0.8000000000    0.8000000000
  0.0000000238    0.0311370611    0.0606267214    0.0875418425    0.1117148161
  0.1333878279    0.1529294252    0.1706983805    0.1869999647    0.2020835638
  0.2161477804    0.2293520689    0.2418245554    0.2536693335    0.2649700880
  0.2757975817    0.2862089872    0.2962545633    0.3059753656    0.3154061556
  0.3245774984    0.3335158110    0.3422444105    0.3507835627    0.3591499567
  0.3673592806    0.3754264593    0.3833642721    0.3911824942    0.3988929987
  0.4065033197    0.4140222788    0.4214589834    0.4288190603    0.4361091375
  0.4433362722    0.4505049944    0.4576223135    0.4646913290    0.4717177153
  0.4787058115    0.4856605291    0.4925865412    0.4994866133    0.5063652754
  0.5132271528    0.5200752020    0.5269149065    0.5337496042    0.5405828238
  0.5474191427    0.5542633772    0.5611181498    0.5679898977    0.5748824358
  0.5818014860    0.5887518644    0.5957405806    0.6027708769    0.6098526239
  0.6169893503    0.6241917372    0.6314650774    0.6388230085    0.6462712526
  0.6538231611    0.6614910364    0.6692862749    0.6772285223    0.6853341818
  0.6936222315    0.7021126032    0.7108318090    0.7198066950    0.7290618658
  0.7386253595    0.7485179663    0.7587650537    0.7693904638    0.7804614305
  0.7921250105    0.7999999762    0.8000000000    0.8000000000    0.8000000000
  0.8000000000    0.8000000000    0.8000000000    0.8000000000    0.8000000000
  0.8000000000    0.8000000000    0.8000000000    0.8000000000    0.8000000000
  0.8000000000    0.8000000000    0.8000000000    0.8000000000    0.8000000000
  0.8000000000    0.8000000000    0.8000000000    0.8000000000    0.8000000000
  0.8000000000    0.8000000000    0.8000000000    0.8000000000    0.8000000000
  0.8000000000    0.8000000000    0.8000000000    0.8000000000    0.8000000000
  0.8000000000    0.8000000000    0.8000000000    0.8000000000    0.8000000000
  0.8000000000    0.8000000000    0.8000000000    0.8000000000    0.8000000000
  0.8000000000    0.8000000000    0.8000000000    0.8000000000    0.8000000000
  0.8000000000    0.8000000000    0.8000000000    0.8000000000    0.8000000000
  0.8000000000    0.8000000000    0.8000000000    0.8000000000    0.8000000000
  0.8000000000    0.8000000000    0.8000000000    0.8000000000    0.8000000000
  0.8000000000    0.8000000000    0.8000000000    0.8000000000    0.8000000000
  0.8000000000    0.8000000000    0.8000000000    0.8000000000    0.8000000000
  0.8000000000    0.8000000000    0.8000000000    0.8000000000    0.8000000000
  0.8000000000    0.8000000000    0.8000000000    0.8000000000    0.8000000000
  0.8000000000    0.8000000000    0.8000000000    0.8000000000    0.8000000000
  0.8000000000    0.8000000000    0.8000000000    0.8000000000    0.8000000000
  0.8000000000    0.8000000000    0.8000000000    0.8000000000    0.8000000000
  0.0000000238    0.0287416220    0.0561984301    0.0815768957    0.1046479940
  0.1255357504    0.1445055246    0.1618420839    0.1778039694    0.1926100016
  0.2064387083    0.2194372892    0.2317240000    0.2433975935    0.2545380354
  0.2652130365    0.2754772902    0.2853791952    0.2949589968    0.3042507410
  0.3132845640    0.3220859766    0.3306774855    0.3390792608    0.3473079443
  0.3553796530    0.3633070707    0.3711042643    0.3787809134    0.3863474607
  0.3938125372    0.4011851549    0.4084723234    0.4156814814    0.4228178263
  0.4298880339    0.4368978739    0.4438520193    0.4507547617    0.4576120615
  0.4644269705    0.4712036371    0.4779465914    0.4846589327    0.4913450003
  0.4980077982    0.5046508074    0.5112779379    0.5178925753    0.5244978189
  0.5310979128    0.5376945257    0.5442932844    0.5508959532    0.5575089693
  0.5641326189    0.5707732439    0.5774356127    0.5841227293    0.5908403635
  0.5975927114    0.6043852091    0.6112237692    0.6181150675    0.6250660181
  0.6320814848    0.6391731501    0.6463458300    0.6536128283    0.6609844446
  0.6684700727    0.6760842562    0.6838415861    0.6917618036    0.6998579741
  0.7081557989    0.7166755915    0.7254386663    0.7344733953    0.7438007593
  0.7534385920    0.7634094477    0.7737350225    0.7844879389    0.7958130598
  0.7999999762    0.8000000000    0.8000000000    0.8000000000    0.8000000000
  0.8000000000    0.8000000000    0.8000000000    0.8000000000    0.8000000000
  0.8000000000    0.8000000000    0.8000000000    0.8000000000    0.8000000000
  0.8000000000    0.8000000000    0.8000000000    0.8000000000    0.8000000000
  0.8000000000    0.8000000000    0.8000000000    0.8000000000    0.8000000000
  0.8000000000    0.8000000000    0.8000000000    0.8000000000    0.8000000000
  0.8000000000    0.8000000000    0.8000000000    0.8000000000    0.8000000000
  0.8000000000    0.8000000000    0.8000000000    0.8000000000    0.8000000000
  0.8000000000    0.8000000000    0.8000000000    0.8000000000    0.8000000000
  0.8000000000    0.8000000000    0.8000000000    0.8000000000    0.8000000000
  0.8000000000    0.8000000000    0.8000000000    0.8000000000    0.8000000000
  0.8000000000    0.8000000000    0.8000000000    0.8000000000    0.8000000000
  0.8000000000    0.8000000000    0.8000000000    0.8000000000    0.8000000000
  0.8000000000    0.8000000000    0.8000000000    0.8000000000    0.8000000000
  0.8000000000    0.8000000000    0.8000000000    0.8000000000    0.8000000000
  0.8000000000    0.8000000000    0.8000000000    0.8000000000    0.8000000000
  0.8000000000    0.8000000000    0.8000000000    0.8000000000    0.8000000000
  0.8000000000    0.8000000000    0.8000000000    0.8000000000    0.8000000000
  0.8000000000    0.8000000000    0.8000000000    0.8000000000    0.8000000000
  0.0000000238    0.0266323328    0.0522536039    0.0761908293    0.0981904745
  0.1182915926    0.1366769552    0.1535675764    0.1691776037    0.1836966276
  0.1972828627    0.2100709200    0.2221698999    0.2336721659    0.2446531534
  0.2551770926    0.2652973890    0.2750602961    0.2845038652    0.2936620474
  0.3025643587    0.3112347841    0.3196966887    0.3279683352    0.3360673666
  0.3440092802    0.3518066645    0.3594724894    0.3670170546    0.3744507551
  0.3817817926    0.3890187025    0.3961685896    0.4032384634    0.4102347136
  0.4171631098    0.4240278482    0.4308349848    0.4375888586    0.4442936182
  0.4509534121    0.4575722933    0.4641532660    0.4707008123    0.4772179365
  0.4837075472    0.4901717901    0.4966164827    0.5030423880    0.5094534636
  0.5158524275    0.5222414255    0.5286247015    0.5350049257    0.5413849592
  0.5477675676    0.5541566610    0.5605557680    0.5669661760    0.5733946562
  0.5798435926    0.5863161325    0.5928177595    0.5993514299    0.6059239626
  0.6125376940    0.6192008257    0.6259181261    0.6326967478    0.6395432711
  0.6464633226    0.6534692526    0.6605679274    0.6677676916    0.6750855684
  0.6825302362    0.6901149988    0.6978576422    0.7057777643    0.7138896704
  0.7222194433    0.7307842016    0.7396087885    0.7487071276    0.7581013441
  0.7678054094    0.7778492689    0.7882996798    0.7993078947    0.7999999762
  0.8000000000    0.8000000000    0.8000000000    0.8000000000    0.8000000000
  0.8000000000    0.8000000000    0.8000000000    0.8000000000    0.8000000000
  0.8000000000    0.8000000000    0.8000000000    0.8000000000    0.8000000000
  0.8000000000    0.8000000000    0.8000000000    0.8000000000    0.8000000000
  0.8000000000    0.8000000000    0.8000000000    0.8000000000    0.8000000000
  0.8000000000    0.8000000000    0.8000000000    0.8000000000    0.8000000000
  0.8000000000    0.8000000000    0.8000000000    0.8000000000    0.8000000000
  0.8000000000    0.8000000000    0.8000000000    0.8000000000    0.8000000000
  0.8000000000    0.8000000000    0.8000000000    0.8000000000    0.8000000000
  0.8000000000    0.8000000000    0.8000000000    0.8000000000    0.8000000000
  0.8000000000    0.8000000000    0.8000000000    0.8000000000    0.8000000000
  0.8000000000    0.8000000000    0.8000000000    0.8000000000    0.8000000000
  0.8000000000    0.8000000000    0.8000000000    0.8000000000    0.8000000000
  0.8000000000    0.8000000000    0.8000000000    0.8000000000    0.8000000000
  0.8000000000    0.8000000000    0.8000000000    0.8000000000    0.8000000000
  0.8000000000    0.8000000000    0.8000000000    0.8000000000    0.8000000000
  0.8000000000    0.8000000000    0.8000000000    0.8000000000    0.8000000000
  0.8000000000    0.8000000000    0.8000000000    0.8000000000    0.8000000000
  0.0000000238    0.0247655630    0.0487283945    0.0713213205    0.0922868967
  0.1116087198    0.1294028521    0.1458363771    0.1610839128    0.1753065348
  0.1886440992    0.2012165785    0.2131249666    0.2244543314    0.2352758169
  0.2456499815    0.2556286097    0.2652540922    0.2745656252    0.2835950613
  0.2923702478    0.3009157419    0.3092533827    0.3174018621    0.3253780127
  0.3331971884    0.3408714056    0.3484140635    0.3558349371    0.3631438494
  0.3703496695    0.3774603128    0.3844841242    0.3914253950    0.3982916594
  0.4050884008    0.4118209124    0.4184936762    0.4251112700    0.4316779375
  0.4381975412    0.4446730375    0.4511099100    0.4575090647    0.4638747931
  0.4702101946    0.4765191317    0.4828016996    0.4890633345    0.4953043699
  0.5015297651    0.5077395201    0.5139387846    0.5201285601    0.5263122797
  0.5324920893    0.5386704683    0.5448502779    0.5510336161    0.5572252035
  0.5634263754    0.5696405172    0.5758713007    0.5821208239    0.5883947611
  0.5946961164    0.6010275126    0.6073942423    0.6138013601    0.6202533960
  0.6267534971    0.6333119154    0.6399307966    0.6466170549    0.6533815622
  0.6602283239    0.6671697855    0.6742126226    0.6813717127    0.6886542559
  0.6960776567    0.7036579370    0.7114059210    0.7193447351    0.7274925470
  0.7358665705    0.7444865942    0.7533698320    0.7625289679    0.7719802618
  0.7817550898    0.7919188738    0.7999999762    0.8000000000    0.8000000000
  0.8000000000    0.8000000000    0.8000000000    0.8000000000    0.8000000000
  0.8000000000    0.8000000000    0.8000000000    0.8000000000    0.8000000000
  0.8000000000    0.8000000000    0.8000000000    0.8000000000    0.8000000000
  0.8000000000    0.8000000000    0.8000000000    0.8000000000    0.8000000000
  0.8000000000    0.8000000000    0.8000000000    0.8000000000    0.8000000000
  0.8000000000    0.8000000000    0.8000000000    0.8000000000    0.8000000000
  0.8000000000    0.8000000000    0.8000000000    0.8000000000    0.8000000000
  0.8000000000    0.8000000000    0.8000000000    0.8000000000    0.8000000000
  0.8000000000    0.8000000000    0.8000000000    0.8000000000    0.8000000000
  0.8000000000    0.8000000000    0.8000000000    0.8000000000    0.8000000000
  0.8000000000    0.8000000000    0.8000000000    0.8000000000    0.8000000000
  0.8000000000    0.8000000000    0.8000000000    0.8000000000    0.8000000000
  0.8000000000    0.8000000000    0.8000000000    0.8000000000    0.8000000000
  0.8000000000    0.8000000000    0.8000000000    0.8000000000    0.8000000000
  0.8000000000    0.8000000000    0.8000000000    0.8000000000    0.8000000000
  0.8000000000    0.8000000000    0.8000000000    0.8000000000    0.8000000000
  0.8000000000    0.8000000000    0.8000000000    0.8000000000    0.8000000000
  0.0000000238    0.0231052637    0.0455677748    0.0669105768    0.0868865252
  0.1054419279    0.1226433516    0.1386132002    0.1534897566    0.1674078226
  0.1804895163    0.1928419828    0.2045560598    0.2157105207    0.2263719797
  0.2365966558    0.2464344740    0.2559261084    0.2651077032    0.2740113020
  0.2826634645    0.2910881758    0.2993063688    0.3073368788    0.3151958227
  0.3228977919    0.3304558516    0.3378815889    0.3451853037    0.3523773909
  0.3594649553    0.3664577246    0.3733618021    0.3801837683    0.3869295359
  0.3936040640    0.4002138853    0.4067624807    0.4132545233    0.4196943521
  0.4260848284    0.4324312449    0.4387349844    0.4450006723    0.4512302637
  0.4574274302    0.4635942698    0.4697335005    0.4758477926    0.4819391012
  0.4880111933    0.4940643072    0.5001023054    0.5061270952    0.5121407747
  0.5181449175    0.5241433859    0.5301373243    0.5361284494    0.5421205282
  0.5481152773    0.5541153193    0.5601220369    0.5661404371    0.5721712351
  0.5782175303    0.5842837095    0.5903716803    0.5964861155    0.6026289225
  0.6088039160    0.6150178671    0.6212727308    0.6275722265    0.6339240313
  0.6403322935    0.6468041658    0.6533444643    0.6599603415    0.6666615248
  0.6734527349    0.6803489923    0.6873573542    0.6944885015    0.7017585516
  0.7091792822    0.7167686224    0.7245403051    0.7325142145    0.7407063246
  0.7491302252    0.7578079462    0.7667434931    0.7759505510    0.7854668379
  0.7953613043    0.7999999762    0.8000000000    0.8000000000    0.8000000000
  0.8000000000    0.8000000000    0.8000000000    0.8000000000    0.8000000000
  0.8000000000    0.8000000000    0.8000000000    0.8000000000    0.8000000000
  0.8000000000    0.8000000000    0.8000000000    0.8000000000    0.8000000000
  0.8000000000    0.8000000000    0.8000000000    0.8000000000    0.8000000000
  0.8000000000    0.8000000000    0.8000000000    0.8000000000    0.8000000000
  0.8000000000    0.8000000000    0.8000000000    0.8000000000    0.8000000000
  0.8000000000    0.8000000000    0.8000000000    0.8000000000    0.8000000000
  0.8000000000    0.8000000000    0.8000000000    0.8000000000    0.8000000000
  0.8000000000    0.8000000000    0.8000000000    0.8000000000    0.8000000000
  0.8000000000    0.8000000000    0.8000000000    0.8000000000    0.8000000000
  0.8000000000    0.8000000000    0.8000000000    0.8000000000    0.8000000000
  0.8000000000    0.8000000000    0.8000000000    0.8000000000    0.8000000000
  0.8000000000    0.8000000000    0.8000000000    0.8000000000    0.8000000000
  0.8000000000    0.8000000000    0.8000000000    0.8000000000    0.8000000000
  0.8000000000    0.8000000000    0.8000000000    0.8000000000    0.8000000000
  0.8000000000    0.8000000000    0.8000000000    0.8000000000    0.8000000000
  0.0000000238    0.0216217279    0.0427248240    0.0629083395    0.0819420099
  0.0997501135    0.1163622618    0.1318638086    0.1463625669    0.1599694014
  0.1727899790    0.1849171877    0.1964335203    0.2074112654    0.2179112196
  0.2279866934    0.2376840353    0.2470425844    0.2560971022    0.2648773432
  0.2734096766    0.2817169428    0.2898201227    0.2977371454    0.3054826498
  0.3130728483    0.3205194235    0.3278339148    0.3350264788    0.3421075583
  0.3490841627    0.3559654951    0.3627565145    0.3694660425    0.3760984659
  0.3826592207    0.3891538858    0.3955870390    0.4019623995    0.4082843065
  0.4145563364    0.4207822561    0.4269644976    0.4331069231    0.4392119646
  0.4452825308    0.4513211966    0.4573304415    0.4633119822    0.4692689657
  0.4752028704    0.4811165094    0.4870115519    0.4928900003    0.4987532854
  0.5046056509    0.5104462385    0.5162785769    0.5221040010    0.5279248476
  0.5337431192    0.5395598650    0.5453793764    0.5512018442    0.5570302725
  0.5628661394    0.5687138796    0.5745732546    0.5804493666    0.5863425016
  0.5922577620    0.5981972456    0.6041635275    0.6101599932    0.6161927938
  0.6222627878    0.6283755064    0.6345361471    0.6407490492    0.6470178366
  0.6533499956    0.6597528219    0.6662303686    0.6727932692    0.6794469595
  0.6862014532    0.6930688143    0.7000560522    0.7071815729    0.7144531488
  0.7218876123    0.7294998884    0.7373066664    0.7453224897    0.7535618544
  0.7620356798    0.7707534552    0.7797317266    0.7890060663    0.7986418962
  0.7999999762    0.8000000000    0.8000000000    0.8000000000    0.8000000000
  0.8000000000    0.8000000000    0.8000000000    0.8000000000    0.8000000000
  0.8000000000    0.8000000000    0.8000000000    0.8000000000    0.8000000000
  0.8000000000    0.8000000000    0.8000000000    0.8000000000    0.8000000000
  0.8000000000    0.8000000000    0.8000000000    0.8000000000    0.8000000000
  0.8000000000    0.8000000000    0.8000000000    0.8000000000    0.8000000000
  0.8000000000    0.8000000000    0.8000000000    0.8000000000    0.8000000000
  0.8000000000    0.8000000000    0.8000000000    0.8000000000    0.8000000000
  0.8000000000    0.8000000000    0.8000000000    0.8000000000    0.8000000000
  0.8000000000    0.8000000000    0.8000000000    0.8000000000    0.8000000000
  0.8000000000    0.8000000000    0.8000000000    0.8000000000    0.8000000000
  0.8000000000    0.8000000000    0.8000000000    0.8000000000    0.8000000000
  0.8000000000    0.8000000000    0.8000000000    0.8000000000    0.8000000000
  0.8000000000    0.8000000000    0.8000000000    0.8000000000    0.8000000000
  0.8000000000    0.8000000000    0.8000000000    0.8000000000    0.8000000000
  0.8000000000    0.8000000000    0.8000000000    0.8000000000    0.8000000000
  0.0000000238    0.0202906370    0.0401593447    0.0592691183    0.0774096251
  0.0944943666    0.1105244398    0.1255568266    0.1396733522    0.1529642344
  0.1655175924    0.1774154425    0.1887308836    0.1995284796    0.2098654032
  0.2197915316    0.2293487310    0.2385750055    0.2475034952    0.2561629534
  0.2645776033    0.2727708101    0.2807618856    0.2885683298    0.2962056398
  0.3036880255    0.3110275984    0.3182357073    0.3253219366    0.3322971582
  0.3391677618    0.3459429502    0.3526282072    0.3592307329    0.3657565355
  0.3722100496    0.3785968065    0.3849204302    0.3911873102    0.3973992586
  0.4035597563    0.4096733332    0.4157424688    0.4217710257    0.4277611494
  0.4337151289    0.4396362543    0.4455255747    0.4513864756    0.4572201967
  0.4630302668    0.4688172102    0.4745832682    0.4803306818    0.4860605001
  0.4917756796    0.4974775076    0.5031667471    0.5088464975    0.5145177603
  0.5201819181    0.5258412600    0.5314974546    0.5371533632    0.5428086519
  0.5484660387    0.5541280985    0.5597963572    0.5654736280    0.5711603880
  0.5768599272    0.5825751066    0.5883076906    0.5940596819    0.5998355150
  0.6056364775    0.6114678144    0.6173299551    0.6232272387    0.6291654348
  0.6351462126    0.6411762476    0.6472566843    0.6533957720    0.6595984221
  0.6658715010    0.6722179174    0.6786506891    0.6851714849    0.6917945623
  0.6985279322    0.7053795099    0.7123637915    0.7194930792    0.7267802954
  0.7342399359    0.7418865442    0.7497328997    0.7577907324    0.7660705328
  0.7745850325    0.7833420992    0.7923798323    0.7999999762    0.8000000000
  0.8000000000    0.8000000000    0.8000000000    0.8000000000    0.8000000000
  0.8000000000    0.8000000000    0.8000000000    0.8000000000    0.8000000000
  0.8000000000    0.8000000000    0.8000000000    0.8000000000    0.8000000000
  0.8000000000    0.8000000000    0.8000000000    0.8000000000    0.8000000000
  0.8000000000    0.8000000000    0.8000000000    0.8000000000    0.8000000000
  0.8000000000    0.8000000000    0.8000000000    0.8000000000    0.8000000000
  0.8000000000    0.8000000000    0.8000000000    0.8000000000    0.8000000000
  0.8000000000    0.8000000000    0.8000000000    0.8000000000    0.8000000000
  0.8000000000    0.8000000000    0.8000000000    0.8000000000    0.8000000000
  0.8000000000    0.8000000000    0.8000000000    0.8000000000    0.8000000000
  0.8000000000    0.8000000000    0.8000000000    0.8000000000    0.8000000000
  0.8000000000    0.8000000000    0.8000000000    0.8000000000    0.8000000000
  0.8000000000    0.8000000000    0.8000000000    0.8000000000    0.8000000000
  0.8000000000    0.8000000000    0.8000000000    0.8000000000    0.8000000000
  0.8000000000    0.8000000000    0.8000000000    0.8000000000    0.8000000000
  0.0000000238    0.0190913916    0.0378371477    0.0559531450    0.0732503176
  0.0896372557    0.1050970316    0.1196630239    0.1333955526    0.1463660955
  0.1586483240    0.1703121901    0.1814232588    0.1920391321    0.2022116423
  0.2119863749    0.2214037180    0.2304983854    0.2393019915    0.2478413820
  0.2561411142    0.2642219305    0.2721038103    0.2798032522    0.2873353243
  0.2947129011    0.3019495249    0.3090552568    0.3160401583    0.3229131937
  0.3296837091    0.3363567114    0.3429411650    0.3494425535    0.3558662653
  0.3622178793    0.3685024977    0.3747241735    0.3808872461    0.3869951487
  0.3930520296    0.3990607500    0.4050244093    0.4109464884    0.4168290854
  0.4226746798    0.4284855127    0.4342643499    0.4400141001    0.4457350016
  0.4514302969    0.4571015596    0.4627496958    0.4683784723    0.4739866495
  0.4795792341    0.4851547480    0.4907170534    0.4962659597    0.5018041372
  0.5073326349    0.5128529787    0.5183670282    0.5238755941    0.5293808222
  0.5348843336    0.5403867006    0.5458907366    0.5513976336    0.5569104433
  0.5624284983    0.5679558992    0.5734930754    0.5790429354    0.5846070528
  0.5901876688    0.5957885981    0.6014100790    0.6070555449    0.6127287149
  0.6184314013    0.6241688967    0.6299413919    0.6357552290    0.6416114092
  0.6475179434    0.6534778833    0.6594931364    0.6655743837    0.6717229605
  0.6779481173    0.6842553854    0.6906524897    0.6971496820    0.7037513494
  0.7104748011    0.7173263788    0.7243187189    0.7314644098    0.7387775660
  0.7462684393    0.7539524317    0.7618378401    0.7699311018    0.7782424688
  0.7867890120    0.7956025362    0.7999999762    0.8000000000    0.8000000000
  0.8000000000    0.8000000000    0.8000000000    0.8000000000    0.8000000000
  0.8000000000    0.8000000000    0.8000000000    0.8000000000    0.8000000000
  0.8000000000    0.8000000000    0.8000000000    0.8000000000    0.8000000000
  0.8000000000    0.8000000000    0.8000000000    0.8000000000    0.8000000000
  0.8000000000    0.8000000000    0.8000000000    0.8000000000    0.8000000000
  0.8000000000    0.8000000000    0.8000000000    0.8000000000    0.8000000000
  0.8000000000    0.8000000000    0.8000000000    0.8000000000    0.8000000000
  0.8000000000    0.8000000000    0.8000000000    0.8000000000    0.8000000000
  0.8000000000    0.8000000000    0.8000000000    0.8000000000    0.8000000000
  0.8000000000    0.8000000000    0.8000000000    0.8000000000    0.8000000000
  0.8000000000    0.8000000000    0.8000000000    0.8000000000    0.8000000000
  0.8000000000    0.8000000000    0.8000000000    0.8000000000    0.8000000000
  0.8000000000    0.8000000000    0.8000000000    0.8000000000    0.8000000000
  0.8000000000    0.8000000000    0.8000000000    0.8000000000    0.8000000000
  0.0000000238    0.0180068254    0.0357285738    0.0529247999    0.0694280863
  0.0851458788    0.1000491858    0.1141540766    0.1275024652    0.1401504278
  0.1521579504    0.1635853529    0.1744889498    0.1849205256    0.1949266195
  0.2045491457    0.2138256788    0.2227887869    0.2314684153    0.2398889780
  0.2480751753    0.2560464144    0.2638208628    0.2714156389    0.2788443327
  0.2861217737    0.2932578802    0.3002647161    0.3071516752    0.3139276266
  0.3206000566    0.3271768332    0.3336645842    0.3400686502    0.3463957071
  0.3526512384    0.3588386774    0.3649621248    0.3710275888    0.3770374060
  0.3829957724    0.3889051199    0.3947695971    0.4005911112    0.4063729525
  0.4121170282    0.4178252935    0.4235014200    0.4291464090    0.4347626448
  0.4403519392    0.4459158659    0.4514564753    0.4569745779    0.4624725580
  0.4679510832    0.4734132051    0.4788594484    0.4842902422    0.4897088289
  0.4951150179    0.5005109072    0.5058975935    0.5112765074    0.5166486025
  0.5220156431    0.5273788214    0.5327412367    0.5381006479    0.5434617758
  0.5488240957    0.5541902304    0.5595609903    0.5649383307    0.5703250170
  0.5757219076    0.5811294317    0.5865529776    0.5919909239    0.5974480867
  0.6029251337    0.6084248304    0.6139500380    0.6195031881    0.6250868559
  0.6307057619    0.6363620996    0.6420570135    0.6477987528    0.6535887003
  0.6594310045    0.6653328180    0.6712970972    0.6773300886    0.6834361315
  0.6896274805    0.6959040880    0.7022815943    0.7087619543    0.7153602839
  0.7220832586    0.7289444208    0.7359546900    0.7431247950    0.7504668951
  0.7579925299    0.7657088995    0.7736252546    0.7817459345    0.7900879145
  0.7986908197    0.7999999762    0.8000000000    0.8000000000    0.8000000000
  0.8000000000    0.8000000000    0.8000000000    0.8000000000    0.8000000000
  0.8000000000    0.8000000000    0.8000000000    0.8000000000    0.8000000000
  0.8000000000    0.8000000000    0.8000000000    0.8000000000    0.8000000000
  0.8000000000    0.8000000000    0.8000000000    0.8000000000    0.8000000000
  0.8000000000    0.8000000000    0.8000000000    0.8000000000    0.8000000000
  0.8000000000    0.8000000000    0.8000000000    0.8000000000    0.8000000000
  0.8000000000    0.8000000000    0.8000000000    0.8000000000    0.8000000000
  0.8000000000    0.8000000000    0.8000000000    0.8000000000    0.8000000000
  0.8000000000    0.8000000000    0.8000000000    0.8000000000    0.8000000000
  0.8000000000    0.8000000000    0.8000000000    0.8000000000    0.8000000000
  0.8000000000    0.8000000000    0.8000000000    0.8000000000    0.8000000000
  0.8000000000    0.8000000000    0.8000000000    0.8000000000    0.8000000000
  0.8000000000    0.8000000000    0.8000000000    0.8000000000    0.8000000000
  0.0000000238    0.0170225382    0.0338081598    0.0501538038    0.0659101248
  0.0809883356    0.0953521013    0.1090031862    0.1219702005    0.1342946768
  0.1460254908    0.1572136164    0.1679069281    0.1781518221    0.1879901171
  0.1974594831    0.2065946817    0.2154266596    0.2239813566    0.2322847605
  0.2403575659    0.2482206583    0.2558898211    0.2633822203    0.2707110167
  0.2778895140    0.2849291086    0.2918405771    0.2986318827    0.3053135157
  0.3118928671    0.3183759928    0.3247706175    0.3310820341    0.3373169184
  0.3434789896    0.3495733976    0.3556048155    0.3615770102    0.3674934149
  0.3733577967    0.3791735888    0.3849435091    0.3906698465    0.3963560820
  0.4020041704    0.4076170206    0.4131963968    0.4187433481    0.4242613077
  0.4297516584    0.4352149725    0.4406549692    0.4460715055    0.4514664888
  0.4568411589    0.4621977568    0.4675378561    0.4728609324    0.4781693697
  0.4834645987    0.4887473345    0.4940192461    0.4992814779    0.5045350790
  0.5097810507    0.5150202036    0.5202539682    0.5254849672    0.5307129145
  0.5359384775    0.5411645174    0.5463911295    0.5516209841    0.5568544149
  0.5620935202    0.5673384428    0.5725920439    0.5778564692    0.5831308126
  0.5884201765    0.5937238455    0.5990453005    0.6043845415    0.6097468138
  0.6151330709    0.6205449820    0.6259852648    0.6314587831    0.6369651079
  0.6425113916    0.6480960608    0.6537276030    0.6594077826    0.6651417971
  0.6709325552    0.6767852545    0.6827074766    0.6887035131    0.6947822809
  0.7009464502    0.7072071314    0.7135703802    0.7200501204    0.7266506433
  0.7333842516    0.7402625799    0.7472962141    0.7544953108    0.7618679762
  0.7694217443    0.7771637201    0.7850998163    0.7932461500    0.7999999762
  0.8000000000    0.8000000000    0.8000000000    0.8000000000    0.8000000000
  0.8000000000    0.8000000000    0.8000000000    0.8000000000    0.8000000000
  0.8000000000    0.8000000000    0.8000000000    0.8000000000    0.8000000000
  0.8000000000    0.8000000000    0.8000000000    0.8000000000    0.8000000000
  0.8000000000    0.8000000000    0.8000000000    0.8000000000    0.8000000000
  0.8000000000    0.8000000000    0.8000000000    0.8000000000    0.8000000000
  0.8000000000    0.8000000000    0.8000000000    0.8000000000    0.8000000000
  0.8000000000    0.8000000000    0.8000000000    0.8000000000    0.8000000000
  0.8000000000    0.8000000000    0.8000000000    0.8000000000    0.8000000000
  0.8000000000    0.8000000000    0.8000000000    0.8000000000    0.8000000000
  0.8000000000    0.8000000000    0.8000000000    0.8000000000    0.8000000000
  0.8000000000    0.8000000000    0.8000000000    0.8000000000    0.8000000000
  0.8000000000    0.8000000000    0.8000000000    0.8000000000    0.8000000000
  0.0000000238    0.0161261797    0.0320545435    0.0476118803    0.0626673460
  0.0771365404    0.0909782171    0.1041854620    0.1167750120    0.1287770033
  0.1402305841    0.1511770964    0.1616583586    0.1717149019    0.1813834429
  0.1906986475    0.1996918917    0.2083913565    0.2168223143    0.2250082254
  0.2329698801    0.2407249212    0.2482907534    0.2556823015    0.2629127264
  0.2699950933    0.2769404173    0.2837587118    0.2904582262    0.2970483065
  0.3035372496    0.3099304438    0.3162355661    0.3224579096    0.3286034346
  0.3346764803    0.3406815767    0.3466239214    0.3525068045    0.3583342314
  0.3641099215    0.3698356390    0.3755158186    0.3811522722    0.3867484331
  0.3923057795    0.3978273630    0.4033142805    0.4087698698    0.4141944647
  0.4195914984    0.4249616861    0.4303061247    0.4356279612    0.4409269571
  0.4462050676    0.4514640093    0.4567039251    0.4619279146    0.4671354532
  0.4723289728    0.4775079012    0.4826749563    0.4878308535    0.4929757833
  0.4981108904    0.5032385588    0.5083593607    0.5134736776    0.5185823202
  0.5236875296    0.5287895441    0.5338895082    0.5389889479    0.5440888643
  0.5491896868    0.5542937517    0.5594026327    0.5645161867    0.5696364164
  0.5747648478    0.5799031496    0.5850527048    0.5902151346    0.5953922987
  0.6005852461    0.6057965517    0.6110277414    0.6162820101    0.6215594530
  0.6268652201    0.6322004557    0.6375667334    0.6429690599    0.6484099150
  0.6538929701    0.6594190836    0.6649963617    0.6706246614    0.6763098955
  0.6820593119    0.6878757715    0.6937648535    0.6997344732    0.7057903051
  0.7119426966    0.7181938410    0.7245567083    0.7310385942    0.7376510382
  0.7444031000    0.7513045549    0.7583629370    0.7655884027    0.7729858637
  0.7805588007    0.7883147955    0.7962761641    0.7999999762    0.8000000000
  0.8000000000    0.8000000000    0.8000000000    0.8000000000    0.8000000000
  0.8000000000    0.8000000000    0.8000000000    0.8000000000    0.8000000000
  0.8000000000    0.8000000000    0.8000000000    0.8000000000    0.8000000000
  0.8000000000    0.8000000000    0.8000000000    0.8000000000    0.8000000000
  0.8000000000    0.8000000000    0.8000000000    0.8000000000    0.8000000000
  0.8000000000    0.8000000000    0.8000000000    0.8000000000    0.8000000000
  0.8000000000    0.8000000000    0.8000000000    0.8000000000    0.8000000000
  0.8000000000    0.8000000000    0.8000000000    0.8000000000    0.8000000000
  0.8000000000    0.8000000000    0.8000000000    0.8000000000    0.8000000000
  0.8000000000    0.8000000000    0.8000000000    0.8000000000    0.8000000000
  0.8000000000    0.8000000000    0.8000000000    0.8000000000    0.8000000000
  0.8000000000    0.8000000000    0.8000000000    0.8000000000    0.8000000000
  0.0000000238    0.0153073549    0.0304485083    0.0452756643    0.0596736670
  0.0735636473    0.0869029760    0.0996775866    0.1118946314    0.1235768557
  0.1347529650    0.1454573393    0.1557250738    0.1655918360    0.1750892878
  0.1842493296    0.1930992842    0.2016668558    0.2099738836    0.2180429220
  0.2258930922    0.2335416555    0.2410053492    0.2482978106    0.2554318666
  0.2624200583    0.2692725897    0.2759996653    0.2826095343    0.2891111612
  0.2955122232    0.3018180132    0.3080366373    0.3141728163    0.3202323675
  0.3262196779    0.3321397543    0.3379967451    0.3437943697    0.3495360613
  0.3552262545    0.3608666182    0.3664604902    0.3720113993    0.3775205851
  0.3829917669    0.3884263277    0.3938266039    0.3991942167    0.4045317411
  0.4098399878    0.4151213884    0.4203774691    0.4256088972    0.4308175802
  0.4360044241    0.4411718130    0.4463203669    0.4514502287    0.4565635443
  0.4616622210    0.4667457819    0.4718160391    0.4768728018    0.4819183111
  0.4869542837    0.4919792891    0.4969954729    0.5020047426    0.5070066690
  0.5120025873    0.5169928789    0.5219797373    0.5269629717    0.5319442511
  0.5369246244    0.5419046164    0.5468857527    0.5518675089    0.5568539858
  0.5618437052    0.5668390989    0.5718409777    0.5768524408    0.5818705320
  0.5869009733    0.5919449091    0.5969996691    0.6020725965    0.6071604967
  0.6122687101    0.6173976183    0.6225509882    0.6277273893    0.6329334497
  0.6381670713    0.6434357405    0.6487385035    0.6540782213    0.6594619989
  0.6648894072    0.6703662634    0.6758972406    0.6814819098    0.6871314764
  0.6928458929    0.6986366510    0.7045020819    0.7104545832    0.7164978266
  0.7226402044    0.7288940668    0.7352619410    0.7417572260    0.7483849287
  0.7551590204    0.7620815992    0.7691632032    0.7764084578    0.7838196516
  0.7914055586    0.7991858721    0.7999999762    0.8000000000    0.8000000000
  0.8000000000    0.8000000000    0.8000000000    0.8000000000    0.8000000000
  0.8000000000    0.8000000000    0.8000000000    0.8000000000    0.8000000000
  0.8000000000    0.8000000000    0.8000000000    0.8000000000    0.8000000000
  0.8000000000    0.8000000000    0.8000000000    0.8000000000    0.8000000000
  0.8000000000    0.8000000000    0.8000000000    0.8000000000    0.8000000000
  0.8000000000    0.8000000000    0.8000000000    0.8000000000    0.8000000000
  0.8000000000    0.8000000000    0.8000000000    0.8000000000    0.8000000000
  0.8000000000    0.8000000000    0.8000000000    0.8000000000    0.8000000000
  0.8000000000    0.8000000000    0.8000000000    0.8000000000    0.8000000000
  0.8000000000    0.8000000000    0.8000000000    0.8000000000    0.8000000000
  0.8000000000    0.8000000000    0.8000000000    0.8000000000    0.8000000000
  0.0000000238    0.0145571947    0.0289739847    0.0431236506    0.0569049597
  0.0702454329    0.0831024408    0.0954566240    0.1073096991    0.1186744452
  0.1295747995    0.1400370836    0.1500907660    0.1597658396    0.1690915823
  0.1780952692    0.1868022203    0.1952361345    0.2034193277    0.2113719225
  0.2191111326    0.2266539812    0.2340163946    0.2412102461    0.2482495546
  0.2551453352    0.2619073629    0.2685451269    0.2750676394    0.2814831972
  0.2877981901    0.2940200567    0.3001550436    0.3062072039    0.3121835470
  0.3180883169    0.3239259481    0.3297005415    0.3354163408    0.3410757303
  0.3466836214    0.3522417307    0.3577538729    0.3632215261    0.3686491251
  0.3740371943    0.3793892622    0.3847055674    0.3899904490    0.3952438116
  0.4004687071    0.4056653261    0.4108365297    0.4159827471    0.4211061716
  0.4262076139    0.4312890291    0.4363500357    0.4413923979    0.4464187860
  0.4514276743    0.4564211130    0.4614014864    0.4663672209    0.4713206053
  0.4762628794    0.4811937571    0.4861154318    0.4910269499    0.4959313154
  0.5008271933    0.5057168722    0.5106008291    0.5154799223    0.5203543901
  0.5252260447    0.5300950289    0.5349625349    0.5398290873    0.5446962118
  0.5495649099    0.5544351339    0.5593095064    0.5641870737    0.5690704107
  0.5739613771    0.5788584948    0.5837661982    0.5886827707    0.5936120749
  0.5985540152    0.6035108805    0.6084837198    0.6134754896    0.6184857607
  0.6235184908    0.6285737753    0.6336553335    0.6387650728    0.6439047098
  0.6490781069    0.6542863131    0.6595320940    0.6648220778    0.6701551199
  0.6755369425    0.6809707403    0.6864639997    0.6920166731    0.6976341009
  0.7033252478    0.7090942621    0.7149452448    0.7208866358    0.7269260645
  0.7330696821    0.7393284082    0.7457076788    0.7522179365    0.7588669538
  0.7656590223    0.7726009130    0.7796997309    0.7869536638    0.7943756342
  0.7999999762    0.8000000000    0.8000000000    0.8000000000    0.8000000000
  0.8000000000    0.8000000000    0.8000000000    0.8000000000    0.8000000000
  0.8000000000    0.8000000000    0.8000000000    0.8000000000    0.8000000000
  0.8000000000    0.8000000000    0.8000000000    0.8000000000    0.8000000000
  0.8000000000    0.8000000000    0.8000000000    0.8000000000    0.8000000000
  0.8000000000    0.8000000000    0.8000000000    0.8000000000    0.8000000000
  0.8000000000    0.8000000000    0.8000000000    0.8000000000    0.8000000000
  0.8000000000    0.8000000000    0.8000000000    0.8000000000    0.8000000000
  0.8000000000    0.8000000000    0.8000000000    0.8000000000    0.8000000000
  0.8000000000    0.8000000000    0.8000000000    0.8000000000    0.8000000000
  0.8000000000    0.8000000000    0.8000000000    0.8000000000    0.8000000000
  0.0000000238    0.0138680220    0.0276165247    0.0411370993    0.0543404818
  0.0671604395    0.0795550108    0.0915027857    0.1029990911    0.1140524149
  0.1246784449    0.1348992586    0.1447386503    0.1542226553    0.1633754969
  0.1722217321    0.1807846308    0.1890851736    0.1971444845    0.2049801111
  0.2126092196    0.2200468302    0.2273084879    0.2344055891    0.2413509130
  0.2481551409    0.2548281908    0.2613792658    0.2678160429    0.2741471052
  0.2803793192    0.2865187407    0.2925716162    0.2985435724    0.3044391870
  0.3102638960    0.3160220385    0.3217170954    0.3273527861    0.3329336882
  0.3384618521    0.3439407110    0.3493736029    0.3547629595    0.3601111650
  0.3654196978    0.3706922770    0.3759300947    0.3811343431    0.3863076925
  0.3914526224    0.3965687990    0.4016591311    0.4067247152    0.4117670774
  0.4167861700    0.4217854261    0.4267641306    0.4317244768    0.4366667032
  0.4415923357    0.4465019941    0.4513971090    0.4562775850    0.4611448050
  0.4660001040    0.4708432913    0.4756759882    0.4804984331    0.4853117704
  0.4901170015    0.4949132204    0.4997024298    0.5044860125    0.5092638731
  0.5140373945    0.5188059568    0.5235712290    0.5283334970    0.5330952883
  0.5378539801    0.5426148176    0.5473741770    0.5521357775    0.5569009542
  0.5616682768    0.5664403677    0.5712175608    0.5760009527    0.5807924509
  0.5855921984    0.5904024839    0.5952240705    0.6000573874    0.6049043894
  0.6097673655    0.6146465063    0.6195454836    0.6244638205    0.6294042349
  0.6343681097    0.6393601179    0.6443798304    0.6494273901    0.6545120478
  0.6596294165    0.6647860289    0.6699846983    0.6752283335    0.6805204153
  0.6858643770    0.6912634611    0.6967243433    0.7022515059    0.7078476191
  0.7135196924    0.7192737341    0.7251171350    0.7310542822    0.7370963812
  0.7432476759    0.7495174170    0.7559120893    0.7624393225    0.7691056013
  0.7759124994    0.7828660250    0.7899688482    0.7972312212    0.7999999762
  0.8000000000    0.8000000000    0.8000000000    0.8000000000    0.8000000000
  0.8000000000    0.8000000000    0.8000000000    0.8000000000    0.8000000000
  0.8000000000    0.8000000000    0.8000000000    0.8000000000    0.8000000000
  0.8000000000    0.8000000000    0.8000000000    0.8000000000    0.8000000000
  0.8000000000    0.8000000000    0.8000000000    0.8000000000    0.8000000000
  0.8000000000    0.8000000000    0.8000000000    0.8000000000    0.8000000000
  0.8000000000    0.8000000000    0.8000000000    0.8000000000    0.8000000000
  0.8000000000    0.8000000000    0.8000000000    0.8000000000    0.8000000000
  0.8000000000    0.8000000000    0.8000000000    0.8000000000    0.8000000000
  0.8000000000    0.8000000000    0.8000000000    0.8000000000    0.8000000000
  0.0000000238    0.0132330656    0.0263641596    0.0392996550    0.0519609690
  0.0642881632    0.0762409925    0.0877959013    0.0989455462    0.1096924543
  0.1200478315    0.1300287008    0.1396545649    0.1489460707    0.1579259157
  0.1666146517    0.1750329256    0.1832001448    0.1911347151    0.1988538027
  0.2063728094    0.2137058020    0.2208670378    0.2278682470    0.2347213030
  0.2414350271    0.2480208635    0.2544859171    0.2608393431    0.2670877695
  0.2732383966    0.2792978048    0.2852715254    0.2911644220    0.2969816923
  0.3027292013    0.3084094763    0.3140277147    0.3195870638    0.3250914335
  0.3305429220    0.3359460592    0.3413024664    0.3466157198    0.3518870592
  0.3571197271    0.3623156786    0.3674767733    0.3726047277    0.3777016401
  0.3827689409    0.3878091574    0.3928223372    0.3978102446    0.4027749777
  0.4077164412    0.4126372099    0.4175379515    0.4224190474    0.4272821188
  0.4321289301    0.4369583845    0.4417731524    0.4465730906    0.4513587236
  0.4561323404    0.4608937979    0.4656438112    0.4703827143    0.4751115561
  0.4798310995    0.4845413923    0.4892439604    0.4939394236    0.4986276865
  0.5033106565    0.5079873323    0.5126600027    0.5173280478    0.5219927073
  0.5266542673    0.5313143492    0.5359730959    0.5406312227    0.5452887774
  0.5499481916    0.5546089411    0.5592724562    0.5639386892    0.5686097860
  0.5732865095    0.5779690504    0.5826585531    0.5873564959    0.5920654535
  0.5967826128    0.6015137911    0.6062559843    0.6110140562    0.6157877684
  0.6205796957    0.6253906488    0.6302209616    0.6350740671    0.6399528742
  0.6448554277    0.6497882605    0.6547525644    0.6597483873    0.6647827387
  0.6698526144    0.6749660730    0.6801215887    0.6853276491    0.6905837774
  0.6958973169    0.7012676001    0.7067043066    0.7122100592    0.7177917719
  0.7234528303    0.7291991949    0.7350410700    0.7409817457    0.7470298529
  0.7531921625    0.7594741106    0.7658828497    0.7724259138    0.7791019201
  0.7859169722    0.7928742170    0.7999831438    0.7999999762    0.8000000000
  0.8000000000    0.8000000000    0.8000000000    0.8000000000    0.8000000000
  0.8000000000    0.8000000000    0.8000000000    0.8000000000    0.8000000000
  0.8000000000    0.8000000000    0.8000000000    0.8000000000    0.8000000000
  0.8000000000    0.8000000000    0.8000000000    0.8000000000    0.8000000000
  0.8000000000    0.8000000000    0.8000000000    0.8000000000    0.8000000000
  0.8000000000    0.8000000000    0.8000000000    0.8000000000    0.8000000000
  0.8000000000    0.8000000000    0.8000000000    0.8000000000    0.8000000000
  0.8000000000    0.8000000000    0.8000000000    0.8000000000    0.8000000000
  0.8000000000    0.8000000000    0.8000000000    0.8000000000    0.8000000000
  0.0000000238    0.0126466990    0.0252060175    0.0375966787    0.0497497320
  0.0616108179    0.0731417894    0.0843185186    0.0951308966    0.1055778742
  0.1156671286    0.1254101038    0.1348229170    0.1439233541    0.1527297258
  0.1612608194    0.1695342779    0.1775676489    0.1853780031    0.1929800272
  0.2003892183    0.2076180220    0.2146798372    0.2215858221    0.2283466101
  0.2349717855    0.2414706469    0.2478517294    0.2541226625    0.2602905512
  0.2663611650    0.2723420858    0.2782381296    0.2840546846    0.2897961855
  0.2954678774    0.3010733843    0.3066167593    0.3121015787    0.3175323725
  0.3229099512    0.3282389879    0.3335221529    0.3387613535    0.3439588785
  0.3491180658    0.3542402506    0.3593278646    0.3643821001    0.3694056273
  0.3743993998    0.3793647051    0.3843039751    0.3892183065    0.3941077948
  0.3989755392    0.4038213491    0.4086472273    0.4134528875    0.4182410955
  0.4230119944    0.4277657270    0.4325043440    0.4372277975    0.4419366121
  0.4466331720    0.4513163328    0.4559873819    0.4606481314    0.4652978182
  0.4699366331    0.4745671988    0.4791886568    0.4838021040    0.4884080172
  0.4930070162    0.4975989580    0.5021858454    0.5067666292    0.5113435507
  0.5159165144    0.5204848528    0.5250512362    0.5296149492    0.5341771841
  0.5387394667    0.5433001280    0.5478619814    0.5524246454    0.5569891691
  0.5615567923    0.5661275148    0.5707021475    0.5752827883    0.5798688173
  0.5844618559    0.5890628576    0.5936732531    0.5982935667    0.6029250383
  0.6075693846    0.6122268438    0.6168997526    0.6215894938    0.6262961626
  0.6310225725    0.6357710123    0.6405413389    0.6453364134    0.6501588583
  0.6550082445    0.6598911524    0.6648056746    0.6697550058    0.6747432470
  0.6797728300    0.6848484278    0.6899690866    0.6951424837    0.7003700495
  0.7056572199    0.7110084772    0.7164264917    0.7219181299    0.7274890184
  0.7331452131    0.7388916254    0.7447341681    0.7506821394    0.7567398787
  0.7629132032    0.7692093134    0.7756302118    0.7821789026    0.7888594389
  0.7956756830    0.7999999762    0.8000000000    0.8000000000    0.8000000000
  0.8000000000    0.8000000000    0.8000000000    0.8000000000    0.8000000000
  0.8000000000    0.8000000000    0.8000000000    0.8000000000    0.8000000000
  0.8000000000    0.8000000000    0.8000000000    0.8000000000    0.8000000000
  0.8000000000    0.8000000000    0.8000000000    0.8000000000    0.8000000000
  0.8000000000    0.8000000000    0.8000000000    0.8000000000    0.8000000000
  0.8000000000    0.8000000000    0.8000000000    0.8000000000    0.8000000000
  0.8000000000    0.8000000000    0.8000000000    0.8000000000    0.8000000000
  0.8000000000    0.8000000000    0.8000000000    0.8000000000    0.8000000000
  0.0000000238    0.0121040106    0.0241325140    0.0360153913    0.0476914644
  0.0591117620    0.0702402353    0.0810538054    0.0915395498    0.1016939402
  0.1115212202    0.1210296869    0.1302312136    0.1391416311    0.1477746248
  0.1561478853    0.1642763376    0.1721760035    0.1798613787    0.1873473883
  0.1946466684    0.2017718554    0.2087344408    0.2155453920    0.2222153902
  0.2287524462    0.2351659536    0.2414641142    0.2476536989    0.2537415743
  0.2597350836    0.2656387091    0.2714588404    0.2772007704    0.2828682184
  0.2884658098    0.2939988375    0.2994694471    0.3048824549    0.3102406263
  0.3155469656    0.3208044291    0.3260162592    0.3311843157    0.3363114595
  0.3413993120    0.3464504004    0.3514671564    0.3564502001    0.3614021540
  0.3663245916    0.3712188005    0.3760872602    0.3809294939    0.3857481718
  0.3905443907    0.3953185320    0.4000725031    0.4048066378    0.4095221758
  0.4142203569    0.4189012766    0.4235670805    0.4282171965    0.4328537703
  0.4374755621    0.4420861483    0.4466826677    0.4512686491    0.4558432341
  0.4604071856    0.4649612188    0.4695070028    0.4740431547    0.4785712481
  0.4830918550    0.4876050711    0.4921127558    0.4966125250    0.5011077642
  0.5055978060    0.5100836039    0.5145644903    0.5190432310    0.5235181093
  0.5279909372    0.5324618578    0.5369315386    0.5414010763    0.5458697557
  0.5503402948    0.5548115492    0.5592843771    0.5637601614    0.5682393312
  0.5727217913    0.5772105455    0.5817050219    0.5862063169    0.5907154799
  0.5952322721    0.5997597933    0.6042968035    0.6088458300    0.6134088278
  0.6179853678    0.6225767851    0.6271857977    0.6318139315    0.6364596605
  0.6411280394    0.6458200216    0.6505364656    0.6552792788    0.6600513697
  0.6648540735    0.6696883917    0.6745601416    0.6794696569    0.6844208002
  0.6894145727    0.6944568872    0.6995479345    0.7046935797    0.7099006891
  0.7151665449    0.7205001593    0.7259070635    0.7313899755    0.7369567156
  0.7426117182    0.7483592749    0.7542099714    0.7601669550    0.7662334204
  0.7724182844    0.7787222624    0.7851486444    0.7916992426    0.7983772516
  0.7999999762    0.8000000000    0.8000000000    0.8000000000    0.8000000000
  0.8000000000    0.8000000000    0.8000000000    0.8000000000    0.8000000000
  0.8000000000    0.8000000000    0.8000000000    0.8000000000    0.8000000000
  0.8000000000    0.8000000000    0.8000000000    0.8000000000    0.8000000000
  0.8000000000    0.8000000000    0.8000000000    0.8000000000    0.8000000000
  0.8000000000    0.8000000000    0.8000000000    0.8000000000    0.8000000000
  0.8000000000    0.8000000000    0.8000000000    0.8000000000    0.8000000000
  0.8000000000    0.8000000000    0.8000000000    0.8000000000    0.8000000000
  0.0000000238    0.0116004229    0.0231355906    0.0345440626    0.0457722425
  0.0567760706    0.0675215483    0.0779857397    0.0881558180    0.0980252981
  0.1075958967    0.1168730497    0.1258662462    0.1345872641    0.1430480719
  0.1512638807    0.1592479467    0.1670135260    0.1745745420    0.1819440603
  0.1891336679    0.1961549520    0.2030192137    0.2097361803    0.2163153410
  0.2227653742    0.2290947676    0.2353106737    0.2414202929    0.2474301100
  0.2533467054    0.2591749907    0.2649211645    0.2705892324    0.2761846304
  0.2817111731    0.2871724367    0.2925728083    0.2979152918    0.3032037020
  0.3084405661    0.3136286974    0.3187707663    0.3238703966    0.3289281130
  0.3339477777    0.3389296770    0.3438773870    0.3487920046    0.3536757708
  0.3585295439    0.3633552790    0.3681543112    0.3729277849    0.3776779890
  0.3824048281    0.3871103525    0.3917948961    0.3964598417    0.4011059999
  0.4057350874    0.4103461504    0.4149420023    0.4195225477    0.4240888834
  0.4286409616    0.4331796408    0.4377058744    0.4422209978    0.4467243433
  0.4512171030    0.4556990385    0.4601724386    0.4646363497    0.4690909624
  0.4735373735    0.4779772043    0.4824094534    0.4868341684    0.4912537813
  0.4956673384    0.5000746965    0.5044778109    0.5088765383    0.5132712603
  0.5176627398    0.5220517397    0.5264371634    0.5308210611    0.5352037668
  0.5395849466    0.5439661264    0.5483474493    0.5527299643    0.5571141958
  0.5614992380    0.5658874273    0.5702795744    0.5746765375    0.5790768385
  0.5834826708    0.5878968000    0.5923156500    0.5967457533    0.6011830091
  0.6056296587    0.6100886583    0.6145611525    0.6190447092    0.6235444307
  0.6280585527    0.6325907946    0.6371423483    0.6417124510    0.6463049650
  0.6509203672    0.6555618525    0.6602275610    0.6649244547    0.6696522474
  0.6744106054    0.6792073965    0.6840404272    0.6889156580    0.6938327551
  0.6987960577    0.7038124323    0.7088786840    0.7140041113    0.7191913843
  0.7244434118    0.7297664404    0.7351653814    0.7406452417    0.7462113142
  0.7518673658    0.7576233149    0.7634795427    0.7694445848    0.7755187750
  0.7817093611    0.7880156279    0.7944390059    0.7999999762    0.8000000000
  0.8000000000    0.8000000000    0.8000000000    0.8000000000    0.8000000000
  0.8000000000    0.8000000000    0.8000000000    0.8000000000    0.8000000000
  0.8000000000    0.8000000000    0.8000000000    0.8000000000    0.8000000000
  0.8000000000    0.8000000000    0.8000000000    0.8000000000    0.8000000000
  0.8000000000    0.8000000000    0.8000000000    0.8000000000    0.8000000000
  0.8000000000    0.8000000000    0.8000000000    0.8000000000    0.8000000000
  0.8000000000    0.8000000000    0.8000000000    0.8000000000    0.8000000000
  0.0000000238    0.0111322641    0.0222077608    0.0331730127    0.0439803362
  0.0545899630    0.0649706125    0.0751006842    0.0849654913    0.0945582151
  0.1038781881    0.1129283667    0.1217153788    0.1302487612    0.1385390520
  0.1465981245    0.1544373751    0.1620698214    0.1695063353    0.1767592669
  0.1838396311    0.1907580614    0.1975239992    0.2041470289    0.2106366396
  0.2169998884    0.2232459307    0.2293804884    0.2354110003    0.2413442850
  0.2471855402    0.2529400110    0.2586132765    0.2642096758    0.2697339773
  0.2751899004    0.2805821180    0.2859131575    0.2911877394    0.2964078665
  0.3015772104    0.3066979647    0.3117727995    0.3168052435    0.3217964411
  0.3267490625    0.3316651106    0.3365464926    0.3413942575    0.3462111712
  0.3509987593    0.3557577848    0.3604907751    0.3651983023    0.3698815584
  0.3745415449    0.3791803122    0.3837983370    0.3883963346    0.3929762602
  0.3975377321    0.4020825148    0.4066117048    0.4111243486    0.4156235933
  0.4201078176    0.4245795488    0.4290381193    0.4334850073    0.4379204512
  0.4423447847    0.4467582941    0.4511621714    0.4555567026    0.4599424601
  0.4643196344    0.4686888456    0.4730501413    0.4774046659    0.4817518473
  0.4860932589    0.4904283762    0.4947586298    0.4990834951    0.5034033537
  0.5077195406    0.5120310068    0.5163399935    0.5206453562    0.5249483347
  0.5292496920    0.5335487127    0.5378469229    0.5421446562    0.5464414835
  0.5507394552    0.5550386190    0.5593386412    0.5636404753    0.5679463148
  0.5722540140    0.5765665770    0.5808839083    0.5852063894    0.5895355940
  0.5938700438    0.5982137918    0.6025669813    0.6069280863    0.6113001108
  0.6156842947    0.6200814009    0.6244910002    0.6289173365    0.6333578348
  0.6378161669    0.6422950983    0.6467920065    0.6513116598    0.6558535814
  0.6604220152    0.6650164843    0.6696398973    0.6742938757    0.6789826632
  0.6837047338    0.6884650946    0.6932650805    0.6981098413    0.7030002832
  0.7079384089    0.7129306555    0.7179790258    0.7230872869    0.7282603502
  0.7335036993    0.7388202906    0.7442146063    0.7496932268    0.7552623034
  0.7609242201    0.7666854143    0.7725509882    0.7785186529    0.7845975161
  0.7907868624    0.7970886946    0.7999999762    0.8000000000    0.8000000000
  0.8000000000    0.8000000000    0.8000000000    0.8000000000    0.8000000000
  0.8000000000    0.8000000000    0.8000000000    0.8000000000    0.8000000000
  0.8000000000    0.8000000000    0.8000000000    0.8000000000    0.8000000000
  0.8000000000    0.8000000000    0.8000000000    0.8000000000    0.8000000000
  0.8000000000    0.8000000000    0.8000000000    0.8000000000    0.8000000000
  0.8000000000    0.8000000000    0.8000000000    0.8000000000    0.8000000000
  0.0000000238    0.0106961012    0.0213427305    0.0318928957    0.0423042059
  0.0525414228    0.0625750303    0.0723847151    0.0819558382    0.0912801981
  0.1003556490    0.1091828108    0.1177673578    0.1261154890    0.1342358828
  0.1421389818    0.1498348475    0.1573338747    0.1646466494    0.1717836618
  0.1787548304    0.1855700731    0.1922384024    0.1987683058    0.2051687002
  0.2114460707    0.2176092386    0.2236634970    0.2296165228    0.2354737997
  0.2412402391    0.2469221354    0.2525235891    0.2580495119    0.2635044336
  0.2688926935    0.2742163897    0.2794804335    0.2846876383    0.2898417711
  0.2949452162    0.3000007868    0.3050104380    0.3099777937    0.3149039030
  0.3197914839    0.3246430635    0.3294593573    0.3342431784    0.3389961004
  0.3437191725    0.3484136820    0.3530821085    0.3577256441    0.3623438120
  0.3669403791    0.3715142012    0.3760678053    0.3806014776    0.3851166487
  0.3896139860    0.3940942049    0.3985579252    0.4030068636    0.4074409723
  0.4118608236    0.4162667990    0.4206604242    0.4250420809    0.4294121027
  0.4337708235    0.4381185293    0.4424570322    0.4467849493    0.4511046171
  0.4554161787    0.4597182035    0.4640123606    0.4682992220    0.4725794554
  0.4768529654    0.4811193705    0.4853805780    0.4896356821    0.4938855886
  0.4981306791    0.5023714304    0.5066086054    0.5108412504    0.5150705576
  0.5192978621    0.5235214949    0.5277423143    0.5319628000    0.5361813784
  0.5403986692    0.5446167707    0.5488339663    0.5530513048    0.5572702646
  0.5614904642    0.5657132864    0.5699387789    0.5741669893    0.5783987284
  0.5826357126    0.5868774176    0.5911254168    0.5953808546    0.5996426821
  0.6039131880    0.6081926107    0.6124821901    0.6167824984    0.6210942984
  0.6254204512    0.6297583818    0.6341128111    0.6384846449    0.6428725004
  0.6472806215    0.6517090082    0.6561575651    0.6606306314    0.6651279211
  0.6696545839    0.6742072344    0.6787914038    0.6834102869    0.6880623102
  0.6927528620    0.6974803686    0.7022521734    0.7070705175    0.7119369268
  0.7168548346    0.7218295813    0.7268635511    0.7319603205    0.7371238470
  0.7423615217    0.7476745844    0.7530669928    0.7585479498    0.7641216993
  0.7697875738    0.7755538225    0.7814224958    0.7873924971    0.7934676409
  0.7996491194    0.7999999762    0.8000000000    0.8000000000    0.8000000000
  0.8000000000    0.8000000000    0.8000000000    0.8000000000    0.8000000000
  0.8000000000    0.8000000000    0.8000000000    0.8000000000    0.8000000000
  0.8000000000    0.8000000000    0.8000000000    0.8000000000    0.8000000000
  0.8000000000    0.8000000000    0.8000000000    0.8000000000    0.8000000000
  0.8000000000    0.8000000000    0.8000000000    0.8000000000    0.8000000000
  0.0000000238    0.0102890253    0.0205347300    0.0306956530    0.0407346010
  0.0506190538    0.0603226423    0.0698258638    0.0791140795    0.0881785631
  0.0970156431    0.1056252718    0.1140101671    0.1221757650    0.1301289320
  0.1378772020    0.1454300165    0.1527967691    0.1599861860    0.1670076132
  0.1738700628    0.1805824518    0.1871536016    0.1935908556    0.1999018908
  0.2060945272    0.2121752977    0.2181504488    0.2240261316    0.2298080206
  0.2355015516    0.2411115408    0.2466430902    0.2521004438    0.2574867964
  0.2628074884    0.2680646658    0.2732635736    0.2784052610    0.2834946871
  0.2885334730    0.2935250521    0.2984713793    0.3033753157    0.3082380533
  0.3130633593    0.3178520441    0.3226052999    0.3273266554    0.3320170641
  0.3366774797    0.3413104296    0.3459161043    0.3504968405    0.3550537348
  0.3595868349    0.3640988111    0.3685899496    0.3730612040    0.3775138617
  0.3819487810    0.3863671541    0.3907685518    0.3951546431    0.3995254755
  0.4038826704    0.4082261324    0.4125573874    0.4168763399    0.4211827993
  0.4254791975    0.4297637224    0.4340393782    0.4383041620    0.4425600290
  0.4468070269    0.4510453939    0.4552762747    0.4594987631    0.4637140036
  0.4679230928    0.4721249819    0.4763198137    0.4805100679    0.4846936941
  0.4888726950    0.4930460215    0.4972150564    0.5013802767    0.5055410624
  0.5096982241    0.5138521433    0.5180031061    0.5221510172    0.5262970686
  0.5304410219    0.5345841169    0.5387251139    0.5428665876    0.5470063925
  0.5511469603    0.5552884340    0.5594305277    0.5635741472    0.5677202940
  0.5718694448    0.5760207891    0.5801763773    0.5843363047    0.5885008574
  0.5926720858    0.5968481779    0.6010328054    0.6052244425    0.6094257593
  0.6136353254    0.6178552866    0.6220868349    0.6263301134    0.6305865526
  0.6348585367    0.6391453981    0.6434478521    0.6477693796    0.6521096945
  0.6564703226    0.6608533144    0.6652593374    0.6696894884    0.6741485834
  0.6786342382    0.6831527948    0.6876998663    0.6922867060    0.6969058752
  0.7015674353    0.7062709570    0.7110183477    0.7158149481    0.7206627131
  0.7255637884    0.7305237532    0.7355465174    0.7406337500    0.7457916021
  0.7510273218    0.7563400507    0.7617352247    0.7672195673    0.7727951765
  0.7784651995    0.7842329741    0.7900971651    0.7960609198    0.7999999762
  0.8000000000    0.8000000000    0.8000000000    0.8000000000    0.8000000000
  0.8000000000    0.8000000000    0.8000000000    0.8000000000    0.8000000000
  0.8000000000    0.8000000000    0.8000000000    0.8000000000    0.8000000000
  0.8000000000    0.8000000000    0.8000000000    0.8000000000    0.8000000000
  0.8000000000    0.8000000000    0.8000000000    0.8000000000    0.8000000000
  0.0000000238    0.0099083662    0.0197785616    0.0295743704    0.0392621279
  0.0488128901    0.0582029104    0.0674126387    0.0764289141    0.0852423906
  0.0938480616    0.1022451162    0.1104345083    0.1184199095    0.1262074232
  0.1338029623    0.1412138700    0.1484487295    0.1555150270    0.1624215841
  0.1691758871    0.1757865191    0.1822600126    0.1886051893    0.1948286772
  0.2009366274    0.2069358110    0.2128319979    0.2186316252    0.2243390322
  0.2299604177    0.2354999781    0.2409619570    0.2463510275    0.2516708612
  0.2569249392    0.2621175528    0.2672516584    0.2723299265    0.2773560286
  0.2823322535    0.2872612238    0.2921455145    0.2969874620    0.3017892599
  0.3065529585    0.3112799406    0.3159736872    0.3206337214    0.3252631903
  0.3298631430    0.3344354868    0.3389809847    0.3435008764    0.3479968309
  0.3524705172    0.3569212198    0.3613521814    0.3657631636    0.3701555014
  0.3745299578    0.3788872957    0.3832281828    0.3875532389    0.3918640852
  0.3961607695    0.4004442930    0.4047140360    0.4089720964    0.4132187605
  0.4174534082    0.4216779470    0.4258920908    0.4300956011    0.4342908621
  0.4384764910    0.4426542044    0.4468231916    0.4509840727    0.4551385164
  0.4592850924    0.4634249449    0.4675575018    0.4716849566    0.4758072138
  0.4799218893    0.4840323687    0.4881376505    0.4922386885    0.4963349104
  0.5004266977    0.5045144796    0.5085995913    0.5126799822    0.5167592764
  0.5208345175    0.5249078989    0.5289796114    0.5330495596    0.5371183634
  0.5411862612    0.5452534914    0.5493197203    0.5533869982    0.5574549437
  0.5615237474    0.5655943155    0.5696672678    0.5737425566    0.5778210878
  0.5819025278    0.5859884977    0.5900802851    0.5941756487    0.5982778788
  0.6023864508    0.6065032244    0.6106276274    0.6147618532    0.6189056635
  0.6230595350    0.6272251368    0.6314020872    0.6355942965    0.6398000479
  0.6440208197    0.6482605696    0.6525159597    0.6567913294    0.6610872507
  0.6654044867    0.6697468042    0.6741139174    0.6785065889    0.6829272032
  0.6873798132    0.6918640375    0.6963824987    0.7009383917    0.7055336237
  0.7101692438    0.7148494959    0.7195770502    0.7243561029    0.7291862249
  0.7340752363    0.7390250921    0.7440399885    0.7491226435    0.7542769670
  0.7595092535    0.7648238897    0.7702228785    0.7757094622    0.7812850714
  0.7869555712    0.7927178144    0.7985749483    0.7999999762    0.8000000000
  0.8000000000    0.8000000000    0.8000000000    0.8000000000    0.8000000000
  0.8000000000    0.8000000000    0.8000000000    0.8000000000    0.8000000000
  0.8000000000    0.8000000000    0.8000000000    0.8000000000    0.8000000000
  0.8000000000    0.8000000000    0.8000000000    0.8000000000    0.8000000000
  0.0000000238    0.0095517874    0.0190699339    0.0285223246    0.0378790617
  0.0471140623    0.0562051058    0.0651349306    0.0738896608    0.0824602842
  0.0908416986    0.0990314722    0.1070295095    0.1148383856    0.1224622011
  0.1299063921    0.1371773958    0.1442816019    0.1512258291    0.1580178976
  0.1646643400    0.1711729765    0.1775506735    0.1838039637    0.1899390459
  0.1959631205    0.2018815279    0.2077002287    0.2134236097    0.2190580130
  0.2246077299    0.2300777674    0.2354712248    0.2407930136    0.2460473776
  0.2512370348    0.2563655615    0.2614364862    0.2664523363    0.2714167356
  0.2763313055    0.2811992407    0.2860230684    0.2908050299    0.2955467939
  0.3002509356    0.3049187899    0.3095521212    0.3141532660    0.3187242746
  0.3232650042    0.3277779341    0.3322649717    0.3367262125    0.3411633253
  0.3455779791    0.3499706507    0.3543428183    0.3586953878    0.3630286455
  0.3673444510    0.3716429949    0.3759255171    0.3801926374    0.3844444036
  0.3886824369    0.3929067850    0.3971178293    0.4013176680    0.4055045843
  0.4096810579    0.4138463736    0.4180019140    0.4221474409    0.4262832403
  0.4304099798    0.4345284700    0.4386383772    0.4427403688    0.4468351126
  0.4509222269    0.4550027609    0.4590759039    0.4631431341    0.4672050714
  0.4712607145    0.4753105402    0.4793551207    0.4833938360    0.4874292612
  0.4914602518    0.4954862356    0.4995086908    0.5035264730    0.5075419188
  0.5115534544    0.5155623674    0.5195694685    0.5235727072    0.5275747061
  0.5315752268    0.5355741262    0.5395715952    0.5435683489    0.5475645781
  0.5515609026    0.5555588484    0.5595563173    0.5635543108    0.5675543070
  0.5715576887    0.5755614042    0.5795690775    0.5835802317    0.5875961542
  0.5916151285    0.5956400156    0.5996699572    0.6037072897    0.6077519178
  0.6118032217    0.6158638716    0.6199324369    0.6240122557    0.6281029940
  0.6322043180    0.6363201857    0.6404485464    0.6445916414    0.6487501383
  0.6529260397    0.6571202517    0.6613335848    0.6655674219    0.6698228121
  0.6741020918    0.6784054041    0.6827366114    0.6870952845    0.6914832830
  0.6959041357    0.7003600836    0.7048515081    0.7093810797    0.7139538050
  0.7185672522    0.7232296228    0.7279399633    0.7327046156    0.7375232935
  0.7424021959    0.7473442793    0.7523528337    0.7574341536    0.7625885248
  0.7678222895    0.7731369257    0.7785342932    0.7840203524    0.7895941973
  0.7952574492    0.7999999762    0.8000000000    0.8000000000    0.8000000000
  0.8000000000    0.8000000000    0.8000000000    0.8000000000    0.8000000000
  0.8000000000    0.8000000000    0.8000000000    0.8000000000    0.8000000000
  0.8000000000    0.8000000000    0.8000000000    0.8000000000    0.8000000000
  0.0000000238    0.0092172384    0.0184047461    0.0275338411    0.0365781069
  0.0455137968    0.0543208838    0.0629827738    0.0714866877    0.0798231840
  0.0879869699    0.0959746122    0.1037857294    0.1114211798    0.1188845873
  0.1261796236    0.1333116293    0.1402861834    0.1471091509    0.1537878275
  0.1603274584    0.1667344809    0.1730162382    0.1791786432    0.1852267504
  0.1911668539    0.1970054865    0.2027459860    0.2083953142    0.2139571905
  0.2194362879    0.2248368502    0.2301634073    0.2354191065    0.2406085730
  0.2457343340    0.2508005857    0.2558088541    0.2607640028    0.2656672716
  0.2705224752    0.2753305197    0.2800955534    0.2848181009    0.2895020247
  0.2941476107    0.2987573385    0.3033329248    0.3078767061    0.3123901606
  0.3168730497    0.3213290930    0.3257584333    0.3301628351    0.3345429659
  0.3389003515    0.3432366610    0.3475510836    0.3518462896    0.3561230898
  0.3603821993    0.3646239042    0.3688493490    0.3730592489    0.3772536516
  0.3814347506    0.3856025457    0.3897569418    0.3938995123    0.3980301142
  0.4021491289    0.4062575102    0.4103560686    0.4144446135    0.4185233831
  0.4225931406    0.4266547441    0.4307077646    0.4347524881    0.4387900114
  0.4428200006    0.4468431234    0.4508589506    0.4548696280    0.4588731527
  0.4628706217    0.4668630838    0.4708494902    0.4748314142    0.4788078547
  0.4827797174    0.4867470026    0.4907091379    0.4946680784    0.4986241579
  0.5025748968    0.5065230608    0.5104685545    0.5144112349    0.5183504343
  0.5222879648    0.5262235880    0.5301566839    0.5340883970    0.5380190611
  0.5419489145    0.5458780527    0.5498068094    0.5537352800    0.5576650381
  0.5615948915    0.5655253649    0.5694579363    0.5733927011    0.5773301363
  0.5812698603    0.5852128267    0.5891585588    0.5931104898    0.5970672846
  0.6010276079    0.6049955606    0.6089697599    0.6129521608    0.6169412851
  0.6209398508    0.6249479532    0.6289653063    0.6329960108    0.6370373011
  0.6410896063    0.6451582670    0.6492424250    0.6533396006    0.6574552774
  0.6615892172    0.6657428980    0.6699158907    0.6741100073    0.6783293486
  0.6825729132    0.6868438959    0.6911407232    0.6954698801    0.6998302698
  0.7042241335    0.7086532831    0.7131206274    0.7176292658    0.7221806288
  0.7267776728    0.7314227819    0.7361201525    0.7408725977    0.7456833124
  0.7505546808    0.7554915667    0.7604984522    0.7655757189    0.7707294226
  0.7759629011    0.7812766314    0.7866729498    0.7921545744    0.7977187395
  0.7999999762    0.8000000000    0.8000000000    0.8000000000    0.8000000000
  0.8000000000    0.8000000000    0.8000000000    0.8000000000    0.8000000000
  0.8000000000    0.8000000000    0.8000000000    0.8000000000    0.8000000000
  0.0000000238    0.0089028120    0.0177792311    0.0266038179    0.0353528261
  0.0440049410    0.0525413752    0.0609474897    0.0692103624    0.0773216009
  0.0852745295    0.0930659056    0.1006943941    0.1081602335    0.1154658556
  0.1226139307    0.1296089888    0.1364551783    0.1431584120    0.1497235537
  0.1561570406    0.1624636889    0.1686500788    0.1747215986    0.1806833506
  0.1865411043    0.1922993898    0.1979634047    0.2035386324    0.2090286493
  0.2144377470    0.2197700262    0.2250303507    0.2302212000    0.2353463888
  0.2404095888    0.2454136133    0.2503617048    0.2552562952    0.2601002455
  0.2648962259    0.2696467638    0.2743530989    0.2790185690    0.2836447001
  0.2882340670    0.2927873850    0.2973069429    0.3017938375    0.3062507391
  0.3106786013    0.3150787115    0.3194518805    0.3238009691    0.3281260252
  0.3324280977    0.3367082357    0.3409673452    0.3452075243    0.3494284391
  0.3536320448    0.3578184366    0.3619889975    0.3661431551    0.3702827215
  0.3744087934    0.3785207510    0.3826202631    0.3867072344    0.3907820940
  0.3948463202    0.3988997221    0.4029427290    0.4069761038    0.4109991312
  0.4150146723    0.4190198660    0.4230180979    0.4270074606    0.4309896231
  0.4349648714    0.4389322042    0.4428933859    0.4468474150    0.4507959604
  0.4547380209    0.4586747408    0.4626061201    0.4665312052    0.4704519510
  0.4743674040    0.4782785654    0.4821853876    0.4860872984    0.4899857283
  0.4938796282    0.4977709055    0.5016584635    0.5055422068    0.5094239473
  0.5133016348    0.5171775103    0.5210509062    0.5249222040    0.5287916422
  0.5326590300    0.5365251303    0.5403906584    0.5442548990    0.5481185198
  0.5519826651    0.5558461428    0.5597104788    0.5635758162    0.5674409628
  0.5713087320    0.5751769781    0.5790497541    0.5829240084    0.5868020296
  0.5906824827    0.5945683718    0.5984575510    0.6023534060    0.6062536478
  0.6101607561    0.6140762568    0.6179974794    0.6219270945    0.6258661509
  0.6298147917    0.6337746382    0.6377450228    0.6417275667    0.6457234144
  0.6497320890    0.6537565947    0.6577970743    0.6618541002    0.6659300089
  0.6700240850    0.6741410494    0.6782771349    0.6824383020    0.6866245985
  0.6908359766    0.6950748682    0.6993427038    0.7036453485    0.7079792261
  0.7123481512    0.7167553186    0.7212005377    0.7256911993    0.7302265406
  0.7348067522    0.7394393206    0.7441265345    0.7488692522    0.7536743879
  0.7585407495    0.7634747267    0.7684784174    0.7735556841    0.7787078619
  0.7839386702    0.7892489672    0.7946372747    0.7999999762    0.8000000000
  0.8000000000    0.8000000000    0.8000000000    0.8000000000    0.8000000000
  0.8000000000    0.8000000000    0.8000000000    0.8000000000    0.8000000000
