  0.0000000000    0.0036000000
  0.0000500000    0.0006000000    299    19
  0.0000000209    0.1799183995    0.2354017287    0.2690704733    0.2936696678
  0.3132764250    0.3297204345    0.3439801902    0.3566423208    0.3680878013
  0.3785747737    0.3882886559    0.3973683447    0.4059176058    0.4140187591
  0.4217357665    0.4291223675    0.4362207025    0.4430682808    0.4496931821
  0.4561238199    0.4623810560    0.4684839576    0.4744506329    0.4802950174
  0.4860309213    0.4916701943    0.4972238928    0.5027010292    0.5081116170
  0.5134629577    0.5187635213    0.5240207762    0.5292405218    0.5344295591
  0.5395946890    0.5447409183    0.5498742551    0.5550012499    0.5601263672
  0.5652554482    0.5703937501    0.5755479485    0.5807227165    0.5859246463
  0.5911582440    0.5964313954    0.6017493993    0.6071208924    0.6125518829
  0.6180516750    0.6236269444    0.6292901248    0.6350487679    0.6409169763
  0.6469064325    0.6530320734    0.6593105882    0.6657615036    0.6724078923
  0.6792767912    0.6864002019    0.6938165516    0.6999999791    0.7000000000
  0.7000000000    0.7000000000    0.7000000000    0.7000000000    0.7000000000
  0.7000000000    0.7000000000    0.7000000000    0.7000000000    0.7000000000
  0.7000000000    0.7000000000    0.7000000000    0.7000000000    0.7000000000
  0.7000000000    0.7000000000    0.7000000000    0.7000000000    0.7000000000
  0.7000000000    0.7000000000    0.7000000000    0.7000000000    0.7000000000
  0.7000000000    0.7000000000    0.7000000000    0.7000000000    0.7000000000
  0.7000000000    0.7000000000    0.7000000000    0.7000000000    0.7000000000
  0.7000000000    0.7000000000    0.7000000000    0.7000000000    0.7000000000
  0.7000000000    0.7000000000    0.7000000000    0.7000000000    0.7000000000
  0.7000000000    0.7000000000    0.7000000000    0.7000000000    0.7000000000
  0.7000000000    0.7000000000    0.7000000000    0.7000000000    0.7000000000
  0.7000000000    0.7000000000    0.7000000000    0.7000000000    0.7000000000
  0.7000000000    0.7000000000    0.7000000000    0.7000000000    0.7000000000
  0.7000000000    0.7000000000    0.7000000000    0.7000000000    0.7000000000
  0.7000000000    0.7000000000    0.7000000000    0.7000000000    0.7000000000
  0.7000000000    0.7000000000    0.7000000000    0.7000000000    0.7000000000
  0.7000000000    0.7000000000    0.7000000000    0.7000000000    0.7000000000
  0.7000000000    0.7000000000    0.7000000000    0.7000000000    0.7000000000
  0.7000000000    0.7000000000    0.7000000000    0.7000000000    0.7000000000
  0.7000000000    0.7000000000    0.7000000000    0.7000000000    0.7000000000
  0.7000000000    0.7000000000    0.7000000000    0.7000000000    0.7000000000
  0.7000000000    0.7000000000    0.7000000000    0.7000000000    0.7000000000
  0.7000000000    0.7000000000    0.7000000000    0.7000000000    0.7000000000
  0.7000000000    0.7000000000    0.7000000000    0.7000000000    0.7000000000
  0.7000000000    0.7000000000    0.7000000000    0.7000000000    0.7000000000
  0.7000000000    0.7000000000    0.7000000000    0.7000000000    0.7000000000
  0.7000000000    0.7000000000    0.7000000000    0.7000000000    0.7000000000
  0.7000000000    0.7000000000    0.7000000000    0.7000000000    0.7000000000
  0.7000000000    0.7000000000    0.7000000000    0.7000000000    0.7000000000
  0.7000000000    0.7000000000    0.7000000000    0.7000000000    0.7000000000
  0.7000000000    0.7000000000    0.7000000000    0.7000000000    0.7000000000
  0.7000000000    0.7000000000    0.7000000000    0.7000000000    0.7000000000
  0.7000000000    0.7000000000    0.7000000000    0.7000000000    0.7000000000
  0.7000000000    0.7000000000    0.7000000000    0.7000000000    0.7000000000
  0.7000000000    0.7000000000    0.7000000000    0.7000000000    0.7000000000
  0.7000000000    0.7000000000    0.7000000000    0.7000000000    0.7000000000
  0.7000000000    0.7000000000    0.7000000000    0.7000000000    0.7000000000
  0.7000000000    0.7000000000    0.7000000000    0.7000000000    0.7000000000
  0.7000000000    0.7000000000    0.7000000000    0.7000000000    0.7000000000
  0.7000000000    0.7000000000    0.7000000000    0.7000000000    0.7000000000
  0.7000000000    0.7000000000    0.7000000000    0.7000000000    0.7000000000
  0.7000000000    0.7000000000    0.7000000000    0.7000000000    0.7000000000
  0.7000000000    0.7000000000    0.7000000000    0.7000000000    0.7000000000
  0.7000000000    0.7000000000    0.7000000000    0.7000000000    0.7000000000
  0.7000000000    0.7000000000    0.7000000000    0.7000000000    0.7000000000
  0.7000000000    0.7000000000    0.7000000000    0.7000000000    0.7000000000
  0.7000000000    0.7000000000    0.7000000000    0.7000000000    0.7000000000
  0.0000000209    0.1521146506    0.2081157655    0.2422922820    0.2672325641
  0.2870620400    0.3036457807    0.3179855615    0.3306818217    0.3421234220
  0.3525760978    0.3622301906    0.3712265998    0.3796731383    0.3876521677
  0.3952311963    0.4024637967    0.4093934029    0.4160576075    0.4224859089
  0.4287054271    0.4347383589    0.4406048983    0.4463206917    0.4519007593
  0.4573595375    0.4627077907    0.4679560333    0.4731143206    0.4781901211
  0.4831922382    0.4881271392    0.4930022925    0.4978224546    0.5025950521
  0.5073239654    0.5120142013    0.5166714758    0.5212991685    0.5259022444
  0.5304839998    0.5350495249    0.5396025747    0.5441452354    0.5486833483
  0.5532190830    0.5577564448    0.5622987717    0.5668500274    0.5714138001
  0.5759937197    0.5805929154    0.5852162272    0.5898678273    0.5945516795
  0.5992707044    0.6040317029    0.6088372618    0.6136950582    0.6186081380
  0.6235842198    0.6286284775    0.6337502152    0.6389540642    0.6442499131
  0.6496476501    0.6551579982    0.6607907206    0.6665625066    0.6724871248
  0.6785829753    0.6848674566    0.6913723201    0.6981174260    0.6999999791
  0.7000000000    0.7000000000    0.7000000000    0.7000000000    0.7000000000
  0.7000000000    0.7000000000    0.7000000000    0.7000000000    0.7000000000
  0.7000000000    0.7000000000    0.7000000000    0.7000000000    0.7000000000
  0.7000000000    0.7000000000    0.7000000000    0.7000000000    0.7000000000
  0.7000000000    0.7000000000    0.7000000000    0.7000000000    0.7000000000
  0.7000000000    0.7000000000    0.7000000000    0.7000000000    0.7000000000
  0.7000000000    0.7000000000    0.7000000000    0.7000000000    0.7000000000
  0.7000000000    0.7000000000    0.7000000000    0.7000000000    0.7000000000
  0.7000000000    0.7000000000    0.7000000000    0.7000000000    0.7000000000
  0.7000000000    0.7000000000    0.7000000000    0.7000000000    0.7000000000
  0.7000000000    0.7000000000    0.7000000000    0.7000000000    0.7000000000
  0.7000000000    0.7000000000    0.7000000000    0.7000000000    0.7000000000
  0.7000000000    0.7000000000    0.7000000000    0.7000000000    0.7000000000
  0.7000000000    0.7000000000    0.7000000000    0.7000000000    0.7000000000
  0.7000000000    0.7000000000    0.7000000000    0.7000000000    0.7000000000
  0.7000000000    0.7000000000    0.7000000000    0.7000000000    0.7000000000
  0.7000000000    0.7000000000    0.7000000000    0.7000000000    0.7000000000
  0.7000000000    0.7000000000    0.7000000000    0.7000000000    0.7000000000
  0.7000000000    0.7000000000    0.7000000000    0.7000000000    0.7000000000
  0.7000000000    0.7000000000    0.7000000000    0.7000000000    0.7000000000
  0.7000000000    0.7000000000    0.7000000000    0.7000000000    0.7000000000
  0.7000000000    0.7000000000    0.7000000000    0.7000000000    0.7000000000
  0.7000000000    0.7000000000    0.7000000000    0.7000000000    0.7000000000
  0.7000000000    0.7000000000    0.7000000000    0.7000000000    0.7000000000
  0.7000000000    0.7000000000    0.7000000000    0.7000000000    0.7000000000
  0.7000000000    0.7000000000    0.7000000000    0.7000000000    0.7000000000
  0.7000000000    0.7000000000    0.7000000000    0.7000000000    0.7000000000
  0.7000000000    0.7000000000    0.7000000000    0.7000000000    0.7000000000
  0.7000000000    0.7000000000    0.7000000000    0.7000000000    0.7000000000
  0.7000000000    0.7000000000    0.7000000000    0.7000000000    0.7000000000
  0.7000000000    0.7000000000    0.7000000000    0.7000000000    0.7000000000
  0.7000000000    0.7000000000    0.7000000000    0.7000000000    0.7000000000
  0.7000000000    0.7000000000    0.7000000000    0.7000000000    0.7000000000
  0.7000000000    0.7000000000    0.7000000000    0.7000000000    0.7000000000
  0.7000000000    0.7000000000    0.7000000000    0.7000000000    0.7000000000
  0.7000000000    0.7000000000    0.7000000000    0.7000000000    0.7000000000
  0.7000000000    0.7000000000    0.7000000000    0.7000000000    0.7000000000
  0.7000000000    0.7000000000    0.7000000000    0.7000000000    0.7000000000
  0.7000000000    0.7000000000    0.7000000000    0.7000000000    0.7000000000
  0.7000000000    0.7000000000    0.7000000000    0.7000000000    0.7000000000
  0.7000000000    0.7000000000    0.7000000000    0.7000000000    0.7000000000
  0.7000000000    0.7000000000    0.7000000000    0.7000000000    0.7000000000
  0.7000000000    0.7000000000    0.7000000000    0.7000000000    0.7000000000
  0.7000000000    0.7000000000    0.7000000000    0.7000000000    0.7000000000
  0.7000000000    0.7000000000    0.7000000000    0.7000000000    0.7000000000
  0.0000000209    0.1282786161    0.1840653569    0.2185708195    0.2437863499
  0.2638167650    0.2805405289    0.2949726015    0.3077237695    0.3191905707
  0.3296434134    0.3392762274    0.3482335836    0.3566245466    0.3645338982
  0.3720296055    0.3791671187    0.3859903306    0.3925371677    0.3988385469
  0.4049215883    0.4108086556    0.4165187746    0.4220702618    0.4274775118
  0.4327542514    0.4379111201    0.4429595500    0.4479088038    0.4527667671
  0.4575414091    0.4622401148    0.4668685168    0.4714332908    0.4759395689
  0.4803920239    0.4847954959    0.4891539484    0.4934720963    0.4977537364
  0.5020015806    0.5062199265    0.5104110271    0.5145793051    0.5187275559
  0.5228569478    0.5269724458    0.5310758024    0.5351692706    0.5392558545
  0.5433374733    0.5474184245    0.5514984578    0.5555820376    0.5596711248
  0.5637671798    0.5678747922    0.5719955474    0.5761306554    0.5802848309
  0.5844598264    0.5886583954    0.5928835005    0.5971385211    0.6014262110
  0.6057496578    0.6101127416    0.6145214289    0.6189752609    0.6234817058
  0.6280430585    0.6326672465    0.6373566061    0.6421202749    0.6469615489
  0.6518876463    0.6569096237    0.6620311528    0.6672662526    0.6726253957
  0.6781191379    0.6837628752    0.6895724207    0.6955682188    0.6999999791
  0.7000000000    0.7000000000    0.7000000000    0.7000000000    0.7000000000
  0.7000000000    0.7000000000    0.7000000000    0.7000000000    0.7000000000
  0.7000000000    0.7000000000    0.7000000000    0.7000000000    0.7000000000
  0.7000000000    0.7000000000    0.7000000000    0.7000000000    0.7000000000
  0.7000000000    0.7000000000    0.7000000000    0.7000000000    0.7000000000
  0.7000000000    0.7000000000    0.7000000000    0.7000000000    0.7000000000
  0.7000000000    0.7000000000    0.7000000000    0.7000000000    0.7000000000
  0.7000000000    0.7000000000    0.7000000000    0.7000000000    0.7000000000
  0.7000000000    0.7000000000    0.7000000000    0.7000000000    0.7000000000
  0.7000000000    0.7000000000    0.7000000000    0.7000000000    0.7000000000
  0.7000000000    0.7000000000    0.7000000000    0.7000000000    0.7000000000
  0.7000000000    0.7000000000    0.7000000000    0.7000000000    0.7000000000
  0.7000000000    0.7000000000    0.7000000000    0.7000000000    0.7000000000
  0.7000000000    0.7000000000    0.7000000000    0.7000000000    0.7000000000
  0.7000000000    0.7000000000    0.7000000000    0.7000000000    0.7000000000
  0.7000000000    0.7000000000    0.7000000000    0.7000000000    0.7000000000
  0.7000000000    0.7000000000    0.7000000000    0.7000000000    0.7000000000
  0.7000000000    0.7000000000    0.7000000000    0.7000000000    0.7000000000
  0.7000000000    0.7000000000    0.7000000000    0.7000000000    0.7000000000
  0.7000000000    0.7000000000    0.7000000000    0.7000000000    0.7000000000
  0.7000000000    0.7000000000    0.7000000000    0.7000000000    0.7000000000
  0.7000000000    0.7000000000    0.7000000000    0.7000000000    0.7000000000
  0.7000000000    0.7000000000    0.7000000000    0.7000000000    0.7000000000
  0.7000000000    0.7000000000    0.7000000000    0.7000000000    0.7000000000
  0.7000000000    0.7000000000    0.7000000000    0.7000000000    0.7000000000
  0.7000000000    0.7000000000    0.7000000000    0.7000000000    0.7000000000
  0.7000000000    0.7000000000    0.7000000000    0.7000000000    0.7000000000
  0.7000000000    0.7000000000    0.7000000000    0.7000000000    0.7000000000
  0.7000000000    0.7000000000    0.7000000000    0.7000000000    0.7000000000
  0.7000000000    0.7000000000    0.7000000000    0.7000000000    0.7000000000
  0.7000000000    0.7000000000    0.7000000000    0.7000000000    0.7000000000
  0.7000000000    0.7000000000    0.7000000000    0.7000000000    0.7000000000
  0.7000000000    0.7000000000    0.7000000000    0.7000000000    0.7000000000
  0.7000000000    0.7000000000    0.7000000000    0.7000000000    0.7000000000
  0.7000000000    0.7000000000    0.7000000000    0.7000000000    0.7000000000
  0.7000000000    0.7000000000    0.7000000000    0.7000000000    0.7000000000
  0.7000000000    0.7000000000    0.7000000000    0.7000000000    0.7000000000
  0.7000000000    0.7000000000    0.7000000000    0.7000000000    0.7000000000
  0.7000000000    0.7000000000    0.7000000000    0.7000000000    0.7000000000
  0.7000000000    0.7000000000    0.7000000000    0.7000000000    0.7000000000
  0.7000000000    0.7000000000    0.7000000000    0.7000000000    0.7000000000
  0.7000000000    0.7000000000    0.7000000000    0.7000000000    0.7000000000
  0.7000000000    0.7000000000    0.7000000000    0.7000000000    0.7000000000
  0.0000000209    0.1080155104    0.1627234966    0.1973273426    0.2227302939
  0.2429222614    0.2597699016    0.2742932230    0.2871063501    0.2986108273
  0.3090817779    0.3187155098    0.3276584715    0.3360217303    0.3438916951
  0.3513375431    0.3584153086    0.3651696771    0.3716394097    0.3778560072
  0.3838460892    0.3896330208    0.3952374965    0.4006752878    0.4059629172
  0.4111127347    0.4161373407    0.4210467905    0.4258511811    0.4305580229
  0.4351750344    0.4397098511    0.4441682309    0.4485565990    0.4528797120
  0.4571424514    0.4613498658    0.4655050844    0.4696129471    0.4736770421
  0.4777001649    0.4816858619    0.4856370538    0.4895569116    0.4934478968
  0.4973123878    0.5011530548    0.5049719840    0.5087720960    0.5125546843
  0.5163224608    0.5200765520    0.5238204211    0.5275549442    0.5312819570
  0.5350032538    0.5387213796    0.5424369603    0.5461534590    0.5498717517
  0.5535927981    0.5573193103    0.5610533744    0.5647957832    0.5685489982
  0.5723149806    0.5760951906    0.5798919231    0.5837064296    0.5875422567
  0.5914001137    0.5952833802    0.5991921812    0.6031314403    0.6071033686
  0.6111088008    0.6151514918    0.6192350715    0.6233622938    0.6275365382
  0.6317602664    0.6360388190    0.6403764099    0.6447775871    0.6492463142
  0.6537875563    0.6584093243    0.6631162077    0.6679164261    0.6728186995
  0.6778326243    0.6829640836    0.6882292241    0.6936411470    0.6992117435
  0.6999999791    0.7000000000    0.7000000000    0.7000000000    0.7000000000
  0.7000000000    0.7000000000    0.7000000000    0.7000000000    0.7000000000
  0.7000000000    0.7000000000    0.7000000000    0.7000000000    0.7000000000
  0.7000000000    0.7000000000    0.7000000000    0.7000000000    0.7000000000
  0.7000000000    0.7000000000    0.7000000000    0.7000000000    0.7000000000
  0.7000000000    0.7000000000    0.7000000000    0.7000000000    0.7000000000
  0.7000000000    0.7000000000    0.7000000000    0.7000000000    0.7000000000
  0.7000000000    0.7000000000    0.7000000000    0.7000000000    0.7000000000
  0.7000000000    0.7000000000    0.7000000000    0.7000000000    0.7000000000
  0.7000000000    0.7000000000    0.7000000000    0.7000000000    0.7000000000
  0.7000000000    0.7000000000    0.7000000000    0.7000000000    0.7000000000
  0.7000000000    0.7000000000    0.7000000000    0.7000000000    0.7000000000
  0.7000000000    0.7000000000    0.7000000000    0.7000000000    0.7000000000
  0.7000000000    0.7000000000    0.7000000000    0.7000000000    0.7000000000
  0.7000000000    0.7000000000    0.7000000000    0.7000000000    0.7000000000
  0.7000000000    0.7000000000    0.7000000000    0.7000000000    0.7000000000
  0.7000000000    0.7000000000    0.7000000000    0.7000000000    0.7000000000
  0.7000000000    0.7000000000    0.7000000000    0.7000000000    0.7000000000
  0.7000000000    0.7000000000    0.7000000000    0.7000000000    0.7000000000
  0.7000000000    0.7000000000    0.7000000000    0.7000000000    0.7000000000
  0.7000000000    0.7000000000    0.7000000000    0.7000000000    0.7000000000
  0.7000000000    0.7000000000    0.7000000000    0.7000000000    0.7000000000
  0.7000000000    0.7000000000    0.7000000000    0.7000000000    0.7000000000
  0.7000000000    0.7000000000    0.7000000000    0.7000000000    0.7000000000
  0.7000000000    0.7000000000    0.7000000000    0.7000000000    0.7000000000
  0.7000000000    0.7000000000    0.7000000000    0.7000000000    0.7000000000
  0.7000000000    0.7000000000    0.7000000000    0.7000000000    0.7000000000
  0.7000000000    0.7000000000    0.7000000000    0.7000000000    0.7000000000
  0.7000000000    0.7000000000    0.7000000000    0.7000000000    0.7000000000
  0.7000000000    0.7000000000    0.7000000000    0.7000000000    0.7000000000
  0.7000000000    0.7000000000    0.7000000000    0.7000000000    0.7000000000
  0.7000000000    0.7000000000    0.7000000000    0.7000000000    0.7000000000
  0.7000000000    0.7000000000    0.7000000000    0.7000000000    0.7000000000
  0.7000000000    0.7000000000    0.7000000000    0.7000000000    0.7000000000
  0.7000000000    0.7000000000    0.7000000000    0.7000000000    0.7000000000
  0.7000000000    0.7000000000    0.7000000000    0.7000000000    0.7000000000
  0.7000000000    0.7000000000    0.7000000000    0.7000000000    0.7000000000
  0.7000000000    0.7000000000    0.7000000000    0.7000000000    0.7000000000
  0.7000000000    0.7000000000    0.7000000000    0.7000000000    0.7000000000
  0.7000000000    0.7000000000    0.7000000000    0.7000000000    0.7000000000
  0.7000000000    0.7000000000    0.7000000000    0.7000000000    0.7000000000
  0.0000000209    0.0910174161    0.1437596112    0.1781816274    0.2036579281
  0.2239571661    0.2409031481    0.2555049092    0.2683774918    0.2799232334
  0.2904196352    0.3000657171    0.3090085536    0.3173606724    0.3252096921
  0.3326265007    0.3396667570    0.3463765651    0.3527940601    0.3589524955
  0.3648789912    0.3705961198    0.3761244088    0.3814822584    0.3866836041
  0.3917433411    0.3966720670    0.4014811724    0.4061804205    0.4107775301
  0.4152803868    0.4196967512    0.4240320474    0.4282927841    0.4324834257
  0.4366094798    0.4406745762    0.4446840137    0.4486407131    0.4525483876
  0.4564110011    0.4602312237    0.4640115172    0.4677551776    0.4714643747
  0.4751421124    0.4787901014    0.4824111372    0.4860061795    0.4895782739
  0.4931287557    0.4966603369    0.5001736850    0.5036703438    0.5071538597
  0.5106231064    0.5140813798    0.5175295562    0.5209692627    0.5244021267
  0.5278293163    0.5312517911    0.5346710533    0.5380889803    0.5415069491
  0.5449257940    0.5483472675    0.5517716199    0.5552014798    0.5586383492
  0.5620815605    0.5655343682    0.5689978153    0.5724729031    0.5759604245
  0.5794631749    0.5829828233    0.5865201205    0.5900748998    0.5936532527
  0.5972526342    0.6008776337    0.6045283347    0.6082069486    0.6119161040
  0.6156582206    0.6194358438    0.6232490987    0.6271029085    0.6309985667
  0.6349411637    0.6389300734    0.6429706365    0.6470687360    0.6512259156
  0.6554453880    0.6597329527    0.6640954107    0.6685345560    0.6730599850
  0.6776769131    0.6823938519    0.6872174770    0.6921581775    0.6972286373
  0.6999999791    0.7000000000    0.7000000000    0.7000000000    0.7000000000
  0.7000000000    0.7000000000    0.7000000000    0.7000000000    0.7000000000
  0.7000000000    0.7000000000    0.7000000000    0.7000000000    0.7000000000
  0.7000000000    0.7000000000    0.7000000000    0.7000000000    0.7000000000
  0.7000000000    0.7000000000    0.7000000000    0.7000000000    0.7000000000
  0.7000000000    0.7000000000    0.7000000000    0.7000000000    0.7000000000
  0.7000000000    0.7000000000    0.7000000000    0.7000000000    0.7000000000
  0.7000000000    0.7000000000    0.7000000000    0.7000000000    0.7000000000
  0.7000000000    0.7000000000    0.7000000000    0.7000000000    0.7000000000
  0.7000000000    0.7000000000    0.7000000000    0.7000000000    0.7000000000
  0.7000000000    0.7000000000    0.7000000000    0.7000000000    0.7000000000
  0.7000000000    0.7000000000    0.7000000000    0.7000000000    0.7000000000
  0.7000000000    0.7000000000    0.7000000000    0.7000000000    0.7000000000
  0.7000000000    0.7000000000    0.7000000000    0.7000000000    0.7000000000
  0.7000000000    0.7000000000    0.7000000000    0.7000000000    0.7000000000
  0.7000000000    0.7000000000    0.7000000000    0.7000000000    0.7000000000
  0.7000000000    0.7000000000    0.7000000000    0.7000000000    0.7000000000
  0.7000000000    0.7000000000    0.7000000000    0.7000000000    0.7000000000
  0.7000000000    0.7000000000    0.7000000000    0.7000000000    0.7000000000
  0.7000000000    0.7000000000    0.7000000000    0.7000000000    0.7000000000
  0.7000000000    0.7000000000    0.7000000000    0.7000000000    0.7000000000
  0.7000000000    0.7000000000    0.7000000000    0.7000000000    0.7000000000
  0.7000000000    0.7000000000    0.7000000000    0.7000000000    0.7000000000
  0.7000000000    0.7000000000    0.7000000000    0.7000000000    0.7000000000
  0.7000000000    0.7000000000    0.7000000000    0.7000000000    0.7000000000
  0.7000000000    0.7000000000    0.7000000000    0.7000000000    0.7000000000
  0.7000000000    0.7000000000    0.7000000000    0.7000000000    0.7000000000
  0.7000000000    0.7000000000    0.7000000000    0.7000000000    0.7000000000
  0.7000000000    0.7000000000    0.7000000000    0.7000000000    0.7000000000
  0.7000000000    0.7000000000    0.7000000000    0.7000000000    0.7000000000
  0.7000000000    0.7000000000    0.7000000000    0.7000000000    0.7000000000
  0.7000000000    0.7000000000    0.7000000000    0.7000000000    0.7000000000
  0.7000000000    0.7000000000    0.7000000000    0.7000000000    0.7000000000
  0.7000000000    0.7000000000    0.7000000000    0.7000000000    0.7000000000
  0.7000000000    0.7000000000    0.7000000000    0.7000000000    0.7000000000
  0.7000000000    0.7000000000    0.7000000000    0.7000000000    0.7000000000
  0.7000000000    0.7000000000    0.7000000000    0.7000000000    0.7000000000
  0.7000000000    0.7000000000    0.7000000000    0.7000000000    0.7000000000
  0.7000000000    0.7000000000    0.7000000000    0.7000000000    0.7000000000
  0.0000000209    0.0769513816    0.1269539863    0.1608774930    0.1862884551
  0.2066269130    0.2236333519    0.2382938594    0.2512158841    0.2627997607
  0.2733234495    0.2829856783    0.2919357330    0.3002859324    0.3081260651
  0.3155259341    0.3225431174    0.3292230099    0.3356062084    0.3417239219
  0.3476049393    0.3532721251    0.3587457150    0.3640444010    0.3691835374
  0.3741754323    0.3790341884    0.3837686092    0.3883892089    0.3929049581
  0.3973227412    0.4016499847    0.4058932811    0.4100581795    0.4141492695
  0.4181727260    0.4221316785    0.4260315925    0.4298755139    0.4336671561
  0.4374095649    0.4411060363    0.4447591156    0.4483722657    0.4519476146
  0.4554867059    0.4589924604    0.4624671727    0.4659125119    0.4693304807
  0.4727230400    0.4760909826    0.4794376463    0.4827635735    0.4860699326
  0.4893582255    0.4926309139    0.4958877891    0.4991322726    0.5023626119
  0.5055829376    0.5087929994    0.5119938403    0.5151865870    0.5183732003
  0.5215541393    0.5247304052    0.5279033333    0.5310738415    0.5342426389
  0.5374115616    0.5405799419    0.5437508255    0.5469244629    0.5501014799
  0.5532825440    0.5564700752    0.5596641988    0.5628659159    0.5660770625
  0.5692968041    0.5725283116    0.5757710427    0.5790286273    0.5822991043
  0.5855850190    0.5888894171    0.5922111720    0.5955509096    0.5989124268
  0.6022962660    0.6057033867    0.6091360837    0.6125947744    0.6160837561
  0.6196021110    0.6231531352    0.6267370790    0.6303571135    0.6340163261
  0.6377168864    0.6414591700    0.6452488929    0.6490883499    0.6529789597
  0.6569243520    0.6609294504    0.6649979264    0.6691324085    0.6733414084
  0.6776274711    0.6819960624    0.6864554018    0.6910099953    0.6956705242
  0.6999999791    0.7000000000    0.7000000000    0.7000000000    0.7000000000
  0.7000000000    0.7000000000    0.7000000000    0.7000000000    0.7000000000
  0.7000000000    0.7000000000    0.7000000000    0.7000000000    0.7000000000
  0.7000000000    0.7000000000    0.7000000000    0.7000000000    0.7000000000
  0.7000000000    0.7000000000    0.7000000000    0.7000000000    0.7000000000
  0.7000000000    0.7000000000    0.7000000000    0.7000000000    0.7000000000
  0.7000000000    0.7000000000    0.7000000000    0.7000000000    0.7000000000
  0.7000000000    0.7000000000    0.7000000000    0.7000000000    0.7000000000
  0.7000000000    0.7000000000    0.7000000000    0.7000000000    0.7000000000
  0.7000000000    0.7000000000    0.7000000000    0.7000000000    0.7000000000
  0.7000000000    0.7000000000    0.7000000000    0.7000000000    0.7000000000
  0.7000000000    0.7000000000    0.7000000000    0.7000000000    0.7000000000
  0.7000000000    0.7000000000    0.7000000000    0.7000000000    0.7000000000
  0.7000000000    0.7000000000    0.7000000000    0.7000000000    0.7000000000
  0.7000000000    0.7000000000    0.7000000000    0.7000000000    0.7000000000
  0.7000000000    0.7000000000    0.7000000000    0.7000000000    0.7000000000
  0.7000000000    0.7000000000    0.7000000000    0.7000000000    0.7000000000
  0.7000000000    0.7000000000    0.7000000000    0.7000000000    0.7000000000
  0.7000000000    0.7000000000    0.7000000000    0.7000000000    0.7000000000
  0.7000000000    0.7000000000    0.7000000000    0.7000000000    0.7000000000
  0.7000000000    0.7000000000    0.7000000000    0.7000000000    0.7000000000
  0.7000000000    0.7000000000    0.7000000000    0.7000000000    0.7000000000
  0.7000000000    0.7000000000    0.7000000000    0.7000000000    0.7000000000
  0.7000000000    0.7000000000    0.7000000000    0.7000000000    0.7000000000
  0.7000000000    0.7000000000    0.7000000000    0.7000000000    0.7000000000
  0.7000000000    0.7000000000    0.7000000000    0.7000000000    0.7000000000
  0.7000000000    0.7000000000    0.7000000000    0.7000000000    0.7000000000
  0.7000000000    0.7000000000    0.7000000000    0.7000000000    0.7000000000
  0.7000000000    0.7000000000    0.7000000000    0.7000000000    0.7000000000
  0.7000000000    0.7000000000    0.7000000000    0.7000000000    0.7000000000
  0.7000000000    0.7000000000    0.7000000000    0.7000000000    0.7000000000
  0.7000000000    0.7000000000    0.7000000000    0.7000000000    0.7000000000
  0.7000000000    0.7000000000    0.7000000000    0.7000000000    0.7000000000
  0.7000000000    0.7000000000    0.7000000000    0.7000000000    0.7000000000
  0.7000000000    0.7000000000    0.7000000000    0.7000000000    0.7000000000
  0.7000000000    0.7000000000    0.7000000000    0.7000000000    0.7000000000
  0.7000000000    0.7000000000    0.7000000000    0.7000000000    0.7000000000
  0.0000000209    0.0654295057    0.1121402293    0.1452364057    0.1704254836
  0.1907202572    0.2077405900    0.2224315137    0.2353870004    0.2470002502
  0.2575473040    0.2672258466    0.2761848301    0.2845387846    0.2923755378
  0.2997666031    0.3067688078    0.3134298831    0.3197888821    0.3258781403
  0.3317265719    0.3373568326    0.3427911609    0.3480461627    0.3531373590
  0.3580795616    0.3628841609    0.3675618798    0.3721233577    0.3765759796
  0.3809284657    0.3851877421    0.3893600255    0.3934509486    0.3974656433
  0.4014099926    0.4052876264    0.4091036350    0.4128599375    0.4165620834
  0.4202125758    0.4238137513    0.4273692399    0.4308815032    0.4343538374
  0.4377868265    0.4411844343    0.4445469946    0.4478782207    0.4511792809
  0.4544510096    0.4576959521    0.4609163612    0.4641119868    0.4672864169
  0.4704388171    0.4735721081    0.4766862899    0.4797837406    0.4828647941
  0.4859317452    0.4889838010    0.4920231730    0.4950514883    0.4980688304
  0.5010753244    0.5040734738    0.5070641965    0.5100470334    0.5130243629
  0.5159955591    0.5189630419    0.5219265610    0.5248864919    0.5278450876
  0.5308025151    0.5337591082    0.5367164522    0.5396747559    0.5426346868
  0.5455977887    0.5485637695    0.5515345484    0.5545107096    0.5574927539
  0.5604803056    0.5634761602    0.5664816529    0.5694949478    0.5725192159
  0.5755539149    0.5785999209    0.5816593617    0.5847325295    0.5878210932
  0.5909248859    0.5940454513    0.5971839160    0.6003413647    0.6035183400
  0.6067176372    0.6099380881    0.6131831557    0.6164533406    0.6197507292
  0.6230761558    0.6264304549    0.6298163384    0.6332362264    0.6366899103
  0.6401803941    0.6437102646    0.6472816080    0.6508960098    0.6545565993
  0.6582671732    0.6620283157    0.6658452004    0.6697201222    0.6736580044
  0.6776608914    0.6817360431    0.6858862966    0.6901177853    0.6944378108
  0.6988489598    0.6999999791    0.7000000000    0.7000000000    0.7000000000
  0.7000000000    0.7000000000    0.7000000000    0.7000000000    0.7000000000
  0.7000000000    0.7000000000    0.7000000000    0.7000000000    0.7000000000
  0.7000000000    0.7000000000    0.7000000000    0.7000000000    0.7000000000
  0.7000000000    0.7000000000    0.7000000000    0.7000000000    0.7000000000
  0.7000000000    0.7000000000    0.7000000000    0.7000000000    0.7000000000
  0.7000000000    0.7000000000    0.7000000000    0.7000000000    0.7000000000
  0.7000000000    0.7000000000    0.7000000000    0.7000000000    0.7000000000
  0.7000000000    0.7000000000    0.7000000000    0.7000000000    0.7000000000
  0.7000000000    0.7000000000    0.7000000000    0.7000000000    0.7000000000
  0.7000000000    0.7000000000    0.7000000000    0.7000000000    0.7000000000
  0.7000000000    0.7000000000    0.7000000000    0.7000000000    0.7000000000
  0.7000000000    0.7000000000    0.7000000000    0.7000000000    0.7000000000
  0.7000000000    0.7000000000    0.7000000000    0.7000000000    0.7000000000
  0.7000000000    0.7000000000    0.7000000000    0.7000000000    0.7000000000
  0.7000000000    0.7000000000    0.7000000000    0.7000000000    0.7000000000
  0.7000000000    0.7000000000    0.7000000000    0.7000000000    0.7000000000
  0.7000000000    0.7000000000    0.7000000000    0.7000000000    0.7000000000
  0.7000000000    0.7000000000    0.7000000000    0.7000000000    0.7000000000
  0.7000000000    0.7000000000    0.7000000000    0.7000000000    0.7000000000
  0.7000000000    0.7000000000    0.7000000000    0.7000000000    0.7000000000
  0.7000000000    0.7000000000    0.7000000000    0.7000000000    0.7000000000
  0.7000000000    0.7000000000    0.7000000000    0.7000000000    0.7000000000
  0.7000000000    0.7000000000    0.7000000000    0.7000000000    0.7000000000
  0.7000000000    0.7000000000    0.7000000000    0.7000000000    0.7000000000
  0.7000000000    0.7000000000    0.7000000000    0.7000000000    0.7000000000
  0.7000000000    0.7000000000    0.7000000000    0.7000000000    0.7000000000
  0.7000000000    0.7000000000    0.7000000000    0.7000000000    0.7000000000
  0.7000000000    0.7000000000    0.7000000000    0.7000000000    0.7000000000
  0.7000000000    0.7000000000    0.7000000000    0.7000000000    0.7000000000
  0.7000000000    0.7000000000    0.7000000000    0.7000000000    0.7000000000
  0.7000000000    0.7000000000    0.7000000000    0.7000000000    0.7000000000
  0.7000000000    0.7000000000    0.7000000000    0.7000000000    0.7000000000
  0.7000000000    0.7000000000    0.7000000000    0.7000000000    0.7000000000
  0.7000000000    0.7000000000    0.7000000000    0.7000000000    0.7000000000
  0.0000000209    0.0560381442    0.0991671771    0.1311266869    0.1559245259
  0.1760812372    0.1930605143    0.2077485174    0.2207153946    0.2323445827
  0.2429064900    0.2525974661    0.2615650445    0.2699222118    0.2777588397
  0.2851446897    0.2921381325    0.2987858564    0.3051284581    0.3111972302
  0.3170220047    0.3226256043    0.3280287653    0.3332505554    0.3383060783
  0.3432097286    0.3479724795    0.3526069313    0.3571214706    0.3615259022
  0.3658273607    0.3700328976    0.3741493136    0.3781823665    0.3821373135
  0.3860194534    0.3898325831    0.3935817510    0.3972701699    0.4009011775
  0.4044784039    0.4080053955    0.4114841551    0.4149172693    0.4183080345
  0.4216581196    0.4249695271    0.4282451779    0.4314862818    0.4346949667
  0.4378733188    0.4410222560    0.4441431135    0.4472387284    0.4503086835
  0.4533561915    0.4563802510    0.4593844086    0.4623690814    0.4653346449
  0.4682823926    0.4712136596    0.4741296560    0.4770310491    0.4799190909
  0.4827938229    0.4856567889    0.4885086566    0.4913503438    0.4941828519
  0.4970061392    0.4998221248    0.5026302248    0.5054328173    0.5082287341
  0.5110198110    0.5138067991    0.5165900320    0.5193697602    0.5221481532
  0.5249240011    0.5276984721    0.5304727346    0.5332479149    0.5360222191
  0.5388001114    0.5415784210    0.5443609446    0.5471454710    0.5499344200
  0.5527282923    0.5555267125    0.5583319753    0.5611432046    0.5639621943
  0.5667885274    0.5696239561    0.5724688560    0.5753227681    0.5781882793
  0.5810653061    0.5839541823    0.5868565351    0.5897726566    0.5927037150
  0.5956499606    0.5986129791    0.6015933126    0.6045908362    0.6076086372
  0.6106469244    0.6137057394    0.6167873770    0.6198931307    0.6230221659
  0.6261787385    0.6293615133    0.6325737447    0.6358169764    0.6390902907
  0.6423983604    0.6457409769    0.6491202682    0.6525395721    0.6560004741
  0.6595033079    0.6630539149    0.6666509181    0.6702983648    0.6740028888
  0.6777636558    0.6815842956    0.6854714006    0.6894268066    0.6934560210
  0.6975645512    0.6999999791    0.7000000000    0.7000000000    0.7000000000
  0.7000000000    0.7000000000    0.7000000000    0.7000000000    0.7000000000
  0.7000000000    0.7000000000    0.7000000000    0.7000000000    0.7000000000
  0.7000000000    0.7000000000    0.7000000000    0.7000000000    0.7000000000
  0.7000000000    0.7000000000    0.7000000000    0.7000000000    0.7000000000
  0.7000000000    0.7000000000    0.7000000000    0.7000000000    0.7000000000
  0.7000000000    0.7000000000    0.7000000000    0.7000000000    0.7000000000
  0.7000000000    0.7000000000    0.7000000000    0.7000000000    0.7000000000
  0.7000000000    0.7000000000    0.7000000000    0.7000000000    0.7000000000
  0.7000000000    0.7000000000    0.7000000000    0.7000000000    0.7000000000
  0.7000000000    0.7000000000    0.7000000000    0.7000000000    0.7000000000
  0.7000000000    0.7000000000    0.7000000000    0.7000000000    0.7000000000
  0.7000000000    0.7000000000    0.7000000000    0.7000000000    0.7000000000
  0.7000000000    0.7000000000    0.7000000000    0.7000000000    0.7000000000
  0.7000000000    0.7000000000    0.7000000000    0.7000000000    0.7000000000
  0.7000000000    0.7000000000    0.7000000000    0.7000000000    0.7000000000
  0.7000000000    0.7000000000    0.7000000000    0.7000000000    0.7000000000
  0.7000000000    0.7000000000    0.7000000000    0.7000000000    0.7000000000
  0.7000000000    0.7000000000    0.7000000000    0.7000000000    0.7000000000
  0.7000000000    0.7000000000    0.7000000000    0.7000000000    0.7000000000
  0.7000000000    0.7000000000    0.7000000000    0.7000000000    0.7000000000
  0.7000000000    0.7000000000    0.7000000000    0.7000000000    0.7000000000
  0.7000000000    0.7000000000    0.7000000000    0.7000000000    0.7000000000
  0.7000000000    0.7000000000    0.7000000000    0.7000000000    0.7000000000
  0.7000000000    0.7000000000    0.7000000000    0.7000000000    0.7000000000
  0.7000000000    0.7000000000    0.7000000000    0.7000000000    0.7000000000
  0.7000000000    0.7000000000    0.7000000000    0.7000000000    0.7000000000
  0.7000000000    0.7000000000    0.7000000000    0.7000000000    0.7000000000
  0.7000000000    0.7000000000    0.7000000000    0.7000000000    0.7000000000
  0.7000000000    0.7000000000    0.7000000000    0.7000000000    0.7000000000
  0.7000000000    0.7000000000    0.7000000000    0.7000000000    0.7000000000
  0.7000000000    0.7000000000    0.7000000000    0.7000000000    0.7000000000
  0.7000000000    0.7000000000    0.7000000000    0.7000000000    0.7000000000
  0.0000000209    0.0483858496    0.0878768653    0.1184407741    0.1426784784
  0.1625955731    0.1794703335    0.1941157371    0.2070674688    0.2186950296
  0.2292602748    0.2389565915    0.2479276747    0.2562875122    0.2641229302
  0.2715055257    0.2784922928    0.2851307124    0.2914607972    0.2975140482
  0.3033204228    0.3089034945    0.3142840415    0.3194802552    0.3245078236
  0.3293807238    0.3341112226    0.3387107939    0.3431891590    0.3475544125
  0.3518150240    0.3559780031    0.3600503176    0.3640371829    0.3679438978
  0.3717758864    0.3755380303    0.3792333752    0.3828666359    0.3864408165
  0.3899595469    0.3934263736    0.3968428403    0.4002126604    0.4035380870
  0.4068214148    0.4100645632    0.4132700354    0.4164390832    0.4195744187
  0.4226765841    0.4257480413    0.4287907094    0.4318048805    0.4347928077
  0.4377555758    0.4406943530    0.4436100572    0.4465042740    0.4493783802
  0.4522327095    0.4550685972    0.4578868359    0.4606880933    0.4634741217
  0.4662450880    0.4690015346    0.4717450887    0.4744768351    0.4771957725
  0.4799043626    0.4826021045    0.4852904171    0.4879698008    0.4906405479
  0.4933040351    0.4959606797    0.4986103147    0.5012536496    0.5038925618
  0.5065263003    0.5091556579    0.5117817611    0.5144049019    0.5170252889
  0.5196435899    0.5222604722    0.5248766035    0.5274920672    0.5301076144
  0.5327237040    0.5353415042    0.5379600972    0.5405810684    0.5432048768
  0.5458321065    0.5484632581    0.5510979563    0.5537375361    0.5563820809
  0.5590329677    0.5616897374    0.5643541425    0.5670257658    0.5697045237
  0.5723930866    0.5750905365    0.5777971655    0.5805151433    0.5832434684
  0.5859829336    0.5887355834    0.5915013343    0.5942799360    0.5970738918
  0.5998821586    0.6027066559    0.6055480093    0.6084060103    0.6112837881
  0.6141794235    0.6170950860    0.6200330704    0.6229921252    0.6259744197
  0.6289808303    0.6320117742    0.6350705057    0.6381569833    0.6412714988
  0.6444180161    0.6475947410    0.6508055121    0.6540512472    0.6573340744
  0.6606563717    0.6640178472    0.6674230486    0.6708734363    0.6743715137
  0.6779208273    0.6815214604    0.6851797968    0.6888971299    0.6926788419
  0.6965271026    0.6999999791    0.7000000000    0.7000000000    0.7000000000
  0.7000000000    0.7000000000    0.7000000000    0.7000000000    0.7000000000
  0.7000000000    0.7000000000    0.7000000000    0.7000000000    0.7000000000
  0.7000000000    0.7000000000    0.7000000000    0.7000000000    0.7000000000
  0.7000000000    0.7000000000    0.7000000000    0.7000000000    0.7000000000
  0.7000000000    0.7000000000    0.7000000000    0.7000000000    0.7000000000
  0.7000000000    0.7000000000    0.7000000000    0.7000000000    0.7000000000
  0.7000000000    0.7000000000    0.7000000000    0.7000000000    0.7000000000
  0.7000000000    0.7000000000    0.7000000000    0.7000000000    0.7000000000
  0.7000000000    0.7000000000    0.7000000000    0.7000000000    0.7000000000
  0.7000000000    0.7000000000    0.7000000000    0.7000000000    0.7000000000
  0.7000000000    0.7000000000    0.7000000000    0.7000000000    0.7000000000
  0.7000000000    0.7000000000    0.7000000000    0.7000000000    0.7000000000
  0.7000000000    0.7000000000    0.7000000000    0.7000000000    0.7000000000
  0.7000000000    0.7000000000    0.7000000000    0.7000000000    0.7000000000
  0.7000000000    0.7000000000    0.7000000000    0.7000000000    0.7000000000
  0.7000000000    0.7000000000    0.7000000000    0.7000000000    0.7000000000
  0.7000000000    0.7000000000    0.7000000000    0.7000000000    0.7000000000
  0.7000000000    0.7000000000    0.7000000000    0.7000000000    0.7000000000
  0.7000000000    0.7000000000    0.7000000000    0.7000000000    0.7000000000
  0.7000000000    0.7000000000    0.7000000000    0.7000000000    0.7000000000
  0.7000000000    0.7000000000    0.7000000000    0.7000000000    0.7000000000
  0.7000000000    0.7000000000    0.7000000000    0.7000000000    0.7000000000
  0.7000000000    0.7000000000    0.7000000000    0.7000000000    0.7000000000
  0.7000000000    0.7000000000    0.7000000000    0.7000000000    0.7000000000
  0.7000000000    0.7000000000    0.7000000000    0.7000000000    0.7000000000
  0.7000000000    0.7000000000    0.7000000000    0.7000000000    0.7000000000
  0.7000000000    0.7000000000    0.7000000000    0.7000000000    0.7000000000
  0.7000000000    0.7000000000    0.7000000000    0.7000000000    0.7000000000
  0.7000000000    0.7000000000    0.7000000000    0.7000000000    0.7000000000
  0.7000000000    0.7000000000    0.7000000000    0.7000000000    0.7000000000
  0.0000000209    0.0421276540    0.0781026930    0.1070809096    0.1305999726
  0.1501739353    0.1668767542    0.1814330369    0.1943402082    0.2059450299
  0.2164992601    0.2261894017    0.2351586491    0.2435154825    0.2513481468
  0.2587265283    0.2657072872    0.2723377377    0.2786573082    0.2846986681
  0.2904906899    0.2960574895    0.3014195114    0.3065948218    0.3115999430
  0.3164488941    0.3211533993    0.3257250577    0.3301736325    0.3345079273
  0.3387358278    0.3428644270    0.3469001919    0.3508495480    0.3547172934
  0.3585088104    0.3622286052    0.3658802241    0.3694685072    0.3729963750
  0.3764676660    0.3798847169    0.3832508236    0.3865686148    0.3898410112
  0.3930696398    0.3962565869    0.3994043559    0.4025146991    0.4055899113
  0.4086304933    0.4116390318    0.4146168619    0.4175659031    0.4204868227
  0.4233807892    0.4262495130    0.4290939540    0.4319151551    0.4347145349
  0.4374924690    0.4402508348    0.4429899246    0.4457109898    0.4484147400
  0.4511023432    0.4537734658    0.4564301938    0.4590726525    0.4617013425
  0.4643173069    0.4669210464    0.4695135623    0.4720957726    0.4746670514
  0.4772284001    0.4797816545    0.4823261470    0.4848622948    0.4873908907
  0.4899131864    0.4924285561    0.4949387103    0.4974429816    0.4999425381
  0.5024381310    0.5049290091    0.5074168414    0.5099013358    0.5123836607
  0.5148634821    0.5173414260    0.5198181599    0.5222942680    0.5247703761
  0.5272456497    0.5297225505    0.5321997851    0.5346778542    0.5371583432
  0.5396412104    0.5421251625    0.5446130782    0.5471044570    0.5495998412
  0.5520992309    0.5546035856    0.5571133643    0.5596276075    0.5621486098
  0.5646772057    0.5672111422    0.5697526723    0.5723030061    0.5748621017
  0.5774289995    0.5800058693    0.5825925857    0.5851903588    0.5877986461
  0.5904181987    0.5930497676    0.5956944793    0.5983526260    0.6010248750
  0.6037106425    0.6064130992    0.6091299921    0.6118643671    0.6146160990
  0.6173852712    0.6201745957    0.6229836971    0.6258127838    0.6286630660
  0.6315351278    0.6344322234    0.6373523504    0.6402995139    0.6432725459
  0.6462728649    0.6493033081    0.6523620397    0.6554541081    0.6585784703
  0.6617392570    0.6649365515    0.6681703120    0.6714460880    0.6747617513
  0.6781241864    0.6815327674    0.6849898309    0.6884992570    0.6920635074
  0.6956869215    0.6993707091    0.6999999791    0.7000000000    0.7000000000
  0.7000000000    0.7000000000    0.7000000000    0.7000000000    0.7000000000
  0.7000000000    0.7000000000    0.7000000000    0.7000000000    0.7000000000
  0.7000000000    0.7000000000    0.7000000000    0.7000000000    0.7000000000
  0.7000000000    0.7000000000    0.7000000000    0.7000000000    0.7000000000
  0.7000000000    0.7000000000    0.7000000000    0.7000000000    0.7000000000
  0.7000000000    0.7000000000    0.7000000000    0.7000000000    0.7000000000
  0.7000000000    0.7000000000    0.7000000000    0.7000000000    0.7000000000
  0.7000000000    0.7000000000    0.7000000000    0.7000000000    0.7000000000
  0.7000000000    0.7000000000    0.7000000000    0.7000000000    0.7000000000
  0.7000000000    0.7000000000    0.7000000000    0.7000000000    0.7000000000
  0.7000000000    0.7000000000    0.7000000000    0.7000000000    0.7000000000
  0.7000000000    0.7000000000    0.7000000000    0.7000000000    0.7000000000
  0.7000000000    0.7000000000    0.7000000000    0.7000000000    0.7000000000
  0.7000000000    0.7000000000    0.7000000000    0.7000000000    0.7000000000
  0.7000000000    0.7000000000    0.7000000000    0.7000000000    0.7000000000
  0.7000000000    0.7000000000    0.7000000000    0.7000000000    0.7000000000
  0.7000000000    0.7000000000    0.7000000000    0.7000000000    0.7000000000
  0.7000000000    0.7000000000    0.7000000000    0.7000000000    0.7000000000
  0.7000000000    0.7000000000    0.7000000000    0.7000000000    0.7000000000
  0.7000000000    0.7000000000    0.7000000000    0.7000000000    0.7000000000
  0.7000000000    0.7000000000    0.7000000000    0.7000000000    0.7000000000
  0.7000000000    0.7000000000    0.7000000000    0.7000000000    0.7000000000
  0.7000000000    0.7000000000    0.7000000000    0.7000000000    0.7000000000
  0.7000000000    0.7000000000    0.7000000000    0.7000000000    0.7000000000
  0.7000000000    0.7000000000    0.7000000000    0.7000000000    0.7000000000
  0.7000000000    0.7000000000    0.7000000000    0.7000000000    0.7000000000
  0.7000000000    0.7000000000    0.7000000000    0.7000000000    0.7000000000
  0.7000000000    0.7000000000    0.7000000000    0.7000000000    0.7000000000
  0.0000000209    0.0369788796    0.0696676284    0.0969490021    0.1196148247
  0.1387435168    0.1552042991    0.1696245641    0.1824518353    0.1940099269
  0.2045354933    0.2142083615    0.2231653422    0.2315142065    0.2393391937
  0.2467103988    0.2536838561    0.2603065461    0.2666164368    0.2726473242
  0.2784267038    0.2839794844    0.2893259436    0.2944848984    0.2994716614
  0.3043002933    0.3089837700    0.3135325223    0.3179564387    0.3222649068
  0.3264652699    0.3305659145    0.3345715553    0.3384898275    0.3423255295
  0.3460835844    0.3497679561    0.3533838600    0.3569351345    0.3604247004
  0.3638558120    0.3672325999    0.3705567330    0.3738313407    0.3770593852
  0.3802425772    0.3833830029    0.3864831656    0.3895449013    0.3925699621
  0.3955598921    0.3985157341    0.4014405340    0.4043350428    0.4072000116
  0.4100371927    0.4128482133    0.4156336159    0.4183949441    0.4211326152
  0.4238480896    0.4265427023    0.4292167455    0.4318715543    0.4345078379
  0.4371263057    0.4397275835    0.4423122972    0.4448821157    0.4474370807
  0.4499776930    0.4525050372    0.4550190717    0.4575212568    0.4600120932
  0.4624914140    0.4649602205    0.4674193472    0.4698686689    0.4723085195
  0.4747402757    0.4771642298    0.4795806736    0.4819904000    0.4843922406
  0.4867893249    0.4891800255    0.4915655106    0.4939459890    0.4963217527
  0.4986938864    0.5010616392    0.5034266382    0.5057885915    0.5081476659
  0.5105049461    0.5128601402    0.5152147502    0.5175670236    0.5199189633
  0.5222711951    0.5246223420    0.5269753665    0.5293279737    0.5316812068
  0.5340369433    0.5363934308    0.5387525886    0.5411144584    0.5434785396
  0.5458467931    0.5482173830    0.5505926043    0.5529724985    0.5553565234
  0.5577452213    0.5601398855    0.5625400573    0.5649461538    0.5673594683
  0.5697795421    0.5722067922    0.5746406347    0.5770841986    0.5795364410
  0.5819973201    0.5844671696    0.5869480759    0.5894382030    0.5919387609
  0.5944521278    0.5969765097    0.5995130330    0.6020645350    0.6046265930
  0.6072041303    0.6097964793    0.6124039322    0.6150262386    0.6176652342
  0.6203211695    0.6229957968    0.6256884485    0.6284000844    0.6311324567
  0.6338848144    0.6366592854    0.6394567043    0.6422762781    0.6451216787
  0.6479920298    0.6508888751    0.6538129658    0.6567680985    0.6597506016
  0.6627653986    0.6658149928    0.6688960046    0.6720139414    0.6751708061
  0.6783664733    0.6816044062    0.6848836452    0.6882089049    0.6915843993
  0.6950090438    0.6984886795    0.6999999791    0.7000000000    0.7000000000
  0.7000000000    0.7000000000    0.7000000000    0.7000000000    0.7000000000
  0.7000000000    0.7000000000    0.7000000000    0.7000000000    0.7000000000
  0.7000000000    0.7000000000    0.7000000000    0.7000000000    0.7000000000
  0.7000000000    0.7000000000    0.7000000000    0.7000000000    0.7000000000
  0.7000000000    0.7000000000    0.7000000000    0.7000000000    0.7000000000
  0.7000000000    0.7000000000    0.7000000000    0.7000000000    0.7000000000
  0.7000000000    0.7000000000    0.7000000000    0.7000000000    0.7000000000
  0.7000000000    0.7000000000    0.7000000000    0.7000000000    0.7000000000
  0.7000000000    0.7000000000    0.7000000000    0.7000000000    0.7000000000
  0.7000000000    0.7000000000    0.7000000000    0.7000000000    0.7000000000
  0.7000000000    0.7000000000    0.7000000000    0.7000000000    0.7000000000
  0.7000000000    0.7000000000    0.7000000000    0.7000000000    0.7000000000
  0.7000000000    0.7000000000    0.7000000000    0.7000000000    0.7000000000
  0.7000000000    0.7000000000    0.7000000000    0.7000000000    0.7000000000
  0.7000000000    0.7000000000    0.7000000000    0.7000000000    0.7000000000
  0.7000000000    0.7000000000    0.7000000000    0.7000000000    0.7000000000
  0.7000000000    0.7000000000    0.7000000000    0.7000000000    0.7000000000
  0.7000000000    0.7000000000    0.7000000000    0.7000000000    0.7000000000
  0.7000000000    0.7000000000    0.7000000000    0.7000000000    0.7000000000
  0.7000000000    0.7000000000    0.7000000000    0.7000000000    0.7000000000
  0.7000000000    0.7000000000    0.7000000000    0.7000000000    0.7000000000
  0.7000000000    0.7000000000    0.7000000000    0.7000000000    0.7000000000
  0.7000000000    0.7000000000    0.7000000000    0.7000000000    0.7000000000
  0.7000000000    0.7000000000    0.7000000000    0.7000000000    0.7000000000
  0.7000000000    0.7000000000    0.7000000000    0.7000000000    0.7000000000
  0.7000000000    0.7000000000    0.7000000000    0.7000000000    0.7000000000
  0.0000000209    0.0327110916    0.0624000221    0.0879432887    0.1096513122
  0.1282441527    0.1443930119    0.1586268574    0.1713390976    0.1828229219
  0.1933008820    0.2029415816    0.2118756145    0.2202078313    0.2280195922
  0.2353801996    0.2423429340    0.2489553183    0.2552550286    0.2612748176
  0.2670428067    0.2725836962    0.2779164702    0.2830605716    0.2880313128
  0.2928427547    0.2975079149    0.3020378083    0.3064411551    0.3107280105
  0.3149057180    0.3189821213    0.3229631037    0.3268552572    0.3306639224
  0.3343935221    0.3380491048    0.3416343004    0.3451540738    0.3486114293
  0.3520095795    0.3553515702    0.3586407810    0.3618792981    0.3650700420
  0.3682147652    0.3713161379    0.3743766636    0.3773971766    0.3803798467
  0.3833269686    0.3862400442    0.3891199082    0.3919679791    0.3947866350
  0.3975765437    0.4003382474    0.4030745000    0.4057847172    0.4084714860
  0.4111345977    0.4137754709    0.4163955241    0.4189949244    0.4215745062
  0.4241354376    0.4266778857    0.4292041034    0.4317130893    0.4342065126
  0.4366843730    0.4391477138    0.4415975779    0.4440334231    0.4464567095
  0.4488679379    0.4512674421    0.4536556810    0.4560330302    0.4584008664
  0.4607585222    0.4631068319    0.4654466301    0.4677777082    0.4701014012
  0.4724169165    0.4747250885    0.4770276278    0.4793232828    0.4816128045
  0.4838969022    0.4861752838    0.4884496182    0.4907196134    0.4929844767
  0.4952463359    0.4975038975    0.4997592479    0.5020115525    0.5042604774
  0.5065081090    0.5087540716    0.5109975308    0.5132399887    0.5154825717
  0.5177234024    0.5199645251    0.5222050637    0.5244460195    0.5266874760
  0.5289299339    0.5311744362    0.5334186882    0.5356659859    0.5379149526
  0.5401665896    0.5424203962    0.5446778744    0.5469384819    0.5492014259
  0.5514697939    0.5537417918    0.5560179204    0.5582998902    0.5605855316
  0.5628778487    0.5651760072    0.5674795061    0.5697895974    0.5721071571
  0.5744312257    0.5767630965    0.5791026443    0.5814511627    0.5838076502
  0.5861729413    0.5885477453    0.5909328550    0.5933281869    0.5957331568
  0.5981497675    0.6005783528    0.6030191630    0.6054703623    0.6079360396
  0.6104146928    0.6129074484    0.6154141396    0.6179365605    0.6204745859
  0.6230275065    0.6255979925    0.6281866699    0.6307915360    0.6334164709
  0.6360595554    0.6387240440    0.6414080590    0.6441144377    0.6468440562
  0.6495964557    0.6523740977    0.6551756889    0.6580039412    0.6608603150
  0.6637455195    0.6666585952    0.6696036309    0.6725819618    0.6755940050
  0.6786399275    0.6817246944    0.6848463029    0.6880108029    0.6912164837
  0.6944650561    0.6977643639    0.6999999791    0.7000000000    0.7000000000
  0.7000000000    0.7000000000    0.7000000000    0.7000000000    0.7000000000
  0.7000000000    0.7000000000    0.7000000000    0.7000000000    0.7000000000
  0.7000000000    0.7000000000    0.7000000000    0.7000000000    0.7000000000
  0.7000000000    0.7000000000    0.7000000000    0.7000000000    0.7000000000
  0.7000000000    0.7000000000    0.7000000000    0.7000000000    0.7000000000
  0.7000000000    0.7000000000    0.7000000000    0.7000000000    0.7000000000
  0.7000000000    0.7000000000    0.7000000000    0.7000000000    0.7000000000
  0.7000000000    0.7000000000    0.7000000000    0.7000000000    0.7000000000
  0.7000000000    0.7000000000    0.7000000000    0.7000000000    0.7000000000
  0.7000000000    0.7000000000    0.7000000000    0.7000000000    0.7000000000
  0.7000000000    0.7000000000    0.7000000000    0.7000000000    0.7000000000
  0.7000000000    0.7000000000    0.7000000000    0.7000000000    0.7000000000
  0.7000000000    0.7000000000    0.7000000000    0.7000000000    0.7000000000
  0.7000000000    0.7000000000    0.7000000000    0.7000000000    0.7000000000
  0.7000000000    0.7000000000    0.7000000000    0.7000000000    0.7000000000
  0.7000000000    0.7000000000    0.7000000000    0.7000000000    0.7000000000
  0.7000000000    0.7000000000    0.7000000000    0.7000000000    0.7000000000
  0.7000000000    0.7000000000    0.7000000000    0.7000000000    0.7000000000
  0.7000000000    0.7000000000    0.7000000000    0.7000000000    0.7000000000
  0.7000000000    0.7000000000    0.7000000000    0.7000000000    0.7000000000
  0.7000000000    0.7000000000    0.7000000000    0.7000000000    0.7000000000
  0.7000000000    0.7000000000    0.7000000000    0.7000000000    0.7000000000
  0.7000000000    0.7000000000    0.7000000000    0.7000000000    0.7000000000
  0.7000000000    0.7000000000    0.7000000000    0.7000000000    0.7000000000
  0.0000000209    0.0291451305    0.0561351091    0.0799601704    0.1006399244
  0.1186180979    0.1343920738    0.1483888894    0.1609477550    0.1723304421
  0.1827387244    0.1923300236    0.2012293845    0.2095353574    0.2173270911
  0.2246705920    0.2316192240    0.2382190496    0.2445063680    0.2505142659
  0.2562704891    0.2617983609    0.2671185762    0.2722492427    0.2772056311
  0.2820017189    0.2866511911    0.2911638111    0.2955495089    0.2998177141
  0.3039758950    0.3080318123    0.3119913906    0.3158612639    0.3196467727
  0.3233523399    0.3269825548    0.3305427164    0.3340355366    0.3374657303
  0.3408348829    0.3441482931    0.3474070877    0.3506150633    0.3537740976
  0.3568864435    0.3599548131    0.3629807085    0.3659664661    0.3689138800
  0.3718245775    0.3747001857    0.3775415391    0.3803511411    0.3831302434
  0.3858790547    0.3886003286    0.3912940651    0.3939618498    0.3966046840
  0.3992234439    0.4018190891    0.4043924123    0.4069453329    0.4094774336
  0.4119895488    0.4144828469    0.4169585377    0.4194167048    0.4218573898
  0.4242833048    0.4266928643    0.4290876120    0.4314686328    0.4338353425
  0.4361892015    0.4385306269    0.4408595353    0.4431768864    0.4454835147
  0.4477787524    0.4500640184    0.4523396045    0.4546058446    0.4568630308
  0.4591114551    0.4613519520    0.4635847300    0.4658095390    0.4680281729
  0.4702393383    0.4724442869    0.4746431857    0.4768367857    0.4790242940
  0.4812073380    0.4833855838    0.4855588228    0.4877280980    0.4898936182
  0.4920560092    0.4942148954    0.4963704854    0.4985237807    0.5006744891
  0.5028231949    0.5049700230    0.5071150571    0.5092593402    0.5114015371
  0.5135436505    0.5156848043    0.5178255409    0.5199664444    0.5221080154
  0.5242498368    0.5263919920    0.5285354406    0.5306802243    0.5328264266
  0.5349740058    0.5371244639    0.5392759234    0.5414307624    0.5435884804
  0.5457495362    0.5479126364    0.5500799924    0.5522516459    0.5544266373
  0.5566063434    0.5587912232    0.5609793991    0.5631744593    0.5653741509
  0.5675792664    0.5697907239    0.5720088989    0.5742332906    0.5764655679
  0.5787048548    0.5809505671    0.5832044572    0.5854668170    0.5877384812
  0.5900175720    0.5923061758    0.5946046263    0.5969136745    0.5992326945
  0.6015625209    0.6039025277    0.6062555939    0.6086185485    0.6109950632
  0.6133845538    0.6157863945    0.6182025462    0.6206323415    0.6230772406
  0.6255379111    0.6280144364    0.6305058569    0.6330147177    0.6355408102
  0.6380858451    0.6406487375    0.6432324082    0.6458337277    0.6484575778
  0.6511031657    0.6537704915    0.6564608485    0.6591764897    0.6619161636
  0.6646826237    0.6674757451    0.6702984065    0.6731475204    0.6760292619
  0.6789420038    0.6818891674    0.6848690420    0.6878860921    0.6909403175
  0.6940360576    0.6971713930    0.6999999791    0.7000000000    0.7000000000
  0.7000000000    0.7000000000    0.7000000000    0.7000000000    0.7000000000
  0.7000000000    0.7000000000    0.7000000000    0.7000000000    0.7000000000
  0.7000000000    0.7000000000    0.7000000000    0.7000000000    0.7000000000
  0.7000000000    0.7000000000    0.7000000000    0.7000000000    0.7000000000
  0.7000000000    0.7000000000    0.7000000000    0.7000000000    0.7000000000
  0.7000000000    0.7000000000    0.7000000000    0.7000000000    0.7000000000
  0.7000000000    0.7000000000    0.7000000000    0.7000000000    0.7000000000
  0.7000000000    0.7000000000    0.7000000000    0.7000000000    0.7000000000
  0.7000000000    0.7000000000    0.7000000000    0.7000000000    0.7000000000
  0.7000000000    0.7000000000    0.7000000000    0.7000000000    0.7000000000
  0.7000000000    0.7000000000    0.7000000000    0.7000000000    0.7000000000
  0.7000000000    0.7000000000    0.7000000000    0.7000000000    0.7000000000
  0.7000000000    0.7000000000    0.7000000000    0.7000000000    0.7000000000
  0.7000000000    0.7000000000    0.7000000000    0.7000000000    0.7000000000
  0.7000000000    0.7000000000    0.7000000000    0.7000000000    0.7000000000
  0.7000000000    0.7000000000    0.7000000000    0.7000000000    0.7000000000
  0.7000000000    0.7000000000    0.7000000000    0.7000000000    0.7000000000
  0.7000000000    0.7000000000    0.7000000000    0.7000000000    0.7000000000
  0.7000000000    0.7000000000    0.7000000000    0.7000000000    0.7000000000
  0.7000000000    0.7000000000    0.7000000000    0.7000000000    0.7000000000
  0.7000000000    0.7000000000    0.7000000000    0.7000000000    0.7000000000
  0.7000000000    0.7000000000    0.7000000000    0.7000000000    0.7000000000
  0.0000000209    0.0261412650    0.0507259399    0.0728942543    0.0925090641
  0.1098116964    0.1251528352    0.1388664335    0.1512349993    0.1624865085
  0.1728026658    0.1823276669    0.1911784202    0.1994470090    0.2072097450
  0.2145302564    0.2214595705    0.2280419976    0.2343149632    0.2403090090
  0.2460515469    0.2515661925    0.2568733901    0.2619904965    0.2669332832
  0.2717156857    0.2763500541    0.2808474034    0.2852175802    0.2894688874
  0.2936098367    0.2976476878    0.3015889913    0.3054391712    0.3092041522
  0.3128890246    0.3164977103    0.3200355917    0.3235053390    0.3269117504
  0.3302569538    0.3335445791    0.3367780477    0.3399588615    0.3430906504
  0.3461756676    0.3492149562    0.3522116870    0.3551676959    0.3580841929
  0.3609634727    0.3638069957    0.3666157633    0.3693922371    0.3721366256
  0.3748512655    0.3775367826    0.3801948458    0.3828259140    0.3854309887
  0.3880116135    0.3905686229    0.3931028932    0.3956152171    0.3981058449
  0.4005765706    0.4030286461    0.4054606110    0.4078751773    0.4102724284
  0.4126524478    0.4150163203    0.4173645467    0.4196976691    0.4220171481
  0.4243214399    0.4266135484    0.4288923055    0.4311587125    0.4334131032
  0.4356558532    0.4378878385    0.4401089340    0.4423199326    0.4445216686
  0.4467133909    0.4488959759    0.4510696739    0.4532357365    0.4553934127
  0.4575439960    0.4596866935    0.4618222564    0.4639518529    0.4660747319
  0.4681915611    0.4703030914    0.4724084467    0.4745088369    0.4766048878
  0.4786958486    0.4807828039    0.4828653783    0.4849438220    0.4870191365
  0.4890915304    0.4911600858    0.4932264715    0.4952897280    0.4973510236
  0.4994098991    0.5014674813    0.5035228521    0.5055770963    0.5076302558
  0.5096824557    0.5117336959    0.5137846023    0.5158356756    0.5178860396
  0.5199371547    0.5219886035    0.5240399688    0.5260927111    0.5281463712
  0.5302009910    0.5322580308    0.5343165308    0.5363765746    0.5384390384
  0.5405035466    0.5425709754    0.5446413666    0.5467142612    0.5487909943
  0.5508711487    0.5529546827    0.5550420552    0.5571341425    0.5592304856
  0.5613305837    0.5634366900    0.5655478448    0.5676644653    0.5697860509
  0.5719147712    0.5740484148    0.5761895269    0.5783358544    0.5804904014
  0.5826513737    0.5848204404    0.5869974762    0.5891823977    0.5913752049
  0.5935765654    0.5957881480    0.5980081171    0.6002380997    0.6024779290
  0.6047279388    0.6069884211    0.6092604607    0.6115435570    0.6138392121
  0.6161463827    0.6184649855    0.6207981497    0.6231452078    0.6255047828
  0.6278795451    0.6302676588    0.6326725870    0.6350928277    0.6375297576
  0.6399839610    0.6424543947    0.6449431449    0.6474515051    0.6499780148
  0.6525250942    0.6550920337    0.6576811701    0.6602941722    0.6629278272
  0.6655860990    0.6682684869    0.6709779948    0.6737122446    0.6764752835
  0.6792673618    0.6820883125    0.6849423498    0.6878270119    0.6907468885
  0.6937015623    0.6966936201    0.6997218937    0.6999999791    0.7000000000
  0.7000000000    0.7000000000    0.7000000000    0.7000000000    0.7000000000
  0.7000000000    0.7000000000    0.7000000000    0.7000000000    0.7000000000
  0.7000000000    0.7000000000    0.7000000000    0.7000000000    0.7000000000
  0.7000000000    0.7000000000    0.7000000000    0.7000000000    0.7000000000
  0.7000000000    0.7000000000    0.7000000000    0.7000000000    0.7000000000
  0.7000000000    0.7000000000    0.7000000000    0.7000000000    0.7000000000
  0.7000000000    0.7000000000    0.7000000000    0.7000000000    0.7000000000
  0.7000000000    0.7000000000    0.7000000000    0.7000000000    0.7000000000
  0.7000000000    0.7000000000    0.7000000000    0.7000000000    0.7000000000
  0.7000000000    0.7000000000    0.7000000000    0.7000000000    0.7000000000
  0.7000000000    0.7000000000    0.7000000000    0.7000000000    0.7000000000
  0.7000000000    0.7000000000    0.7000000000    0.7000000000    0.7000000000
  0.7000000000    0.7000000000    0.7000000000    0.7000000000    0.7000000000
  0.7000000000    0.7000000000    0.7000000000    0.7000000000    0.7000000000
  0.7000000000    0.7000000000    0.7000000000    0.7000000000    0.7000000000
  0.7000000000    0.7000000000    0.7000000000    0.7000000000    0.7000000000
  0.7000000000    0.7000000000    0.7000000000    0.7000000000    0.7000000000
  0.7000000000    0.7000000000    0.7000000000    0.7000000000    0.7000000000
  0.7000000000    0.7000000000    0.7000000000    0.7000000000    0.7000000000
  0.7000000000    0.7000000000    0.7000000000    0.7000000000    0.7000000000
  0.0000000209    0.0235905558    0.0460414201    0.0666436940    0.0851859659
  0.1017717510    0.1166320294    0.1300188512    0.1421615273    0.1532532364
  0.1634536952    0.1728945822    0.1816813320    0.1899006039    0.1976252466
  0.2049147993    0.2118189126    0.2183804363    0.2246339172    0.2306116909
  0.2363386661    0.2418387502    0.2471314281    0.2522345155    0.2571641177
  0.2619322926    0.2665524751    0.2710356385    0.2753909618    0.2796272486
  0.2837525100    0.2877739638    0.2916980773    0.2955314845    0.2992783993
  0.3029449970    0.3065346986    0.3100528449    0.3135027736    0.3168874472
  0.3202119142    0.3234775513    0.3266883224    0.3298463553    0.3329541534
  0.3360145122    0.3390291005    0.3420004636    0.3449299365    0.3478198975
  0.3506720155    0.3534872502    0.3562682718    0.3590152889    0.3617308050
  0.3644149452    0.3670699626    0.3696964830    0.3722954661    0.3748685390
  0.3774166614    0.3799395829    0.3824393064    0.3849171668    0.3873728722
  0.3898077160    0.3922229081    0.3946180731    0.3969943792    0.3993535370
  0.4016945034    0.4040189058    0.4063272864    0.4086196452    0.4108974844
  0.4131602615    0.4154094785    0.4176450521    0.4198673576    0.4220778555
  0.4242753357    0.4264612585    0.4286359578    0.4307997257    0.4329529375
  0.4350964278    0.4372299463    0.4393537432    0.4414686948    0.4435755521
  0.4456735224    0.4477633566    0.4498458058    0.4519206196    0.4539885074
  0.4560491353    0.4581037968    0.4601520747    0.4621942610    0.4642309397
  0.4662613600    0.4682871491    0.4703079730    0.4723239988    0.4743358105
  0.4763426572    0.4783465832    0.4803462535    0.4823427528    0.4843357474
  0.4863248616    0.4883121401    0.4902962059    0.4922781855    0.4942576200
  0.4962356359    0.4982118160    0.5001857430    0.5021584600    0.5041300505
  0.5061010569    0.5080705613    0.5100391895    0.5120078593    0.5139771551
  0.5159451991    0.5179134935    0.5198825389    0.5218518764    0.5238225490
  0.5257935554    0.5277659386    0.5297392398    0.5317139596    0.5336910158
  0.5356690317    0.5376499265    0.5396331996    0.5416183919    0.5436060041
  0.5455964535    0.5475906998    0.5495873243    0.5515881628    0.5535913795
  0.5555996865    0.5576116651    0.5596269399    0.5616484731    0.5636732608
  0.5657033890    0.5677384406    0.5697792083    0.5718243569    0.5738760978
  0.5759338051    0.5779971451    0.5800680786    0.5821441025    0.5842284709
  0.5863190562    0.5884178609    0.5905240089    0.5926378340    0.5947600454
  0.5968906432    0.5990298778    0.6011781245    0.6033357173    0.6055024475
  0.6076799840    0.6098685354    0.6120659322    0.6142757624    0.6164949805
  0.6187272161    0.6209710091    0.6232270271    0.6254963547    0.6277776152
  0.6300730199    0.6323827773    0.6347074717    0.6370453507    0.6393989593
  0.6417688817    0.6441544503    0.6465582520    0.6489779502    0.6514168829
  0.6538735896    0.6563492805    0.6588456243    0.6613610774    0.6638976842
  0.6664577395    0.6690392822    0.6716453999    0.6742752582    0.6769314021
  0.6796112031    0.6823204607    0.6850571722    0.6878226310    0.6906185478
  0.6934482604    0.6963100582    0.6992050678    0.6999999791    0.7000000000
  0.7000000000    0.7000000000    0.7000000000    0.7000000000    0.7000000000
  0.7000000000    0.7000000000    0.7000000000    0.7000000000    0.7000000000
  0.7000000000    0.7000000000    0.7000000000    0.7000000000    0.7000000000
  0.7000000000    0.7000000000    0.7000000000    0.7000000000    0.7000000000
  0.7000000000    0.7000000000    0.7000000000    0.7000000000    0.7000000000
  0.7000000000    0.7000000000    0.7000000000    0.7000000000    0.7000000000
  0.7000000000    0.7000000000    0.7000000000    0.7000000000    0.7000000000
  0.7000000000    0.7000000000    0.7000000000    0.7000000000    0.7000000000
  0.7000000000    0.7000000000    0.7000000000    0.7000000000    0.7000000000
  0.7000000000    0.7000000000    0.7000000000    0.7000000000    0.7000000000
  0.7000000000    0.7000000000    0.7000000000    0.7000000000    0.7000000000
  0.7000000000    0.7000000000    0.7000000000    0.7000000000    0.7000000000
  0.7000000000    0.7000000000    0.7000000000    0.7000000000    0.7000000000
  0.7000000000    0.7000000000    0.7000000000    0.7000000000    0.7000000000
  0.7000000000    0.7000000000    0.7000000000    0.7000000000    0.7000000000
  0.7000000000    0.7000000000    0.7000000000    0.7000000000    0.7000000000
  0.7000000000    0.7000000000    0.7000000000    0.7000000000    0.7000000000
  0.7000000000    0.7000000000    0.7000000000    0.7000000000    0.7000000000
  0.0000000209    0.0214079291    0.0419708580    0.0611130685    0.0785994083
  0.0944436878    0.1087865561    0.1218097180    0.1336928755    0.1445969552
  0.1546593100    0.1639966398    0.1727039486    0.1808624715    0.1885385066
  0.1957889646    0.2026606172    0.2091945201    0.2154253036    0.2213824660
  0.2270909578    0.2325746030    0.2378514260    0.2429394513    0.2478540331
  0.2526087731    0.2572146863    0.2616837054    0.2660244256    0.2702461928
  0.2743569344    0.2783632010    0.2822721690    0.2860890955    0.2898200303
  0.2934700221    0.2970429510    0.3005431145    0.3039748937    0.3073419183
  0.3106469005    0.3138929695    0.3170841306    0.3202212602    0.3233086139
  0.3263474017    0.3293397099    0.3322887927    0.3351953596    0.3380617887
  0.3408903331    0.3436814100    0.3464371473    0.3491594225    0.3518485278
  0.3545067579    0.3571342796    0.3597338051    0.3623047501    0.3648497850
  0.3673682839    0.3698621660    0.3723328918    0.3747796267    0.3772048324
  0.3796081334    0.3819913238    0.3843545288    0.3866984576    0.3890237361
  0.3913308650    0.3936210543    0.3958942205    0.3981514901    0.4003927797
  0.4026196748    0.4048315495    0.4070298642    0.4092140347    0.4113855213
  0.4135436147    0.4156902760    0.4178243369    0.4199476331    0.4220589966
  0.4241608053    0.4262513071    0.4283327967    0.4304035634    0.4324659020
  0.4345185608    0.4365633339    0.4385993868    0.4406275541    0.4426479608
  0.4446603566    0.4466664940    0.4486650795    0.4506572396    0.4526426822
  0.4546226591    0.4565957516    0.4585641712    0.4605265826    0.4624841124
  0.4644364268    0.4663841933    0.4683270365    0.4702665418    0.4722009152
  0.4741322428    0.4760591477    0.4779831737    0.4799040288    0.4818212539
  0.4837360173    0.4856478184    0.4875573248    0.4894645363    0.4913696617
  0.4932721585    0.4951736957    0.4970732719    0.4989719301    0.5008692950
  0.5027644902    0.5046599358    0.5065542549    0.5084489077    0.5103416413
  0.5122352511    0.5141284436    0.5160216779    0.5179150373    0.5198094815
  0.5217050105    0.5236007899    0.5254967779    0.5273943931    0.5292937189
  0.5311938375    0.5330956250    0.5350000411    0.5369062096    0.5388141304
  0.5407238036    0.5426370651    0.5445520371    0.5464697212    0.5483909100
  0.5503156871    0.5522430927    0.5541740447    0.5561089605    0.5580473393
  0.5599900573    0.5619366974    0.5638885528    0.5658442050    0.5678045720
  0.5697699875    0.5717409104    0.5737168819    0.5756986529    0.5776861817
  0.5796790510    0.5816793054    0.5836847752    0.5856975049    0.5877165765
  0.5897423655    0.5917761236    0.5938172668    0.5958665878    0.5979236275
  0.5999882191    0.6020619899    0.6041444391    0.6062350661    0.6083361655
  0.6104460686    0.6125658602    0.6146958321    0.6168366939    0.6189870685
  0.6211504608    0.6233235329    0.6255085796    0.6277061850    0.6299158067
  0.6321381122    0.6343741030    0.6366231948    0.6388860136    0.6411643118
  0.6434570879    0.6457637578    0.6480879933    0.6504272074    0.6527835280
  0.6551570386    0.6575482398    0.6599572986    0.6623876780    0.6648344964
  0.6673031777    0.6697937220    0.6723038763    0.6748367280    0.6773925275
  0.6799724430    0.6825778514    0.6852090448    0.6878666490    0.6905497879
  0.6932638019    0.6960080653    0.6987831205    0.6999999791    0.7000000000
  0.7000000000    0.7000000000    0.7000000000    0.7000000000    0.7000000000
  0.7000000000    0.7000000000    0.7000000000    0.7000000000    0.7000000000
  0.7000000000    0.7000000000    0.7000000000    0.7000000000    0.7000000000
  0.7000000000    0.7000000000    0.7000000000    0.7000000000    0.7000000000
  0.7000000000    0.7000000000    0.7000000000    0.7000000000    0.7000000000
  0.7000000000    0.7000000000    0.7000000000    0.7000000000    0.7000000000
  0.7000000000    0.7000000000    0.7000000000    0.7000000000    0.7000000000
  0.7000000000    0.7000000000    0.7000000000    0.7000000000    0.7000000000
  0.7000000000    0.7000000000    0.7000000000    0.7000000000    0.7000000000
  0.7000000000    0.7000000000    0.7000000000    0.7000000000    0.7000000000
  0.7000000000    0.7000000000    0.7000000000    0.7000000000    0.7000000000
  0.7000000000    0.7000000000    0.7000000000    0.7000000000    0.7000000000
  0.7000000000    0.7000000000    0.7000000000    0.7000000000    0.7000000000
  0.7000000000    0.7000000000    0.7000000000    0.7000000000    0.7000000000
  0.7000000000    0.7000000000    0.7000000000    0.7000000000    0.7000000000
  0.7000000000    0.7000000000    0.7000000000    0.7000000000    0.7000000000
  0.0000000209    0.0195267111    0.0384189159    0.0562127560    0.0726773769
  0.0877731830    0.1015734404    0.1142025679    0.1257977515    0.1364879578
  0.1463898450    0.1556046754    0.1642172724    0.1723011106    0.1799180239
  0.1871200413    0.1939524740    0.2004532903    0.2066555768    0.2125884563
  0.2182753354    0.2237389535    0.2289985448    0.2340700060    0.2389683574
  0.2437076598    0.2482992619    0.2527532190    0.2570797533    0.2612875849
  0.2653839737    0.2693759292    0.2732700437    0.2770727843    0.2807883650
  0.2844229609    0.2879798681    0.2914645106    0.2948796004    0.2982298940
  0.3015174776    0.3047466487    0.3079191178    0.3110386819    0.3141066760
  0.3171266049    0.3201000124    0.3230284423    0.3259154409    0.3287611336
  0.3315677315    0.3343374878    0.3370712370    0.3397704393    0.3424369723
  0.3450721294    0.3476759523    0.3502512366    0.3527979821    0.3553171903
  0.3578109056    0.3602789611    0.3627228171    0.3651432663    0.3675411016
  0.3699171156    0.3722725183    0.3746069342    0.3769220740    0.3792175621
  0.3814955264    0.3837550074    0.3859980911    0.3882242769    0.3904340655
  0.3926284581    0.3948084563    0.3969734758    0.3991243929    0.4012622505
  0.4033862561    0.4054979533    0.4075971752    0.4096841723    0.4117604464
  0.4138246626    0.4158787400    0.4179214269    0.4199550599    0.4219783872
  0.4239922017    0.4259977549    0.4279932529    0.4299804479    0.4319591314
  0.4339305133    0.4358937591    0.4378496200    0.4397983044    0.4417404383
  0.4436753124    0.4456035107    0.4475262851    0.4494422585    0.4513530999
  0.4532579750    0.4551580518    0.4570524126    0.4589417666    0.4608266979
  0.4627073735    0.4645828754    0.4664553732    0.4683229893    0.4701877683
  0.4720483750    0.4739053935    0.4757599086    0.4776105434    0.4794583827
  0.4813040107    0.4831470102    0.4849884242    0.4868263751    0.4886629492
  0.4904971868    0.4923296720    0.4941614479    0.4959915549    0.4978201181
  0.4996476382    0.5014746577    0.5033002585    0.5051250249    0.5069503337
  0.5087753505    0.5105991989    0.5124237150    0.5142475635    0.5160727054
  0.5178972214    0.5197230309    0.5215492576    0.5233764023    0.5252048820
  0.5270347804    0.5288646787    0.5306964964    0.5325306922    0.5343658477
  0.5362024635    0.5380423754    0.5398828298    0.5417266220    0.5435732096
  0.5454217583    0.5472735614    0.5491272837    0.5509847194    0.5528458267
  0.5547097296    0.5565773040    0.5584485084    0.5603238016    0.5622026414
  0.5640864044    0.5659737140    0.5678654045    0.5697627693    0.5716640145
  0.5735712677    0.5754823595    0.5773997933    0.5793222338    0.5812509745
  0.5831850559    0.5851257294    0.5870720357    0.5890256852    0.5909853011
  0.5929520935    0.5949259788    0.5969072908    0.5988960296    0.6008924454
  0.6028977066    0.6049101442    0.6069312185    0.6089600950    0.6109991103
  0.6130469292    0.6151046365    0.6171717733    0.6192477554    0.6213357538
  0.6234335989    0.6255415410    0.6276610821    0.6297928482    0.6319343358
  0.6340897173    0.6362572819    0.6384364456    0.6406306297    0.6428375810
  0.6450579673    0.6472927064    0.6495420486    0.6518065363    0.6540878385
  0.6563834518    0.6586965472    0.6610272497    0.6633756846    0.6657400578
  0.6681246251    0.6705279261    0.6729530483    0.6753958613    0.6778620392
  0.6803485781    0.6828577310    0.6853908330    0.6879501373    0.6905332655
  0.6931430548    0.6957786709    0.6984414071    0.6999999791    0.7000000000
  0.7000000000    0.7000000000    0.7000000000    0.7000000000    0.7000000000
  0.7000000000    0.7000000000    0.7000000000    0.7000000000    0.7000000000
  0.7000000000    0.7000000000    0.7000000000    0.7000000000    0.7000000000
  0.7000000000    0.7000000000    0.7000000000    0.7000000000    0.7000000000
  0.7000000000    0.7000000000    0.7000000000    0.7000000000    0.7000000000
  0.7000000000    0.7000000000    0.7000000000    0.7000000000    0.7000000000
  0.7000000000    0.7000000000    0.7000000000    0.7000000000    0.7000000000
  0.7000000000    0.7000000000    0.7000000000    0.7000000000    0.7000000000
  0.7000000000    0.7000000000    0.7000000000    0.7000000000    0.7000000000
  0.7000000000    0.7000000000    0.7000000000    0.7000000000    0.7000000000
  0.7000000000    0.7000000000    0.7000000000    0.7000000000    0.7000000000
  0.7000000000    0.7000000000    0.7000000000    0.7000000000    0.7000000000
  0.7000000000    0.7000000000    0.7000000000    0.7000000000    0.7000000000
  0.7000000000    0.7000000000    0.7000000000    0.7000000000    0.7000000000
  0.0000000209    0.0178943723    0.0353064030    0.0518639416    0.0673537403
  0.0817066640    0.0949495405    0.1071622282    0.1184445709    0.1288982064
  0.1386188477    0.1476926535    0.1561957687    0.1641919047    0.1717385560
  0.1788833708    0.1856679887    0.1921288759    0.1982974917    0.2042004973
  0.2098621756    0.2153032631    0.2205418676    0.2255946785    0.2304757148
  0.2351981610    0.2397743255    0.2442135125    0.2485252351    0.2527180463
  0.2568002909    0.2607784361    0.2646582395    0.2684462517    0.2721477717
  0.2757671803    0.2793101519    0.2827797323    0.2861797184    0.2895142823
  0.2927861780    0.2959990770    0.2991557747    0.3022583991    0.3053099960
  0.3083123177    0.3112681597    0.3141788989    0.3170470804    0.3198739141
  0.3226622790    0.3254119664    0.3281262308    0.3308054060    0.3334518701
  0.3360657901    0.3386489600    0.3412025064    0.3437269300    0.3462249011
  0.3486952513    0.3511404842    0.3535615176    0.3559580594    0.3583320290
  0.3606830925    0.3630136281    0.3653226346    0.3676124483    0.3698820680
  0.3721337050    0.3743663579    0.3765821546    0.3787811369    0.3809632212
  0.3831294507    0.3852808267    0.3874167651    0.3895381838    0.3916460425
  0.3937402159    0.3958210796    0.3978895098    0.3999448806    0.4019890279
  0.4040212840    0.4060424417    0.4080528349    0.4100522548    0.4120419949
  0.4140212625    0.4159914345    0.4179521769    0.4199037820    0.4218469590
  0.4237814575    0.4257074863    0.4276257545    0.4295365125    0.4314398855
  0.4333361238    0.4352253944    0.4371078640    0.4389837414    0.4408531517
  0.4427173048    0.4445748240    0.4464273363    0.4482740492    0.4501150459
  0.4519514948    0.4537835211    0.4556102484    0.4574323028    0.4592508107
  0.4610648543    0.4628751010    0.4646815926    0.4664839953    0.4682828516
  0.4700787455    0.4718713433    0.4736611873    0.4754483193    0.4772324055
  0.4790139884    0.4807936519    0.4825704366    0.4843454272    0.4861191660
  0.4878902346    0.4896602184    0.4914281994    0.4931955963    0.4949606568
  0.4967257172    0.4984890252    0.5002519995    0.5020141810    0.5037751943
  0.5055369586    0.5072971374    0.5090576500    0.5108180791    0.5125798851
  0.5143406898    0.5161019951    0.5178637594    0.5196265250    0.5213898331
  0.5231541842    0.5249186188    0.5266850561    0.5284525365    0.5302216023
  0.5319922119    0.5337639064    0.5355380625    0.5373138458    0.5390911728
  0.5408710033    0.5426537544    0.5444385499    0.5462253481    0.5480159432
  0.5498081237    0.5516045600    0.5534024984    0.5552051097    0.5570114344
  0.5588197201    0.5606330544    0.5624495596    0.5642697364    0.5660944194
  0.5679235667    0.5697567195    0.5715938359    0.5734370440    0.5752837151
  0.5771359771    0.5789937466    0.5808566064    0.5827248901    0.5845981389
  0.5864780217    0.5883644551    0.5902569801    0.5921555132    0.5940603882
  0.5959720224    0.5978902906    0.5998160273    0.6017494828    0.6036898226
  0.6056372970    0.6075935751    0.6095584899    0.6115311652    0.6135118932
  0.6155022591    0.6175012618    0.6195096523    0.6215265125    0.6235545129
  0.6255919844    0.6276391774    0.6296979278    0.6317673594    0.6338480562
  0.6359399348    0.6380439967    0.6401593238    0.6422872514    0.6444280714
  0.6465819925    0.6487495571    0.6509302229    0.6531249493    0.6553358644
  0.6575611323    0.6598005861    0.6620570213    0.6643294364    0.6666191250
  0.6689250022    0.6712498218    0.6735918313    0.6759536594    0.6783360988
  0.6807373554    0.6831596822    0.6856045395    0.6880696744    0.6905587167
  0.6930705816    0.6956098169    0.6981723338    0.6999999791    0.7000000000
  0.7000000000    0.7000000000    0.7000000000    0.7000000000    0.7000000000
  0.7000000000    0.7000000000    0.7000000000    0.7000000000    0.7000000000
  0.7000000000    0.7000000000    0.7000000000    0.7000000000    0.7000000000
  0.7000000000    0.7000000000    0.7000000000    0.7000000000    0.7000000000
  0.7000000000    0.7000000000    0.7000000000    0.7000000000    0.7000000000
  0.7000000000    0.7000000000    0.7000000000    0.7000000000    0.7000000000
  0.7000000000    0.7000000000    0.7000000000    0.7000000000    0.7000000000
  0.7000000000    0.7000000000    0.7000000000    0.7000000000    0.7000000000
  0.7000000000    0.7000000000    0.7000000000    0.7000000000    0.7000000000
  0.7000000000    0.7000000000    0.7000000000    0.7000000000    0.7000000000
  0.7000000000    0.7000000000    0.7000000000    0.7000000000    0.7000000000
  0.7000000000    0.7000000000    0.7000000000    0.7000000000    0.7000000000
  0.0000000209    0.0164689809    0.0325670630    0.0479950696    0.0625641614
  0.0761912674    0.0888723403    0.1006530255    0.1116033763    0.1217999548
  0.1313207418    0.1402380019    0.1486153215    0.1565116972    0.1639761120
  0.1710543782    0.1777832538    0.1841974527    0.1903259724    0.1961953074
  0.2018269032    0.2072411627    0.2124563187    0.2174877256    0.2223491520
  0.2270539492    0.2316124231    0.2360354215    0.2403317481    0.2445097059
  0.2485770136    0.2525405973    0.2564062148    0.2601802081    0.2638680011
  0.2674731821    0.2710014671    0.2744570285    0.2778431207    0.2811626226
  0.2844207078    0.2876185864    0.2907597214    0.2938474089    0.2968828589
  0.2998696595    0.3028093129    0.3057039052    0.3085553557    0.3113654584
  0.3141358823    0.3168687969    0.3195651621    0.3222263545    0.3248543352
  0.3274491876    0.3300138324    0.3325477690    0.3350530833    0.3375303596
  0.3399810582    0.3424055547    0.3448053509    0.3471811980    0.3495333880
  0.3518632561    0.3541709274    0.3564576954    0.3587242275    0.3609716922
  0.3631990045    0.3654084593    0.3676000565    0.3697742969    0.3719317228
  0.3740733773    0.3761985928    0.3783089548    0.3804043382    0.3824852020
  0.3845529646    0.3866064161    0.3886470169    0.3906751424    0.3926905423
  0.3946946353    0.3966867536    0.3986676067    0.4006381541    0.4025975198
  0.4045465380    0.4064860433    0.4084151596    0.4103353053    0.4122466058
  0.4141483098    0.4160421699    0.4179273516    0.4198046476    0.4216742247
  0.4235362917    0.4253909737    0.4272380203    0.4290785998    0.4309123784
  0.4327394813    0.4345606595    0.4363759547    0.4381846160    0.4399882704
  0.4417865008    0.4435790151    0.4453658968    0.4471487731    0.4489263088
  0.4506995887    0.4524682373    0.4542333812    0.4559936017    0.4577495247
  0.4595021933    0.4612508148    0.4629963905    0.4647390038    0.4664778203
  0.4682133824    0.4699467331    0.4716770381    0.4734042972    0.4751290947
  0.4768515557    0.4785721809    0.4802905530    0.4820077151    0.4837212890
  0.4854342788    0.4871457666    0.4888557941    0.4905639023    0.4922715932
  0.4939780325    0.4956836373    0.4973875314    0.4990907580    0.5007937759
  0.5024966687    0.5041989356    0.5059007019    0.5076023847    0.5093049437
  0.5110070854    0.5127088100    0.5144114941    0.5161138445    0.5178176552
  0.5195220500    0.5212261528    0.5229327172    0.5246390313    0.5263473481
  0.5280563325    0.5297669023    0.5314786404    0.5331929237    0.5349074155
  0.5366248697    0.5383439928    0.5400651604    0.5417888314    0.5435136706
  0.5452419311    0.5469722360    0.5487055033    0.5504412323    0.5521794647
  0.5539219111    0.5556667775    0.5574145228    0.5591664821    0.5609212369
  0.5626797050    0.5644422621    0.5662080318    0.5679782659    0.5697525471
  0.5715312511    0.5733147532    0.5751021773    0.5768943578    0.5786916703
  0.5804940730    0.5823015243    0.5841139406    0.5859317809    0.5877557963
  0.5895850688    0.5914195567    0.5932605118    0.5951082259    0.5969626993
  0.5988229722    0.6006897956    0.6025640458    0.6044455141    0.6063329488
  0.6082287699    0.6101328522    0.6120438606    0.6139634222    0.6158901185
  0.6178263694    0.6197712570    0.6217246562    0.6236872762    0.6256589919
  0.6276400954    0.6296317130    0.6316328436    0.6336441964    0.6356660634
  0.6376994044    0.6397438020    0.6417997986    0.6438660592    0.6459452540
  0.6480367154    0.6501403600    0.6522574812    0.6543883294    0.6565334886
  0.6586907476    0.6608634442    0.6630513281    0.6652533978    0.6674705297
  0.6697051436    0.6719562382    0.6742254406    0.6765094131    0.6788134962
  0.6811362296    0.6834762365    0.6858386904    0.6882202536    0.6906246394
  0.6930492610    0.6954944521    0.6979644686    0.6999999791    0.7000000000
  0.7000000000    0.7000000000    0.7000000000    0.7000000000    0.7000000000
  0.7000000000    0.7000000000    0.7000000000    0.7000000000    0.7000000000
  0.7000000000    0.7000000000    0.7000000000    0.7000000000    0.7000000000
  0.7000000000    0.7000000000    0.7000000000    0.7000000000    0.7000000000
  0.7000000000    0.7000000000    0.7000000000    0.7000000000    0.7000000000
  0.7000000000    0.7000000000    0.7000000000    0.7000000000    0.7000000000
  0.7000000000    0.7000000000    0.7000000000    0.7000000000    0.7000000000
  0.7000000000    0.7000000000    0.7000000000    0.7000000000    0.7000000000
  0.7000000000    0.7000000000    0.7000000000    0.7000000000    0.7000000000
  0.7000000000    0.7000000000    0.7000000000    0.7000000000    0.7000000000
  0.0000000209    0.0152168661    0.0301454037    0.0445448488    0.0582507700
  0.0711768836    0.0832997411    0.0946404546    0.1052444190    0.1151682109
  0.1244730383    0.1332170635    0.1414556533    0.1492392093    0.1566115826
  0.1636124521    0.1702777833    0.1766385347    0.1827211589    0.1885500640
  0.1941472381    0.1995310813    0.2047189504    0.2097263247    0.2145658046
  0.2192498237    0.2237895638    0.2281949967    0.2324747175    0.2366369039
  0.2406891078    0.2446375459    0.2484890610    0.2522487432    0.2559225172
  0.2595139712    0.2630286962    0.2664697379    0.2698419780    0.2731484205
  0.2763916939    0.2795754284    0.2827025443    0.2857755870    0.2887970597
  0.2917692989    0.2946938485    0.2975733787    0.3004091829    0.3032041818
  0.3059590012    0.3086756855    0.3113558620    0.3140008658    0.3166114897
  0.3191901535    0.3217368990    0.3242534786    0.3267409354    0.3292003125
  0.3316326112    0.3340387076    0.3364195198    0.3387758821    0.3411085874
  0.3434189707    0.3457072407    0.3479740232    0.3502194852    0.3524459213
  0.3546522886    0.3568407983    0.3590109497    0.3611632437    0.3632981807
  0.3654168874    0.3675197393    0.3696066946    0.3716787547    0.3737362951
  0.3757797748    0.3778089851    0.3798248857    0.3818283528    0.3838186353
  0.3857971936    0.3877632767    0.3897182196    0.3916618139    0.3935943514
  0.3955166250    0.3974283844    0.3993304640    0.4012219876    0.4031048328
  0.4049786657    0.4068432361    0.4086992115    0.4105468839    0.4123859197
  0.4142175287    0.4160408765    0.4178577155    0.4196666688    0.4214689463
  0.4232637137    0.4250525981    0.4268342644    0.4286099225    0.4303796560
  0.4321441740    0.4339020580    0.4356549770    0.4374025553    0.4391444176
  0.4408811897    0.4426139981    0.4443414241    0.4460646361    0.4477831751
  0.4494982094    0.4512083203    0.4529155940    0.4546176106    0.4563169986
  0.4580123395    0.4597047180    0.4613936752    0.4630798370    0.4647622854
  0.4664430648    0.4681202978    0.4697950274    0.4714672953    0.4731376439
  0.4748052388    0.4764715403    0.4781351298    0.4797966331    0.4814570099
  0.4831153840    0.4847727150    0.4864281684    0.4880827039    0.4897358626
  0.4913877279    0.4930388421    0.4946896642    0.4963383585    0.4979873449
  0.4996361643    0.5012839407    0.5029320925    0.5045782834    0.5062258512
  0.5078734189    0.5095205277    0.5111685961    0.5128162891    0.5144645244
  0.5161133021    0.5177622467    0.5194122344    0.5210628480    0.5227150053
  0.5243678302    0.5260213226    0.5276763588    0.5293330222    0.5309903532
  0.5326501876    0.5343106896    0.5359737366    0.5376379520    0.5393041700
  0.5409729332    0.5426437408    0.5443161339    0.5459910303    0.5476693064
  0.5493495852    0.5510327429    0.5527174860    0.5544064432    0.5560982376
  0.5577924520    0.5594912142    0.5611919373    0.5628971666    0.5646051913
  0.5663168043    0.5680328816    0.5697525054    0.5714756757    0.5732045203
  0.5749359101    0.5766729325    0.5784137517    0.5801596612    0.5819106191
  0.5836660832    0.5854261369    0.5871919066    0.5889629334    0.5907400519
  0.5925223440    0.5943101853    0.5961039096    0.5979043096    0.5997100502
  0.6015223831    0.6033420175    0.6051672429    0.6070000619    0.6088395149
  0.6106860191    0.6125399083    0.6144026428    0.6162709683    0.6181488067
  0.6200340301    0.6219270140    0.6238292187    0.6257401854    0.6276601225
  0.6295890301    0.6315266997    0.6334746748    0.6354319960    0.6374005407
  0.6393781811    0.6413671702    0.6433653802    0.6453766078    0.6473971814
  0.6494296461    0.6514753789    0.6535327107    0.6556026012    0.6576845080
  0.6597808927    0.6618904203    0.6640121311    0.6661499888    0.6683022410
  0.6704694301    0.6726520568    0.6748506635    0.6770652920    0.6792957753
  0.6815450758    0.6838096470    0.6860949963    0.6883972436    0.6907203525
  0.6930646986    0.6954288632    0.6978128046    0.6999999791    0.7000000000
  0.7000000000    0.7000000000    0.7000000000    0.7000000000    0.7000000000
  0.7000000000    0.7000000000    0.7000000000    0.7000000000    0.7000000000
  0.7000000000    0.7000000000    0.7000000000    0.7000000000    0.7000000000
  0.7000000000    0.7000000000    0.7000000000    0.7000000000    0.7000000000
  0.7000000000    0.7000000000    0.7000000000    0.7000000000    0.7000000000
  0.7000000000    0.7000000000    0.7000000000    0.7000000000    0.7000000000
  0.7000000000    0.7000000000    0.7000000000    0.7000000000    0.7000000000
  0.7000000000    0.7000000000    0.7000000000    0.7000000000    0.7000000000
