  0.0000000000    0.0150000000
  0.0002500000    0.0010000000    179    30
  0.0000000209    0.0711768836    0.1244730383    0.1636124521    0.1941472381
  0.2192498237    0.2406891078    0.2595139712    0.2763916939    0.2917692989
  0.3059590012    0.3191901535    0.3316326112    0.3434189707    0.3546522886
  0.3654168874    0.3757797748    0.3857971936    0.3955166250    0.4049786657
  0.4142175287    0.4232637137    0.4321441740    0.4408811897    0.4494982094
  0.4580123395    0.4664430648    0.4748052388    0.4831153840    0.4913877279
  0.4996361643    0.5078734189    0.5161133021    0.5243678302    0.5326501876
  0.5409729332    0.5493495852    0.5577924520    0.5663168043    0.5749359101
  0.5836660832    0.5925223440    0.6015223831    0.6106860191    0.6200340301
  0.6295890301    0.6393781811    0.6494296461    0.6597808927    0.6704694301
  0.6815450758    0.6930646986    0.6999999791    0.7000000000    0.7000000000
  0.7000000000    0.7000000000    0.7000000000    0.7000000000    0.7000000000
  0.7000000000    0.7000000000    0.7000000000    0.7000000000    0.7000000000
  0.7000000000    0.7000000000    0.7000000000    0.7000000000    0.7000000000
  0.7000000000    0.7000000000    0.7000000000    0.7000000000    0.7000000000
  0.7000000000    0.7000000000    0.7000000000    0.7000000000    0.7000000000
  0.7000000000    0.7000000000    0.7000000000    0.7000000000    0.7000000000
  0.7000000000    0.7000000000    0.7000000000    0.7000000000    0.7000000000
  0.7000000000    0.7000000000    0.7000000000    0.7000000000    0.7000000000
  0.7000000000    0.7000000000    0.7000000000    0.7000000000    0.7000000000
  0.7000000000    0.7000000000    0.7000000000    0.7000000000    0.7000000000
  0.7000000000    0.7000000000    0.7000000000    0.7000000000    0.7000000000
  0.7000000000    0.7000000000    0.7000000000    0.7000000000    0.7000000000
  0.7000000000    0.7000000000    0.7000000000    0.7000000000    0.7000000000
  0.7000000000    0.7000000000    0.7000000000    0.7000000000    0.7000000000
  0.7000000000    0.7000000000    0.7000000000    0.7000000000    0.7000000000
  0.7000000000    0.7000000000    0.7000000000    0.7000000000    0.7000000000
  0.7000000000    0.7000000000    0.7000000000    0.7000000000    0.7000000000
  0.7000000000    0.7000000000    0.7000000000    0.7000000000    0.7000000000
  0.7000000000    0.7000000000    0.7000000000    0.7000000000    0.7000000000
  0.7000000000    0.7000000000    0.7000000000    0.7000000000    0.7000000000
  0.7000000000    0.7000000000    0.7000000000    0.7000000000    0.7000000000
  0.7000000000    0.7000000000    0.7000000000    0.7000000000    0.7000000000
  0.7000000000    0.7000000000    0.7000000000    0.7000000000    0.7000000000
  0.7000000000    0.7000000000    0.7000000000    0.7000000000    0.7000000000
  0.7000000000    0.7000000000    0.7000000000    0.7000000000    0.7000000000
  0.0000000209    0.0638054281    0.1139971226    0.1520226508    0.1820883006
  0.2069480985    0.2282295436    0.2469302803    0.2636946410    0.2789595097
  0.2930328459    0.3061403304    0.3184512764    0.3300972372    0.3411809772
  0.3517850667    0.3619775981    0.3718147725    0.3813429862    0.3906029195
  0.3996282846    0.4084485799    0.4170904249    0.4255771428    0.4339283854
  0.4421643883    0.4502999216    0.4583520919    0.4663348764    0.4742619604
  0.4821452767    0.4899967164    0.4978285462    0.5056516141    0.5134768516
  0.5213148564    0.5291762263    0.5370717257    0.5450117856    0.5530086726
  0.5610720664    0.5692141503    0.5774476916    0.5857850820    0.5942419678
  0.6028309911    0.6115693003    0.6204748780    0.6295659155    0.6388649851
  0.6483971208    0.6581887752    0.6682731599    0.6786880344    0.6894789189
  0.6999999791    0.7000000000    0.7000000000    0.7000000000    0.7000000000
  0.7000000000    0.7000000000    0.7000000000    0.7000000000    0.7000000000
  0.7000000000    0.7000000000    0.7000000000    0.7000000000    0.7000000000
  0.7000000000    0.7000000000    0.7000000000    0.7000000000    0.7000000000
  0.7000000000    0.7000000000    0.7000000000    0.7000000000    0.7000000000
  0.7000000000    0.7000000000    0.7000000000    0.7000000000    0.7000000000
  0.7000000000    0.7000000000    0.7000000000    0.7000000000    0.7000000000
  0.7000000000    0.7000000000    0.7000000000    0.7000000000    0.7000000000
  0.7000000000    0.7000000000    0.7000000000    0.7000000000    0.7000000000
  0.7000000000    0.7000000000    0.7000000000    0.7000000000    0.7000000000
  0.7000000000    0.7000000000    0.7000000000    0.7000000000    0.7000000000
  0.7000000000    0.7000000000    0.7000000000    0.7000000000    0.7000000000
  0.7000000000    0.7000000000    0.7000000000    0.7000000000    0.7000000000
  0.7000000000    0.7000000000    0.7000000000    0.7000000000    0.7000000000
  0.7000000000    0.7000000000    0.7000000000    0.7000000000    0.7000000000
  0.7000000000    0.7000000000    0.7000000000    0.7000000000    0.7000000000
  0.7000000000    0.7000000000    0.7000000000    0.7000000000    0.7000000000
  0.7000000000    0.7000000000    0.7000000000    0.7000000000    0.7000000000
  0.7000000000    0.7000000000    0.7000000000    0.7000000000    0.7000000000
  0.7000000000    0.7000000000    0.7000000000    0.7000000000    0.7000000000
  0.7000000000    0.7000000000    0.7000000000    0.7000000000    0.7000000000
  0.7000000000    0.7000000000    0.7000000000    0.7000000000    0.7000000000
  0.7000000000    0.7000000000    0.7000000000    0.7000000000    0.7000000000
  0.7000000000    0.7000000000    0.7000000000    0.7000000000    0.7000000000
  0.7000000000    0.7000000000    0.7000000000    0.7000000000    0.7000000000
  0.0000000209    0.0574956208    0.1046041340    0.1413824290    0.1708917409
  0.1954590172    0.2165577561    0.2351231009    0.2517724305    0.2669295698
  0.2808948427    0.2938913435    0.3060866743    0.3176096767    0.3285636574
  0.3390312701    0.3490786880    0.3587619871    0.3681284398    0.3772169322
  0.3860622615    0.3946932167    0.4031353325    0.4114119321    0.4195430845
  0.4275470227    0.4354391009    0.4432358831    0.4509495527    0.4585934192
  0.4661796659    0.4737184316    0.4812218577    0.4886987895    0.4961583227
  0.5036110550    0.5110660821    0.5185320824    0.5260173589    0.5335329682
  0.5410853356    0.5486861855    0.5563432366    0.5640667528    0.5718662053
  0.5797529012    0.5877397746    0.5958358794    0.6040547341    0.6124107331
  0.6209185630    0.6295947045    0.6384569734    0.6475256473    0.6568239659
  0.6663791746    0.6762192279    0.6863800913    0.6969069093    0.6999999791
  0.7000000000    0.7000000000    0.7000000000    0.7000000000    0.7000000000
  0.7000000000    0.7000000000    0.7000000000    0.7000000000    0.7000000000
  0.7000000000    0.7000000000    0.7000000000    0.7000000000    0.7000000000
  0.7000000000    0.7000000000    0.7000000000    0.7000000000    0.7000000000
  0.7000000000    0.7000000000    0.7000000000    0.7000000000    0.7000000000
  0.7000000000    0.7000000000    0.7000000000    0.7000000000    0.7000000000
  0.7000000000    0.7000000000    0.7000000000    0.7000000000    0.7000000000
  0.7000000000    0.7000000000    0.7000000000    0.7000000000    0.7000000000
  0.7000000000    0.7000000000    0.7000000000    0.7000000000    0.7000000000
  0.7000000000    0.7000000000    0.7000000000    0.7000000000    0.7000000000
  0.7000000000    0.7000000000    0.7000000000    0.7000000000    0.7000000000
  0.7000000000    0.7000000000    0.7000000000    0.7000000000    0.7000000000
  0.7000000000    0.7000000000    0.7000000000    0.7000000000    0.7000000000
  0.7000000000    0.7000000000    0.7000000000    0.7000000000    0.7000000000
  0.7000000000    0.7000000000    0.7000000000    0.7000000000    0.7000000000
  0.7000000000    0.7000000000    0.7000000000    0.7000000000    0.7000000000
  0.7000000000    0.7000000000    0.7000000000    0.7000000000    0.7000000000
  0.7000000000    0.7000000000    0.7000000000    0.7000000000    0.7000000000
  0.7000000000    0.7000000000    0.7000000000    0.7000000000    0.7000000000
  0.7000000000    0.7000000000    0.7000000000    0.7000000000    0.7000000000
  0.7000000000    0.7000000000    0.7000000000    0.7000000000    0.7000000000
  0.7000000000    0.7000000000    0.7000000000    0.7000000000    0.7000000000
  0.7000000000    0.7000000000    0.7000000000    0.7000000000    0.7000000000
  0.7000000000    0.7000000000    0.7000000000    0.7000000000    0.7000000000
  0.0000000209    0.0520746440    0.0961933941    0.1316238195    0.1604933888
  0.1847170740    0.2056045681    0.2240197510    0.2405479163    0.2555971593
  0.2694600433    0.2823536962    0.2944438428    0.3058578640    0.3166980237
  0.3270452231    0.3369663030    0.3465179652    0.3557444364    0.3646866053
  0.3733773500    0.3818463355    0.3901194721    0.3982182473    0.4061621457
  0.4139708191    0.4216584533    0.4292400271    0.4367296427    0.4441376060
  0.4514771014    0.4587583095    0.4659899920    0.4731817037    0.4803435415
  0.4874831408    0.4946088463    0.5017284185    0.5088500351    0.5159812480
  0.5231300682    0.5303039640    0.5375098616    0.5447568566    0.5520521671
  0.5594042212    0.5668212801    0.5743123144    0.5818860441    0.5895533592
  0.5973231882    0.6052073389    0.6132165760    0.6213658780    0.6296677202
  0.6381372064    0.6467916518    0.6556503743    0.6647340268    0.6740686864
  0.6836820573    0.6936062247    0.6999999791    0.7000000000    0.7000000000
  0.7000000000    0.7000000000    0.7000000000    0.7000000000    0.7000000000
  0.7000000000    0.7000000000    0.7000000000    0.7000000000    0.7000000000
  0.7000000000    0.7000000000    0.7000000000    0.7000000000    0.7000000000
  0.7000000000    0.7000000000    0.7000000000    0.7000000000    0.7000000000
  0.7000000000    0.7000000000    0.7000000000    0.7000000000    0.7000000000
  0.7000000000    0.7000000000    0.7000000000    0.7000000000    0.7000000000
  0.7000000000    0.7000000000    0.7000000000    0.7000000000    0.7000000000
  0.7000000000    0.7000000000    0.7000000000    0.7000000000    0.7000000000
  0.7000000000    0.7000000000    0.7000000000    0.7000000000    0.7000000000
  0.7000000000    0.7000000000    0.7000000000    0.7000000000    0.7000000000
  0.7000000000    0.7000000000    0.7000000000    0.7000000000    0.7000000000
  0.7000000000    0.7000000000    0.7000000000    0.7000000000    0.7000000000
  0.7000000000    0.7000000000    0.7000000000    0.7000000000    0.7000000000
  0.7000000000    0.7000000000    0.7000000000    0.7000000000    0.7000000000
  0.7000000000    0.7000000000    0.7000000000    0.7000000000    0.7000000000
  0.7000000000    0.7000000000    0.7000000000    0.7000000000    0.7000000000
  0.7000000000    0.7000000000    0.7000000000    0.7000000000    0.7000000000
  0.7000000000    0.7000000000    0.7000000000    0.7000000000    0.7000000000
  0.7000000000    0.7000000000    0.7000000000    0.7000000000    0.7000000000
  0.7000000000    0.7000000000    0.7000000000    0.7000000000    0.7000000000
  0.7000000000    0.7000000000    0.7000000000    0.7000000000    0.7000000000
  0.7000000000    0.7000000000    0.7000000000    0.7000000000    0.7000000000
  0.7000000000    0.7000000000    0.7000000000    0.7000000000    0.7000000000
  0.0000000209    0.0473968834    0.0886682302    0.1226833612    0.1508387536
  0.1746688634    0.1953126937    0.2135597736    0.2299578458    0.2448962718
  0.2586576849    0.2714538306    0.2834461361    0.2947610646    0.3054983765
  0.3157392234    0.3255491525    0.3349837393    0.3440890044    0.3529032916
  0.3614606470    0.3697900265    0.3779164225    0.3858626992    0.3936470062
  0.4012882441    0.4088014334    0.4162003845    0.4234989494    0.4307088107
  0.4378400236    0.4449026853    0.4519074351    0.4588622838    0.4657749504
  0.4726549059    0.4795082837    0.4863433868    0.4931662232    0.4999840528
  0.5068048030    0.5136334389    0.5204773873    0.5273431152    0.5342367142
  0.5411660284    0.5481366903    0.5551570445    0.5622317642    0.5693707794
  0.5765808076    0.5838694006    0.5912463218    0.5987186223    0.6062984437
  0.6139944643    0.6218171149    0.6297791630    0.6378935426    0.6461736470
  0.6546371251    0.6633024186    0.6721871763    0.6813165158    0.6907156378
  0.6999999791    0.7000000000    0.7000000000    0.7000000000    0.7000000000
  0.7000000000    0.7000000000    0.7000000000    0.7000000000    0.7000000000
  0.7000000000    0.7000000000    0.7000000000    0.7000000000    0.7000000000
  0.7000000000    0.7000000000    0.7000000000    0.7000000000    0.7000000000
  0.7000000000    0.7000000000    0.7000000000    0.7000000000    0.7000000000
  0.7000000000    0.7000000000    0.7000000000    0.7000000000    0.7000000000
  0.7000000000    0.7000000000    0.7000000000    0.7000000000    0.7000000000
  0.7000000000    0.7000000000    0.7000000000    0.7000000000    0.7000000000
  0.7000000000    0.7000000000    0.7000000000    0.7000000000    0.7000000000
  0.7000000000    0.7000000000    0.7000000000    0.7000000000    0.7000000000
  0.7000000000    0.7000000000    0.7000000000    0.7000000000    0.7000000000
  0.7000000000    0.7000000000    0.7000000000    0.7000000000    0.7000000000
  0.7000000000    0.7000000000    0.7000000000    0.7000000000    0.7000000000
  0.7000000000    0.7000000000    0.7000000000    0.7000000000    0.7000000000
  0.7000000000    0.7000000000    0.7000000000    0.7000000000    0.7000000000
  0.7000000000    0.7000000000    0.7000000000    0.7000000000    0.7000000000
  0.7000000000    0.7000000000    0.7000000000    0.7000000000    0.7000000000
  0.7000000000    0.7000000000    0.7000000000    0.7000000000    0.7000000000
  0.7000000000    0.7000000000    0.7000000000    0.7000000000    0.7000000000
  0.7000000000    0.7000000000    0.7000000000    0.7000000000    0.7000000000
  0.7000000000    0.7000000000    0.7000000000    0.7000000000    0.7000000000
  0.7000000000    0.7000000000    0.7000000000    0.7000000000    0.7000000000
  0.7000000000    0.7000000000    0.7000000000    0.7000000000    0.7000000000
  0.0000000209    0.0433407992    0.0819361001    0.1145000547    0.1418790191
  0.1652668208    0.1856353194    0.2036934346    0.2199499398    0.2347717494
  0.2484304398    0.2611307472    0.2730306357    0.2842529386    0.2948957473
  0.3050400883    0.3147505909    0.3240815789    0.3330785304    0.3417808741
  0.3502206117    0.3584279090    0.3664268821    0.3742394775    0.3818856388
  0.3893819302    0.3967440397    0.4039864868    0.4111214966    0.4181598336
  0.4251134723    0.4319911748    0.4388025373    0.4455557376    0.4522584945
  0.4589191526    0.4655441791    0.4721399575    0.4787138313    0.4852712661
  0.4918197721    0.4983638972    0.5049093992    0.5114634544    0.5180300683
  0.5246161669    0.5312269241    0.5378680557    0.5445466548    0.5512668520
  0.5580354065    0.5648595780    0.5717439979    0.5786967605    0.5857249588
  0.5928364366    0.6000376612    0.6073381037    0.6147457749    0.6222706884
  0.6299231917    0.6377141327    0.6456583232    0.6537638575    0.6620513469
  0.6705347687    0.6792332739    0.6881687671    0.6973674506    0.6999999791
  0.7000000000    0.7000000000    0.7000000000    0.7000000000    0.7000000000
  0.7000000000    0.7000000000    0.7000000000    0.7000000000    0.7000000000
  0.7000000000    0.7000000000    0.7000000000    0.7000000000    0.7000000000
  0.7000000000    0.7000000000    0.7000000000    0.7000000000    0.7000000000
  0.7000000000    0.7000000000    0.7000000000    0.7000000000    0.7000000000
  0.7000000000    0.7000000000    0.7000000000    0.7000000000    0.7000000000
  0.7000000000    0.7000000000    0.7000000000    0.7000000000    0.7000000000
  0.7000000000    0.7000000000    0.7000000000    0.7000000000    0.7000000000
  0.7000000000    0.7000000000    0.7000000000    0.7000000000    0.7000000000
  0.7000000000    0.7000000000    0.7000000000    0.7000000000    0.7000000000
  0.7000000000    0.7000000000    0.7000000000    0.7000000000    0.7000000000
  0.7000000000    0.7000000000    0.7000000000    0.7000000000    0.7000000000
  0.7000000000    0.7000000000    0.7000000000    0.7000000000    0.7000000000
  0.7000000000    0.7000000000    0.7000000000    0.7000000000    0.7000000000
  0.7000000000    0.7000000000    0.7000000000    0.7000000000    0.7000000000
  0.7000000000    0.7000000000    0.7000000000    0.7000000000    0.7000000000
  0.7000000000    0.7000000000    0.7000000000    0.7000000000    0.7000000000
  0.7000000000    0.7000000000    0.7000000000    0.7000000000    0.7000000000
  0.7000000000    0.7000000000    0.7000000000    0.7000000000    0.7000000000
  0.7000000000    0.7000000000    0.7000000000    0.7000000000    0.7000000000
  0.7000000000    0.7000000000    0.7000000000    0.7000000000    0.7000000000
  0.7000000000    0.7000000000    0.7000000000    0.7000000000    0.7000000000
  0.0000000209    0.0398056716    0.0759097189    0.1070156544    0.1335694164
  0.1564692229    0.1765303463    0.1943788856    0.2104798883    0.2251774460
  0.2387303263    0.2513346702    0.2631438106    0.2742774516    0.2848327667
  0.2948881537    0.3045071155    0.3137443095    0.3226449639    0.3312462121
  0.3395823926    0.3476814181    0.3555675715    0.3632635504    0.3707882136
  0.3781577915    0.3853887230    0.3924941510    0.3994864255    0.4063771456
  0.4131762832    0.4198940188    0.4265390307    0.4331194133    0.4396424264
  0.4461149544    0.4525450498    0.4589385539    0.4653011411    0.4716382354
  0.4779575974    0.4842619389    0.4905579358    0.4968517631    0.5031470925
  0.5094490558    0.5157629937    0.5220948726    0.5284475297    0.5348272234
  0.5412393779    0.5476883322    0.5541797191    0.5607188791    0.5673113614
  0.5739638418    0.5806806594    0.5874689490    0.5943355113    0.6012869805
  0.6083302408    0.6154748887    0.6227273077    0.6300972611    0.6375930935
  0.6452266127    0.6530103773    0.6609551936    0.6690749973    0.6773875624
  0.6859107047    0.6946623236    0.6999999791    0.7000000000    0.7000000000
  0.7000000000    0.7000000000    0.7000000000    0.7000000000    0.7000000000
  0.7000000000    0.7000000000    0.7000000000    0.7000000000    0.7000000000
  0.7000000000    0.7000000000    0.7000000000    0.7000000000    0.7000000000
  0.7000000000    0.7000000000    0.7000000000    0.7000000000    0.7000000000
  0.7000000000    0.7000000000    0.7000000000    0.7000000000    0.7000000000
  0.7000000000    0.7000000000    0.7000000000    0.7000000000    0.7000000000
  0.7000000000    0.7000000000    0.7000000000    0.7000000000    0.7000000000
  0.7000000000    0.7000000000    0.7000000000    0.7000000000    0.7000000000
  0.7000000000    0.7000000000    0.7000000000    0.7000000000    0.7000000000
  0.7000000000    0.7000000000    0.7000000000    0.7000000000    0.7000000000
  0.7000000000    0.7000000000    0.7000000000    0.7000000000    0.7000000000
  0.7000000000    0.7000000000    0.7000000000    0.7000000000    0.7000000000
  0.7000000000    0.7000000000    0.7000000000    0.7000000000    0.7000000000
  0.7000000000    0.7000000000    0.7000000000    0.7000000000    0.7000000000
  0.7000000000    0.7000000000    0.7000000000    0.7000000000    0.7000000000
  0.7000000000    0.7000000000    0.7000000000    0.7000000000    0.7000000000
  0.7000000000    0.7000000000    0.7000000000    0.7000000000    0.7000000000
  0.7000000000    0.7000000000    0.7000000000    0.7000000000    0.7000000000
  0.7000000000    0.7000000000    0.7000000000    0.7000000000    0.7000000000
  0.7000000000    0.7000000000    0.7000000000    0.7000000000    0.7000000000
  0.7000000000    0.7000000000    0.7000000000    0.7000000000    0.7000000000
  0.0000000209    0.0367090553    0.0705096036    0.1001735836    0.1258655101
  0.1482402712    0.1679623097    0.1855788261    0.2015098900    0.2160741001
  0.2295157045    0.2420222491    0.2537410587    0.2647889167    0.2752604932
  0.2852318913    0.2947664469    0.3039177328    0.3127301425    0.3212412268
  0.3294835716    0.3374857157    0.3452713162    0.3528631538    0.3602797538
  0.3675378889    0.3746525377    0.3816375107    0.3885047823    0.3952661604
  0.4019311994    0.4085092038    0.4150096446    0.4214391977    0.4278059572
  0.4341173083    0.4403792590    0.4465972751    0.4527783662    0.4589276224
  0.4650507599    0.4711517006    0.4772360355    0.4833089381    0.4893748313
  0.4954383880    0.5015034884    0.5075742632    0.5136573046    0.5197544068
  0.5258712023    0.5320116550    0.5381804794    0.5443824738    0.5506213516
  0.5569030792    0.5632312447    0.5696112722    0.5760477930    0.5825472742
  0.5891148895    0.5957558125    0.6024769694    0.6092838258    0.6161850601
  0.6231847197    0.6302945703    0.6375204533    0.6448717147    0.6523594946
  0.6599929303    0.6677857488    0.6757493824    0.6839013129    0.6922565609
  0.6999999791    0.7000000000    0.7000000000    0.7000000000    0.7000000000
  0.7000000000    0.7000000000    0.7000000000    0.7000000000    0.7000000000
  0.7000000000    0.7000000000    0.7000000000    0.7000000000    0.7000000000
  0.7000000000    0.7000000000    0.7000000000    0.7000000000    0.7000000000
  0.7000000000    0.7000000000    0.7000000000    0.7000000000    0.7000000000
  0.7000000000    0.7000000000    0.7000000000    0.7000000000    0.7000000000
  0.7000000000    0.7000000000    0.7000000000    0.7000000000    0.7000000000
  0.7000000000    0.7000000000    0.7000000000    0.7000000000    0.7000000000
  0.7000000000    0.7000000000    0.7000000000    0.7000000000    0.7000000000
  0.7000000000    0.7000000000    0.7000000000    0.7000000000    0.7000000000
  0.7000000000    0.7000000000    0.7000000000    0.7000000000    0.7000000000
  0.7000000000    0.7000000000    0.7000000000    0.7000000000    0.7000000000
  0.7000000000    0.7000000000    0.7000000000    0.7000000000    0.7000000000
  0.7000000000    0.7000000000    0.7000000000    0.7000000000    0.7000000000
  0.7000000000    0.7000000000    0.7000000000    0.7000000000    0.7000000000
  0.7000000000    0.7000000000    0.7000000000    0.7000000000    0.7000000000
  0.7000000000    0.7000000000    0.7000000000    0.7000000000    0.7000000000
  0.7000000000    0.7000000000    0.7000000000    0.7000000000    0.7000000000
  0.7000000000    0.7000000000    0.7000000000    0.7000000000    0.7000000000
  0.7000000000    0.7000000000    0.7000000000    0.7000000000    0.7000000000
  0.7000000000    0.7000000000    0.7000000000    0.7000000000    0.7000000000
  0.0000000209    0.0339828998    0.0656631559    0.0939196855    0.1187286645
  0.1405445009    0.1598995835    0.1772625476    0.1930075675    0.2074281663
  0.2207521945    0.2331570596    0.2447847456    0.2557478637    0.2661377877
  0.2760291189    0.2854847759    0.2945554525    0.3032863349    0.3117140561
  0.3198711187    0.3277858943    0.3354815394    0.3429797918    0.3502996355
  0.3574580520    0.3644689351    0.3713473469    0.3781042606    0.3847504407
  0.3912973613    0.3977521986    0.4041246742    0.4104225904    0.4166536659
  0.4228234917    0.4289382428    0.4350045115    0.4410280555    0.4470142156
  0.4529674143    0.4588928252    0.4647957057    0.4706791848    0.4765488952
  0.4824083418    0.4882613629    0.4941127986    0.4999654859    0.5058239311
  0.5116928071    0.5175752431    0.5234754115    0.5293961078    0.5353419632
  0.5413175672    0.5473261744    0.5533719152    0.5594589621    0.5655925304
  0.5717759162    0.5780146271    0.5843122095    0.5906739622    0.5971068949
  0.6036134690    0.6102023631    0.6168768317    0.6236456782    0.6305151612
  0.6374907881    0.6445833653    0.6518000275    0.6591490358    0.6666428238
  0.6742903203    0.6821064621    0.6901027650    0.6982962936    0.6999999791
  0.7000000000    0.7000000000    0.7000000000    0.7000000000    0.7000000000
  0.7000000000    0.7000000000    0.7000000000    0.7000000000    0.7000000000
  0.7000000000    0.7000000000    0.7000000000    0.7000000000    0.7000000000
  0.7000000000    0.7000000000    0.7000000000    0.7000000000    0.7000000000
  0.7000000000    0.7000000000    0.7000000000    0.7000000000    0.7000000000
  0.7000000000    0.7000000000    0.7000000000    0.7000000000    0.7000000000
  0.7000000000    0.7000000000    0.7000000000    0.7000000000    0.7000000000
  0.7000000000    0.7000000000    0.7000000000    0.7000000000    0.7000000000
  0.7000000000    0.7000000000    0.7000000000    0.7000000000    0.7000000000
  0.7000000000    0.7000000000    0.7000000000    0.7000000000    0.7000000000
  0.7000000000    0.7000000000    0.7000000000    0.7000000000    0.7000000000
  0.7000000000    0.7000000000    0.7000000000    0.7000000000    0.7000000000
  0.7000000000    0.7000000000    0.7000000000    0.7000000000    0.7000000000
  0.7000000000    0.7000000000    0.7000000000    0.7000000000    0.7000000000
  0.7000000000    0.7000000000    0.7000000000    0.7000000000    0.7000000000
  0.7000000000    0.7000000000    0.7000000000    0.7000000000    0.7000000000
  0.7000000000    0.7000000000    0.7000000000    0.7000000000    0.7000000000
  0.7000000000    0.7000000000    0.7000000000    0.7000000000    0.7000000000
  0.7000000000    0.7000000000    0.7000000000    0.7000000000    0.7000000000
  0.7000000000    0.7000000000    0.7000000000    0.7000000000    0.7000000000
  0.0000000209    0.0315708786    0.0613049120    0.0882025570    0.1121183246
  0.1333497852    0.1523125857    0.1694012195    0.1849450082    0.1992104799
  0.2124092549    0.2247084767    0.2362422436    0.2471204132    0.2574294358
  0.2672433704    0.2766228408    0.2856182486    0.2942731529    0.3026239365
  0.3107021421    0.3185366839    0.3261494666    0.3335632712    0.3407961220
  0.3478637487    0.3547824234    0.3615649968    0.3682230681    0.3747676104
  0.3812084287    0.3875544935    0.3938140661    0.3999955326    0.4061052352
  0.4121504754    0.4181364268    0.4240694314    0.4299548715    0.4357982129
  0.4416035861    0.4473758310    0.4531199962    0.4588397533    0.4645386487
  0.4702223569    0.4758929223    0.4815546006    0.4872114390    0.4928663164
  0.4985233217    0.5041859180    0.5098569006    0.5155407339    0.5212397963
  0.5269581765    0.5326992959    0.5384664088    0.5442629784    0.5500940531
  0.5559601337    0.5618678957    0.5678205103    0.5738207728    0.5798742741
  0.5859853953    0.5921574742    0.5983943909    0.6047032803    0.6110888571
  0.6175543338    0.6241076380    0.6307544857    0.6375009686    0.6443521351
  0.6513188750    0.6584074467    0.6656259447    0.6729861766    0.6804973215
  0.6881698519    0.6960197479    0.6999999791    0.7000000000    0.7000000000
  0.7000000000    0.7000000000    0.7000000000    0.7000000000    0.7000000000
  0.7000000000    0.7000000000    0.7000000000    0.7000000000    0.7000000000
  0.7000000000    0.7000000000    0.7000000000    0.7000000000    0.7000000000
  0.7000000000    0.7000000000    0.7000000000    0.7000000000    0.7000000000
  0.7000000000    0.7000000000    0.7000000000    0.7000000000    0.7000000000
  0.7000000000    0.7000000000    0.7000000000    0.7000000000    0.7000000000
  0.7000000000    0.7000000000    0.7000000000    0.7000000000    0.7000000000
  0.7000000000    0.7000000000    0.7000000000    0.7000000000    0.7000000000
  0.7000000000    0.7000000000    0.7000000000    0.7000000000    0.7000000000
  0.7000000000    0.7000000000    0.7000000000    0.7000000000    0.7000000000
  0.7000000000    0.7000000000    0.7000000000    0.7000000000    0.7000000000
  0.7000000000    0.7000000000    0.7000000000    0.7000000000    0.7000000000
  0.7000000000    0.7000000000    0.7000000000    0.7000000000    0.7000000000
  0.7000000000    0.7000000000    0.7000000000    0.7000000000    0.7000000000
  0.7000000000    0.7000000000    0.7000000000    0.7000000000    0.7000000000
  0.7000000000    0.7000000000    0.7000000000    0.7000000000    0.7000000000
  0.7000000000    0.7000000000    0.7000000000    0.7000000000    0.7000000000
  0.7000000000    0.7000000000    0.7000000000    0.7000000000    0.7000000000
  0.7000000000    0.7000000000    0.7000000000    0.7000000000    0.7000000000
  0.0000000209    0.0294269294    0.0573777527    0.0829735905    0.1059982747
  0.1266264170    0.1451751560    0.1619690984    0.1772965521    0.1913955063
  0.2044606000    0.2166487128    0.2280860990    0.2388770670    0.2491057724
  0.2588436872    0.2681488901    0.2770720750    0.2856549233    0.2939334005
  0.3019387573    0.3096979886    0.3172356695    0.3245717436    0.3317246526
  0.3387113363    0.3455452710    0.3522410184    0.3588102192    0.3652627617
  0.3716086179    0.3778573006    0.3840161115    0.3900935203    0.3960959941
  0.4020298749    0.4079015464    0.4137163490    0.4194802910    0.4251970440
  0.4308723241    0.4365101367    0.4421156555    0.4476912171    0.4532420784
  0.4587715775    0.4642829686    0.4697797149    0.4752665728    0.4807452530
  0.4862195522    0.4916927665    0.4971674830    0.5026484162    0.5081365258
  0.5136352330    0.5191493362    0.5246801287    0.5302310735    0.5358059675
  0.5414074808    0.5470394105    0.5527036756    0.5584046572    0.5641451925
  0.5699287444    0.5757590681    0.5816409200    0.5875766784    0.5935702235
  0.5996278971    0.6057513684    0.6119463950    0.6182179421    0.6245706409
  0.6310105830    0.6375434011    0.6441734761    0.6509095281    0.6577566057
  0.6647245139    0.6718186766    0.6790507346    0.6864298254    0.6939675897
  0.6999999791    0.7000000000    0.7000000000    0.7000000000    0.7000000000
  0.7000000000    0.7000000000    0.7000000000    0.7000000000    0.7000000000
  0.7000000000    0.7000000000    0.7000000000    0.7000000000    0.7000000000
  0.7000000000    0.7000000000    0.7000000000    0.7000000000    0.7000000000
  0.7000000000    0.7000000000    0.7000000000    0.7000000000    0.7000000000
  0.7000000000    0.7000000000    0.7000000000    0.7000000000    0.7000000000
  0.7000000000    0.7000000000    0.7000000000    0.7000000000    0.7000000000
  0.7000000000    0.7000000000    0.7000000000    0.7000000000    0.7000000000
  0.7000000000    0.7000000000    0.7000000000    0.7000000000    0.7000000000
  0.7000000000    0.7000000000    0.7000000000    0.7000000000    0.7000000000
  0.7000000000    0.7000000000    0.7000000000    0.7000000000    0.7000000000
  0.7000000000    0.7000000000    0.7000000000    0.7000000000    0.7000000000
  0.7000000000    0.7000000000    0.7000000000    0.7000000000    0.7000000000
  0.7000000000    0.7000000000    0.7000000000    0.7000000000    0.7000000000
  0.7000000000    0.7000000000    0.7000000000    0.7000000000    0.7000000000
  0.7000000000    0.7000000000    0.7000000000    0.7000000000    0.7000000000
  0.7000000000    0.7000000000    0.7000000000    0.7000000000    0.7000000000
  0.7000000000    0.7000000000    0.7000000000    0.7000000000    0.7000000000
  0.7000000000    0.7000000000    0.7000000000    0.7000000000    0.7000000000
  0.0000000209    0.0275126666    0.0538305670    0.0781883508    0.1003315479
  0.1203450650    0.1384607583    0.1549437791    0.1700399607    0.1839611739
  0.1968841583    0.2089549035    0.2202914029    0.2309927076    0.2411402196
  0.2508020312    0.2600353032    0.2688878924    0.2774013132    0.2856109470
  0.2935476273    0.3012370557    0.3087040573    0.3159684926    0.3230482191
  0.3299600512    0.3367180079    0.3433345228    0.3498222798    0.3561917931
  0.3624519497    0.3686118871    0.3746804088    0.3806640655    0.3865704089
  0.3924048215    0.3981747717    0.4038836807    0.4095386833    0.4151434928
  0.4207034916    0.4262222677    0.4317040354    0.4371529251    0.4425726920
  0.4479669243    0.4533384174    0.4586909264    0.4640287906    0.4693529278
  0.4746678442    0.4799765855    0.4852809459    0.4905854315    0.4958912104
  0.5012010366    0.5065190822    0.5118473917    0.5171888441    0.5225452751
  0.5279210657    0.5333178014    0.5387381941    0.5441853315    0.5496629685
  0.5551730245    0.5607184201    0.5663037866    0.5719300836    0.5776018173
  0.5833222002    0.5890944868    0.5949230164    0.6008105844    0.6067610711
  0.6127804011    0.6188688666    0.6250358135    0.6312832028    0.6376155406
  0.6440402538    0.6505623072    0.6571861237    0.6639200479    0.6707718819
  0.6777484268    0.6848589450    0.6921117395    0.6995174497    0.6999999791
  0.7000000000    0.7000000000    0.7000000000    0.7000000000    0.7000000000
  0.7000000000    0.7000000000    0.7000000000    0.7000000000    0.7000000000
  0.7000000000    0.7000000000    0.7000000000    0.7000000000    0.7000000000
  0.7000000000    0.7000000000    0.7000000000    0.7000000000    0.7000000000
  0.7000000000    0.7000000000    0.7000000000    0.7000000000    0.7000000000
  0.7000000000    0.7000000000    0.7000000000    0.7000000000    0.7000000000
  0.7000000000    0.7000000000    0.7000000000    0.7000000000    0.7000000000
  0.7000000000    0.7000000000    0.7000000000    0.7000000000    0.7000000000
  0.7000000000    0.7000000000    0.7000000000    0.7000000000    0.7000000000
  0.7000000000    0.7000000000    0.7000000000    0.7000000000    0.7000000000
  0.7000000000    0.7000000000    0.7000000000    0.7000000000    0.7000000000
  0.7000000000    0.7000000000    0.7000000000    0.7000000000    0.7000000000
  0.7000000000    0.7000000000    0.7000000000    0.7000000000    0.7000000000
  0.7000000000    0.7000000000    0.7000000000    0.7000000000    0.7000000000
  0.7000000000    0.7000000000    0.7000000000    0.7000000000    0.7000000000
  0.7000000000    0.7000000000    0.7000000000    0.7000000000    0.7000000000
  0.7000000000    0.7000000000    0.7000000000    0.7000000000    0.7000000000
  0.7000000000    0.7000000000    0.7000000000    0.7000000000    0.7000000000
  0.0000000209    0.0257962972    0.0506185025    0.0738039047    0.0950839728
  0.1144771487    0.1321468204    0.1483031482    0.1631542057    0.1768868297
  0.1896591932    0.2016050190    0.2128365010    0.2234458476    0.2335103720
  0.2430957884    0.2522562951    0.2610397071    0.2694860786    0.2776300818
  0.2855004638    0.2931248039    0.3005254656    0.3077226847    0.3147346944
  0.3215766817    0.3282636255    0.3348080009    0.3412218660    0.3475152761
  0.3536976606    0.3597776145    0.3657634825    0.3716629416    0.3774820000
  0.3832271248    0.3889048249    0.3945191056    0.4000767261    0.4055813998
  0.4110375911    0.4164494723    0.4218214661    0.4271571606    0.4324604779
  0.4377345473    0.4429824561    0.4482078761    0.4534129769    0.4586016804
  0.4637762815    0.4689403683    0.4740954429    0.4792453021    0.4843916982
  0.4895371348    0.4946850747    0.4998377711    0.5049969345    0.5101651520
  0.5153456777    0.5205399305    0.5257523745    0.5309827179    0.5362352163
  0.5415129155    0.5468170673    0.5521501333    0.5575165361    0.5629166514
  0.5683559448    0.5738353759    0.5793582410    0.5849277526    0.5905464560
  0.5962187737    0.6019484609    0.6077361852    0.6135892481    0.6195090264
  0.6254998177    0.6315670878    0.6377155513    0.6439480036    0.6502694517
  0.6566874057    0.6632062465    0.6698326498    0.6765743345    0.6834357649
  0.6904269964    0.6975597113    0.6999999791    0.7000000000    0.7000000000
  0.7000000000    0.7000000000    0.7000000000    0.7000000000    0.7000000000
  0.7000000000    0.7000000000    0.7000000000    0.7000000000    0.7000000000
  0.7000000000    0.7000000000    0.7000000000    0.7000000000    0.7000000000
  0.7000000000    0.7000000000    0.7000000000    0.7000000000    0.7000000000
  0.7000000000    0.7000000000    0.7000000000    0.7000000000    0.7000000000
  0.7000000000    0.7000000000    0.7000000000    0.7000000000    0.7000000000
  0.7000000000    0.7000000000    0.7000000000    0.7000000000    0.7000000000
  0.7000000000    0.7000000000    0.7000000000    0.7000000000    0.7000000000
  0.7000000000    0.7000000000    0.7000000000    0.7000000000    0.7000000000
  0.7000000000    0.7000000000    0.7000000000    0.7000000000    0.7000000000
  0.7000000000    0.7000000000    0.7000000000    0.7000000000    0.7000000000
  0.7000000000    0.7000000000    0.7000000000    0.7000000000    0.7000000000
  0.7000000000    0.7000000000    0.7000000000    0.7000000000    0.7000000000
  0.7000000000    0.7000000000    0.7000000000    0.7000000000    0.7000000000
  0.7000000000    0.7000000000    0.7000000000    0.7000000000    0.7000000000
  0.7000000000    0.7000000000    0.7000000000    0.7000000000    0.7000000000
  0.7000000000    0.7000000000    0.7000000000    0.7000000000    0.7000000000
  0.0000000209    0.0242510766    0.0477027148    0.0697827011    0.0902234644
  0.1089967579    0.1262096852    0.1420269281    0.1566206366    0.1701531559
  0.1827665538    0.1945814937    0.2057023674    0.2162160009    0.2261954933
  0.2357026368    0.2447915465    0.2535062820    0.2618870646    0.2699661881
  0.2777740687    0.2853356153    0.2926734835    0.2998077005    0.3067557484
  0.3135332733    0.3201541275    0.3266317040    0.3329771012    0.3392002493
  0.3453111619    0.3513178915    0.3572288245    0.3630511373    0.3687908798
  0.3744550198    0.3800486892    0.3855779380    0.3910469383    0.3964611143
  0.4018239290    0.4071401387    0.4124137491    0.4176484317    0.4228471488
  0.4280136973    0.4331516236    0.4382623464    0.4433505803    0.4484193295
  0.4534695536    0.4585049659    0.4635286957    0.4685422450    0.4735479504
  0.4785489827    0.4835470945    0.4885451227    0.4935454875    0.4985495239
  0.5035603195    0.5085798353    0.5136096984    0.5186534554    0.5237115234
  0.5287882417    0.5338842362    0.5390031368    0.5441458195    0.5493160814
  0.5545146316    0.5597458094    0.5650101155    0.5703120142    0.5756525904
  0.5810364336    0.5864638358    0.5919386774    0.5974650055    0.6030446976
  0.6086809665    0.6143780261    0.6201378375    0.6259648651    0.6318644077
  0.6378383845    0.6438910097    0.6500276655    0.6562524825    0.6625714272
  0.6689894646    0.6755116850    0.6821465582    0.6888984650    0.6957755417
  0.6999999791    0.7000000000    0.7000000000    0.7000000000    0.7000000000
  0.7000000000    0.7000000000    0.7000000000    0.7000000000    0.7000000000
  0.7000000000    0.7000000000    0.7000000000    0.7000000000    0.7000000000
  0.7000000000    0.7000000000    0.7000000000    0.7000000000    0.7000000000
  0.7000000000    0.7000000000    0.7000000000    0.7000000000    0.7000000000
  0.7000000000    0.7000000000    0.7000000000    0.7000000000    0.7000000000
  0.7000000000    0.7000000000    0.7000000000    0.7000000000    0.7000000000
  0.7000000000    0.7000000000    0.7000000000    0.7000000000    0.7000000000
  0.7000000000    0.7000000000    0.7000000000    0.7000000000    0.7000000000
  0.7000000000    0.7000000000    0.7000000000    0.7000000000    0.7000000000
  0.7000000000    0.7000000000    0.7000000000    0.7000000000    0.7000000000
  0.7000000000    0.7000000000    0.7000000000    0.7000000000    0.7000000000
  0.7000000000    0.7000000000    0.7000000000    0.7000000000    0.7000000000
  0.7000000000    0.7000000000    0.7000000000    0.7000000000    0.7000000000
  0.7000000000    0.7000000000    0.7000000000    0.7000000000    0.7000000000
  0.7000000000    0.7000000000    0.7000000000    0.7000000000    0.7000000000
  0.7000000000    0.7000000000    0.7000000000    0.7000000000    0.7000000000
  0.0000000209    0.0228546411    0.0450488240    0.0660895258    0.0857191473
  0.1038767725    0.1206278235    0.1360953003    0.1504213959    0.1637446314
  0.1761897177    0.1878676802    0.1988727301    0.2092861444    0.2191775590
  0.2286059707    0.2376211554    0.2462679654    0.2545832425    0.2625995308
  0.2703461617    0.2778469175    0.2851247460    0.2921987981    0.2990869731
  0.3058036238    0.3123630613    0.3187780529    0.3250596553    0.3312182993
  0.3372628719    0.3432020515    0.3490441412    0.3547958583    0.3604631692
  0.3660532504    0.3715705663    0.3770218343    0.3824107677    0.3877422482
  0.3930208653    0.3982514590    0.4034354061    0.4085786313    0.4136835963
  0.4187531799    0.4237914711    0.4288010150    0.4337840647    0.4387442499
  0.4436836571    0.4486049980    0.4535111099    0.4584035367    0.4632847816
  0.4681576818    0.4730235726    0.4778854579    0.4827449650    0.4876044720
  0.4924658984    0.4973304540    0.5022026032    0.5070815951    0.5119716853
  0.5168729156    0.5217887491    0.5267205209    0.5316706091    0.5366409332
  0.5416337460    0.5466512591    0.5516950160    0.5567678124    0.5618711084
  0.5670078665    0.5721808821    0.5773912400    0.5826423615    0.5879362494
  0.5932764083    0.5986653000    0.6041041344    0.6095965832    0.6151462346
  0.6207568020    0.6264312893    0.6321705729    0.6379826218    0.6438664764
  0.6498297721    0.6558743864    0.6620070368    0.6682319790    0.6745516330
  0.6809743434    0.6875055343    0.6941524237    0.6999999791    0.7000000000
  0.7000000000    0.7000000000    0.7000000000    0.7000000000    0.7000000000
  0.7000000000    0.7000000000    0.7000000000    0.7000000000    0.7000000000
  0.7000000000    0.7000000000    0.7000000000    0.7000000000    0.7000000000
  0.7000000000    0.7000000000    0.7000000000    0.7000000000    0.7000000000
  0.7000000000    0.7000000000    0.7000000000    0.7000000000    0.7000000000
  0.7000000000    0.7000000000    0.7000000000    0.7000000000    0.7000000000
  0.7000000000    0.7000000000    0.7000000000    0.7000000000    0.7000000000
  0.7000000000    0.7000000000    0.7000000000    0.7000000000    0.7000000000
  0.7000000000    0.7000000000    0.7000000000    0.7000000000    0.7000000000
  0.7000000000    0.7000000000    0.7000000000    0.7000000000    0.7000000000
  0.7000000000    0.7000000000    0.7000000000    0.7000000000    0.7000000000
  0.7000000000    0.7000000000    0.7000000000    0.7000000000    0.7000000000
  0.7000000000    0.7000000000    0.7000000000    0.7000000000    0.7000000000
  0.7000000000    0.7000000000    0.7000000000    0.7000000000    0.7000000000
  0.7000000000    0.7000000000    0.7000000000    0.7000000000    0.7000000000
  0.7000000000    0.7000000000    0.7000000000    0.7000000000    0.7000000000
  0.0000000209    0.0215882570    0.0426272482    0.0626927108    0.0815414816
  0.0990939945    0.1153804988    0.1304909915    0.1445399195    0.1576442748
  0.1699137479    0.1814470142    0.1923314005    0.2026408404    0.2124413818
  0.2217879325    0.2307292253    0.2393067747    0.2475567549    0.2555113763
  0.2631970495    0.2706398517    0.2778595179    0.2848759919    0.2917064220
  0.2983654946    0.3048668951    0.3112232655    0.3174455374    0.3235436410
  0.3295269221    0.3354034752    0.3411816448    0.3468675643    0.3524689108
  0.3579901069    0.3634383291    0.3688182503    0.3741340846    0.3793907553
  0.3845924348    0.3897433788    0.3948467165    0.3999067456    0.4049265534
  0.4099090606    0.4148574382    0.4197747737    0.4246638626    0.4295264572
  0.4343661457    0.4391848475    0.4439853579    0.4487693876    0.4535390228
  0.4582972258    0.4630457908    0.4677855939    0.4725206822    0.4772517234
  0.4819810957    0.4867102593    0.4914409667    0.4961763889    0.5009167343
  0.5056649655    0.5104220837    0.5151908010    0.5199720353    0.5247683316
  0.5295822352    0.5344133705    0.5392659515    0.5441407710    0.5490399569
  0.5539647609    0.5589187294    0.5639020294    0.5689193338    0.5739697248
  0.5790584177    0.5841847032    0.5893527538    0.5945636541    0.5998228282
  0.6051286489    0.6104874164    0.6158979207    0.6213684231    0.6268966287
  0.6324870855    0.6381455928    0.6438726932    0.6496731848    0.6555492371
  0.6615063995    0.6675495118    0.6736823708    0.6799085230    0.6862332672
  0.6926652402    0.6992080718    0.6999999791    0.7000000000    0.7000000000
  0.7000000000    0.7000000000    0.7000000000    0.7000000000    0.7000000000
  0.7000000000    0.7000000000    0.7000000000    0.7000000000    0.7000000000
  0.7000000000    0.7000000000    0.7000000000    0.7000000000    0.7000000000
  0.7000000000    0.7000000000    0.7000000000    0.7000000000    0.7000000000
  0.7000000000    0.7000000000    0.7000000000    0.7000000000    0.7000000000
  0.7000000000    0.7000000000    0.7000000000    0.7000000000    0.7000000000
  0.7000000000    0.7000000000    0.7000000000    0.7000000000    0.7000000000
  0.7000000000    0.7000000000    0.7000000000    0.7000000000    0.7000000000
  0.7000000000    0.7000000000    0.7000000000    0.7000000000    0.7000000000
  0.7000000000    0.7000000000    0.7000000000    0.7000000000    0.7000000000
  0.7000000000    0.7000000000    0.7000000000    0.7000000000    0.7000000000
  0.7000000000    0.7000000000    0.7000000000    0.7000000000    0.7000000000
  0.7000000000    0.7000000000    0.7000000000    0.7000000000    0.7000000000
  0.7000000000    0.7000000000    0.7000000000    0.7000000000    0.7000000000
  0.7000000000    0.7000000000    0.7000000000    0.7000000000    0.7000000000
  0.0000000209    0.0204356939    0.0404120773    0.0595635086    0.0776647657
  0.0946241826    0.1104464322    0.1251953095    0.1389595181    0.1518373579
  0.1639236242    0.1753067285    0.1860644013    0.1962664455    0.2059718996
  0.2152348369    0.2241005272    0.2326081902    0.2407927066    0.2486847430
  0.2563116699    0.2636961013    0.2708596915    0.2778207988    0.2845952779
  0.2911998183    0.2976456434    0.3039470643    0.3101131767    0.3161544114
  0.3220801145    0.3278987974    0.3336172611    0.3392426401    0.3447815686
  0.3502405554    0.3556242317    0.3609382302    0.3661863476    0.3713745505
  0.3765059680    0.3815844387    0.3866141349    0.3915983111    0.3965407223
  0.4014437050    0.4063110560    0.4111443609    0.4159475416    0.4207218498
  0.4254714578    0.4301973253    0.4349028319    0.4395888120    0.4442588121
  0.4489139587    0.4535562128    0.4581883699    0.4628116816    0.4674273998
  0.4720389873    0.4766466111    0.4812525660    0.4858596891    0.4904673547
  0.4950796098    0.4996971220    0.5043213934    0.5089544266    0.5135979742
  0.5182534546    0.5229224533    0.5276075989    0.5323099345    0.5370295852
  0.5417706400    0.5465343922    0.5513224691    0.5561356634    0.5609766871
  0.5658473760    0.5707499415    0.5756863028    0.5806576699    0.5856670469
  0.5907157272    0.5958065063    0.6009412199    0.6061219960    0.6113535494
  0.6166345030    0.6219699472    0.6273613423    0.6328129858    0.6383258790
  0.6439052790    0.6495513946    0.6552708179    0.6610637575    0.6669375986
  0.6728937596    0.6789378732    0.6850722760    0.6913041025    0.6976380259
  0.6999999791    0.7000000000    0.7000000000    0.7000000000    0.7000000000
  0.7000000000    0.7000000000    0.7000000000    0.7000000000    0.7000000000
  0.7000000000    0.7000000000    0.7000000000    0.7000000000    0.7000000000
  0.7000000000    0.7000000000    0.7000000000    0.7000000000    0.7000000000
  0.7000000000    0.7000000000    0.7000000000    0.7000000000    0.7000000000
  0.7000000000    0.7000000000    0.7000000000    0.7000000000    0.7000000000
  0.7000000000    0.7000000000    0.7000000000    0.7000000000    0.7000000000
  0.7000000000    0.7000000000    0.7000000000    0.7000000000    0.7000000000
  0.7000000000    0.7000000000    0.7000000000    0.7000000000    0.7000000000
  0.7000000000    0.7000000000    0.7000000000    0.7000000000    0.7000000000
  0.7000000000    0.7000000000    0.7000000000    0.7000000000    0.7000000000
  0.7000000000    0.7000000000    0.7000000000    0.7000000000    0.7000000000
  0.7000000000    0.7000000000    0.7000000000    0.7000000000    0.7000000000
  0.7000000000    0.7000000000    0.7000000000    0.7000000000    0.7000000000
  0.7000000000    0.7000000000    0.7000000000    0.7000000000    0.7000000000
  0.0000000209    0.0193836421    0.0383809060    0.0566764265    0.0740633816
  0.0904451400    0.1058074325    0.1201911896    0.1336655885    0.1463101119
  0.1582071215    0.1694336385    0.1800595075    0.1901488990    0.1997570127
  0.2089336246    0.2177210003    0.2261571914    0.2342757016    0.2421061128
  0.2496732086    0.2570008129    0.2641088277    0.2710159034    0.2777375191
  0.2842890710    0.2906820744    0.2969302148    0.3030430466    0.3090313762
  0.3149028808    0.3206660718    0.3263292938    0.3318980545    0.3373800308
  0.3427801877    0.3481041163    0.3533564478    0.3585431486    0.3636675149
  0.3687338024    0.3737463087    0.3787082464    0.3836234540    0.3884941012
  0.3933246523    0.3981169015    0.4028745204    0.4075989276    0.4122939616
  0.4169612497    0.4216029614    0.4262218922    0.4308199614    0.4353988796
  0.4399612337    0.4445080251    0.4490422159    0.4535651416    0.4580775529
  0.4625826627    0.4670814723    0.4715761095    0.4760674506    0.4805578738
  0.4850491732    0.4895411819    0.4940379053    0.4985395104    0.5030461639
  0.5075624973    0.5120885521    0.5166247457    0.5211742073    0.5257376045
  0.5303165227    0.5349134237    0.5395296842    0.5441658050    0.5488248736
  0.5535071403    0.5582151502    0.5629494458    0.5677140743    0.5725085765
  0.5773354560    0.5821971327    0.5870950252    0.5920308441    0.5970074266
  0.6020246893    0.6070872635    0.6121971101    0.6173545212    0.6225643784
  0.6278263062    0.6331454366    0.6385218948    0.6439599782    0.6494630665
  0.6550334960    0.6606733114    0.6663879782    0.6721792072    0.6780527145
  0.6840095013    0.6900558263    0.6961982399    0.6999999791    0.7000000000
  0.7000000000    0.7000000000    0.7000000000    0.7000000000    0.7000000000
  0.7000000000    0.7000000000    0.7000000000    0.7000000000    0.7000000000
  0.7000000000    0.7000000000    0.7000000000    0.7000000000    0.7000000000
  0.7000000000    0.7000000000    0.7000000000    0.7000000000    0.7000000000
  0.7000000000    0.7000000000    0.7000000000    0.7000000000    0.7000000000
  0.7000000000    0.7000000000    0.7000000000    0.7000000000    0.7000000000
  0.7000000000    0.7000000000    0.7000000000    0.7000000000    0.7000000000
  0.7000000000    0.7000000000    0.7000000000    0.7000000000    0.7000000000
  0.7000000000    0.7000000000    0.7000000000    0.7000000000    0.7000000000
  0.7000000000    0.7000000000    0.7000000000    0.7000000000    0.7000000000
  0.7000000000    0.7000000000    0.7000000000    0.7000000000    0.7000000000
  0.7000000000    0.7000000000    0.7000000000    0.7000000000    0.7000000000
  0.7000000000    0.7000000000    0.7000000000    0.7000000000    0.7000000000
  0.7000000000    0.7000000000    0.7000000000    0.7000000000    0.7000000000
  0.0000000209    0.0184202105    0.0365137070    0.0540078074    0.0707147986
  0.0865361720    0.1014445990    0.1154630691    0.1286429435    0.1410491854
  0.1527508885    0.1638150603    0.1743047029    0.1842775196    0.1937840790
  0.2028713197    0.2115785450    0.2199424297    0.2279938906    0.2357614249
  0.2432695657    0.2505408019    0.2575939924    0.2644479126    0.2711177081
  0.2776173979    0.2839599997    0.2901572794    0.2962198347    0.3021567196
  0.3079766124    0.3136884838    0.3192990512    0.3248148233    0.3302429348
  0.3355883509    0.3408561200    0.3460524589    0.3511811644    0.3562467009
  0.3612526983    0.3662041634    0.3711030990    0.3759539694    0.3807599872
  0.3855236143    0.3902471870    0.3949348778    0.3995881885    0.4042094558
  0.4088018924    0.4133671254    0.4179075748    0.4224247009    0.4269216746
  0.4313987464    0.4358589619    0.4403042823    0.4447356671    0.4491558701
  0.4535651833    0.4579658180    0.4623597771    0.4667476863    0.4711324245
  0.4755134910    0.4798941404    0.4842756242    0.4886591941    0.4930455178
  0.4974370986    0.5018345207    0.5062397033    0.5106540233    0.5150783986
  0.5195145398    0.5239640743    0.5284286708    0.5329089552    0.5374063879
  0.5419236809    0.5464609593    0.5510198504    0.5556029409    0.5602108568
  0.5648451418    0.5695072144    0.5741996199    0.5789236516    0.5836804777
  0.5884731859    0.5933014840    0.5981687516    0.6030761153    0.6080257863
  0.6130211025    0.6180616885    0.6231508821    0.6282911450    0.6334836036
  0.6387329727    0.6440388769    0.6494049042    0.6548343509    0.6603313059
  0.6658956438    0.6715322882    0.6772437841    0.6830364734    0.6889095634
  0.6948702723    0.6999999791    0.7000000000    0.7000000000    0.7000000000
  0.7000000000    0.7000000000    0.7000000000    0.7000000000    0.7000000000
  0.7000000000    0.7000000000    0.7000000000    0.7000000000    0.7000000000
  0.7000000000    0.7000000000    0.7000000000    0.7000000000    0.7000000000
  0.7000000000    0.7000000000    0.7000000000    0.7000000000    0.7000000000
  0.7000000000    0.7000000000    0.7000000000    0.7000000000    0.7000000000
  0.7000000000    0.7000000000    0.7000000000    0.7000000000    0.7000000000
  0.7000000000    0.7000000000    0.7000000000    0.7000000000    0.7000000000
  0.7000000000    0.7000000000    0.7000000000    0.7000000000    0.7000000000
  0.7000000000    0.7000000000    0.7000000000    0.7000000000    0.7000000000
  0.7000000000    0.7000000000    0.7000000000    0.7000000000    0.7000000000
  0.7000000000    0.7000000000    0.7000000000    0.7000000000    0.7000000000
  0.7000000000    0.7000000000    0.7000000000    0.7000000000    0.7000000000
  0.7000000000    0.7000000000    0.7000000000    0.7000000000    0.7000000000
  0.0000000209    0.0175356358    0.0347936660    0.0515374988    0.0675979048
  0.0828775018    0.0973404080    0.1109951347    0.1238785237    0.1360418946
  0.1475432426    0.1584401459    0.1687890142    0.1786408335    0.1880430013
  0.1970380753    0.2056628555    0.2139520139    0.2219356328    0.2296398312
  0.2370882243    0.2443026334    0.2513023764    0.2581036001    0.2647222430
  0.2711719066    0.2774649411    0.2836134464    0.2896267265    0.2955148786
  0.3012864143    0.3069486767    0.3125098854    0.3179754645    0.3233525068
  0.3286464781    0.3338629276    0.3390059859    0.3440804511    0.3490913302
  0.3540412933    0.3589357227    0.3637767464    0.3685682863    0.3733135968
  0.3780151814    0.3826763362    0.3872993141    0.3918865770    0.3964410871
  0.4009645134    0.4054589838    0.4099275857    0.4143711954    0.4187926501
  0.4231925756    0.4275741845    0.4319384784    0.4362869173    0.4406218380
  0.4449441165    0.4492559642    0.4535585076    0.4578529149    0.4621421486
  0.4664252490    0.4707055539    0.4749835223    0.4792599052    0.4835379153
  0.4878177196    0.4921000272    0.4963878006    0.5006811649    0.5049810797
  0.5092907161    0.5136087805    0.5179378599    0.5222801238    0.5266353637
  0.5310056239    0.5353919894    0.5397958785    0.5442187101    0.5486622781
  0.5531273752    0.5576160878    0.5621291250    0.5666671544    0.5712332636
  0.5758287877    0.5804546028    0.5851123363    0.5898034483    0.5945301920
  0.5992942780    0.6040961653    0.6089405268    0.6138243586    0.6187548786
  0.6237300843    0.6287544817    0.6338281542    0.6389559001    0.6441360921
  0.6493753642    0.6546720058    0.6600318998    0.6654561728    0.6709464937
  0.6765095800    0.6821442634    0.6878551334    0.6936491579    0.6995257944
  0.6999999791    0.7000000000    0.7000000000    0.7000000000    0.7000000000
  0.7000000000    0.7000000000    0.7000000000    0.7000000000    0.7000000000
  0.7000000000    0.7000000000    0.7000000000    0.7000000000    0.7000000000
  0.7000000000    0.7000000000    0.7000000000    0.7000000000    0.7000000000
  0.7000000000    0.7000000000    0.7000000000    0.7000000000    0.7000000000
  0.7000000000    0.7000000000    0.7000000000    0.7000000000    0.7000000000
  0.7000000000    0.7000000000    0.7000000000    0.7000000000    0.7000000000
  0.7000000000    0.7000000000    0.7000000000    0.7000000000    0.7000000000
  0.7000000000    0.7000000000    0.7000000000    0.7000000000    0.7000000000
  0.7000000000    0.7000000000    0.7000000000    0.7000000000    0.7000000000
  0.7000000000    0.7000000000    0.7000000000    0.7000000000    0.7000000000
  0.7000000000    0.7000000000    0.7000000000    0.7000000000    0.7000000000
  0.7000000000    0.7000000000    0.7000000000    0.7000000000    0.7000000000
  0.0000000209    0.0167211562    0.0332051784    0.0492465168    0.0646931320
  0.0794507712    0.0934778363    0.1067722410    0.1193579346    0.1312757641
  0.1425721258    0.1532982141    0.1635012180    0.1732290775    0.1825227231
  0.1914225012    0.1999632925    0.2081761807    0.2160900801    0.2237294823
  0.2311180443    0.2382757515    0.2452213794    0.2519705325    0.2585386902
  0.2649392456    0.2711842567    0.2772850305    0.2832513303    0.2890925020
  0.2948169738    0.3004325897    0.3059463173    0.3113646656    0.3166935593
  0.3219390482    0.3271060556    0.3321992964    0.3372234851    0.3421826273
  0.3470808953    0.3519216269    0.3567090780    0.3614455849    0.3661343604
  0.3707790345    0.3753813595    0.3799445897    0.3844712704    0.3889633209
  0.3934234947    0.3978534192    0.4022557229    0.4066312402    0.4109834343
  0.4153129309    0.4196219832    0.4239121348    0.4281848878    0.4324426204
  0.4366862506    0.4409160703    0.4451357096    0.4493454188    0.4535467416
  0.4577407211    0.4619298190    0.4661140352    0.4702952057    0.4744741231
  0.4786530405    0.4828327090    0.4870137960    0.4911988467    0.4953870684
  0.4995813400    0.5037826627    0.5079914540    0.5122091323    0.5164378673
  0.5206775337    0.5249298006    0.5291957945    0.5334775597    0.5377752215
  0.5420906574    0.5464243680    0.5507794410    0.5551549584    0.5595533818
  0.5639750868    0.5684228271    0.5728983968    0.5774002939    0.5819318563
  0.5864959627    0.5910916954    0.5957213074    0.6003862172    0.6050888449
  0.6098296076    0.6146122605    0.6194347173    0.6243040293    0.6292177349
  0.6341787547    0.6391887158    0.6442524165    0.6493684381    0.6545404941
  0.6597712547    0.6650621384    0.6704164416    0.6758365005    0.6813264459
  0.6868869454    0.6925201267    0.6982352942    0.6999999791    0.7000000000
  0.7000000000    0.7000000000    0.7000000000    0.7000000000    0.7000000000
  0.7000000000    0.7000000000    0.7000000000    0.7000000000    0.7000000000
  0.7000000000    0.7000000000    0.7000000000    0.7000000000    0.7000000000
  0.7000000000    0.7000000000    0.7000000000    0.7000000000    0.7000000000
  0.7000000000    0.7000000000    0.7000000000    0.7000000000    0.7000000000
  0.7000000000    0.7000000000    0.7000000000    0.7000000000    0.7000000000
  0.7000000000    0.7000000000    0.7000000000    0.7000000000    0.7000000000
  0.7000000000    0.7000000000    0.7000000000    0.7000000000    0.7000000000
  0.7000000000    0.7000000000    0.7000000000    0.7000000000    0.7000000000
  0.7000000000    0.7000000000    0.7000000000    0.7000000000    0.7000000000
  0.7000000000    0.7000000000    0.7000000000    0.7000000000    0.7000000000
  0.7000000000    0.7000000000    0.7000000000    0.7000000000    0.7000000000
  0.0000000209    0.0159693450    0.0317351848    0.0471185476    0.0619828314
  0.0762386233    0.0898410708    0.1027797014    0.1150689512    0.1267388195
  0.1378278166    0.1483785838    0.1584324688    0.1680321962    0.1772151500
  0.1860168785    0.1944707185    0.2026052505    0.2104477614    0.2180221170
  0.2253498048    0.2324506015    0.2393414885    0.2460391968    0.2525572032
  0.2589091092    0.2651071817    0.2711614341    0.2770820469    0.2828775734
  0.2885569423    0.2941272467    0.2995955378    0.3049681574    0.3102521151
  0.3154511243    0.3205713600    0.3256178290    0.3305943698    0.3355048209
  0.3403544396    0.3451455623    0.3498818606    0.3545667559    0.3592035025
  0.3637946039    0.3683429390    0.3728507191    0.3773205310    0.3817557544
  0.3861567229    0.3905266076    0.3948674530    0.3991807610    0.4034688681
  0.4077335685    0.4119760722    0.4161984652    0.4204017490    0.4245879263
  0.4287584156    0.4329149693    0.4370579213    0.4411904007    0.4453120738
  0.4494250685    0.4535304278    0.4576295704    0.4617234558    0.4658130020
  0.4699004620    0.4739866704    0.4780723780    0.4821578354    0.4862460047
  0.4903371364    0.4944318146    0.4985319585    0.5026394874    0.5067525655
  0.5108757406    0.5150084704    0.5191507131    0.5233058900    0.5274738759
  0.5316557556    0.5358526140    0.5400659531    0.5442967325    0.5485467881
  0.5528164953    0.5571076065    0.5614196211    0.5657566279    0.5701176256
  0.5745049506    0.5789186448    0.5833617121    0.5878350288    0.5923388869
  0.5968760401    0.6014478654    0.6060552806    0.6106987447    0.6153817624
  0.6201045424    0.6248700052    0.6296784848    0.6345326513    0.6394333810
  0.6443834275    0.6493848354    0.6544377297    0.6595472425    0.6647123724
  0.6699377090    0.6752233356    0.6805751354    0.6859918982    0.6914795905
  0.6970388383    0.6999999791    0.7000000000    0.7000000000    0.7000000000
  0.7000000000    0.7000000000    0.7000000000    0.7000000000    0.7000000000
  0.7000000000    0.7000000000    0.7000000000    0.7000000000    0.7000000000
  0.7000000000    0.7000000000    0.7000000000    0.7000000000    0.7000000000
  0.7000000000    0.7000000000    0.7000000000    0.7000000000    0.7000000000
  0.7000000000    0.7000000000    0.7000000000    0.7000000000    0.7000000000
  0.7000000000    0.7000000000    0.7000000000    0.7000000000    0.7000000000
  0.7000000000    0.7000000000    0.7000000000    0.7000000000    0.7000000000
  0.7000000000    0.7000000000    0.7000000000    0.7000000000    0.7000000000
  0.7000000000    0.7000000000    0.7000000000    0.7000000000    0.7000000000
  0.7000000000    0.7000000000    0.7000000000    0.7000000000    0.7000000000
  0.7000000000    0.7000000000    0.7000000000    0.7000000000    0.7000000000
  0.0000000209    0.0152737349    0.0303719610    0.0451388627    0.0594513148
  0.0732258707    0.0864152998    0.0990039140    0.1109983057    0.1224195033
  0.1332990915    0.1436714500    0.1535735458    0.1630414695    0.1721097678
  0.1808114439    0.1891756207    0.1972304612    0.2050001234    0.2125075966
  0.2197734922    0.2268166274    0.2336528152    0.2402987868    0.2467670590
  0.2530713588    0.2592226177    0.2652311414    0.2711062759    0.2768582016
  0.2824934274    0.2880206317    0.2934450299    0.2987746328    0.3040141553
  0.3091695219    0.3142456561    0.3192471057    0.3241786689    0.3290436834
  0.3338468641    0.3385910481    0.3432799071    0.3479163617    0.3525041252
  0.3570452839    0.3615426332    0.3659989685    0.3704163343    0.3747976512
  0.3791442543    0.3834588140    0.3877424568    0.3919981450    0.3962272555
  0.4004316241    0.4046124190    0.4087718099    0.4129113406    0.4170315117
  0.4211357445    0.4252234131    0.4292968124    0.4333576530    0.4374071032
  0.4414453715    0.4454749614    0.4494954973    0.4535103172    0.4575184613
  0.4615232676    0.4655231506    0.4695213228    0.4735180765    0.4775142044
  0.4815121680    0.4855104238    0.4895132273    0.4935188681    0.4975301832
  0.5015467972    0.5055714220    0.5096032232    0.5136439115    0.5176947385
  0.5217574149    0.5258313566    0.5299194425    0.5340210050    0.5381380469
  0.5422715276    0.5464224905    0.5505913526    0.5547803253    0.5589902014
  0.5632209808    0.5674755007    0.5717535943    0.5760579318    0.5803882629
  0.5847463816    0.5891322881    0.5935504466    0.5979991466    0.6024802655
  0.6069963485    0.6115478963    0.6161364943    0.6207639784    0.6254310161
  0.6301399857    0.6348908871    0.6396871418    0.6445302933    0.6494218856
  0.6543629199    0.6593556911    0.6644019097    0.6695053726    0.6746648699
  0.6798861593    0.6851689905    0.6905172020    0.6959331721    0.6999999791
  0.7000000000    0.7000000000    0.7000000000    0.7000000000    0.7000000000
  0.7000000000    0.7000000000    0.7000000000    0.7000000000    0.7000000000
  0.7000000000    0.7000000000    0.7000000000    0.7000000000    0.7000000000
  0.7000000000    0.7000000000    0.7000000000    0.7000000000    0.7000000000
  0.7000000000    0.7000000000    0.7000000000    0.7000000000    0.7000000000
  0.7000000000    0.7000000000    0.7000000000    0.7000000000    0.7000000000
  0.7000000000    0.7000000000    0.7000000000    0.7000000000    0.7000000000
  0.7000000000    0.7000000000    0.7000000000    0.7000000000    0.7000000000
  0.7000000000    0.7000000000    0.7000000000    0.7000000000    0.7000000000
  0.7000000000    0.7000000000    0.7000000000    0.7000000000    0.7000000000
  0.7000000000    0.7000000000    0.7000000000    0.7000000000    0.7000000000
  0.0000000209    0.0146286517    0.0291054517    0.0432937771    0.0570836455
  0.0703969508    0.0831866294    0.0954324037    0.1071349412    0.1183079690
  0.1289761037    0.1391677588    0.1489148527    0.1582483858    0.1672001511
  0.1757983953    0.1840709478    0.1920433849    0.1997388214    0.2071783692
  0.2143815547    0.2213659018    0.2281475574    0.2347410411    0.2411600381
  0.2474162728    0.2535208851    0.2594844729    0.2653162569    0.2710244149
  0.2766171664    0.2821012288    0.2874846131    0.2927718669    0.2979692906
  0.3030827671    0.3081165940    0.3130753607    0.3179637402    0.3227856964
  0.3275447339    0.3322448581    0.3368890733    0.3414803833    0.3460220009
  0.3505158871    0.3549655050    0.3593735665    0.3637421161    0.3680726141
  0.3723684400    0.3766306788    0.3808625430    0.3850634903    0.3892379433
  0.3933861941    0.3975104541    0.4016114742    0.4056917578    0.4097518474
  0.4137936622    0.4178191215    0.4218281001    0.4258227676    0.4298049182
  0.4337751776    0.4377341717    0.4416839868    0.4456250817    0.4495590419
  0.4534867018    0.4574089795    0.4613277107    0.4652427703    0.4691563696
  0.4730682582    0.4769796878    0.4808926612    0.4848069698    0.4887245744
  0.4926456004    0.4965719670    0.5005032569    0.5044413477    0.5083875328
  0.5123413533    0.5163054377    0.5202797025    0.5242648989    0.5282626122
  0.5322740108    0.5362992615    0.5403402835    0.5443976611    0.5484719783
  0.5525641114    0.5566757709    0.5608074576    0.5649615496    0.5691376299
  0.5733366996    0.5775607198    0.5818102747    0.5860875338    0.5903913289
  0.5947257489    0.5990902930    0.6034865052    0.6079149693    0.6123786062
  0.6168767065    0.6214119822    0.6259854764    0.6305978566    0.6352521688
  0.6399503738    0.6446911782    0.6494776696    0.6543121845    0.6591948479
  0.6641290814    0.6691155106    0.6741563886    0.6792530507    0.6844087094
  0.6896260351    0.6949055701    0.6999999791    0.7000000000    0.7000000000
  0.7000000000    0.7000000000    0.7000000000    0.7000000000    0.7000000000
  0.7000000000    0.7000000000    0.7000000000    0.7000000000    0.7000000000
  0.7000000000    0.7000000000    0.7000000000    0.7000000000    0.7000000000
  0.7000000000    0.7000000000    0.7000000000    0.7000000000    0.7000000000
  0.7000000000    0.7000000000    0.7000000000    0.7000000000    0.7000000000
  0.7000000000    0.7000000000    0.7000000000    0.7000000000    0.7000000000
  0.7000000000    0.7000000000    0.7000000000    0.7000000000    0.7000000000
  0.7000000000    0.7000000000    0.7000000000    0.7000000000    0.7000000000
  0.7000000000    0.7000000000    0.7000000000    0.7000000000    0.7000000000
  0.7000000000    0.7000000000    0.7000000000    0.7000000000    0.7000000000
  0.0000000209    0.0140290886    0.0279261440    0.0415715665    0.0548665136
  0.0677384287    0.0801418334    0.0920526534    0.1034664661    0.1143927425
  0.1248487979    0.1348587483    0.1444483370    0.1536453098    0.1624773294
  0.1709703058    0.1791489393    0.1870375544    0.1946564287    0.2020265490
  0.2091658145    0.2160908312    0.2228170782    0.2293579489    0.2357271284
  0.2419354230    0.2479942232    0.2539133340    0.2597016007    0.2653672010
  0.2709179789    0.2763613194    0.2817032307    0.2869500130    0.2921072155
  0.2971795946    0.3021730751    0.3070910782    0.3119387776    0.3167195529
  0.3214369506    0.3260948509    0.3306964248    0.3352444679    0.3397422761
  0.3441923529    0.3485976189    0.3529597014    0.3572817713    0.3615657896
  0.3658140093    0.3700276405    0.3742093951    0.3783611923    0.3824839920
  0.3865801305    0.3906513602    0.3946983069    0.3987231404    0.4027273625
  0.4067124337    0.4106788129    0.4146282941    0.4185626715    0.4224822789
  0.4263897032    0.4302841514    0.4341681689    0.4380419225    0.4419072896
  0.4457648128    0.4496159106    0.4534604996    0.4573013753    0.4611379117
  0.4649718612    0.4688039750    0.4726354629    0.4764660329    0.4802987307
  0.4841327220    0.4879691333    0.4918094665    0.4956541806    0.4995042771
  0.5033611745    0.5072243720    0.5110965401    0.5149771780    0.5188671201
  0.5227675349    0.5266809672    0.5306063741    0.5345443815    0.5384969503
  0.5424651235    0.5464486510    0.5504505783    0.5544692785    0.5585081726
  0.5625660509    0.5666444570    0.5707458943    0.5748689443    0.5790171951
  0.5831895620    0.5873890907    0.5916154474    0.5958694667    0.6001524001
  0.6044665426    0.6088121444    0.6131902069    0.6176028162    0.6220507652
  0.6265352219    0.6310575634    0.6356176227    0.6402204067    0.6448643297
  0.6495508105    0.6542829365    0.6590614170    0.6638879210    0.6687650353
  0.6736926764    0.6786734730    0.6837083846    0.6888009578    0.6939517349
  0.6991651386    0.6999999791    0.7000000000    0.7000000000    0.7000000000
  0.7000000000    0.7000000000    0.7000000000    0.7000000000    0.7000000000
  0.7000000000    0.7000000000    0.7000000000    0.7000000000    0.7000000000
  0.7000000000    0.7000000000    0.7000000000    0.7000000000    0.7000000000
  0.7000000000    0.7000000000    0.7000000000    0.7000000000    0.7000000000
  0.7000000000    0.7000000000    0.7000000000    0.7000000000    0.7000000000
  0.7000000000    0.7000000000    0.7000000000    0.7000000000    0.7000000000
  0.7000000000    0.7000000000    0.7000000000    0.7000000000    0.7000000000
  0.7000000000    0.7000000000    0.7000000000    0.7000000000    0.7000000000
  0.7000000000    0.7000000000    0.7000000000    0.7000000000    0.7000000000
  0.0000000209    0.0134707481    0.0268263608    0.0399613827    0.0527875692
  0.0652379543    0.0772681862    0.0888526887    0.0999832004    0.1106641859
  0.1209084123    0.1307347804    0.1401654869    0.1492237717    0.1579338759
  0.1663193733    0.1744021684    0.1822045833    0.1897459358    0.1970452935
  0.2041194707    0.2109841973    0.2176537007    0.2241418749    0.2304608196
  0.2366214246    0.2426347882    0.2485097975    0.2542545885    0.2598787576
  0.2653883129    0.2707910568    0.2760929555    0.2813000172    0.2864179164
  0.2914512426    0.2964052945    0.3012845367    0.3060930580    0.3108341545
  0.3155119568    0.3201297611    0.3246906132    0.3291979760    0.3336545199
  0.3380627900    0.3424256653    0.3467448145    0.3510233253    0.3552632004
  0.3594662756    0.3636346787    0.3677701205    0.3718751043    0.3759500057
  0.3799972028    0.3840184897    0.3880155355    0.3919889241    0.3959407419
  0.3998724908    0.4037850469    0.4076788276    0.4115571707    0.4154192835
  0.4192674190    0.4231027037    0.4269258052    0.4307373494    0.4345388383
  0.4383317322    0.4421169907    0.4458946139    0.4496659786    0.4534328789
  0.4571946889    0.4609537035    0.4647101313    0.4684651822    0.4722191066
  0.4759735316    0.4797286242    0.4834849685    0.4872441083    0.4910079628
  0.4947756976    0.4985473543    0.5023261040    0.5061115712    0.5099040896
  0.5137054533    0.5175151616    0.5213356763    0.5251682907    0.5290105850
  0.5328667730    0.5367353946    0.5406187028    0.5445178241    0.5484320074
  0.5523638815    0.5563122779    0.5602797419    0.5642671913    0.5682749182
  0.5723037153    0.5763555437    0.5804302782    0.5845289201    0.5886528879
  0.5928035170    0.5969821006    0.6011877626    0.6054237992    0.6096895844
  0.6139862448    0.6183158666    0.6226809114    0.6270797938    0.6315137237
  0.6359866649    0.6404980749    0.6450494975    0.6496408910    0.6542755097
  0.6589548558    0.6636789292    0.6684497744    0.6732699782    0.6781405002
  0.6830624670    0.6880375892    0.6930689961    0.6981566042    0.6999999791
  0.7000000000    0.7000000000    0.7000000000    0.7000000000    0.7000000000
  0.7000000000    0.7000000000    0.7000000000    0.7000000000    0.7000000000
  0.7000000000    0.7000000000    0.7000000000    0.7000000000    0.7000000000
  0.7000000000    0.7000000000    0.7000000000    0.7000000000    0.7000000000
  0.7000000000    0.7000000000    0.7000000000    0.7000000000    0.7000000000
  0.7000000000    0.7000000000    0.7000000000    0.7000000000    0.7000000000
  0.7000000000    0.7000000000    0.7000000000    0.7000000000    0.7000000000
  0.7000000000    0.7000000000    0.7000000000    0.7000000000    0.7000000000
  0.7000000000    0.7000000000    0.7000000000    0.7000000000    0.7000000000
  0.0000000209    0.0129498333    0.0257988006    0.0384538800    0.0508360893
  0.0628838032    0.0745542973    0.0858212858    0.0966737539    0.1071126610
  0.1171461016    0.1267888039    0.1360588342    0.1449767202    0.1535630733
  0.1618387967    0.1698240846    0.1775387555    0.1850011259    0.1922279269
  0.1992360145    0.2060391158    0.2126517922    0.2190867275    0.2253550202
  0.2314677268    0.2374349445    0.2432653099    0.2489677936    0.2545501143
  0.2600192398    0.2653827637    0.2706454843    0.2758138269    0.2808933407
  0.2858891159    0.2908053249    0.2956463069    0.3004167348    0.3051197797
  0.3097595721    0.3143388659    0.3188611656    0.3233299762    0.3277468830
  0.3321154743    0.3364380449    0.3407168061    0.3449543864    0.3491522044
  0.3533130974    0.3574388176    0.3615304083    0.3655904561    0.3696214229
  0.3736225575    0.3775977403    0.3815476388    0.3854728371    0.3893759638
  0.3932574779    0.3971193403    0.4009624273    0.4047876149    0.4085966557
  0.4123907596    0.4161696762    0.4199360341    0.4236904174    0.4274339110
  0.4311660558    0.4348902732    0.4386056453    0.4423139662    0.4460156947
  0.4497112066    0.4534027547    0.4570906311    0.4607755870    0.4644570380
  0.4681384057    0.4718185633    0.4754990548    0.4791805476    0.4828635842
  0.4865497500    0.4902381688    0.4939325541    0.4976306945    0.5013344258
  0.5050441653    0.5087622076    0.5124875098    0.5162219077    0.5199656099
  0.5237190753    0.5274847239    0.5312610954    0.5350510269    0.5388534755
  0.5426699013    0.5465026408    0.5503505260    0.5542144746    0.5580963224
  0.5619969457    0.5659154683    0.5698556453    0.5738157660    0.5777977496
  0.5818019718    0.5858306020    0.5898834735    0.5939615458    0.5980653197
  0.6021980494    0.6063569397    0.6105470806    0.6147671789    0.6190181941
  0.6233011276    0.6276183575    0.6319698423    0.6363571256    0.6407815427
  0.6452435941    0.6497459501    0.6542878181    0.6588719934    0.6634989768
  0.6681693941    0.6728885859    0.6776522130    0.6824663252    0.6873305887
  0.6922463387    0.6972163707    0.6999999791    0.7000000000    0.7000000000
  0.7000000000    0.7000000000    0.7000000000    0.7000000000    0.7000000000
  0.7000000000    0.7000000000    0.7000000000    0.7000000000    0.7000000000
  0.7000000000    0.7000000000    0.7000000000    0.7000000000    0.7000000000
  0.7000000000    0.7000000000    0.7000000000    0.7000000000    0.7000000000
  0.7000000000    0.7000000000    0.7000000000    0.7000000000    0.7000000000
  0.7000000000    0.7000000000    0.7000000000    0.7000000000    0.7000000000
  0.7000000000    0.7000000000    0.7000000000    0.7000000000    0.7000000000
  0.7000000000    0.7000000000    0.7000000000    0.7000000000    0.7000000000
  0.0000000209    0.0124628395    0.0248370796    0.0370403796    0.0490018934
  0.0606652528    0.0719894439    0.0829482228    0.0935290724    0.1037285298
  0.1135528535    0.1230119735    0.1321210772    0.1408969373    0.1493581623
  0.1575221092    0.1654083878    0.1730339795    0.1804151148    0.1875683576
  0.1945089370    0.2012496620    0.2078048855    0.2141851217    0.2204024702
  0.2264671117    0.2323881000    0.2381744057    0.2438347071    0.2493753880
  0.2548049182    0.2601285130    0.2653529733    0.2704835981    0.2755257696
  0.2804839939    0.2853634030    0.2901678354    0.2949012548    0.2995685428
  0.3041709512    0.3087139457    0.3131994456    0.3176308721    0.3220103532
  0.3263408929    0.3306254119    0.3348654956    0.3390637726    0.3432222039
  0.3473431259    0.3514282078    0.3554785758    0.3594973177    0.3634853095
  0.3674444705    0.3713755101    0.3752806813    0.3791616112    0.3830183834
  0.3868540019    0.3906679243    0.3944630712    0.3982392758    0.4019978315
  0.4057414919    0.4094690055    0.4131829590    0.4168835610    0.4205718547
  0.4242494255    0.4279162318    0.4315738171    0.4352230579    0.4388644546
  0.4424997598    0.4461284727    0.4497528046    0.4533721298    0.4569876999
  0.4606011838    0.4642127901    0.4678232700    0.4714327902    0.4750429362
  0.4786538333    0.4822665662    0.4858820945    0.4895005852    0.4931234568
  0.4967502087    0.5003828019    0.5040216118    0.5076670557    0.5113200098
  0.5149817675    0.5186513692    0.5223317355    0.5260218650    0.5297230095
  0.5334366292    0.5371625990    0.5409015447    0.5446558028    0.5484242469
  0.5522074610    0.5560080320    0.5598256677    0.5636604100    0.5675151795
  0.5713891417    0.5752830893    0.5791989416    0.5831362396    0.5870960265
  0.5910801381    0.5950883240    0.5991223782    0.6031834692    0.6072713047
  0.6113878459    0.6155321747    0.6197069615    0.6239127904    0.6281520814
  0.6324229985    0.6367297143    0.6410706431    0.6454482466    0.6498638183
  0.6543166071    0.6588103265    0.6633450598    0.6679209739    0.6725409061
  0.6772064835    0.6819159955    0.6866753250    0.6914828449    0.6963398904
  0.6999999791    0.7000000000    0.7000000000    0.7000000000    0.7000000000
  0.7000000000    0.7000000000    0.7000000000    0.7000000000    0.7000000000
  0.7000000000    0.7000000000    0.7000000000    0.7000000000    0.7000000000
  0.7000000000    0.7000000000    0.7000000000    0.7000000000    0.7000000000
  0.7000000000    0.7000000000    0.7000000000    0.7000000000    0.7000000000
  0.7000000000    0.7000000000    0.7000000000    0.7000000000    0.7000000000
  0.7000000000    0.7000000000    0.7000000000    0.7000000000    0.7000000000
  0.7000000000    0.7000000000    0.7000000000    0.7000000000    0.7000000000
  0.0000000209    0.0120067626    0.0239354819    0.0357130378    0.0472758025
  0.0585722059    0.0695635289    0.0802240282    0.0905390173    0.1005035728
  0.1101202399    0.1193964034    0.1283439547    0.1369774967    0.1453120917
  0.1533636361    0.1611486942    0.1686830789    0.1759825200    0.1830607861
  0.1899325222    0.1966102451    0.2031064719    0.2094321758    0.2155978709
  0.2216131955    0.2274879962    0.2332303673    0.2388476104    0.2443480283
  0.2497372121    0.2550217956    0.2602084547    0.2653018624    0.2703072757
  0.2752296180    0.2800728947    0.2848419458    0.2895401508    0.2941711813
  0.2987385422    0.3032459885    0.3076959401    0.3120912343    0.3164351255
  0.3207294494    0.3249776274    0.3291808277    0.3333420962    0.3374628931
  0.3415460140    0.3455922097    0.3496040672    0.3535831720    0.3575309008
  0.3614496738    0.3653396994    0.3692032725    0.3730409771    0.3768554419
  0.3806466252    0.3844165713    0.3881666571    0.3918967158    0.3956090838
  0.3993050545    0.4029838353    0.4066490978    0.4102994651    0.4139366060
  0.4175630242    0.4211773008    0.4247808963    0.4283752710    0.4319609255
  0.4355391949    0.4391100377    0.4426752061    0.4462345749    0.4497893959
  0.4533400029    0.4568876058    0.4604329139    0.4639765948    0.4675188571
  0.4710608274    0.4746036321    0.4781473130    0.4816925377    0.4852402657
  0.4887910813    0.4923464030    0.4959053129    0.4994692713    0.5030391127
  0.5066157132    0.5101999909    0.5137909442    0.5173911601    0.5210005969
  0.5246195048    0.5282490939    0.5318900734    0.5355422765    0.5392072469
  0.5428855687    0.5465787441    0.5502861053    0.5540086120    0.5577475995
  0.5615027755    0.5652758926    0.5690677434    0.5728787452    0.5767101496
  0.5805606216    0.5844337076    0.5883281142    0.5922460526    0.5961885661
  0.6001541108    0.6041464835    0.6081648916    0.6122097522    0.6162838191
  0.6203861326    0.6245189875    0.6286817163    0.6328756124    0.6371045560
  0.6413662523    0.6456624538    0.6499934524    0.6543626279    0.6587689787
  0.6632152587    0.6677006751    0.6722274810    0.6767969698    0.6814101845
  0.6860664159    0.6907722145    0.6955224901    0.6999999791    0.7000000000
  0.7000000000    0.7000000000    0.7000000000    0.7000000000    0.7000000000
  0.7000000000    0.7000000000    0.7000000000    0.7000000000    0.7000000000
  0.7000000000    0.7000000000    0.7000000000    0.7000000000    0.7000000000
  0.7000000000    0.7000000000    0.7000000000    0.7000000000    0.7000000000
  0.7000000000    0.7000000000    0.7000000000    0.7000000000    0.7000000000
  0.7000000000    0.7000000000    0.7000000000    0.7000000000    0.7000000000
  0.7000000000    0.7000000000    0.7000000000    0.7000000000    0.7000000000
  0.0000000209    0.0115789741    0.0230890006    0.0344649702    0.0456498057
  0.0565960675    0.0672677487    0.0776391894    0.0876952440    0.0974287361
  0.1068407089    0.1159351259    0.1247218758    0.1332119316    0.1414187282
  0.1493565768    0.1570390791    0.1644818395    0.1716972083    0.1786997050
  0.1855014712    0.1921146482    0.1985515445    0.2048213810    0.2109352559
  0.2169018060    0.2227293760    0.2284274369    0.2340023726    0.2394612342
  0.2448109895    0.2500570625    0.2552059203    0.2602626950    0.2652324766
  0.2701190621    0.2749274164    0.2796612531    0.2843249530    0.2889216453
  0.2934547096    0.2979273587    0.3023430973    0.3067041785    0.3110132307
  0.3152731746    0.3194858879    0.3236540407    0.3277796358    0.3318651348
  0.3359113306    0.3399214774    0.3438966602    0.3478378803    0.3517480999
  0.3556282371    0.3594790012    0.3633031458    0.3671012968    0.3708750814
  0.3746255010    0.3783535153    0.3820605844    0.3857480437    0.3894167274
  0.3930674285    0.3967018574    0.4003202230    0.4039236933    0.4075138539
  0.4110908300    0.4146556646    0.4182098180    0.4217533737    0.4252872080
  0.4288127393    0.4323299259    0.4358396024    0.4393431455    0.4428412646
  0.4463339180    0.4498227328    0.4533075422    0.4567900151    0.4602694005
  0.4637482852    0.4672258765    0.4707028419    0.4741811842    0.4776596516
  0.4811405808    0.4846232623    0.4881086141    0.4915985137    0.4950925857
  0.4985907882    0.5020954579    0.5056064695    0.5091238648    0.5126484782
  0.5161806434    0.5197221130    0.5232731372    0.5268345088    0.5304060608
  0.5339880854    0.5375825435    0.5411892682    0.5448097199    0.5484436899
  0.5520925552    0.5557564825    0.5594355553    0.5631316096    0.5668458968
  0.5705772072    0.5743267924    0.5780971140    0.5818860024    0.5856971294
  0.5895287007    0.5933829695    0.5972602278    0.6011617690    0.6050877601
  0.6090394527    0.6130165130    0.6170213193    0.6210537881    0.6251150042
  0.6292070955    0.6333283097    0.6374806911    0.6416654080    0.6458847135
  0.6501362294    0.6544231683    0.6587466985    0.6631072372    0.6675079972
  0.6719448060    0.6764235049    0.6809426337    0.6855045289    0.6901113182
  0.6947598726    0.6994578272    0.6999999791    0.7000000000    0.7000000000
  0.7000000000    0.7000000000    0.7000000000    0.7000000000    0.7000000000
  0.7000000000    0.7000000000    0.7000000000    0.7000000000    0.7000000000
  0.7000000000    0.7000000000    0.7000000000    0.7000000000    0.7000000000
  0.7000000000    0.7000000000    0.7000000000    0.7000000000    0.7000000000
  0.7000000000    0.7000000000    0.7000000000    0.7000000000    0.7000000000
  0.7000000000    0.7000000000    0.7000000000    0.7000000000    0.7000000000
  0.0000000209    0.0111770958    0.0222929209    0.0332897514    0.0441159338
  0.0547282010    0.0650926322    0.0751848608    0.0849888653    0.0944968432
  0.1037062079    0.1126205891    0.1212464124    0.1295936078    0.1376718968
  0.1454950482    0.1530743688    0.1604233354    0.1675544649    0.1744796485
  0.1812104434    0.1877586991    0.1941348881    0.2003481477    0.2064090759
  0.2123263091    0.2181073993    0.2237602323    0.2292921513    0.2347103745
  0.2400200754    0.2452286810    0.2503403217    0.2553605050    0.2602942377
  0.2651457757    0.2699194163    0.2746193320    0.2792493612    0.2838125080
  0.2883121520    0.2927519232    0.2971342832    0.3014614850    0.3057376176
  0.3099641412    0.3141433090    0.3182777911    0.3223690897    0.3264202088
  0.3304324001    0.3344068319    0.3383466750    0.3422529727    0.3461270601
  0.3499703974    0.3537852377    0.3575717479    0.3613321394    0.3650669962
  0.3687783629    0.3724671990    0.3761339217    0.3797809094    0.3834084958
  0.3870170146    0.3906091362    0.3941846102    0.3977441460    0.4012892872
  0.4048211604    0.4083398491    0.4118468553    0.4153427213    0.4188278645
  0.4223037869    0.4257708639    0.4292299718    0.4326814860    0.4361262828
  0.4395646960    0.4429988533    0.4464282125    0.4498529404    0.4532747477
  0.4566938430    0.4601113945    0.4635271102    0.4669421166    0.4703579575
  0.4737732977    0.4771897644    0.4806083173    0.4840289980    0.4874528915
  0.4908804148    0.4943111926    0.4977470189    0.5011888534    0.5046361536
  0.5080889612    0.5115498632    0.5150184005    0.5184952825    0.5219804674
  0.5254751652    0.5289805025    0.5324959785    0.5360222191    0.5395612270
  0.5431123346    0.5466762096    0.5502543122    0.5538463086    0.5574532837
  0.5610769898    0.5647153825    0.5683719248    0.5720449477    0.5757369548
  0.5794471115    0.5831774205    0.5869278401    0.5906998307    0.5944924742
  0.5983076483    0.6021458536    0.6060093433    0.6098965734    0.6138088375
  0.6177469283    0.6217120141    0.6257059723    0.6297260076    0.6337776691
  0.6378587872    0.6419706970    0.6461137325    0.6502897710    0.6544994384
  0.6587429017    0.6630217880    0.6673379332    0.6716911703    0.6760821253
  0.6805133849    0.6849837810    0.6894946903    0.6940492421    0.6986480206
  0.6999999791    0.7000000000    0.7000000000    0.7000000000    0.7000000000
  0.7000000000    0.7000000000    0.7000000000    0.7000000000    0.7000000000
  0.7000000000    0.7000000000    0.7000000000    0.7000000000    0.7000000000
  0.7000000000    0.7000000000    0.7000000000    0.7000000000    0.7000000000
  0.7000000000    0.7000000000    0.7000000000    0.7000000000    0.7000000000
  0.7000000000    0.7000000000    0.7000000000    0.7000000000    0.7000000000
