  0.0000000000    0.0036000000
  0.0000500000    0.0006000000    299    19
  0.0770958960    0.0769056976    0.0766728222    0.0764355958    0.0761950910
  0.0759514868    0.0757047236    0.0754548609    0.0752018392    0.0749454200
  0.0746856630    0.0744225085    0.0741557181    0.0738852918    0.0736110508
  0.0733329952    0.0730508864    0.0727647245    0.0724742115    0.0721794665
  0.0718800724    0.0715760291    0.0712672174    0.0709533393    0.0706343353
  0.0703099668    0.0699800551    0.0696443617    0.0693027675    0.0689549148
  0.0686006844    0.0682397187    0.0678717196    0.0674965084    0.0671137273
  0.0667229593    0.0663239658    0.0659163296    0.0654995143    0.0650732219
  0.0646369159    0.0641901195    0.0637321174    0.0632624328    0.0627802908
  0.0622851551    0.0617760122    0.0612521470    0.0607123673    0.0601557791
  0.0595810115    0.0589869916    0.0583718121    0.0577341616    0.0570717752
  0.0563826263    0.0556641519    0.0549134314    0.0541270077    0.0533007681
  0.0524298251    0.0515083373    0.0505292118    0.0496974885    0.0496974885
  0.0496974885    0.0496974885    0.0496974885    0.0496974885    0.0496974885
  0.0496974885    0.0496974885    0.0496974885    0.0496974885    0.0496974885
  0.0496974885    0.0496974885    0.0496974885    0.0496974885    0.0496974885
  0.0496974885    0.0496974885    0.0496974885    0.0496974885    0.0496974885
  0.0496974885    0.0496974885    0.0496974885    0.0496974885    0.0496974885
  0.0496974885    0.0496974885    0.0496974885    0.0496974885    0.0496974885
  0.0496974885    0.0496974885    0.0496974885    0.0496974885    0.0496974885
  0.0496974885    0.0496974885    0.0496974885    0.0496974885    0.0496974885
  0.0496974885    0.0496974885    0.0496974885    0.0496974885    0.0496974885
  0.0496974885    0.0496974885    0.0496974885    0.0496974885    0.0496974885
  0.0496974885    0.0496974885    0.0496974885    0.0496974885    0.0496974885
  0.0496974885    0.0496974885    0.0496974885    0.0496974885    0.0496974885
  0.0496974885    0.0496974885    0.0496974885    0.0496974885    0.0496974885
  0.0496974885    0.0496974885    0.0496974885    0.0496974885    0.0496974885
  0.0496974885    0.0496974885    0.0496974885    0.0496974885    0.0496974885
  0.0496974885    0.0496974885    0.0496974885    0.0496974885    0.0496974885
  0.0496974885    0.0496974885    0.0496974885    0.0496974885    0.0496974885
  0.0496974885    0.0496974885    0.0496974885    0.0496974885    0.0496974885
  0.0496974885    0.0496974885    0.0496974885    0.0496974885    0.0496974885
  0.0496974885    0.0496974885    0.0496974885    0.0496974885    0.0496974885
  0.0496974885    0.0496974885    0.0496974885    0.0496974885    0.0496974885
  0.0496974885    0.0496974885    0.0496974885    0.0496974885    0.0496974885
  0.0496974885    0.0496974885    0.0496974885    0.0496974885    0.0496974885
  0.0496974885    0.0496974885    0.0496974885    0.0496974885    0.0496974885
  0.0496974885    0.0496974885    0.0496974885    0.0496974885    0.0496974885
  0.0496974885    0.0496974885    0.0496974885    0.0496974885    0.0496974885
  0.0496974885    0.0496974885    0.0496974885    0.0496974885    0.0496974885
  0.0496974885    0.0496974885    0.0496974885    0.0496974885    0.0496974885
  0.0496974885    0.0496974885    0.0496974885    0.0496974885    0.0496974885
  0.0496974885    0.0496974885    0.0496974885    0.0496974885    0.0496974885
  0.0496974885    0.0496974885    0.0496974885    0.0496974885    0.0496974885
  0.0496974885    0.0496974885    0.0496974885    0.0496974885    0.0496974885
  0.0496974885    0.0496974885    0.0496974885    0.0496974885    0.0496974885
  0.0496974885    0.0496974885    0.0496974885    0.0496974885    0.0496974885
  0.0496974885    0.0496974885    0.0496974885    0.0496974885    0.0496974885
  0.0496974885    0.0496974885    0.0496974885    0.0496974885    0.0496974885
  0.0496974885    0.0496974885    0.0496974885    0.0496974885    0.0496974885
  0.0496974885    0.0496974885    0.0496974885    0.0496974885    0.0496974885
  0.0496974885    0.0496974885    0.0496974885    0.0496974885    0.0496974885
  0.0496974885    0.0496974885    0.0496974885    0.0496974885    0.0496974885
  0.0496974885    0.0496974885    0.0496974885    0.0496974885    0.0496974885
  0.0496974885    0.0496974885    0.0496974885    0.0496974885    0.0496974885
  0.0496974885    0.0496974885    0.0496974885    0.0496974885    0.0496974885
  0.0496974885    0.0496974885    0.0496974885    0.0496974885    0.0496974885
  0.0496974885    0.0496974885    0.0496974885    0.0496974885    0.0496974885
  0.0496974885    0.0496974885    0.0496974885    0.0496974885    0.0496974885
  0.0496974885    0.0496974885    0.0496974885    0.0496974885    0.0496974885
  0.0793657005    0.0792142451    0.0790114105    0.0788033307    0.0785922110
  0.0783785880    0.0781625211    0.0779440105    0.0777230561    0.0774995983
  0.0772736371    0.0770451128    0.0768139660    0.0765800774    0.0763435066
  0.0761040747    0.0758617222    0.0756164491    0.0753680766    0.0751166642
  0.0748620331    0.0746041238    0.0743427575    0.0740779936    0.0738097131
  0.0735376775    0.0732618868    0.0729822218    0.0726985037    0.0724107325
  0.0721186697    0.0718222558    0.0715212524    0.0712156594    0.0709051192
  0.0705896318    0.0702690184    0.0699429810    0.0696114600    0.0692741573
  0.0689309537    0.0685814917    0.0682255328    0.0678630173    0.0674934089
  0.0671165884    0.0667321980    0.0663399398    0.0659393966    0.0655302107
  0.0651119649    0.0646843016    0.0642466247    0.0637983978    0.0633390844
  0.0628682673    0.0623849928    0.0618888438    0.0613786876    0.0608539879
  0.0603135526    0.0597564876    0.0591813028    0.0585871041    0.0579722226
  0.0573349297    0.0566733181    0.0559855402    0.0552686751    0.0545201004
  0.0537364185    0.0529142320    0.0520478189    0.0511330068    0.0508746803
  0.0508746803    0.0508746803    0.0508746803    0.0508746803    0.0508746803
  0.0508746803    0.0508746803    0.0508746803    0.0508746803    0.0508746803
  0.0508746803    0.0508746803    0.0508746803    0.0508746803    0.0508746803
  0.0508746803    0.0508746803    0.0508746803    0.0508746803    0.0508746803
  0.0508746803    0.0508746803    0.0508746803    0.0508746803    0.0508746803
  0.0508746803    0.0508746803    0.0508746803    0.0508746803    0.0508746803
  0.0508746803    0.0508746803    0.0508746803    0.0508746803    0.0508746803
  0.0508746803    0.0508746803    0.0508746803    0.0508746803    0.0508746803
  0.0508746803    0.0508746803    0.0508746803    0.0508746803    0.0508746803
  0.0508746803    0.0508746803    0.0508746803    0.0508746803    0.0508746803
  0.0508746803    0.0508746803    0.0508746803    0.0508746803    0.0508746803
  0.0508746803    0.0508746803    0.0508746803    0.0508746803    0.0508746803
  0.0508746803    0.0508746803    0.0508746803    0.0508746803    0.0508746803
  0.0508746803    0.0508746803    0.0508746803    0.0508746803    0.0508746803
  0.0508746803    0.0508746803    0.0508746803    0.0508746803    0.0508746803
  0.0508746803    0.0508746803    0.0508746803    0.0508746803    0.0508746803
  0.0508746803    0.0508746803    0.0508746803    0.0508746803    0.0508746803
  0.0508746803    0.0508746803    0.0508746803    0.0508746803    0.0508746803
  0.0508746803    0.0508746803    0.0508746803    0.0508746803    0.0508746803
  0.0508746803    0.0508746803    0.0508746803    0.0508746803    0.0508746803
  0.0508746803    0.0508746803    0.0508746803    0.0508746803    0.0508746803
  0.0508746803    0.0508746803    0.0508746803    0.0508746803    0.0508746803
  0.0508746803    0.0508746803    0.0508746803    0.0508746803    0.0508746803
  0.0508746803    0.0508746803    0.0508746803    0.0508746803    0.0508746803
  0.0508746803    0.0508746803    0.0508746803    0.0508746803    0.0508746803
  0.0508746803    0.0508746803    0.0508746803    0.0508746803    0.0508746803
  0.0508746803    0.0508746803    0.0508746803    0.0508746803    0.0508746803
  0.0508746803    0.0508746803    0.0508746803    0.0508746803    0.0508746803
  0.0508746803    0.0508746803    0.0508746803    0.0508746803    0.0508746803
  0.0508746803    0.0508746803    0.0508746803    0.0508746803    0.0508746803
  0.0508746803    0.0508746803    0.0508746803    0.0508746803    0.0508746803
  0.0508746803    0.0508746803    0.0508746803    0.0508746803    0.0508746803
  0.0508746803    0.0508746803    0.0508746803    0.0508746803    0.0508746803
  0.0508746803    0.0508746803    0.0508746803    0.0508746803    0.0508746803
  0.0508746803    0.0508746803    0.0508746803    0.0508746803    0.0508746803
  0.0508746803    0.0508746803    0.0508746803    0.0508746803    0.0508746803
  0.0508746803    0.0508746803    0.0508746803    0.0508746803    0.0508746803
  0.0508746803    0.0508746803    0.0508746803    0.0508746803    0.0508746803
  0.0508746803    0.0508746803    0.0508746803    0.0508746803    0.0508746803
  0.0508746803    0.0508746803    0.0508746803    0.0508746803    0.0508746803
  0.0508746803    0.0508746803    0.0508746803    0.0508746803    0.0508746803
  0.0508746803    0.0508746803    0.0508746803    0.0508746803    0.0508746803
  0.0508746803    0.0508746803    0.0508746803    0.0508746803    0.0508746803
  0.0508746803    0.0508746803    0.0508746803    0.0508746803    0.0508746803
  0.0508746803    0.0508746803    0.0508746803    0.0508746803    0.0508746803
  0.0813680589    0.0812480748    0.0810702741    0.0808853209    0.0806972086
  0.0805067122    0.0803141296    0.0801195800    0.0799230635    0.0797245204
  0.0795240104    0.0793215334    0.0791169703    0.0789103210    0.0787015855
  0.0784907043    0.0782775581    0.0780622065    0.0778445303    0.0776245296
  0.0774020851    0.0771771967    0.0769498646    0.0767199099    0.0764873326
  0.0762520134    0.0760140121    0.0757731497    0.0755293667    0.0752826631
  0.0750329196    0.0747800171    0.0745239556    0.0742645562    0.0740017593
  0.0737355053    0.0734656751    0.0731922090    0.0729149282    0.0726337135
  0.0723485649    0.0720592439    0.0717657506    0.0714677870    0.0711652339
  0.0708581507    0.0705461204    0.0702290833    0.0699069202    0.0695793927
  0.0692463815    0.0689074695    0.0685627759    0.0682118237    0.0678544343
  0.0674904883    0.0671194494    0.0667411387    0.0663554370    0.0659617484
  0.0655598342    0.0651493371    0.0647298396    0.0643008649    0.0638619959
  0.0634127557    0.0629525483    0.0624804795    0.0619964898    0.0614994466
  0.0609888732    0.0604635179    0.0599228442    0.0593653619    0.0587903559
  0.0581965148    0.0575819314    0.0569457114    0.0562854111    0.0555990040
  0.0548844039    0.0541386902    0.0533587635    0.0525406897    0.0519274175
  0.0519274175    0.0519274175    0.0519274175    0.0519274175    0.0519274175
  0.0519274175    0.0519274175    0.0519274175    0.0519274175    0.0519274175
  0.0519274175    0.0519274175    0.0519274175    0.0519274175    0.0519274175
  0.0519274175    0.0519274175    0.0519274175    0.0519274175    0.0519274175
  0.0519274175    0.0519274175    0.0519274175    0.0519274175    0.0519274175
  0.0519274175    0.0519274175    0.0519274175    0.0519274175    0.0519274175
  0.0519274175    0.0519274175    0.0519274175    0.0519274175    0.0519274175
  0.0519274175    0.0519274175    0.0519274175    0.0519274175    0.0519274175
  0.0519274175    0.0519274175    0.0519274175    0.0519274175    0.0519274175
  0.0519274175    0.0519274175    0.0519274175    0.0519274175    0.0519274175
  0.0519274175    0.0519274175    0.0519274175    0.0519274175    0.0519274175
  0.0519274175    0.0519274175    0.0519274175    0.0519274175    0.0519274175
  0.0519274175    0.0519274175    0.0519274175    0.0519274175    0.0519274175
  0.0519274175    0.0519274175    0.0519274175    0.0519274175    0.0519274175
  0.0519274175    0.0519274175    0.0519274175    0.0519274175    0.0519274175
  0.0519274175    0.0519274175    0.0519274175    0.0519274175    0.0519274175
  0.0519274175    0.0519274175    0.0519274175    0.0519274175    0.0519274175
  0.0519274175    0.0519274175    0.0519274175    0.0519274175    0.0519274175
  0.0519274175    0.0519274175    0.0519274175    0.0519274175    0.0519274175
  0.0519274175    0.0519274175    0.0519274175    0.0519274175    0.0519274175
  0.0519274175    0.0519274175    0.0519274175    0.0519274175    0.0519274175
  0.0519274175    0.0519274175    0.0519274175    0.0519274175    0.0519274175
  0.0519274175    0.0519274175    0.0519274175    0.0519274175    0.0519274175
  0.0519274175    0.0519274175    0.0519274175    0.0519274175    0.0519274175
  0.0519274175    0.0519274175    0.0519274175    0.0519274175    0.0519274175
  0.0519274175    0.0519274175    0.0519274175    0.0519274175    0.0519274175
  0.0519274175    0.0519274175    0.0519274175    0.0519274175    0.0519274175
  0.0519274175    0.0519274175    0.0519274175    0.0519274175    0.0519274175
  0.0519274175    0.0519274175    0.0519274175    0.0519274175    0.0519274175
  0.0519274175    0.0519274175    0.0519274175    0.0519274175    0.0519274175
  0.0519274175    0.0519274175    0.0519274175    0.0519274175    0.0519274175
  0.0519274175    0.0519274175    0.0519274175    0.0519274175    0.0519274175
  0.0519274175    0.0519274175    0.0519274175    0.0519274175    0.0519274175
  0.0519274175    0.0519274175    0.0519274175    0.0519274175    0.0519274175
  0.0519274175    0.0519274175    0.0519274175    0.0519274175    0.0519274175
  0.0519274175    0.0519274175    0.0519274175    0.0519274175    0.0519274175
  0.0519274175    0.0519274175    0.0519274175    0.0519274175    0.0519274175
  0.0519274175    0.0519274175    0.0519274175    0.0519274175    0.0519274175
  0.0519274175    0.0519274175    0.0519274175    0.0519274175    0.0519274175
  0.0519274175    0.0519274175    0.0519274175    0.0519274175    0.0519274175
  0.0519274175    0.0519274175    0.0519274175    0.0519274175    0.0519274175
  0.0519274175    0.0519274175    0.0519274175    0.0519274175    0.0519274175
  0.0519274175    0.0519274175    0.0519274175    0.0519274175    0.0519274175
  0.0831609070    0.0830662549    0.0829105079    0.0827448666    0.0825754106
  0.0824035704    0.0822298229    0.0820542276    0.0818770230    0.0816981494
  0.0815176070    0.0813354552    0.0811516345    0.0809661448    0.0807789862
  0.0805900991    0.0803994238    0.0802070200    0.0800127685    0.0798166692
  0.0796187222    0.0794188678    0.0792169869    0.0790131986    0.0788073242
  0.0785994232    0.0783893764    0.0781771839    0.0779627264    0.0777460635
  0.0775271356    0.0773058236    0.0770821273    0.0768559277    0.0766272247
  0.0763959587    0.0761620104    0.0759254396    0.0756860673    0.0754438341
  0.0751987398    0.0749506652    0.0746995509    0.0744452775    0.0741877854
  0.0739270151    0.0736628473    0.0733952224    0.0731239617    0.0728490651
  0.0725703537    0.0722878277    0.0720011890    0.0717104375    0.0714154541
  0.0711161196    0.0708121955    0.0705036819    0.0701902211    0.0698717535
  0.0695482194    0.0692193210    0.0688848197    0.0685446560    0.0681985319
  0.0678462088    0.0674875081    0.0671221316    0.0667499006    0.0663703382
  0.0659833252    0.0655883849    0.0651854575    0.0647738278    0.0643531382
  0.0639232099    0.0634834468    0.0630332530    0.0625721514    0.0620995462
  0.0616149604    0.0611175001    0.0606063902    0.0600807965    0.0595399439
  0.0589828789    0.0584081709    0.0578148663    0.0572014153    0.0565661490
  0.0559072196    0.0552232563    0.0545112789    0.0537686646    0.0529928505
  0.0528821051    0.0528821051    0.0528821051    0.0528821051    0.0528821051
  0.0528821051    0.0528821051    0.0528821051    0.0528821051    0.0528821051
  0.0528821051    0.0528821051    0.0528821051    0.0528821051    0.0528821051
  0.0528821051    0.0528821051    0.0528821051    0.0528821051    0.0528821051
  0.0528821051    0.0528821051    0.0528821051    0.0528821051    0.0528821051
  0.0528821051    0.0528821051    0.0528821051    0.0528821051    0.0528821051
  0.0528821051    0.0528821051    0.0528821051    0.0528821051    0.0528821051
  0.0528821051    0.0528821051    0.0528821051    0.0528821051    0.0528821051
  0.0528821051    0.0528821051    0.0528821051    0.0528821051    0.0528821051
  0.0528821051    0.0528821051    0.0528821051    0.0528821051    0.0528821051
  0.0528821051    0.0528821051    0.0528821051    0.0528821051    0.0528821051
  0.0528821051    0.0528821051    0.0528821051    0.0528821051    0.0528821051
  0.0528821051    0.0528821051    0.0528821051    0.0528821051    0.0528821051
  0.0528821051    0.0528821051    0.0528821051    0.0528821051    0.0528821051
  0.0528821051    0.0528821051    0.0528821051    0.0528821051    0.0528821051
  0.0528821051    0.0528821051    0.0528821051    0.0528821051    0.0528821051
  0.0528821051    0.0528821051    0.0528821051    0.0528821051    0.0528821051
  0.0528821051    0.0528821051    0.0528821051    0.0528821051    0.0528821051
  0.0528821051    0.0528821051    0.0528821051    0.0528821051    0.0528821051
  0.0528821051    0.0528821051    0.0528821051    0.0528821051    0.0528821051
  0.0528821051    0.0528821051    0.0528821051    0.0528821051    0.0528821051
  0.0528821051    0.0528821051    0.0528821051    0.0528821051    0.0528821051
  0.0528821051    0.0528821051    0.0528821051    0.0528821051    0.0528821051
  0.0528821051    0.0528821051    0.0528821051    0.0528821051    0.0528821051
  0.0528821051    0.0528821051    0.0528821051    0.0528821051    0.0528821051
  0.0528821051    0.0528821051    0.0528821051    0.0528821051    0.0528821051
  0.0528821051    0.0528821051    0.0528821051    0.0528821051    0.0528821051
  0.0528821051    0.0528821051    0.0528821051    0.0528821051    0.0528821051
  0.0528821051    0.0528821051    0.0528821051    0.0528821051    0.0528821051
  0.0528821051    0.0528821051    0.0528821051    0.0528821051    0.0528821051
  0.0528821051    0.0528821051    0.0528821051    0.0528821051    0.0528821051
  0.0528821051    0.0528821051    0.0528821051    0.0528821051    0.0528821051
  0.0528821051    0.0528821051    0.0528821051    0.0528821051    0.0528821051
  0.0528821051    0.0528821051    0.0528821051    0.0528821051    0.0528821051
  0.0528821051    0.0528821051    0.0528821051    0.0528821051    0.0528821051
  0.0528821051    0.0528821051    0.0528821051    0.0528821051    0.0528821051
  0.0528821051    0.0528821051    0.0528821051    0.0528821051    0.0528821051
  0.0528821051    0.0528821051    0.0528821051    0.0528821051    0.0528821051
  0.0528821051    0.0528821051    0.0528821051    0.0528821051    0.0528821051
  0.0528821051    0.0528821051    0.0528821051    0.0528821051    0.0528821051
  0.0528821051    0.0528821051    0.0528821051    0.0528821051    0.0528821051
  0.0847848952    0.0847104490    0.0845746100    0.0844257772    0.0842721164
  0.0841158330    0.0839575231    0.0837975442    0.0836360753    0.0834731758
  0.0833088458    0.0831430852    0.0829759538    0.0828074515    0.0826375782
  0.0824662149    0.0822934210    0.0821191967    0.0819435418    0.0817663372
  0.0815875828    0.0814073384    0.0812255442    0.0810420811    0.0808570683
  0.0806703269    0.0804819763    0.0802918971    0.0801000297    0.0799064338
  0.0797110498    0.0795137584    0.0793146193    0.0791135132    0.0789104998
  0.0787054598    0.0784984529    0.0782893002    0.0780780613    0.0778646767
  0.0776490271    0.0774311125    0.0772109330    0.0769883692    0.0767634213
  0.0765359700    0.0763060153    0.0760734379    0.0758382976    0.0756004155
  0.0753597915    0.0751162469    0.0748698413    0.0746205151    0.0743679702
  0.0741124451    0.0738536417    0.0735915601    0.0733260810    0.0730570853
  0.0727845132    0.0725083053    0.0722283423    0.0719444454    0.0716564953
  0.0713644326    0.0710680783    0.0707674325    0.0704621971    0.0701521933
  0.0698375404    0.0695178211    0.0691929162    0.0688627064    0.0685270727
  0.0681856573    0.0678382218    0.0674846470    0.0671249330    0.0667582452
  0.0663848817    0.0660041869    0.0656161010    0.0652202666    0.0648162663
  0.0644036829    0.0639820993    0.0635513961    0.0631107986    0.0626600087
  0.0621981919    0.0617252886    0.0612404048    0.0607425272    0.0602312386
  0.0597058833    0.0591653883    0.0586085021    0.0580346882    0.0574422181
  0.0568299592    0.0561962426    0.0555396378    0.0548580587    0.0541490018
  0.0537573993    0.0537573993    0.0537573993    0.0537573993    0.0537573993
  0.0537573993    0.0537573993    0.0537573993    0.0537573993    0.0537573993
  0.0537573993    0.0537573993    0.0537573993    0.0537573993    0.0537573993
  0.0537573993    0.0537573993    0.0537573993    0.0537573993    0.0537573993
  0.0537573993    0.0537573993    0.0537573993    0.0537573993    0.0537573993
  0.0537573993    0.0537573993    0.0537573993    0.0537573993    0.0537573993
  0.0537573993    0.0537573993    0.0537573993    0.0537573993    0.0537573993
  0.0537573993    0.0537573993    0.0537573993    0.0537573993    0.0537573993
  0.0537573993    0.0537573993    0.0537573993    0.0537573993    0.0537573993
  0.0537573993    0.0537573993    0.0537573993    0.0537573993    0.0537573993
  0.0537573993    0.0537573993    0.0537573993    0.0537573993    0.0537573993
  0.0537573993    0.0537573993    0.0537573993    0.0537573993    0.0537573993
  0.0537573993    0.0537573993    0.0537573993    0.0537573993    0.0537573993
  0.0537573993    0.0537573993    0.0537573993    0.0537573993    0.0537573993
  0.0537573993    0.0537573993    0.0537573993    0.0537573993    0.0537573993
  0.0537573993    0.0537573993    0.0537573993    0.0537573993    0.0537573993
  0.0537573993    0.0537573993    0.0537573993    0.0537573993    0.0537573993
  0.0537573993    0.0537573993    0.0537573993    0.0537573993    0.0537573993
  0.0537573993    0.0537573993    0.0537573993    0.0537573993    0.0537573993
  0.0537573993    0.0537573993    0.0537573993    0.0537573993    0.0537573993
  0.0537573993    0.0537573993    0.0537573993    0.0537573993    0.0537573993
  0.0537573993    0.0537573993    0.0537573993    0.0537573993    0.0537573993
  0.0537573993    0.0537573993    0.0537573993    0.0537573993    0.0537573993
  0.0537573993    0.0537573993    0.0537573993    0.0537573993    0.0537573993
  0.0537573993    0.0537573993    0.0537573993    0.0537573993    0.0537573993
  0.0537573993    0.0537573993    0.0537573993    0.0537573993    0.0537573993
  0.0537573993    0.0537573993    0.0537573993    0.0537573993    0.0537573993
  0.0537573993    0.0537573993    0.0537573993    0.0537573993    0.0537573993
  0.0537573993    0.0537573993    0.0537573993    0.0537573993    0.0537573993
  0.0537573993    0.0537573993    0.0537573993    0.0537573993    0.0537573993
  0.0537573993    0.0537573993    0.0537573993    0.0537573993    0.0537573993
  0.0537573993    0.0537573993    0.0537573993    0.0537573993    0.0537573993
  0.0537573993    0.0537573993    0.0537573993    0.0537573993    0.0537573993
  0.0537573993    0.0537573993    0.0537573993    0.0537573993    0.0537573993
  0.0537573993    0.0537573993    0.0537573993    0.0537573993    0.0537573993
  0.0537573993    0.0537573993    0.0537573993    0.0537573993    0.0537573993
  0.0537573993    0.0537573993    0.0537573993    0.0537573993    0.0537573993
  0.0537573993    0.0537573993    0.0537573993    0.0537573993    0.0537573993
  0.0537573993    0.0537573993    0.0537573993    0.0537573993    0.0537573993
  0.0862697661    0.0862111151    0.0860934556    0.0859597027    0.0858199298
  0.0856769383    0.0855318010    0.0853849351    0.0852366388    0.0850870311
  0.0849361122    0.0847840011    0.0846306384    0.0844761431    0.0843203962
  0.0841634572    0.0840052664    0.0838459432    0.0836853087    0.0835234821
  0.0833603442    0.0831959546    0.0830303133    0.0828633010    0.0826949179
  0.0825252831    0.0823541582    0.0821817219    0.0820078552    0.0818324983
  0.0816557109    0.0814774334    0.0812976062    0.0811162293    0.0809333622
  0.0807488263    0.0805627406    0.0803749263    0.0801854432    0.0799942315
  0.0798012912    0.0796065629    0.0794100463    0.0792116225    0.0790112913
  0.0788091123    0.0786049664    0.0783987939    0.0781905949    0.0779803097
  0.0777678788    0.0775533617    0.0773365200    0.0771174133    0.0768960416
  0.0766723454    0.0764461458    0.0762175620    0.0759862959    0.0757526457
  0.0755161941    0.0752770603    0.0750351846    0.0747905076    0.0745428503
  0.0742922127    0.0740385354    0.0737816989    0.0735216439    0.0732583106
  0.0729915202    0.0727213919    0.0724475682    0.0721700490    0.0718887746
  0.0716036856    0.0713144839    0.0710211694    0.0707236230    0.0704216063
  0.0701152384    0.0698041022    0.0694882572    0.0691672266    0.0688412488
  0.0685099661    0.0681729615    0.0678303540    0.0674820244    0.0671274364
  0.0667664707    0.0663989484    0.0660245121    0.0656430423    0.0652538836
  0.0648570955    0.0644521415    0.0640389025    0.0636168420    0.0631854236
  0.0627442300    0.0622930825    0.0618310273    0.0613575876    0.0608724058
  0.0603747666    0.0598637760    0.0593386590    0.0587988198    0.0582427084
  0.0576696694    0.0570785701    0.0564678013    0.0558362901    0.0551819503
  0.0545667112    0.0545667112    0.0545667112    0.0545667112    0.0545667112
  0.0545667112    0.0545667112    0.0545667112    0.0545667112    0.0545667112
  0.0545667112    0.0545667112    0.0545667112    0.0545667112    0.0545667112
  0.0545667112    0.0545667112    0.0545667112    0.0545667112    0.0545667112
  0.0545667112    0.0545667112    0.0545667112    0.0545667112    0.0545667112
  0.0545667112    0.0545667112    0.0545667112    0.0545667112    0.0545667112
  0.0545667112    0.0545667112    0.0545667112    0.0545667112    0.0545667112
  0.0545667112    0.0545667112    0.0545667112    0.0545667112    0.0545667112
  0.0545667112    0.0545667112    0.0545667112    0.0545667112    0.0545667112
  0.0545667112    0.0545667112    0.0545667112    0.0545667112    0.0545667112
  0.0545667112    0.0545667112    0.0545667112    0.0545667112    0.0545667112
  0.0545667112    0.0545667112    0.0545667112    0.0545667112    0.0545667112
  0.0545667112    0.0545667112    0.0545667112    0.0545667112    0.0545667112
  0.0545667112    0.0545667112    0.0545667112    0.0545667112    0.0545667112
  0.0545667112    0.0545667112    0.0545667112    0.0545667112    0.0545667112
  0.0545667112    0.0545667112    0.0545667112    0.0545667112    0.0545667112
  0.0545667112    0.0545667112    0.0545667112    0.0545667112    0.0545667112
  0.0545667112    0.0545667112    0.0545667112    0.0545667112    0.0545667112
  0.0545667112    0.0545667112    0.0545667112    0.0545667112    0.0545667112
  0.0545667112    0.0545667112    0.0545667112    0.0545667112    0.0545667112
  0.0545667112    0.0545667112    0.0545667112    0.0545667112    0.0545667112
  0.0545667112    0.0545667112    0.0545667112    0.0545667112    0.0545667112
  0.0545667112    0.0545667112    0.0545667112    0.0545667112    0.0545667112
  0.0545667112    0.0545667112    0.0545667112    0.0545667112    0.0545667112
  0.0545667112    0.0545667112    0.0545667112    0.0545667112    0.0545667112
  0.0545667112    0.0545667112    0.0545667112    0.0545667112    0.0545667112
  0.0545667112    0.0545667112    0.0545667112    0.0545667112    0.0545667112
  0.0545667112    0.0545667112    0.0545667112    0.0545667112    0.0545667112
  0.0545667112    0.0545667112    0.0545667112    0.0545667112    0.0545667112
  0.0545667112    0.0545667112    0.0545667112    0.0545667112    0.0545667112
  0.0545667112    0.0545667112    0.0545667112    0.0545667112    0.0545667112
  0.0545667112    0.0545667112    0.0545667112    0.0545667112    0.0545667112
  0.0545667112    0.0545667112    0.0545667112    0.0545667112    0.0545667112
  0.0545667112    0.0545667112    0.0545667112    0.0545667112    0.0545667112
  0.0545667112    0.0545667112    0.0545667112    0.0545667112    0.0545667112
  0.0545667112    0.0545667112    0.0545667112    0.0545667112    0.0545667112
  0.0545667112    0.0545667112    0.0545667112    0.0545667112    0.0545667112
  0.0876379907    0.0875914395    0.0874902904    0.0873703659    0.0872429907
  0.0871117413    0.0869780481    0.0868425667    0.0867055357    0.0865672529
  0.0864277184    0.0862871110    0.0861454308    0.0860026181    0.0858587921
  0.0857138932    0.0855679810    0.0854209960    0.0852729380    0.0851238668
  0.0849736631    0.0848224461    0.0846700370    0.0845165551    0.0843620002
  0.0842062533    0.0840493739    0.0838913620    0.0837320983    0.0835717022
  0.0834100544    0.0832471550    0.0830830038    0.0829176009    0.0827509463
  0.0825829208    0.0824135840    0.0822428167    0.0820707977    0.0818972886
  0.0817223489    0.0815460384    0.0813682377    0.0811889470    0.0810080469
  0.0808257163    0.0806417167    0.0804562271    0.0802690089    0.0800801218
  0.0798896253    0.0796974003    0.0795033276    0.0793075860    0.0791098773
  0.0789104402    0.0787090361    0.0785057843    0.0783005059    0.0780932605
  0.0778838694    0.0776725113    0.0774590075    0.0772432387    0.0770252645
  0.0768051445    0.0765826404    0.0763576925    0.0761304200    0.0759005845
  0.0756683052    0.0754333436    0.0751957595    0.0749555528    0.0747124851
  0.0744665563    0.0742177665    0.0739659369    0.0737110674    0.0734530985
  0.0731918514    0.0729273856    0.0726594627    0.0723880231    0.0721130073
  0.0718344748    0.0715520680    0.0712656081    0.0709753335    0.0706808269
  0.0703821480    0.0700791776    0.0697716177    0.0694594085    0.0691423118
  0.0688203275    0.0684932172    0.0681608021    0.0678229034    0.0674794018
  0.0671298802    0.0667744577    0.0664125979    0.0660441816    0.0656688511
  0.0652864277    0.0648967326    0.0644992888    0.0640936792    0.0636798441
  0.0632572472    0.0628254116    0.0623839200    0.0619324148    0.0614703000
  0.0609968603    0.0605118573    0.0600143373    0.0595037639    0.0589791834
  0.0584400594    0.0578850210    0.0573133528    0.0567238033    0.0561148822
  0.0554858148    0.0553204119    0.0553204119    0.0553204119    0.0553204119
  0.0553204119    0.0553204119    0.0553204119    0.0553204119    0.0553204119
  0.0553204119    0.0553204119    0.0553204119    0.0553204119    0.0553204119
  0.0553204119    0.0553204119    0.0553204119    0.0553204119    0.0553204119
  0.0553204119    0.0553204119    0.0553204119    0.0553204119    0.0553204119
  0.0553204119    0.0553204119    0.0553204119    0.0553204119    0.0553204119
  0.0553204119    0.0553204119    0.0553204119    0.0553204119    0.0553204119
  0.0553204119    0.0553204119    0.0553204119    0.0553204119    0.0553204119
  0.0553204119    0.0553204119    0.0553204119    0.0553204119    0.0553204119
  0.0553204119    0.0553204119    0.0553204119    0.0553204119    0.0553204119
  0.0553204119    0.0553204119    0.0553204119    0.0553204119    0.0553204119
  0.0553204119    0.0553204119    0.0553204119    0.0553204119    0.0553204119
  0.0553204119    0.0553204119    0.0553204119    0.0553204119    0.0553204119
  0.0553204119    0.0553204119    0.0553204119    0.0553204119    0.0553204119
  0.0553204119    0.0553204119    0.0553204119    0.0553204119    0.0553204119
  0.0553204119    0.0553204119    0.0553204119    0.0553204119    0.0553204119
  0.0553204119    0.0553204119    0.0553204119    0.0553204119    0.0553204119
  0.0553204119    0.0553204119    0.0553204119    0.0553204119    0.0553204119
  0.0553204119    0.0553204119    0.0553204119    0.0553204119    0.0553204119
  0.0553204119    0.0553204119    0.0553204119    0.0553204119    0.0553204119
  0.0553204119    0.0553204119    0.0553204119    0.0553204119    0.0553204119
  0.0553204119    0.0553204119    0.0553204119    0.0553204119    0.0553204119
  0.0553204119    0.0553204119    0.0553204119    0.0553204119    0.0553204119
  0.0553204119    0.0553204119    0.0553204119    0.0553204119    0.0553204119
  0.0553204119    0.0553204119    0.0553204119    0.0553204119    0.0553204119
  0.0553204119    0.0553204119    0.0553204119    0.0553204119    0.0553204119
  0.0553204119    0.0553204119    0.0553204119    0.0553204119    0.0553204119
  0.0553204119    0.0553204119    0.0553204119    0.0553204119    0.0553204119
  0.0553204119    0.0553204119    0.0553204119    0.0553204119    0.0553204119
  0.0553204119    0.0553204119    0.0553204119    0.0553204119    0.0553204119
  0.0553204119    0.0553204119    0.0553204119    0.0553204119    0.0553204119
  0.0553204119    0.0553204119    0.0553204119    0.0553204119    0.0553204119
  0.0553204119    0.0553204119    0.0553204119    0.0553204119    0.0553204119
  0.0553204119    0.0553204119    0.0553204119    0.0553204119    0.0553204119
  0.0553204119    0.0553204119    0.0553204119    0.0553204119    0.0553204119
  0.0889068544    0.0888697207    0.0887831151    0.0886760056    0.0885600150
  0.0884393752    0.0883158147    0.0881902874    0.0880631506    0.0879347026
  0.0878050625    0.0876743495    0.0875426233    0.0874099433    0.0872762501
  0.0871416628    0.0870061219    0.0868696868    0.0867322385    0.0865939558
  0.0864546597    0.0863144696    0.0861733854    0.0860312879    0.0858882368
  0.0857441723    0.0855992138    0.0854531825    0.0853061974    0.0851581395
  0.0850090683    0.0848589838    0.0847078264    0.0845555961    0.0844022930
  0.0842478573    0.0840923488    0.0839356482    0.0837778151    0.0836188495
  0.0834586918    0.0832972825    0.0831346810    0.0829708874    0.0828057826
  0.0826394260    0.0824718177    0.0823028386    0.0821325481    0.0819608867
  0.0817877948    0.0816133320    0.0814374983    0.0812601149    0.0810813606
  0.0809009969    0.0807192624    0.0805358589    0.0803508461    0.0801642835
  0.0799761117    0.0797862709    0.0795947015    0.0794014037    0.0792063177
  0.0790095031    0.0788108408    0.0786103308    0.0784079134    0.0782035291
  0.0779972374    0.0777888596    0.0775785148    0.0773659647    0.0771513879
  0.0769346058    0.0767155588    0.0764942467    0.0762706697    0.0760445893
  0.0758161843    0.0755853355    0.0753519237    0.0751158297    0.0748772919
  0.0746357739    0.0743916929    0.0741445720    0.0738947093    0.0736418068
  0.0733858049    0.0731267631    0.0728643835    0.0725987852    0.0723297298
  0.0720572770    0.0717811882    0.0715014040    0.0712179840    0.0709305704
  0.0706391633    0.0703437030    0.0700439513    0.0697398484    0.0694312155
  0.0691179931    0.0687999427    0.0684769452    0.0681490004    0.0678156316
  0.0674767792    0.0671323836    0.0667820871    0.0664256513    0.0660631359
  0.0656938851    0.0653180182    0.0649349988    0.0645445287    0.0641466677
  0.0637406409    0.0633263886    0.0629034936    0.0624713600    0.0620296299
  0.0615781248    0.0611158311    0.0606428087    0.0601582825    0.0596610606
  0.0591510832    0.0586275756    0.0580892861    0.0575356781    0.0569656193
  0.0563779175    0.0560264885    0.0560264885    0.0560264885    0.0560264885
  0.0560264885    0.0560264885    0.0560264885    0.0560264885    0.0560264885
  0.0560264885    0.0560264885    0.0560264885    0.0560264885    0.0560264885
  0.0560264885    0.0560264885    0.0560264885    0.0560264885    0.0560264885
  0.0560264885    0.0560264885    0.0560264885    0.0560264885    0.0560264885
  0.0560264885    0.0560264885    0.0560264885    0.0560264885    0.0560264885
  0.0560264885    0.0560264885    0.0560264885    0.0560264885    0.0560264885
  0.0560264885    0.0560264885    0.0560264885    0.0560264885    0.0560264885
  0.0560264885    0.0560264885    0.0560264885    0.0560264885    0.0560264885
  0.0560264885    0.0560264885    0.0560264885    0.0560264885    0.0560264885
  0.0560264885    0.0560264885    0.0560264885    0.0560264885    0.0560264885
  0.0560264885    0.0560264885    0.0560264885    0.0560264885    0.0560264885
  0.0560264885    0.0560264885    0.0560264885    0.0560264885    0.0560264885
  0.0560264885    0.0560264885    0.0560264885    0.0560264885    0.0560264885
  0.0560264885    0.0560264885    0.0560264885    0.0560264885    0.0560264885
  0.0560264885    0.0560264885    0.0560264885    0.0560264885    0.0560264885
  0.0560264885    0.0560264885    0.0560264885    0.0560264885    0.0560264885
  0.0560264885    0.0560264885    0.0560264885    0.0560264885    0.0560264885
  0.0560264885    0.0560264885    0.0560264885    0.0560264885    0.0560264885
  0.0560264885    0.0560264885    0.0560264885    0.0560264885    0.0560264885
  0.0560264885    0.0560264885    0.0560264885    0.0560264885    0.0560264885
  0.0560264885    0.0560264885    0.0560264885    0.0560264885    0.0560264885
  0.0560264885    0.0560264885    0.0560264885    0.0560264885    0.0560264885
  0.0560264885    0.0560264885    0.0560264885    0.0560264885    0.0560264885
  0.0560264885    0.0560264885    0.0560264885    0.0560264885    0.0560264885
  0.0560264885    0.0560264885    0.0560264885    0.0560264885    0.0560264885
  0.0560264885    0.0560264885    0.0560264885    0.0560264885    0.0560264885
  0.0560264885    0.0560264885    0.0560264885    0.0560264885    0.0560264885
  0.0560264885    0.0560264885    0.0560264885    0.0560264885    0.0560264885
  0.0560264885    0.0560264885    0.0560264885    0.0560264885    0.0560264885
  0.0560264885    0.0560264885    0.0560264885    0.0560264885    0.0560264885
  0.0560264885    0.0560264885    0.0560264885    0.0560264885    0.0560264885
  0.0560264885    0.0560264885    0.0560264885    0.0560264885    0.0560264885
  0.0900901854    0.0900601447    0.0899863541    0.0898910463    0.0897855461
  0.0896746218    0.0895603001    0.0894436538    0.0893253386    0.0892055929
  0.0890846550    0.0889625847    0.0888396204    0.0887156427    0.0885908306
  0.0884651244    0.0883385837    0.0882112086    0.0880829394    0.0879539549
  0.0878240764    0.0876933634    0.0875618160    0.0874294341    0.0872962177
  0.0871621668    0.0870272815    0.0868915021    0.0867548287    0.0866173208
  0.0864789188    0.0863396227    0.0861993730    0.0860582292    0.0859161913
  0.0857731998    0.0856291950    0.0854842961    0.0853383839    0.0851915181
  0.0850436389    0.0848946869    0.0847447813    0.0845938027    0.0844417512
  0.0842886269    0.0841344297    0.0839791000    0.0838226974    0.0836651027
  0.0835064352    0.0833465755    0.0831854641    0.0830232203    0.0828597248
  0.0826949775    0.0825289786    0.0823617280    0.0821931660    0.0820232332
  0.0818519890    0.0816793740    0.0815053880    0.0813300312    0.0811531842
  0.0809749067    0.0807951987    0.0806139410    0.0804310739    0.0802467763
  0.0800608099    0.0798732936    0.0796841085    0.0794932544    0.0793007314
  0.0791064203    0.0789103210    0.0787124932    0.0785128772    0.0783112943
  0.0781078637    0.0779025257    0.0776951611    0.0774857700    0.0772743523
  0.0770608485    0.0768451989    0.0766273439    0.0764072835    0.0761849582
  0.0759603083    0.0757332146    0.0755037963    0.0752718747    0.0750373900
  0.0748002827    0.0745604932    0.0743180811    0.0740728676    0.0738248527
  0.0735738575    0.0733199418    0.0730628669    0.0728026927    0.0725394189
  0.0722726882    0.0720026195    0.0717291534    0.0714519918    0.0711712539
  0.0708868206    0.0705983937    0.0703059733    0.0700095594    0.0697087944
  0.0694037974    0.0690942705    0.0687800944    0.0684612691    0.0681373179
  0.0678084791    0.0674743950    0.0671347082    0.0667895377    0.0664385259
  0.0660814941    0.0657183230    0.0653484762    0.0649718940    0.0645884573
  0.0641975105    0.0637992322    0.0633929670    0.0629784763    0.0625553429
  0.0621230900    0.0616816580    0.0612302125    0.0607683957    0.0602956712
  0.0598113239    0.0593151748    0.0588060319    0.0582834780    0.0577464402
  0.0571943223    0.0566911399    0.0566911399    0.0566911399    0.0566911399
  0.0566911399    0.0566911399    0.0566911399    0.0566911399    0.0566911399
  0.0566911399    0.0566911399    0.0566911399    0.0566911399    0.0566911399
  0.0566911399    0.0566911399    0.0566911399    0.0566911399    0.0566911399
  0.0566911399    0.0566911399    0.0566911399    0.0566911399    0.0566911399
  0.0566911399    0.0566911399    0.0566911399    0.0566911399    0.0566911399
  0.0566911399    0.0566911399    0.0566911399    0.0566911399    0.0566911399
  0.0566911399    0.0566911399    0.0566911399    0.0566911399    0.0566911399
  0.0566911399    0.0566911399    0.0566911399    0.0566911399    0.0566911399
  0.0566911399    0.0566911399    0.0566911399    0.0566911399    0.0566911399
  0.0566911399    0.0566911399    0.0566911399    0.0566911399    0.0566911399
  0.0566911399    0.0566911399    0.0566911399    0.0566911399    0.0566911399
  0.0566911399    0.0566911399    0.0566911399    0.0566911399    0.0566911399
  0.0566911399    0.0566911399    0.0566911399    0.0566911399    0.0566911399
  0.0566911399    0.0566911399    0.0566911399    0.0566911399    0.0566911399
  0.0566911399    0.0566911399    0.0566911399    0.0566911399    0.0566911399
  0.0566911399    0.0566911399    0.0566911399    0.0566911399    0.0566911399
  0.0566911399    0.0566911399    0.0566911399    0.0566911399    0.0566911399
  0.0566911399    0.0566911399    0.0566911399    0.0566911399    0.0566911399
  0.0566911399    0.0566911399    0.0566911399    0.0566911399    0.0566911399
  0.0566911399    0.0566911399    0.0566911399    0.0566911399    0.0566911399
  0.0566911399    0.0566911399    0.0566911399    0.0566911399    0.0566911399
  0.0566911399    0.0566911399    0.0566911399    0.0566911399    0.0566911399
  0.0566911399    0.0566911399    0.0566911399    0.0566911399    0.0566911399
  0.0566911399    0.0566911399    0.0566911399    0.0566911399    0.0566911399
  0.0566911399    0.0566911399    0.0566911399    0.0566911399    0.0566911399
  0.0566911399    0.0566911399    0.0566911399    0.0566911399    0.0566911399
  0.0566911399    0.0566911399    0.0566911399    0.0566911399    0.0566911399
  0.0566911399    0.0566911399    0.0566911399    0.0566911399    0.0566911399
  0.0566911399    0.0566911399    0.0566911399    0.0566911399    0.0566911399
  0.0566911399    0.0566911399    0.0566911399    0.0566911399    0.0566911399
  0.0911988914    0.0911743939    0.0911114514    0.0910270512    0.0909313858
  0.0908294022    0.0907235444    0.0906151235    0.0905046761    0.0903927386
  0.0902795494    0.0901652873    0.0900499523    0.0899337828    0.0898167193
  0.0896988213    0.0895801485    0.0894607008    0.0893404782    0.0892195404
  0.0890978277    0.0889753401    0.0888521373    0.0887282193    0.0886035264
  0.0884780586    0.0883518755    0.0882249177    0.0880971849    0.0879686773
  0.0878393948    0.0877093375    0.0875785053    0.0874468386    0.0873143971
  0.0871811211    0.0870470107    0.0869121253    0.0867763460    0.0866397321
  0.0865022242    0.0863638818    0.0862246454    0.0860845149    0.0859434307
  0.0858014524    0.0856585801    0.0855147541    0.0853699744    0.0852241814
  0.0850774944    0.0849297941    0.0847810805    0.0846312940    0.0844804943
  0.0843286812    0.0841757953    0.0840218365    0.0838668048    0.0837106407
  0.0835534036    0.0833949745    0.0832354128    0.0830746591    0.0829127133
  0.0827495158    0.0825851858    0.0824195445    0.0822526515    0.0820845068
  0.0819150507    0.0817442834    0.0815721452    0.0813985765    0.0812236965
  0.0810474455    0.0808696449    0.0806904137    0.0805097520    0.0803276002
  0.0801438391    0.0799585879    0.0797716677    0.0795831978    0.0793930590
  0.0792011917    0.0790077150    0.0788124502    0.0786154568    0.0784166157
  0.0782159865    0.0780135095    0.0778091252    0.0776027739    0.0773943961
  0.0771841109    0.0769716203    0.0767571032    0.0765404999    0.0763216317
  0.0761004984    0.0758772790    0.0756516159    0.0754235685    0.0751930773
  0.0749601424    0.0747246444    0.0744865239    0.0742458999    0.0740024745
  0.0737561285    0.0735071599    0.0732552707    0.0730002820    0.0727421939
  0.0724811256    0.0722167790    0.0719491541    0.0716780722    0.0714035928
  0.0711255968    0.0708439648    0.0705585182    0.0702691972    0.0699758828
  0.0696786344    0.0693769753    0.0690712035    0.0687608421    0.0684458911
  0.0681262910    0.0678016245    0.0674718916    0.0671370327    0.0667968094
  0.0664511025    0.0660993755    0.0657418668    0.0653779209    0.0650076568
  0.0646307766    0.0642468035    0.0638559163    0.0634572804    0.0630509555
  0.0626362264    0.0622129738    0.0617810786    0.0613395870    0.0608886778
  0.0604271591    0.0599549711    0.0594715774    0.0589762032    0.0584682524
  0.0579468310    0.0574115217    0.0573195517    0.0573195517    0.0573195517
  0.0573195517    0.0573195517    0.0573195517    0.0573195517    0.0573195517
  0.0573195517    0.0573195517    0.0573195517    0.0573195517    0.0573195517
  0.0573195517    0.0573195517    0.0573195517    0.0573195517    0.0573195517
  0.0573195517    0.0573195517    0.0573195517    0.0573195517    0.0573195517
  0.0573195517    0.0573195517    0.0573195517    0.0573195517    0.0573195517
  0.0573195517    0.0573195517    0.0573195517    0.0573195517    0.0573195517
  0.0573195517    0.0573195517    0.0573195517    0.0573195517    0.0573195517
  0.0573195517    0.0573195517    0.0573195517    0.0573195517    0.0573195517
  0.0573195517    0.0573195517    0.0573195517    0.0573195517    0.0573195517
  0.0573195517    0.0573195517    0.0573195517    0.0573195517    0.0573195517
  0.0573195517    0.0573195517    0.0573195517    0.0573195517    0.0573195517
  0.0573195517    0.0573195517    0.0573195517    0.0573195517    0.0573195517
  0.0573195517    0.0573195517    0.0573195517    0.0573195517    0.0573195517
  0.0573195517    0.0573195517    0.0573195517    0.0573195517    0.0573195517
  0.0573195517    0.0573195517    0.0573195517    0.0573195517    0.0573195517
  0.0573195517    0.0573195517    0.0573195517    0.0573195517    0.0573195517
  0.0573195517    0.0573195517    0.0573195517    0.0573195517    0.0573195517
  0.0573195517    0.0573195517    0.0573195517    0.0573195517    0.0573195517
  0.0573195517    0.0573195517    0.0573195517    0.0573195517    0.0573195517
  0.0573195517    0.0573195517    0.0573195517    0.0573195517    0.0573195517
  0.0573195517    0.0573195517    0.0573195517    0.0573195517    0.0573195517
  0.0573195517    0.0573195517    0.0573195517    0.0573195517    0.0573195517
  0.0573195517    0.0573195517    0.0573195517    0.0573195517    0.0573195517
  0.0573195517    0.0573195517    0.0573195517    0.0573195517    0.0573195517
  0.0573195517    0.0573195517    0.0573195517    0.0573195517    0.0573195517
  0.0573195517    0.0573195517    0.0573195517    0.0573195517    0.0573195517
  0.0573195517    0.0573195517    0.0573195517    0.0573195517    0.0573195517
  0.0573195517    0.0573195517    0.0573195517    0.0573195517    0.0573195517
  0.0922420323    0.0922218263    0.0921681821    0.0920935571    0.0920070112
  0.0919134915    0.0918155015    0.0917145312    0.0916114151    0.0915065706
  0.0914004147    0.0912930667    0.0911847055    0.0910753906    0.0909653008
  0.0908543766    0.0907426775    0.0906302035    0.0905170739    0.0904032290
  0.0902887285    0.0901735127    0.0900576413    0.0899410546    0.0898238122
  0.0897059143    0.0895873010    0.0894680321    0.0893481076    0.0892274678
  0.0891061723    0.0889841020    0.0888614357    0.0887379944    0.0886138380
  0.0884889662    0.0883634388    0.0882371366    0.0881100595    0.0879822671
  0.0878537595    0.0877244174    0.0875943601    0.0874635279    0.0873318613
  0.0871994197    0.0870662034    0.0869321525    0.0867972672    0.0866615474
  0.0865249932    0.0863876641    0.0862493813    0.0861102045    0.0859701931
  0.0858292878    0.0856874287    0.0855446756    0.0854009688    0.0852563679
  0.0851108134    0.0849642456    0.0848167241    0.0846681893    0.0845186412
  0.0843680799    0.0842165053    0.0840639174    0.0839101970    0.0837554038
  0.0835995376    0.0834425390    0.0832844675    0.0831252038    0.0829647481
  0.0828031600    0.0826403797    0.0824763477    0.0823111236    0.0821447074
  0.0819769800    0.0818079412    0.0816375911    0.0814658701    0.0812929571
  0.0811184943    0.0809427202    0.0807655156    0.0805868804    0.0804068148
  0.0802251995    0.0800421536    0.0798574984    0.0796712935    0.0794835389
  0.0792941153    0.0791030824    0.0789102614    0.0787158906    0.0785197318
  0.0783217251    0.0781220496    0.0779203475    0.0777169168    0.0775116384
  0.0773042738    0.0770950615    0.0768837631    0.0766703784    0.0764549673
  0.0762372911    0.0760175884    0.0757955611    0.0755712092    0.0753445923
  0.0751156509    0.0748842061    0.0746503174    0.0744139254    0.0741748512
  0.0739331543    0.0736887753    0.0734417737    0.0731917322    0.0729387701
  0.0726828873    0.0724240243    0.0721618831    0.0718967021    0.0716283023
  0.0713563263    0.0710810125    0.0708021820    0.0705194175    0.0702333152
  0.0699431598    0.0696490109    0.0693508089    0.0690485537    0.0687419474
  0.0684309304    0.0681152046    0.0677948296    0.0674696267    0.0671392977
  0.0668039024    0.0664630830    0.0661166608    0.0657646954    0.0654065907
  0.0650424063    0.0646718442    0.0642947257    0.0639103949    0.0635193288
  0.0631206930    0.0627140105    0.0622996986    0.0618768036    0.0614449084
  0.0610038936    0.0605531037    0.0600925386    0.0596213043    0.0591385663
  0.0586443245    0.0581374466    0.0579158366    0.0579158366    0.0579158366
  0.0579158366    0.0579158366    0.0579158366    0.0579158366    0.0579158366
  0.0579158366    0.0579158366    0.0579158366    0.0579158366    0.0579158366
  0.0579158366    0.0579158366    0.0579158366    0.0579158366    0.0579158366
  0.0579158366    0.0579158366    0.0579158366    0.0579158366    0.0579158366
  0.0579158366    0.0579158366    0.0579158366    0.0579158366    0.0579158366
  0.0579158366    0.0579158366    0.0579158366    0.0579158366    0.0579158366
  0.0579158366    0.0579158366    0.0579158366    0.0579158366    0.0579158366
  0.0579158366    0.0579158366    0.0579158366    0.0579158366    0.0579158366
  0.0579158366    0.0579158366    0.0579158366    0.0579158366    0.0579158366
  0.0579158366    0.0579158366    0.0579158366    0.0579158366    0.0579158366
  0.0579158366    0.0579158366    0.0579158366    0.0579158366    0.0579158366
  0.0579158366    0.0579158366    0.0579158366    0.0579158366    0.0579158366
  0.0579158366    0.0579158366    0.0579158366    0.0579158366    0.0579158366
  0.0579158366    0.0579158366    0.0579158366    0.0579158366    0.0579158366
  0.0579158366    0.0579158366    0.0579158366    0.0579158366    0.0579158366
  0.0579158366    0.0579158366    0.0579158366    0.0579158366    0.0579158366
  0.0579158366    0.0579158366    0.0579158366    0.0579158366    0.0579158366
  0.0579158366    0.0579158366    0.0579158366    0.0579158366    0.0579158366
  0.0579158366    0.0579158366    0.0579158366    0.0579158366    0.0579158366
  0.0579158366    0.0579158366    0.0579158366    0.0579158366    0.0579158366
  0.0579158366    0.0579158366    0.0579158366    0.0579158366    0.0579158366
  0.0579158366    0.0579158366    0.0579158366    0.0579158366    0.0579158366
  0.0579158366    0.0579158366    0.0579158366    0.0579158366    0.0579158366
  0.0579158366    0.0579158366    0.0579158366    0.0579158366    0.0579158366
  0.0579158366    0.0579158366    0.0579158366    0.0579158366    0.0579158366
  0.0579158366    0.0579158366    0.0579158366    0.0579158366    0.0579158366
  0.0932271183    0.0932102501    0.0931642950    0.0930985510    0.0930204690
  0.0929347575    0.0928442180    0.0927502215    0.0926537812    0.0925555527
  0.0924557745    0.0923547447    0.0922527015    0.0921496451    0.0920458138
  0.0919410884    0.0918357074    0.0917295516    0.0916227400    0.0915152729
  0.0914071500    0.0912983119    0.0911889374    0.0910789073    0.0909682810
  0.0908570588    0.0907451808    0.0906326473    0.0905195773    0.0904058516
  0.0902915299    0.0901765525    0.0900609791    0.0899447501    0.0898278654
  0.0897103846    0.0895922482    0.0894735157    0.0893540680    0.0892339647
  0.0891132057    0.0889917910    0.0888696611    0.0887468755    0.0886233747
  0.0884992182    0.0883743465    0.0882486999    0.0881223977    0.0879953802
  0.0878675878    0.0877390206    0.0876097381    0.0874797404    0.0873489082
  0.0872173011    0.0870849788    0.0869517624    0.0868178308    0.0866830051
  0.0865474045    0.0864109695    0.0862736404    0.0861354768    0.0859964788
  0.0858565867    0.0857158601    0.0855741203    0.0854315460    0.0852880180
  0.0851435959    0.0849982202    0.0848518312    0.0847045481    0.0845562518
  0.0844069421    0.0842566192    0.0841052830    0.0839529335    0.0837994516
  0.0836449564    0.0834893882    0.0833326876    0.0831749141    0.0830159485
  0.0828559101    0.0826947391    0.0825322568    0.0823686421    0.0822038352
  0.0820377767    0.0818705261    0.0817019045    0.0815319717    0.0813608468
  0.0811882913    0.0810144842    0.0808391869    0.0806625187    0.0804845393
  0.0803050101    0.0801239908    0.0799416006    0.0797576606    0.0795720518
  0.0793850124    0.0791963041    0.0790060461    0.0788141191    0.0786205232
  0.0784251988    0.0782280266    0.0780293047    0.0778286159    0.0776261389
  0.0774217546    0.0772155225    0.0770072639    0.0767970383    0.0765849650
  0.0763706267    0.0761542618    0.0759358108    0.0757150352    0.0754922330
  0.0752669871    0.0750394166    0.0748095810    0.0745773017    0.0743424594
  0.0741051733    0.0738652647    0.0736227334    0.0733774006    0.0731293857
  0.0728785694    0.0726248324    0.0723680556    0.0721082389    0.0718454421
  0.0715793669    0.0713099539    0.0710371435    0.0707611740    0.0704814494
  0.0701981485    0.0699110925    0.0696202815    0.0693254173    0.0690265000
  0.0687235892    0.0684162676    0.0681044161    0.0677882731    0.0674672425
  0.0671415627    0.0668106973    0.0664748847    0.0661336482    0.0657868087
  0.0654343665    0.0650759041    0.0647115409    0.0643408000    0.0639633834
  0.0635791123    0.0631880462    0.0627894700    0.0623830855    0.0619687140
  0.0615462363    0.0611147583    0.0606744587    0.0602242649    0.0597642958
  0.0592941344    0.0588123500    0.0584835112    0.0584835112    0.0584835112
  0.0584835112    0.0584835112    0.0584835112    0.0584835112    0.0584835112
  0.0584835112    0.0584835112    0.0584835112    0.0584835112    0.0584835112
  0.0584835112    0.0584835112    0.0584835112    0.0584835112    0.0584835112
  0.0584835112    0.0584835112    0.0584835112    0.0584835112    0.0584835112
  0.0584835112    0.0584835112    0.0584835112    0.0584835112    0.0584835112
  0.0584835112    0.0584835112    0.0584835112    0.0584835112    0.0584835112
  0.0584835112    0.0584835112    0.0584835112    0.0584835112    0.0584835112
  0.0584835112    0.0584835112    0.0584835112    0.0584835112    0.0584835112
  0.0584835112    0.0584835112    0.0584835112    0.0584835112    0.0584835112
  0.0584835112    0.0584835112    0.0584835112    0.0584835112    0.0584835112
  0.0584835112    0.0584835112    0.0584835112    0.0584835112    0.0584835112
  0.0584835112    0.0584835112    0.0584835112    0.0584835112    0.0584835112
  0.0584835112    0.0584835112    0.0584835112    0.0584835112    0.0584835112
  0.0584835112    0.0584835112    0.0584835112    0.0584835112    0.0584835112
  0.0584835112    0.0584835112    0.0584835112    0.0584835112    0.0584835112
  0.0584835112    0.0584835112    0.0584835112    0.0584835112    0.0584835112
  0.0584835112    0.0584835112    0.0584835112    0.0584835112    0.0584835112
  0.0584835112    0.0584835112    0.0584835112    0.0584835112    0.0584835112
  0.0584835112    0.0584835112    0.0584835112    0.0584835112    0.0584835112
  0.0584835112    0.0584835112    0.0584835112    0.0584835112    0.0584835112
  0.0584835112    0.0584835112    0.0584835112    0.0584835112    0.0584835112
  0.0584835112    0.0584835112    0.0584835112    0.0584835112    0.0584835112
  0.0584835112    0.0584835112    0.0584835112    0.0584835112    0.0584835112
  0.0584835112    0.0584835112    0.0584835112    0.0584835112    0.0584835112
  0.0941602886    0.0941461027    0.0941066444    0.0940486491    0.0939783752
  0.0939000547    0.0938163698    0.0937289894    0.0936388671    0.0935466588
  0.0934528410    0.0933577120    0.0932613909    0.0931640565    0.0930658877
  0.0929668844    0.0928671658    0.0927666724    0.0926655829    0.0925638378
  0.0924614370    0.0923584402    0.0922548473    0.0921506584    0.0920459330
  0.0919406712    0.0918347538    0.0917282999    0.0916213095    0.0915137231
  0.0914056003    0.0912968814    0.0911876261    0.0910777748    0.0909673274
  0.0908563435    0.0907448232    0.0906326473    0.0905199349    0.0904065669
  0.0902927220    0.0901781619    0.0900630653    0.0899473131    0.0898309648
  0.0897140205    0.0895964205    0.0894782245    0.0893593729    0.0892398655
  0.0891197026    0.0889988840    0.0888774693    0.0887553394    0.0886324942
  0.0885090530    0.0883848369    0.0882599652    0.0881343782    0.0880080760
  0.0878810585    0.0877533257    0.0876248777    0.0874955952    0.0873655975
  0.0872348845    0.0871033967    0.0869710743    0.0868379772    0.0867041647
  0.0865693986    0.0864339173    0.0862976015    0.0861603916    0.0860224068
  0.0858835280    0.0857437551    0.0856031477    0.0854616463    0.0853191912
  0.0851759017    0.0850316584    0.0848864615    0.0847403109    0.0845932066
  0.0844451487    0.0842960775    0.0841459930    0.0839949548    0.0838427842
  0.0836896598    0.0835354626    0.0833801925    0.0832237899    0.0830663741
  0.0829077661    0.0827480257    0.0825872123    0.0824252069    0.0822620094
  0.0820975602    0.0819319189    0.0817650855    0.0815969408    0.0814275444
  0.0812568367    0.0810848176    0.0809114873    0.0807367265    0.0805607140
  0.0803832114    0.0802043378    0.0800240338    0.0798422396    0.0796588957
  0.0794740617    0.0792877376    0.0790998042    0.0789102614    0.0787191093
  0.0785263479    0.0783317983    0.0781356990    0.0779377520    0.0777380168
  0.0775364339    0.0773331821    0.0771279633    0.0769207776    0.0767117441
  0.0765006840    0.0762875378    0.0760725439    0.0758552253    0.0756358802
  0.0754143894    0.0751906335    0.0749645531    0.0747362077    0.0745053589
  0.0742721260    0.0740365684    0.0737984478    0.0735577047    0.0733142197
  0.0730682313    0.0728194416    0.0725677907    0.0723131597    0.0720556080
  0.0717950165    0.0715314448    0.0712644756    0.0709945261    0.0707210600
  0.0704441369    0.0701638162    0.0698798001    0.0695921481    0.0693006217
  0.0690051019    0.0687055290    0.0684020221    0.0680941641    0.0677819550
  0.0674650967    0.0671437085    0.0668173134    0.0664863288    0.0661499798
  0.0658083260    0.0654613078    0.0651086867    0.0647500455    0.0643855035
  0.0640145838    0.0636372268    0.0632528961    0.0628620088    0.0624634922
  0.0620575249    0.0616434515    0.0612214506    0.0607906878    0.0603510439
  0.0599016845    0.0594427884    0.0590254366    0.0590254366    0.0590254366
  0.0590254366    0.0590254366    0.0590254366    0.0590254366    0.0590254366
  0.0590254366    0.0590254366    0.0590254366    0.0590254366    0.0590254366
  0.0590254366    0.0590254366    0.0590254366    0.0590254366    0.0590254366
  0.0590254366    0.0590254366    0.0590254366    0.0590254366    0.0590254366
  0.0590254366    0.0590254366    0.0590254366    0.0590254366    0.0590254366
  0.0590254366    0.0590254366    0.0590254366    0.0590254366    0.0590254366
  0.0590254366    0.0590254366    0.0590254366    0.0590254366    0.0590254366
  0.0590254366    0.0590254366    0.0590254366    0.0590254366    0.0590254366
  0.0590254366    0.0590254366    0.0590254366    0.0590254366    0.0590254366
  0.0590254366    0.0590254366    0.0590254366    0.0590254366    0.0590254366
  0.0590254366    0.0590254366    0.0590254366    0.0590254366    0.0590254366
  0.0590254366    0.0590254366    0.0590254366    0.0590254366    0.0590254366
  0.0590254366    0.0590254366    0.0590254366    0.0590254366    0.0590254366
  0.0590254366    0.0590254366    0.0590254366    0.0590254366    0.0590254366
  0.0590254366    0.0590254366    0.0590254366    0.0590254366    0.0590254366
  0.0590254366    0.0590254366    0.0590254366    0.0590254366    0.0590254366
  0.0590254366    0.0590254366    0.0590254366    0.0590254366    0.0590254366
  0.0590254366    0.0590254366    0.0590254366    0.0590254366    0.0590254366
  0.0590254366    0.0590254366    0.0590254366    0.0590254366    0.0590254366
  0.0590254366    0.0590254366    0.0590254366    0.0590254366    0.0590254366
  0.0590254366    0.0590254366    0.0590254366    0.0590254366    0.0590254366
  0.0590254366    0.0590254366    0.0590254366    0.0590254366    0.0590254366
  0.0950468481    0.0950348079    0.0950007141    0.0949496329    0.0948864520
  0.0948150456    0.0947378576    0.0946566164    0.0945723951    0.0944859087
  0.0943976343    0.0943079293    0.0942169130    0.0941248834    0.0940319598
  0.0939381421    0.0938436091    0.0937483609    0.0936523974    0.0935558379
  0.0934586823    0.0933609307    0.0932625830    0.0931636989    0.0930642784
  0.0929643214    0.0928638279    0.0927627981    0.0926612318    0.0925591886
  0.0924566090    0.0923534930    0.0922498405    0.0921457112    0.0920410454
  0.0919358432    0.0918301642    0.0917238891    0.0916171372    0.0915097892
  0.0914019644    0.0912936032    0.0911846459    0.0910752118    0.0909651816
  0.0908545554    0.0907434523    0.0906317532    0.0905194581    0.0904066265
  0.0902931988    0.0901791751    0.0900646150    0.0899493992    0.0898336470
  0.0897172391    0.0896002352    0.0894825757    0.0893643200    0.0892454684
  0.0891259611    0.0890057981    0.0888849795    0.0887635052    0.0886414349
  0.0885186493    0.0883950889    0.0882709920    0.0881461203    0.0880205333
  0.0878942907    0.0877673328    0.0876396596    0.0875112712    0.0873820484
  0.0872522295    0.0871215165    0.0869900882    0.0868578851    0.0867249072
  0.0865911543    0.0864565670    0.0863212049    0.0861850083    0.0860479176
  0.0859100521    0.0857713521    0.0856318176    0.0854913294    0.0853500068
  0.0852077305    0.0850646198    0.0849206150    0.0847755969    0.0846296847
  0.0844828188    0.0843349397    0.0841861665    0.0840363801    0.0838855207
  0.0837337077    0.0835808218    0.0834269226    0.0832720101    0.0831159651
  0.0829587877    0.0828005970    0.0826412141    0.0824807584    0.0823191106
  0.0821563303    0.0819922984    0.0818271339    0.0816607177    0.0814930499
  0.0813241303    0.0811539590    0.0809824765    0.0808096230    0.0806355178
  0.0804599822    0.0802830756    0.0801048577    0.0799251497    0.0797440112
  0.0795614421    0.0793772638    0.0791915953    0.0790044367    0.0788156688
  0.0786253512    0.0784333646    0.0782397091    0.0780444443    0.0778473914
  0.0776486099    0.0774480999    0.0772458017    0.0770415962    0.0768355429
  0.0766277015    0.0764177740    0.0762058794    0.0759919584    0.0757760704
  0.0755579174    0.0753377974    0.0751153529    0.0748908818    0.0746639669
  0.0744348466    0.0742032826    0.0739692748    0.0737328231    0.0734939277
  0.0732524693    0.0730082095    0.0727613866    0.0725117624    0.0722593367
  0.0720040500    0.0717458427    0.0714845359    0.0712201893    0.0709525645
  0.0706817806    0.0704078376    0.0701302588    0.0698491037    0.0695645511
  0.0692761838    0.0689842403    0.0686881840    0.0683881938    0.0680840313
  0.0677755773    0.0674629509    0.0671457946    0.0668238699    0.0664973557
  0.0661658347    0.0658293664    0.0654875338    0.0651400387    0.0647872984
  0.0644286573    0.0640641153    0.0636931360    0.0633160174    0.0629320443
  0.0625410974    0.0621431172    0.0617373288    0.0613240302    0.0609023869
  0.0604723394    0.0600333512    0.0595854819    0.0595441759    0.0595441759
  0.0595441759    0.0595441759    0.0595441759    0.0595441759    0.0595441759
  0.0595441759    0.0595441759    0.0595441759    0.0595441759    0.0595441759
  0.0595441759    0.0595441759    0.0595441759    0.0595441759    0.0595441759
  0.0595441759    0.0595441759    0.0595441759    0.0595441759    0.0595441759
  0.0595441759    0.0595441759    0.0595441759    0.0595441759    0.0595441759
  0.0595441759    0.0595441759    0.0595441759    0.0595441759    0.0595441759
  0.0595441759    0.0595441759    0.0595441759    0.0595441759    0.0595441759
  0.0595441759    0.0595441759    0.0595441759    0.0595441759    0.0595441759
  0.0595441759    0.0595441759    0.0595441759    0.0595441759    0.0595441759
  0.0595441759    0.0595441759    0.0595441759    0.0595441759    0.0595441759
  0.0595441759    0.0595441759    0.0595441759    0.0595441759    0.0595441759
  0.0595441759    0.0595441759    0.0595441759    0.0595441759    0.0595441759
  0.0595441759    0.0595441759    0.0595441759    0.0595441759    0.0595441759
  0.0595441759    0.0595441759    0.0595441759    0.0595441759    0.0595441759
  0.0595441759    0.0595441759    0.0595441759    0.0595441759    0.0595441759
  0.0595441759    0.0595441759    0.0595441759    0.0595441759    0.0595441759
  0.0595441759    0.0595441759    0.0595441759    0.0595441759    0.0595441759
  0.0595441759    0.0595441759    0.0595441759    0.0595441759    0.0595441759
  0.0595441759    0.0595441759    0.0595441759    0.0595441759    0.0595441759
  0.0595441759    0.0595441759    0.0595441759    0.0595441759    0.0595441759
  0.0958913863    0.0958810151    0.0958515108    0.0958063900    0.0957496464
  0.0956845582    0.0956135094    0.0955381095    0.0954594314    0.0953783095
  0.0952952802    0.0952105820    0.0951245725    0.0950374901    0.0949493945
  0.0948604047    0.0947706401    0.0946801007    0.0945889652    0.0944971144
  0.0944047272    0.0943117440    0.0942182243    0.0941241682    0.0940295160
  0.0939344466    0.0938388407    0.0937426984    0.0936460793    0.0935489833
  0.0934514105    0.0933533609    0.0932548344    0.0931557715    0.0930562913
  0.0929562747    0.0928558409    0.0927548707    0.0926534235    0.0925515592
  0.0924490988    0.0923462212    0.0922428071    0.0921389163    0.0920345485
  0.0919296443    0.0918242633    0.0917183459    0.0916119516    0.0915050209
  0.0913975537    0.0912896097    0.0911810696    0.0910720527    0.0909624398
  0.0908523500    0.0907416642    0.0906304419    0.0905186832    0.0904063284
  0.0902933776    0.0901799500    0.0900659263    0.0899512470    0.0898360312
  0.0897202194    0.0896037519    0.0894867480    0.0893691480    0.0892508328
  0.0891319811    0.0890124738    0.0888923109    0.0887715518    0.0886500776
  0.0885280073    0.0884052217    0.0882817805    0.0881576836    0.0880328119
  0.0879073441    0.0877811611    0.0876542628    0.0875266492    0.0873983204
  0.0872692168    0.0871393979    0.0870088637    0.0868775547    0.0867454112
  0.0866125524    0.0864789188    0.0863444507    0.0862092078    0.0860731304
  0.0859362781    0.0857985318    0.0856599510    0.0855205357    0.0853802264
  0.0852391422    0.0850971043    0.0849541724    0.0848103464    0.0846655667
  0.0845199525    0.0843732655    0.0842256844    0.0840770900    0.0839275420
  0.0837770998    0.0836255252    0.0834729970    0.0833193958    0.0831647813
  0.0830090344    0.0828522146    0.0826943815    0.0825354159    0.0823753178
  0.0822140276    0.0820516646    0.0818881691    0.0817234218    0.0815573633
  0.0813902318    0.0812218487    0.0810521543    0.0808812082    0.0807088912
  0.0805353224    0.0803603828    0.0801841319    0.0800065100    0.0798273981
  0.0796469748    0.0794650018    0.0792815387    0.0790966451    0.0789102614
  0.0787223279    0.0785327256    0.0783416331    0.0781488121    0.0779545009
  0.0777583420    0.0775605142    0.0773610771    0.0771596134    0.0769565403
  0.0767515600    0.0765447319    0.0763359368    0.0761253536    0.0759126842
  0.0756979883    0.0754813254    0.0752623975    0.0750415623    0.0748183429
  0.0745930374    0.0743653476    0.0741353929    0.0739031136    0.0736683905
  0.0734312236    0.0731915534    0.0729493201    0.0727044642    0.0724569857
  0.0722066462    0.0719533861    0.0716975033    0.0714384615    0.0711766779
  0.0709116161    0.0706434548    0.0703720748    0.0700972974    0.0698193014
  0.0695377290    0.0692525208    0.0689635575    0.0686710775    0.0683746636
  0.0680741966    0.0677697361    0.0674608648    0.0671478808    0.0668302476
  0.0665081441    0.0661813319    0.0658495128    0.0655128658    0.0651710331
  0.0648235977    0.0644707978    0.0641120970    0.0637475550    0.0633766949
  0.0629998744    0.0626160800    0.0622255504    0.0618279874    0.0614230335
  0.0610100329    0.0605891645    0.0601601303    0.0600417554    0.0600417554
  0.0600417554    0.0600417554    0.0600417554    0.0600417554    0.0600417554
  0.0600417554    0.0600417554    0.0600417554    0.0600417554    0.0600417554
  0.0600417554    0.0600417554    0.0600417554    0.0600417554    0.0600417554
  0.0600417554    0.0600417554    0.0600417554    0.0600417554    0.0600417554
  0.0600417554    0.0600417554    0.0600417554    0.0600417554    0.0600417554
  0.0600417554    0.0600417554    0.0600417554    0.0600417554    0.0600417554
  0.0600417554    0.0600417554    0.0600417554    0.0600417554    0.0600417554
  0.0600417554    0.0600417554    0.0600417554    0.0600417554    0.0600417554
  0.0600417554    0.0600417554    0.0600417554    0.0600417554    0.0600417554
  0.0600417554    0.0600417554    0.0600417554    0.0600417554    0.0600417554
  0.0600417554    0.0600417554    0.0600417554    0.0600417554    0.0600417554
  0.0600417554    0.0600417554    0.0600417554    0.0600417554    0.0600417554
  0.0600417554    0.0600417554    0.0600417554    0.0600417554    0.0600417554
  0.0600417554    0.0600417554    0.0600417554    0.0600417554    0.0600417554
  0.0600417554    0.0600417554    0.0600417554    0.0600417554    0.0600417554
  0.0600417554    0.0600417554    0.0600417554    0.0600417554    0.0600417554
  0.0600417554    0.0600417554    0.0600417554    0.0600417554    0.0600417554
  0.0600417554    0.0600417554    0.0600417554    0.0600417554    0.0600417554
  0.0966976583    0.0966887176    0.0966629684    0.0966230333    0.0965720713
  0.0965128839    0.0964475572    0.0963776410    0.0963042676    0.0962282121
  0.0961500704    0.0960701406    0.0959888399    0.0959062874    0.0958227217
  0.0957382023    0.0956529081    0.0955668390    0.0954800546    0.0953926146
  0.0953046381    0.0952160060    0.0951268971    0.0950372517    0.0949470699
  0.0948563516    0.0947652161    0.0946735442    0.0945814550    0.0944888890
  0.0943958461    0.0943023860    0.0942084491    0.0941140950    0.0940192640
  0.0939239562    0.0938282311    0.0937320888    0.0936354697    0.0935383737
  0.0934408605    0.0933429301    0.0932444632    0.0931456387    0.0930462778
  0.0929464996    0.0928463042    0.0927455723    0.0926444232    0.0925427973
  0.0924406350    0.0923380554    0.0922349989    0.0921314061    0.0920273960
  0.0919228494    0.0918178856    0.0917123258    0.0916063488    0.0914997756
  0.0913927853    0.0912852585    0.0911771357    0.0910685956    0.0909594595
  0.0908498466    0.0907396376    0.0906288922    0.0905176103    0.0904057920
  0.0902934372    0.0901804864    0.0900669992    0.0899529159    0.0898382962
  0.0897230208    0.0896072090    0.0894907415    0.0893737376    0.0892560780
  0.0891378820    0.0890189707    0.0888995230    0.0887793601    0.0886586607
  0.0885371864    0.0884151757    0.0882923901    0.0881690681    0.0880449712
  0.0879202783    0.0877948105    0.0876686871    0.0875418484    0.0874142945
  0.0872860849    0.0871570408    0.0870273411    0.0868968666    0.0867656767
  0.0866336524    0.0865009725    0.0863673985    0.0862331092    0.0860979855
  0.0859620869    0.0858253539    0.0856878459    0.0855493844    0.0854102075
  0.0852700770    0.0851291716    0.0849873126    0.0848445594    0.0847009718
  0.0845564306    0.0844109952    0.0842646062    0.0841172636    0.0839689672
  0.0838197768    0.0836695135    0.0835182965    0.0833660066    0.0832127035
  0.0830585063    0.0829031169    0.0827467144    0.0825891197    0.0824306309
  0.0822708905    0.0821100771    0.0819481313    0.0817850530    0.0816207230
  0.0814551413    0.0812884271    0.0811205804    0.0809514225    0.0807809532
  0.0806092918    0.0804363191    0.0802619159    0.0800862014    0.0799091756
  0.0797308385    0.0795509517    0.0793697536    0.0791871250    0.0790029466
  0.0788172185    0.0786300600    0.0784413517    0.0782510340    0.0780591667
  0.0778656304    0.0776704848    0.0774735510    0.0772750080    0.0770747364
  0.0768726766    0.0766687691    0.0764630735    0.0762554705    0.0760459602
  0.0758346021    0.0756210983    0.0754057467    0.0751882493    0.0749687254
  0.0747471154    0.0745232403    0.0742971599    0.0740687549    0.0738380849
  0.0736051500    0.0733697116    0.0731318295    0.0728915632    0.0726485550
  0.0724030435    0.0721548498    0.0719039142    0.0716501176    0.0713936388
  0.0711339414    0.0708715022    0.0706059635    0.0703372061    0.0700652897
  0.0697900951    0.0695114434    0.0692293942    0.0689438283    0.0686544478
  0.0683613718    0.0680646598    0.0677637160    0.0674588978    0.0671498477
  0.0668365061    0.0665187538    0.0661965311    0.0658692420    0.0655376017
  0.0652007163    0.0648585260    0.0645113289    0.0641585886    0.0638001859
  0.0634358823    0.0630653799    0.0626885593    0.0623052418    0.0619154871
  0.0615183413    0.0611138046    0.0607016981    0.0605200231    0.0605200231
  0.0605200231    0.0605200231    0.0605200231    0.0605200231    0.0605200231
  0.0605200231    0.0605200231    0.0605200231    0.0605200231    0.0605200231
  0.0605200231    0.0605200231    0.0605200231    0.0605200231    0.0605200231
  0.0605200231    0.0605200231    0.0605200231    0.0605200231    0.0605200231
  0.0605200231    0.0605200231    0.0605200231    0.0605200231    0.0605200231
  0.0605200231    0.0605200231    0.0605200231    0.0605200231    0.0605200231
  0.0605200231    0.0605200231    0.0605200231    0.0605200231    0.0605200231
  0.0605200231    0.0605200231    0.0605200231    0.0605200231    0.0605200231
  0.0605200231    0.0605200231    0.0605200231    0.0605200231    0.0605200231
  0.0605200231    0.0605200231    0.0605200231    0.0605200231    0.0605200231
  0.0605200231    0.0605200231    0.0605200231    0.0605200231    0.0605200231
  0.0605200231    0.0605200231    0.0605200231    0.0605200231    0.0605200231
  0.0605200231    0.0605200231    0.0605200231    0.0605200231    0.0605200231
  0.0605200231    0.0605200231    0.0605200231    0.0605200231    0.0605200231
  0.0605200231    0.0605200231    0.0605200231    0.0605200231    0.0605200231
  0.0605200231    0.0605200231    0.0605200231    0.0605200231    0.0605200231
  0.0974691212    0.0974613726    0.0974387825    0.0974033773    0.0973576009
  0.0973037183    0.0972436965    0.0971789658    0.0971105397    0.0970393121
  0.0969658196    0.0968904197    0.0968135297    0.0967353284    0.0966559947
  0.0965757072    0.0964945257    0.0964125693    0.0963298976    0.0962465107
  0.0961625874    0.0960780680    0.0959929526    0.0959073603    0.0958212912
  0.0957346857    0.0956476033    0.0955601037    0.0954721272    0.0953836739
  0.0952948034    0.0952055156    0.0951158106    0.0950256288    0.0949350893
  0.0948440731    0.0947526991    0.0946608484    0.0945686400    0.0944759548
  0.0943829119    0.0942893922    0.0941955149    0.0941011608    0.0940064490
  0.0939112604    0.0938156545    0.0937196910    0.0936231911    0.0935263336
  0.0934290588    0.0933313072    0.0932331383    0.0931345522    0.0930354893
  0.0929359496    0.0928360522    0.0927356184    0.0926347673    0.0925334990
  0.0924316943    0.0923294723    0.0922267735    0.0921235979    0.0920199454
  0.0919158161    0.0918111503    0.0917060673    0.0916004479    0.0914944112
  0.0913877785    0.0912807286    0.0911730826    0.0910649598    0.0909563601
  0.0908472240    0.0907374918    0.0906272829    0.0905165374    0.0904051960
  0.0902933776    0.0901809633    0.0900680125    0.0899545252    0.0898403823
  0.0897257626    0.0896104872    0.0894947350    0.0893782675    0.0892612636
  0.0891436636    0.0890253484    0.0889065564    0.0887871087    0.0886670649
  0.0885463059    0.0884249508    0.0883029401    0.0881802738    0.0880568922
  0.0879329145    0.0878082812    0.0876828730    0.0875568688    0.0874300897
  0.0873026550    0.0871744454    0.0870455801    0.0869159997    0.0867856443
  0.0866545141    0.0865227282    0.0863900483    0.0862567127    0.0861224830
  0.0859875381    0.0858518183    0.0857152045    0.0855778754    0.0854397118
  0.0853006542    0.0851607621    0.0850199163    0.0848783553    0.0847358406
  0.0845924914    0.0844482481    0.0843029916    0.0841568410    0.0840097964
  0.0838617980    0.0837127864    0.0835628808    0.0834120214    0.0832600296
  0.0831070244    0.0829531252    0.0827980936    0.0826421082    0.0824849308
  0.0823267996    0.0821674764    0.0820070803    0.0818455517    0.0816828310
  0.0815189183    0.0813539922    0.0811878145    0.0810203254    0.0808517039
  0.0806818902    0.0805106461    0.0803383291    0.0801645815    0.0799894631
  0.0798130929    0.0796352923    0.0794562399    0.0792756975    0.0790936649
  0.0789102614    0.0787253678    0.0785389841    0.0783510506    0.0781616271
  0.0779705346    0.0777779520    0.0775837600    0.0773877800    0.0771902502
  0.0769908726    0.0767899454    0.0765871108    0.0763825476    0.0761760771
  0.0759678185    0.0757575929    0.0755455196    0.0753313601    0.0751152933
  0.0748971403    0.0746769011    0.0744545162    0.0742299855    0.0740032494
  0.0737741292    0.0735428631    0.0733092129    0.0730732977    0.0728347600
  0.0725937784    0.0723501742    0.0721040070    0.0718553364    0.0716036856
  0.0713493526    0.0710922778    0.0708322227    0.0705690682    0.0703031719
  0.0700338781    0.0697614253    0.0694858730    0.0692066848    0.0689241588
  0.0686381757    0.0683485568    0.0680552423    0.0677581131    0.0674568713
  0.0671518743    0.0668425858    0.0665289462    0.0662108958    0.0658886731
  0.0655615628    0.0652297437    0.0648926795    0.0645509660    0.0642036498
  0.0638511479    0.0634930432    0.0631290376    0.0627587140    0.0623823702
  0.0619994700    0.0616100729    0.0612138808    0.0609806478    0.0609806478
  0.0609806478    0.0609806478    0.0609806478    0.0609806478    0.0609806478
  0.0609806478    0.0609806478    0.0609806478    0.0609806478    0.0609806478
  0.0609806478    0.0609806478    0.0609806478    0.0609806478    0.0609806478
  0.0609806478    0.0609806478    0.0609806478    0.0609806478    0.0609806478
  0.0609806478    0.0609806478    0.0609806478    0.0609806478    0.0609806478
  0.0609806478    0.0609806478    0.0609806478    0.0609806478    0.0609806478
  0.0609806478    0.0609806478    0.0609806478    0.0609806478    0.0609806478
  0.0609806478    0.0609806478    0.0609806478    0.0609806478    0.0609806478
  0.0609806478    0.0609806478    0.0609806478    0.0609806478    0.0609806478
  0.0609806478    0.0609806478    0.0609806478    0.0609806478    0.0609806478
  0.0609806478    0.0609806478    0.0609806478    0.0609806478    0.0609806478
  0.0609806478    0.0609806478    0.0609806478    0.0609806478    0.0609806478
  0.0609806478    0.0609806478    0.0609806478    0.0609806478    0.0609806478
  0.0609806478    0.0609806478    0.0609806478    0.0609806478    0.0609806478
  0.0982086957    0.0982019007    0.0981819928    0.0981504619    0.0981092751
  0.0980602801    0.0980052054    0.0979453027    0.0978815854    0.0978148878
  0.0977458060    0.0976747572    0.0976019800    0.0975278914    0.0974525511
  0.0973761976    0.0972989500    0.0972208679    0.0971420109    0.0970624983
  0.0969823301    0.0969015658    0.0968202651    0.0967384279    0.0966561139
  0.0965733230    0.0964899957    0.0964062512    0.0963220894    0.0962375104
  0.0961524546    0.0960669816    0.0959811509    0.0958949029    0.0958082378
  0.0957212150    0.0956337154    0.0955458581    0.0954576433    0.0953690112
  0.0952800214    0.0951906145    0.0951007903    0.0950106084    0.0949200094
  0.0948290527    0.0947376788    0.0946459472    0.0945537984    0.0944612920
  0.0943683088    0.0942750275    0.0941812694    0.0940871537    0.0939925611
  0.0938976109    0.0938022435    0.0937064588    0.0936103165    0.0935136378
  0.0934166610    0.0933192074    0.0932212770    0.0931229889    0.0930242240
  0.0929251015    0.0928254426    0.0927254260    0.0926248729    0.0925239623
  0.0924225152    0.0923207104    0.0922183692    0.0921155512    0.0920123160
  0.0919086039    0.0918043554    0.0916996896    0.0915945470    0.0914888680
  0.0913827121    0.0912760794    0.0911689103    0.0910613239    0.0909531415
  0.0908444822    0.0907352865    0.0906255543    0.0905153453    0.0904045403
  0.0902932584    0.0901813805    0.0900689662    0.0899560153    0.0898424685
  0.0897283852    0.0896137655    0.0894985497    0.0893827379    0.0892663300
  0.0891493261    0.0890317261    0.0889135301    0.0887947381    0.0886753500
  0.0885552466    0.0884346068    0.0883132517    0.0881913006    0.0880687535
  0.0879454911    0.0878215134    0.0876969397    0.0875717103    0.0874457061
  0.0873190463    0.0871916711    0.0870635808    0.0869348347    0.0868053734
  0.0866751373    0.0865441859    0.0864124596    0.0862799585    0.0861467421
  0.0860127509    0.0858779252    0.0857423842    0.0856060088    0.0854687393
  0.0853307545    0.0851918757    0.0850522220    0.0849116147    0.0847702920
  0.0846279562    0.0844848454    0.0843407810    0.0841958225    0.0840500295
  0.0839031637    0.0837555230    0.0836068690    0.0834572613    0.0833065212
  0.0831549466    0.0830023587    0.0828487575    0.0826940835    0.0825383961
  0.0823816359    0.0822239220    0.0820650160    0.0819050372    0.0817439258
  0.0815816820    0.0814183652    0.0812537968    0.0810880959    0.0809212625
  0.0807531774    0.0805837810    0.0804131925    0.0802414119    0.0800682008
  0.0798938572    0.0797180235    0.0795410573    0.0793625414    0.0791825950
  0.0790014565    0.0788187087    0.0786345899    0.0784490407    0.0782619417
  0.0780732930    0.0778831542    0.0776915252    0.0774981081    0.0773032606
  0.0771066844    0.0769083798    0.0767084062    0.0765067041    0.0763033330
  0.0760980546    0.0758908689    0.0756818354    0.0754709542    0.0752581656
  0.0750434101    0.0748266876    0.0746078789    0.0743869245    0.0741639435
  0.0739388764    0.0737114847    0.0734817684    0.0732498467    0.0730156600
  0.0727789700    0.0725398958    0.0722983181    0.0720543563    0.0718075931
  0.0715582669    0.0713063180    0.0710514486    0.0707937777    0.0705331862
  0.0702696741    0.0700030625    0.0697334707    0.0694606602    0.0691845715
  0.0689051449    0.0686222613    0.0683359802    0.0680461228    0.0677523315
  0.0674548447    0.0671536624    0.0668483078    0.0665389001    0.0662252009
  0.0659073293    0.0655848086    0.0652578771    0.0649260581    0.0645891726
  0.0642474592    0.0639005005    0.0635479987    0.0631902516    0.0628266037
  0.0624571741    0.0620811284    0.0616990626    0.0614249408    0.0614249408
  0.0614249408    0.0614249408    0.0614249408    0.0614249408    0.0614249408
  0.0614249408    0.0614249408    0.0614249408    0.0614249408    0.0614249408
  0.0614249408    0.0614249408    0.0614249408    0.0614249408    0.0614249408
  0.0614249408    0.0614249408    0.0614249408    0.0614249408    0.0614249408
  0.0614249408    0.0614249408    0.0614249408    0.0614249408    0.0614249408
  0.0614249408    0.0614249408    0.0614249408    0.0614249408    0.0614249408
  0.0614249408    0.0614249408    0.0614249408    0.0614249408    0.0614249408
  0.0614249408    0.0614249408    0.0614249408    0.0614249408    0.0614249408
  0.0614249408    0.0614249408    0.0614249408    0.0614249408    0.0614249408
  0.0614249408    0.0614249408    0.0614249408    0.0614249408    0.0614249408
  0.0614249408    0.0614249408    0.0614249408    0.0614249408    0.0614249408
  0.0614249408    0.0614249408    0.0614249408    0.0614249408    0.0614249408
  0.0989189446    0.0989129245    0.0988952816    0.0988672078    0.0988300741
  0.0987854898    0.0987349451    0.0986795723    0.0986202657    0.0985579193
  0.0984930098    0.0984259546    0.0983572304    0.0982869565    0.0982154906
  0.0981428325    0.0980692804    0.0979948342    0.0979196131    0.0978436172
  0.0977670252    0.0976898372    0.0976120532    0.0975337327    0.0974549353
  0.0973756015    0.0972958505    0.0972156227    0.0971349776    0.0970539153
  0.0969724357    0.0968905389    0.0968082845    0.0967256129    0.0966425240
  0.0965591371    0.0964753330    0.0963911116    0.0963065326    0.0962216556
  0.0961363018    0.0960506499    0.0959646404    0.0958782136    0.0957914889
  0.0957043469    0.0956168473    0.0955289900    0.0954407752    0.0953522027
  0.0952632725    0.0951739252    0.0950842202    0.0949941576    0.0949036777
  0.0948128998    0.0947216451    0.0946300924    0.0945381224    0.0944457948
  0.0943530500    0.0942599475    0.0941664279    0.0940724909    0.0939781964
  0.0938834846    0.0937884152    0.0936929286    0.0935970247    0.0935006440
  0.0934039652    0.0933068097    0.0932092369    0.0931112468    0.0930128396
  0.0929139555    0.0928147137    0.0927149951    0.0926148593    0.0925143063
  0.0924132168    0.0923117697    0.0922098458    0.0921074450    0.0920046270
  0.0919012725    0.0917975008    0.0916932523    0.0915884674    0.0914832652
  0.0913775861    0.0912713706    0.0911647379    0.0910575688    0.0909498632
  0.0908417404    0.0907330215    0.0906238258    0.0905140936    0.0904038250
  0.0902930200    0.0901816785    0.0900698602    0.0899574459    0.0898444951
  0.0897310078    0.0896169245    0.0895022452    0.0893870890    0.0892712772
  0.0891548693    0.0890379250    0.0889204443    0.0888022482    0.0886835158
  0.0885641277    0.0884441435    0.0883234441    0.0882022083    0.0880803764
  0.0879578292    0.0878346860    0.0877108276    0.0875862539    0.0874610841
  0.0873352587    0.0872086585    0.0870814025    0.0869534910    0.0868248641
  0.0866955221    0.0865654051    0.0864345729    0.0863029063    0.0861707032
  0.0860376060    0.0859037340    0.0857690871    0.0856337249    0.0854974687
  0.0853604376    0.0852225721    0.0850839913    0.0849445760    0.0848042667
  0.0846630633    0.0845210254    0.0843781531    0.0842343867    0.0840896070
  0.0839439929    0.0837975442    0.0836500823    0.0835017860    0.0833524168
  0.0832020938    0.0830509365    0.0828985870    0.0827454031    0.0825910866
  0.0824358165    0.0822794735    0.0821221173    0.0819635689    0.0818041265
  0.0816434324    0.0814816654    0.0813187659    0.0811546743    0.0809895694
  0.0808231533    0.0806556046    0.0804868042    0.0803168118    0.0801456273
  0.0799730122    0.0797992051    0.0796241462    0.0794476569    0.0792699158
  0.0790908039    0.0789102614    0.0787284076    0.0785450637    0.0783602893
  0.0781740248    0.0779862106    0.0777969658    0.0776061714    0.0774137676
  0.0772197545    0.0770241320    0.0768269002    0.0766279995    0.0764273107
  0.0762249529    0.0760209262    0.0758150518    0.0756072700    0.0753975809
  0.0751861036    0.0749727190    0.0747573078    0.0745398700    0.0743205845
  0.0740990937    0.0738753974    0.0736496747    0.0734216869    0.0731916130
  0.0729590952    0.0727242529    0.0724870861    0.0722474754    0.0720054209
  0.0717608631    0.0715136230    0.0712638199    0.0710113347    0.0707561076
  0.0704979599    0.0702369511    0.0699729621    0.0697061718    0.0694361627
  0.0691629946    0.0688866675    0.0686069429    0.0683237612    0.0680370033
  0.0677469671    0.0674531162    0.0671554506    0.0668540895    0.0665488541
  0.0662393272    0.0659256279    0.0656074584    0.0652852952    0.0649582446
  0.0646264851    0.0642901957    0.0639484823    0.0636018217    0.0632495582
  0.0628920496    0.0625291765    0.0621601641    0.0618542135    0.0618542135
  0.0618542135    0.0618542135    0.0618542135    0.0618542135    0.0618542135
  0.0618542135    0.0618542135    0.0618542135    0.0618542135    0.0618542135
  0.0618542135    0.0618542135    0.0618542135    0.0618542135    0.0618542135
  0.0618542135    0.0618542135    0.0618542135    0.0618542135    0.0618542135
  0.0618542135    0.0618542135    0.0618542135    0.0618542135    0.0618542135
  0.0618542135    0.0618542135    0.0618542135    0.0618542135    0.0618542135
  0.0618542135    0.0618542135    0.0618542135    0.0618542135    0.0618542135
  0.0618542135    0.0618542135    0.0618542135    0.0618542135    0.0618542135
  0.0618542135    0.0618542135    0.0618542135    0.0618542135    0.0618542135
  0.0618542135    0.0618542135    0.0618542135    0.0618542135    0.0618542135
  0.0996021330    0.0995967686    0.0995810926    0.0995559394    0.0995224416
  0.0994818509    0.0994354784    0.0993842781    0.0993291438    0.0992708504
  0.0992098749    0.0991467535    0.0990817845    0.0990152061    0.0989473164
  0.0988782942    0.0988081992    0.0987371504    0.0986653268    0.0985927880
  0.0985195339    0.0984456837    0.0983712375    0.0982961953    0.0982206762
  0.0981446803    0.0980682075    0.0979912579    0.0979138911    0.0978361070
  0.0977579057    0.0976793468    0.0976003706    0.0975210369    0.0974412858
  0.0973612368    0.0972807705    0.0972000062    0.0971188247    0.0970372856
  0.0969554484    0.0968732536    0.0967907012    0.0967077911    0.0966245234
  0.0965408981    0.0964569747    0.0963726938    0.0962881148    0.0962031186
  0.0961178243    0.0960321724    0.0959461629    0.0958597958    0.0957731307
  0.0956860483    0.0955986679    0.0955109298    0.0954228342    0.0953343809
  0.0952455699    0.0951564014    0.0950668752    0.0949769914    0.0948867500
  0.0947960913    0.0947050750    0.0946137011    0.0945220292    0.0944298804
  0.0943374336    0.0942445099    0.0941512287    0.0940575898    0.0939635932
  0.0938691795    0.0937743485    0.0936791599    0.0935835540    0.0934875309
  0.0933910906    0.0932942927    0.0931970775    0.0930993855    0.0930013359
  0.0929028094    0.0928039253    0.0927045643    0.0926047862    0.0925045907
  0.0924039185    0.0923028290    0.0922012627    0.0920993388    0.0919968784
  0.0918939412    0.0917905867    0.0916867554    0.0915824473    0.0914777219
  0.0913724601    0.0912667811    0.0911605060    0.0910538137    0.0909465849
  0.0908389390    0.0907306969    0.0906220376    0.0905128419    0.0904031098
  0.0902927816    0.0901820362    0.0900706947    0.0899588168    0.0898464620
  0.0897335708    0.0896200240    0.0895060003    0.0893913805    0.0892762244
  0.0891604125    0.0890441239    0.0889271200    0.0888096988    0.0886915624
  0.0885728896    0.0884535611    0.0883336365    0.0882130563    0.0880919397
  0.0879700482    0.0878476202    0.0877245367    0.0876007974    0.0874763429
  0.0873512924    0.0872254670    0.0870990455    0.0869719684    0.0868441164
  0.0867156088    0.0865863264    0.0864563882    0.0863256752    0.0861942470
  0.0860621035    0.0859291852    0.0857954323    0.0856610835    0.0855258405
  0.0853897631    0.0852529705    0.0851152837    0.0849770010    0.0848377049
  0.0846975744    0.0845566690    0.0844148099    0.0842721760    0.0841286480
  0.0839842260    0.0838389695    0.0836927593    0.0835456550    0.0833975375
  0.0832485259    0.0830986202    0.0829477012    0.0827957690    0.0826429427
  0.0824889839    0.0823341310    0.0821781456    0.0820212066    0.0818631947
  0.0817040503    0.0815438330    0.0813826025    0.0812202394    0.0810566247
  0.0808919370    0.0807260573    0.0805591643    0.0803909004    0.0802214444
  0.0800508559    0.0798788369    0.0797057450    0.0795312226    0.0793555081
  0.0791784823    0.0790000260    0.0788202584    0.0786391795    0.0784564912
  0.0782726109    0.0780871212    0.0779002607    0.0777118504    0.0775218904
  0.0773304403    0.0771375000    0.0769428909    0.0767466724    0.0765487254
  0.0763491690    0.0761479437    0.0759449899    0.0757401884    0.0755337179
  0.0753253996    0.0751151145    0.0749031007    0.0746890604    0.0744731128
  0.0742551982    0.0740352571    0.0738130510    0.0735890567    0.0733626783
  0.0731342137    0.0729036033    0.0726706088    0.0724352896    0.0721975863
  0.0719574988    0.0717150271    0.0714699328    0.0712223351    0.0709719360
  0.0707190335    0.0704632699    0.0702049434    0.0699434578    0.0696793497
  0.0694122016    0.0691417754    0.0688683093    0.0685916245    0.0683117807
  0.0680283606    0.0677415431    0.0674514472    0.0671574175    0.0668596923
  0.0665581524    0.0662526786    0.0659431517    0.0656295121    0.0653117597
  0.0649893582    0.0646628439    0.0643312633    0.0639952123    0.0636539757
  0.0633074343    0.0629557669    0.0625989139    0.0622694790    0.0622694790
  0.0622694790    0.0622694790    0.0622694790    0.0622694790    0.0622694790
  0.0622694790    0.0622694790    0.0622694790    0.0622694790    0.0622694790
  0.0622694790    0.0622694790    0.0622694790    0.0622694790    0.0622694790
  0.0622694790    0.0622694790    0.0622694790    0.0622694790    0.0622694790
  0.0622694790    0.0622694790    0.0622694790    0.0622694790    0.0622694790
  0.0622694790    0.0622694790    0.0622694790    0.0622694790    0.0622694790
  0.0622694790    0.0622694790    0.0622694790    0.0622694790    0.0622694790
  0.0622694790    0.0622694790    0.0622694790    0.0622694790    0.0622694790
