  0.0000000000    0.0036000000
  0.0000500000    0.0006000000    299    19
  0.0008408421    0.0008331135    0.0008237447    0.0008143059    0.0008048435
  0.0007953681    0.0007858796    0.0007763851    0.0007668855    0.0007573727
  0.0007478545    0.0007383326    0.0007287998    0.0007192612    0.0007097134
  0.0007001617    0.0006906003    0.0006810351    0.0006714582    0.0006618810
  0.0006522914    0.0006426959    0.0006330960    0.0006234862    0.0006138712
  0.0006042487    0.0005946193    0.0005849818    0.0005753399    0.0005656887
  0.0005560328    0.0005463684    0.0005366951    0.0005270166    0.0005173315
  0.0005076367    0.0004979364    0.0004882294    0.0004785115    0.0004687874
  0.0004590551    0.0004493157    0.0004395645    0.0004298054    0.0004200350
  0.0004102580    0.0004004684    0.0003906696    0.0003808557    0.0003710302
  0.0003611882    0.0003513343    0.0003414583    0.0003315666    0.0003216502
  0.0003117099    0.0003017418    0.0002917422    0.0002817053    0.0002716239
  0.0002614893    0.0002512913    0.0002410176    0.0002327231    0.0002327232
  0.0002327232    0.0002327232    0.0002327232    0.0002327232    0.0002327232
  0.0002327232    0.0002327232    0.0002327232    0.0002327232    0.0002327232
  0.0002327232    0.0002327232    0.0002327232    0.0002327232    0.0002327232
  0.0002327232    0.0002327232    0.0002327232    0.0002327232    0.0002327232
  0.0002327232    0.0002327232    0.0002327232    0.0002327232    0.0002327232
  0.0002327232    0.0002327232    0.0002327232    0.0002327232    0.0002327232
  0.0002327232    0.0002327232    0.0002327232    0.0002327232    0.0002327232
  0.0002327232    0.0002327232    0.0002327232    0.0002327232    0.0002327232
  0.0002327232    0.0002327232    0.0002327232    0.0002327232    0.0002327232
  0.0002327232    0.0002327232    0.0002327232    0.0002327232    0.0002327232
  0.0002327232    0.0002327232    0.0002327232    0.0002327232    0.0002327232
  0.0002327232    0.0002327232    0.0002327232    0.0002327232    0.0002327232
  0.0002327232    0.0002327232    0.0002327232    0.0002327232    0.0002327232
  0.0002327232    0.0002327232    0.0002327232    0.0002327232    0.0002327232
  0.0002327232    0.0002327232    0.0002327232    0.0002327232    0.0002327232
  0.0002327232    0.0002327232    0.0002327232    0.0002327232    0.0002327232
  0.0002327232    0.0002327232    0.0002327232    0.0002327232    0.0002327232
  0.0002327232    0.0002327232    0.0002327232    0.0002327232    0.0002327232
  0.0002327232    0.0002327232    0.0002327232    0.0002327232    0.0002327232
  0.0002327232    0.0002327232    0.0002327232    0.0002327232    0.0002327232
  0.0002327232    0.0002327232    0.0002327232    0.0002327232    0.0002327232
  0.0002327232    0.0002327232    0.0002327232    0.0002327232    0.0002327232
  0.0002327232    0.0002327232    0.0002327232    0.0002327232    0.0002327232
  0.0002327232    0.0002327232    0.0002327232    0.0002327232    0.0002327232
  0.0002327232    0.0002327232    0.0002327232    0.0002327232    0.0002327232
  0.0002327232    0.0002327232    0.0002327232    0.0002327232    0.0002327232
  0.0002327232    0.0002327232    0.0002327232    0.0002327232    0.0002327232
  0.0002327232    0.0002327232    0.0002327232    0.0002327232    0.0002327232
  0.0002327232    0.0002327232    0.0002327232    0.0002327232    0.0002327232
  0.0002327232    0.0002327232    0.0002327232    0.0002327232    0.0002327232
  0.0002327232    0.0002327232    0.0002327232    0.0002327232    0.0002327232
  0.0002327232    0.0002327232    0.0002327232    0.0002327232    0.0002327232
  0.0002327232    0.0002327232    0.0002327232    0.0002327232    0.0002327232
  0.0002327232    0.0002327232    0.0002327232    0.0002327232    0.0002327232
  0.0002327232    0.0002327232    0.0002327232    0.0002327232    0.0002327232
  0.0002327232    0.0002327232    0.0002327232    0.0002327232    0.0002327232
  0.0002327232    0.0002327232    0.0002327232    0.0002327232    0.0002327232
  0.0002327232    0.0002327232    0.0002327232    0.0002327232    0.0002327232
  0.0002327232    0.0002327232    0.0002327232    0.0002327232    0.0002327232
  0.0002327232    0.0002327232    0.0002327232    0.0002327232    0.0002327232
  0.0002327232    0.0002327232    0.0002327232    0.0002327232    0.0002327232
  0.0002327232    0.0002327232    0.0002327232    0.0002327232    0.0002327232
  0.0002327232    0.0002327232    0.0002327232    0.0002327232    0.0002327232
  0.0002327232    0.0002327232    0.0002327232    0.0002327232    0.0002327232
  0.0002327232    0.0002327232    0.0002327232    0.0002327232    0.0002327232
  0.0002327232    0.0002327232    0.0002327232    0.0002327232    0.0002327232
  0.0002327232    0.0002327232    0.0002327232    0.0002327232    0.0002327232
  0.0009801356    0.0009732392    0.0009640765    0.0009547650    0.0009454067
  0.0009360301    0.0009266392    0.0009172361    0.0009078235    0.0008984008
  0.0008889712    0.0008795347    0.0008700910    0.0008606371    0.0008511799
  0.0008417132    0.0008322377    0.0008227573    0.0008132665    0.0008037727
  0.0007942709    0.0007847622    0.0007752423    0.0007657189    0.0007561908
  0.0007466514    0.0007371057    0.0007275535    0.0007179918    0.0007084262
  0.0006988517    0.0006892715    0.0006796815    0.0006700879    0.0006604821
  0.0006508710    0.0006412543    0.0006316272    0.0006219951    0.0006123541
  0.0006027076    0.0005930510    0.0005833843    0.0005737144    0.0005640319
  0.0005543427    0.0005446451    0.0005349401    0.0005252251    0.0005155011
  0.0005057673    0.0004960259    0.0004862729    0.0004765076    0.0004667300
  0.0004569447    0.0004471431    0.0004373326    0.0004275033    0.0004176626
  0.0004078036    0.0003979288    0.0003880296    0.0003781136    0.0003681739
  0.0003582067    0.0003482086    0.0003381814    0.0003281122    0.0003179997
  0.0003078363    0.0002976217    0.0002873293    0.0002769670    0.0002741308
  0.0002741309    0.0002741309    0.0002741309    0.0002741309    0.0002741309
  0.0002741309    0.0002741309    0.0002741309    0.0002741309    0.0002741309
  0.0002741309    0.0002741309    0.0002741309    0.0002741309    0.0002741309
  0.0002741309    0.0002741309    0.0002741309    0.0002741309    0.0002741309
  0.0002741309    0.0002741309    0.0002741309    0.0002741309    0.0002741309
  0.0002741309    0.0002741309    0.0002741309    0.0002741309    0.0002741309
  0.0002741309    0.0002741309    0.0002741309    0.0002741309    0.0002741309
  0.0002741309    0.0002741309    0.0002741309    0.0002741309    0.0002741309
  0.0002741309    0.0002741309    0.0002741309    0.0002741309    0.0002741309
  0.0002741309    0.0002741309    0.0002741309    0.0002741309    0.0002741309
  0.0002741309    0.0002741309    0.0002741309    0.0002741309    0.0002741309
  0.0002741309    0.0002741309    0.0002741309    0.0002741309    0.0002741309
  0.0002741309    0.0002741309    0.0002741309    0.0002741309    0.0002741309
  0.0002741309    0.0002741309    0.0002741309    0.0002741309    0.0002741309
  0.0002741309    0.0002741309    0.0002741309    0.0002741309    0.0002741309
  0.0002741309    0.0002741309    0.0002741309    0.0002741309    0.0002741309
  0.0002741309    0.0002741309    0.0002741309    0.0002741309    0.0002741309
  0.0002741309    0.0002741309    0.0002741309    0.0002741309    0.0002741309
  0.0002741309    0.0002741309    0.0002741309    0.0002741309    0.0002741309
  0.0002741309    0.0002741309    0.0002741309    0.0002741309    0.0002741309
  0.0002741309    0.0002741309    0.0002741309    0.0002741309    0.0002741309
  0.0002741309    0.0002741309    0.0002741309    0.0002741309    0.0002741309
  0.0002741309    0.0002741309    0.0002741309    0.0002741309    0.0002741309
  0.0002741309    0.0002741309    0.0002741309    0.0002741309    0.0002741309
  0.0002741309    0.0002741309    0.0002741309    0.0002741309    0.0002741309
  0.0002741309    0.0002741309    0.0002741309    0.0002741309    0.0002741309
  0.0002741309    0.0002741309    0.0002741309    0.0002741309    0.0002741309
  0.0002741309    0.0002741309    0.0002741309    0.0002741309    0.0002741309
  0.0002741309    0.0002741309    0.0002741309    0.0002741309    0.0002741309
  0.0002741309    0.0002741309    0.0002741309    0.0002741309    0.0002741309
  0.0002741309    0.0002741309    0.0002741309    0.0002741309    0.0002741309
  0.0002741309    0.0002741309    0.0002741309    0.0002741309    0.0002741309
  0.0002741309    0.0002741309    0.0002741309    0.0002741309    0.0002741309
  0.0002741309    0.0002741309    0.0002741309    0.0002741309    0.0002741309
  0.0002741309    0.0002741309    0.0002741309    0.0002741309    0.0002741309
  0.0002741309    0.0002741309    0.0002741309    0.0002741309    0.0002741309
  0.0002741309    0.0002741309    0.0002741309    0.0002741309    0.0002741309
  0.0002741309    0.0002741309    0.0002741309    0.0002741309    0.0002741309
  0.0002741309    0.0002741309    0.0002741309    0.0002741309    0.0002741309
  0.0002741309    0.0002741309    0.0002741309    0.0002741309    0.0002741309
  0.0002741309    0.0002741309    0.0002741309    0.0002741309    0.0002741309
  0.0002741309    0.0002741309    0.0002741309    0.0002741309    0.0002741309
  0.0002741309    0.0002741309    0.0002741309    0.0002741309    0.0002741309
  0.0002741309    0.0002741309    0.0002741309    0.0002741309    0.0002741309
  0.0002741309    0.0002741309    0.0002741309    0.0002741309    0.0002741309
  0.0011181855    0.0011121601    0.0011032884    0.0010941340    0.0010849010
  0.0010756290    0.0010663355    0.0010570288    0.0010477101    0.0010383772
  0.0010290365    0.0010196903    0.0010103331    0.0010009679    0.0009915971
  0.0009822197    0.0009728312    0.0009634382    0.0009540364    0.0009446289
  0.0009352116    0.0009257879    0.0009163609    0.0009069237    0.0008974798
  0.0008880260    0.0008785694    0.0008691036    0.0008596293    0.0008501505
  0.0008406648    0.0008311700    0.0008216705    0.0008121615    0.0008026445
  0.0007931211    0.0007835903    0.0007740539    0.0007645086    0.0007549538
  0.0007453952    0.0007358269    0.0007262550    0.0007166718    0.0007070784
  0.0006974836    0.0006878763    0.0006782605    0.0006686385    0.0006590078
  0.0006493711    0.0006397200    0.0006300670    0.0006204025    0.0006107286
  0.0006010501    0.0005913573    0.0005816537    0.0005719457    0.0005622240
  0.0005524917    0.0005427494    0.0005329961    0.0005232302    0.0005134527
  0.0005036636    0.0004938609    0.0004840360    0.0004742036    0.0004643517
  0.0004544865    0.0004445968    0.0004346905    0.0004247556    0.0004148000
  0.0004048204    0.0003948038    0.0003847620    0.0003746787    0.0003645504
  0.0003543775    0.0003441503    0.0003338622    0.0003235006    0.0003160104
  0.0003160105    0.0003160105    0.0003160105    0.0003160105    0.0003160105
  0.0003160105    0.0003160105    0.0003160105    0.0003160105    0.0003160105
  0.0003160105    0.0003160105    0.0003160105    0.0003160105    0.0003160105
  0.0003160105    0.0003160105    0.0003160105    0.0003160105    0.0003160105
  0.0003160105    0.0003160105    0.0003160105    0.0003160105    0.0003160105
  0.0003160105    0.0003160105    0.0003160105    0.0003160105    0.0003160105
  0.0003160105    0.0003160105    0.0003160105    0.0003160105    0.0003160105
  0.0003160105    0.0003160105    0.0003160105    0.0003160105    0.0003160105
  0.0003160105    0.0003160105    0.0003160105    0.0003160105    0.0003160105
  0.0003160105    0.0003160105    0.0003160105    0.0003160105    0.0003160105
  0.0003160105    0.0003160105    0.0003160105    0.0003160105    0.0003160105
  0.0003160105    0.0003160105    0.0003160105    0.0003160105    0.0003160105
  0.0003160105    0.0003160105    0.0003160105    0.0003160105    0.0003160105
  0.0003160105    0.0003160105    0.0003160105    0.0003160105    0.0003160105
  0.0003160105    0.0003160105    0.0003160105    0.0003160105    0.0003160105
  0.0003160105    0.0003160105    0.0003160105    0.0003160105    0.0003160105
  0.0003160105    0.0003160105    0.0003160105    0.0003160105    0.0003160105
  0.0003160105    0.0003160105    0.0003160105    0.0003160105    0.0003160105
  0.0003160105    0.0003160105    0.0003160105    0.0003160105    0.0003160105
  0.0003160105    0.0003160105    0.0003160105    0.0003160105    0.0003160105
  0.0003160105    0.0003160105    0.0003160105    0.0003160105    0.0003160105
  0.0003160105    0.0003160105    0.0003160105    0.0003160105    0.0003160105
  0.0003160105    0.0003160105    0.0003160105    0.0003160105    0.0003160105
  0.0003160105    0.0003160105    0.0003160105    0.0003160105    0.0003160105
  0.0003160105    0.0003160105    0.0003160105    0.0003160105    0.0003160105
  0.0003160105    0.0003160105    0.0003160105    0.0003160105    0.0003160105
  0.0003160105    0.0003160105    0.0003160105    0.0003160105    0.0003160105
  0.0003160105    0.0003160105    0.0003160105    0.0003160105    0.0003160105
  0.0003160105    0.0003160105    0.0003160105    0.0003160105    0.0003160105
  0.0003160105    0.0003160105    0.0003160105    0.0003160105    0.0003160105
  0.0003160105    0.0003160105    0.0003160105    0.0003160105    0.0003160105
  0.0003160105    0.0003160105    0.0003160105    0.0003160105    0.0003160105
  0.0003160105    0.0003160105    0.0003160105    0.0003160105    0.0003160105
  0.0003160105    0.0003160105    0.0003160105    0.0003160105    0.0003160105
  0.0003160105    0.0003160105    0.0003160105    0.0003160105    0.0003160105
  0.0003160105    0.0003160105    0.0003160105    0.0003160105    0.0003160105
  0.0003160105    0.0003160105    0.0003160105    0.0003160105    0.0003160105
  0.0003160105    0.0003160105    0.0003160105    0.0003160105    0.0003160105
  0.0003160105    0.0003160105    0.0003160105    0.0003160105    0.0003160105
  0.0003160105    0.0003160105    0.0003160105    0.0003160105    0.0003160105
  0.0003160105    0.0003160105    0.0003160105    0.0003160105    0.0003160105
  0.0003160105    0.0003160105    0.0003160105    0.0003160105    0.0003160105
  0.0003160105    0.0003160105    0.0003160105    0.0003160105    0.0003160105
  0.0012550323    0.0012498515    0.0012413749    0.0012324212    0.0012233277
  0.0012141755    0.0012049925    0.0011957806    0.0011865576    0.0011773197
  0.0011680682    0.0011588093    0.0011495402    0.0011402630    0.0011309797
  0.0011216880    0.0011123861    0.0011030803    0.0010937647    0.0010844416
  0.0010751134    0.0010657786    0.0010564318    0.0010470834    0.0010377244
  0.0010283613    0.0010189892    0.0010096110    0.0010002221    0.0009908291
  0.0009814313    0.0009720247    0.0009626121    0.0009531901    0.0009437617
  0.0009343269    0.0009248823    0.0009154349    0.0009059782    0.0008965128
  0.0008870424    0.0008775644    0.0008680797    0.0008585863    0.0008490851
  0.0008395775    0.0008300619    0.0008205400    0.0008110077    0.0008014698
  0.0007919228    0.0007823719    0.0007728084    0.0007632379    0.0007536605
  0.0007440769    0.0007344825    0.0007248834    0.0007152711    0.0007056497
  0.0006960236    0.0006863878    0.0006767400    0.0006670859    0.0006574218
  0.0006477468    0.0006380631    0.0006283687    0.0006186662    0.0006089488
  0.0005992224    0.0005894817    0.0005797355    0.0005699719    0.0005601922
  0.0005504033    0.0005406004    0.0005307796    0.0005209422    0.0005110869
  0.0005012166    0.0004913249    0.0004814098    0.0004714698    0.0004615065
  0.0004515190    0.0004414973    0.0004314456    0.0004213570    0.0004112253
  0.0004010451    0.0003908231    0.0003805398    0.0003701887    0.0003597689
  0.0003583124    0.0003583125    0.0003583125    0.0003583125    0.0003583125
  0.0003583125    0.0003583125    0.0003583125    0.0003583125    0.0003583125
  0.0003583125    0.0003583125    0.0003583125    0.0003583125    0.0003583125
  0.0003583125    0.0003583125    0.0003583125    0.0003583125    0.0003583125
  0.0003583125    0.0003583125    0.0003583125    0.0003583125    0.0003583125
  0.0003583125    0.0003583125    0.0003583125    0.0003583125    0.0003583125
  0.0003583125    0.0003583125    0.0003583125    0.0003583125    0.0003583125
  0.0003583125    0.0003583125    0.0003583125    0.0003583125    0.0003583125
  0.0003583125    0.0003583125    0.0003583125    0.0003583125    0.0003583125
  0.0003583125    0.0003583125    0.0003583125    0.0003583125    0.0003583125
  0.0003583125    0.0003583125    0.0003583125    0.0003583125    0.0003583125
  0.0003583125    0.0003583125    0.0003583125    0.0003583125    0.0003583125
  0.0003583125    0.0003583125    0.0003583125    0.0003583125    0.0003583125
  0.0003583125    0.0003583125    0.0003583125    0.0003583125    0.0003583125
  0.0003583125    0.0003583125    0.0003583125    0.0003583125    0.0003583125
  0.0003583125    0.0003583125    0.0003583125    0.0003583125    0.0003583125
  0.0003583125    0.0003583125    0.0003583125    0.0003583125    0.0003583125
  0.0003583125    0.0003583125    0.0003583125    0.0003583125    0.0003583125
  0.0003583125    0.0003583125    0.0003583125    0.0003583125    0.0003583125
  0.0003583125    0.0003583125    0.0003583125    0.0003583125    0.0003583125
  0.0003583125    0.0003583125    0.0003583125    0.0003583125    0.0003583125
  0.0003583125    0.0003583125    0.0003583125    0.0003583125    0.0003583125
  0.0003583125    0.0003583125    0.0003583125    0.0003583125    0.0003583125
  0.0003583125    0.0003583125    0.0003583125    0.0003583125    0.0003583125
  0.0003583125    0.0003583125    0.0003583125    0.0003583125    0.0003583125
  0.0003583125    0.0003583125    0.0003583125    0.0003583125    0.0003583125
  0.0003583125    0.0003583125    0.0003583125    0.0003583125    0.0003583125
  0.0003583125    0.0003583125    0.0003583125    0.0003583125    0.0003583125
  0.0003583125    0.0003583125    0.0003583125    0.0003583125    0.0003583125
  0.0003583125    0.0003583125    0.0003583125    0.0003583125    0.0003583125
  0.0003583125    0.0003583125    0.0003583125    0.0003583125    0.0003583125
  0.0003583125    0.0003583125    0.0003583125    0.0003583125    0.0003583125
  0.0003583125    0.0003583125    0.0003583125    0.0003583125    0.0003583125
  0.0003583125    0.0003583125    0.0003583125    0.0003583125    0.0003583125
  0.0003583125    0.0003583125    0.0003583125    0.0003583125    0.0003583125
  0.0003583125    0.0003583125    0.0003583125    0.0003583125    0.0003583125
  0.0003583125    0.0003583125    0.0003583125    0.0003583125    0.0003583125
  0.0003583125    0.0003583125    0.0003583125    0.0003583125    0.0003583125
  0.0003583125    0.0003583125    0.0003583125    0.0003583125    0.0003583125
  0.0003583125    0.0003583125    0.0003583125    0.0003583125    0.0003583125
  0.0003583125    0.0003583125    0.0003583125    0.0003583125    0.0003583125
  0.0013907221    0.0013863244    0.0013783365    0.0013696373    0.0013607124
  0.0013516978    0.0013426265    0.0013335221    0.0013243971    0.0013152558
  0.0013060984    0.0012969260    0.0012877446    0.0012785553    0.0012693598
  0.0012601502    0.0012509329    0.0012417097    0.0012324822    0.0012232432
  0.0012139948    0.0012047433    0.0011954862    0.0011862167    0.0011769456
  0.0011676622    0.0011583770    0.0011490838    0.0011397806    0.0011304739
  0.0011211619    0.0011118388    0.0011025110    0.0010931730    0.0010838314
  0.0010744808    0.0010651278    0.0010557634    0.0010463943    0.0010370193
  0.0010276341    0.0010182416    0.0010088446    0.0009994390    0.0009900280
  0.0009806079    0.0009711815    0.0009617458    0.0009523071    0.0009428592
  0.0009334055    0.0009239400    0.0009144696    0.0009049949    0.0008955043
  0.0008860141    0.0008765131    0.0008670059    0.0008574904    0.0008479655
  0.0008384331    0.0008288948    0.0008193498    0.0008097949    0.0008002297
  0.0007906570    0.0007810744    0.0007714874    0.0007618890    0.0007522776
  0.0007426646    0.0007330388    0.0007234024    0.0007137576    0.0007041064
  0.0006944428    0.0006847652    0.0006750774    0.0006653873    0.0006556738
  0.0006459563    0.0006362213    0.0006264768    0.0006167208    0.0006069502
  0.0005971625    0.0005873569    0.0005775414    0.0005677056    0.0005578542
  0.0005479775    0.0005380883    0.0005281779    0.0005182362    0.0005082696
  0.0004982805    0.0004882617    0.0004782046    0.0004681190    0.0004579902
  0.0004478189    0.0004375976    0.0004273271    0.0004169978    0.0004065973
  0.0004010017    0.0004010018    0.0004010018    0.0004010018    0.0004010018
  0.0004010018    0.0004010018    0.0004010018    0.0004010018    0.0004010018
  0.0004010018    0.0004010018    0.0004010018    0.0004010018    0.0004010018
  0.0004010018    0.0004010018    0.0004010018    0.0004010018    0.0004010018
  0.0004010018    0.0004010018    0.0004010018    0.0004010018    0.0004010018
  0.0004010018    0.0004010018    0.0004010018    0.0004010018    0.0004010018
  0.0004010018    0.0004010018    0.0004010018    0.0004010018    0.0004010018
  0.0004010018    0.0004010018    0.0004010018    0.0004010018    0.0004010018
  0.0004010018    0.0004010018    0.0004010018    0.0004010018    0.0004010018
  0.0004010018    0.0004010018    0.0004010018    0.0004010018    0.0004010018
  0.0004010018    0.0004010018    0.0004010018    0.0004010018    0.0004010018
  0.0004010018    0.0004010018    0.0004010018    0.0004010018    0.0004010018
  0.0004010018    0.0004010018    0.0004010018    0.0004010018    0.0004010018
  0.0004010018    0.0004010018    0.0004010018    0.0004010018    0.0004010018
  0.0004010018    0.0004010018    0.0004010018    0.0004010018    0.0004010018
  0.0004010018    0.0004010018    0.0004010018    0.0004010018    0.0004010018
  0.0004010018    0.0004010018    0.0004010018    0.0004010018    0.0004010018
  0.0004010018    0.0004010018    0.0004010018    0.0004010018    0.0004010018
  0.0004010018    0.0004010018    0.0004010018    0.0004010018    0.0004010018
  0.0004010018    0.0004010018    0.0004010018    0.0004010018    0.0004010018
  0.0004010018    0.0004010018    0.0004010018    0.0004010018    0.0004010018
  0.0004010018    0.0004010018    0.0004010018    0.0004010018    0.0004010018
  0.0004010018    0.0004010018    0.0004010018    0.0004010018    0.0004010018
  0.0004010018    0.0004010018    0.0004010018    0.0004010018    0.0004010018
  0.0004010018    0.0004010018    0.0004010018    0.0004010018    0.0004010018
  0.0004010018    0.0004010018    0.0004010018    0.0004010018    0.0004010018
  0.0004010018    0.0004010018    0.0004010018    0.0004010018    0.0004010018
  0.0004010018    0.0004010018    0.0004010018    0.0004010018    0.0004010018
  0.0004010018    0.0004010018    0.0004010018    0.0004010018    0.0004010018
  0.0004010018    0.0004010018    0.0004010018    0.0004010018    0.0004010018
  0.0004010018    0.0004010018    0.0004010018    0.0004010018    0.0004010018
  0.0004010018    0.0004010018    0.0004010018    0.0004010018    0.0004010018
  0.0004010018    0.0004010018    0.0004010018    0.0004010018    0.0004010018
  0.0004010018    0.0004010018    0.0004010018    0.0004010018    0.0004010018
  0.0004010018    0.0004010018    0.0004010018    0.0004010018    0.0004010018
  0.0004010018    0.0004010018    0.0004010018    0.0004010018    0.0004010018
  0.0004010018    0.0004010018    0.0004010018    0.0004010018    0.0004010018
  0.0004010018    0.0004010018    0.0004010018    0.0004010018    0.0004010018
  0.0004010018    0.0004010018    0.0004010018    0.0004010018    0.0004010018
  0.0015253070    0.0015215968    0.0015141795    0.0015057926    0.0014970791
  0.0014882175    0.0014792779    0.0014702865    0.0014612650    0.0014522218
  0.0014431560    0.0014340782    0.0014249838    0.0014158839    0.0014067692
  0.0013976460    0.0013885106    0.0013793742    0.0013702233    0.0013610692
  0.0013519037    0.0013427331    0.0013335590    0.0013243732    0.0013151777
  0.0013059835    0.0012967734    0.0012875633    0.0012783455    0.0012691175
  0.0012598854    0.0012506469    0.0012413991    0.0012321442    0.0012228885
  0.0012136209    0.0012043520    0.0011950712    0.0011857850    0.0011764911
  0.0011671918    0.0011578854    0.0011485740    0.0011392521    0.0011299219
  0.0011205899    0.0011112506    0.0011019027    0.0010925489    0.0010831879
  0.0010738188    0.0010644479    0.0010550635    0.0010456718    0.0010362761
  0.0010268757    0.0010174630    0.0010080480    0.0009986171    0.0009891904
  0.0009797475    0.0009702988    0.0009608444    0.0009513847    0.0009419137
  0.0009324351    0.0009229500    0.0009134560    0.0009039543    0.0008944458
  0.0008849261    0.0008754055    0.0008658709    0.0008563275    0.0008467769
  0.0008372214    0.0008276524    0.0008180752    0.0008084899    0.0007988916
  0.0007892912    0.0007796769    0.0007700570    0.0007604187    0.0007507780
  0.0007411270    0.0007314568    0.0007217794    0.0007120973    0.0007023984
  0.0006926865    0.0006829635    0.0006732257    0.0006634778    0.0006537072
  0.0006439259    0.0006341266    0.0006243161    0.0006144886    0.0006046397
  0.0005947693    0.0005848848    0.0005749725    0.0005650335    0.0005550735
  0.0005450885    0.0005350727    0.0005250237    0.0005149462    0.0005048225
  0.0004946594    0.0004844541    0.0004741954    0.0004638867    0.0004535131
  0.0004440372    0.0004440373    0.0004440373    0.0004440373    0.0004440373
  0.0004440373    0.0004440373    0.0004440373    0.0004440373    0.0004440373
  0.0004440373    0.0004440373    0.0004440373    0.0004440373    0.0004440373
  0.0004440373    0.0004440373    0.0004440373    0.0004440373    0.0004440373
  0.0004440373    0.0004440373    0.0004440373    0.0004440373    0.0004440373
  0.0004440373    0.0004440373    0.0004440373    0.0004440373    0.0004440373
  0.0004440373    0.0004440373    0.0004440373    0.0004440373    0.0004440373
  0.0004440373    0.0004440373    0.0004440373    0.0004440373    0.0004440373
  0.0004440373    0.0004440373    0.0004440373    0.0004440373    0.0004440373
  0.0004440373    0.0004440373    0.0004440373    0.0004440373    0.0004440373
  0.0004440373    0.0004440373    0.0004440373    0.0004440373    0.0004440373
  0.0004440373    0.0004440373    0.0004440373    0.0004440373    0.0004440373
  0.0004440373    0.0004440373    0.0004440373    0.0004440373    0.0004440373
  0.0004440373    0.0004440373    0.0004440373    0.0004440373    0.0004440373
  0.0004440373    0.0004440373    0.0004440373    0.0004440373    0.0004440373
  0.0004440373    0.0004440373    0.0004440373    0.0004440373    0.0004440373
  0.0004440373    0.0004440373    0.0004440373    0.0004440373    0.0004440373
  0.0004440373    0.0004440373    0.0004440373    0.0004440373    0.0004440373
  0.0004440373    0.0004440373    0.0004440373    0.0004440373    0.0004440373
  0.0004440373    0.0004440373    0.0004440373    0.0004440373    0.0004440373
  0.0004440373    0.0004440373    0.0004440373    0.0004440373    0.0004440373
  0.0004440373    0.0004440373    0.0004440373    0.0004440373    0.0004440373
  0.0004440373    0.0004440373    0.0004440373    0.0004440373    0.0004440373
  0.0004440373    0.0004440373    0.0004440373    0.0004440373    0.0004440373
  0.0004440373    0.0004440373    0.0004440373    0.0004440373    0.0004440373
  0.0004440373    0.0004440373    0.0004440373    0.0004440373    0.0004440373
  0.0004440373    0.0004440373    0.0004440373    0.0004440373    0.0004440373
  0.0004440373    0.0004440373    0.0004440373    0.0004440373    0.0004440373
  0.0004440373    0.0004440373    0.0004440373    0.0004440373    0.0004440373
  0.0004440373    0.0004440373    0.0004440373    0.0004440373    0.0004440373
  0.0004440373    0.0004440373    0.0004440373    0.0004440373    0.0004440373
  0.0004440373    0.0004440373    0.0004440373    0.0004440373    0.0004440373
  0.0004440373    0.0004440373    0.0004440373    0.0004440373    0.0004440373
  0.0004440373    0.0004440373    0.0004440373    0.0004440373    0.0004440373
  0.0004440373    0.0004440373    0.0004440373    0.0004440373    0.0004440373
  0.0004440373    0.0004440373    0.0004440373    0.0004440373    0.0004440373
  0.0004440373    0.0004440373    0.0004440373    0.0004440373    0.0004440373
  0.0016588434    0.0016557071    0.0016489174    0.0016409026    0.0016324340
  0.0016237544    0.0016149624    0.0016061035    0.0015971920    0.0015882522
  0.0015792820    0.0015702973    0.0015612980    0.0015522787    0.0015432511
  0.0015342104    0.0015251628    0.0015161041    0.0015070352    0.0014979627
  0.0014888770    0.0014797899    0.0014706870    0.0014615800    0.0014524701
  0.0014433486    0.0014342218    0.0014250912    0.0014159481    0.0014068041
  0.0013976505    0.0013884891    0.0013793213    0.0013701487    0.0013609728
  0.0013517859    0.0013425941    0.0013333900    0.0013241890    0.0013149745
  0.0013057529    0.0012965306    0.0012873001    0.0012780635    0.0012688137
  0.0012595660    0.0012503048    0.0012410452    0.0012317718    0.0012224913
  0.0012132097    0.0012039211    0.0011946191    0.0011853186    0.0011760013
  0.0011666860    0.0011573586    0.0011480298    0.0011386901    0.0011293460
  0.0011199887    0.0011106321    0.0011012675    0.0010918904    0.0010825072
  0.0010731243    0.0010637303    0.0010543246    0.0010449173    0.0010354977
  0.0010260755    0.0010166410    0.0010072003    0.0009977569    0.0009883015
  0.0009788373    0.0009693682    0.0009598883    0.0009504015    0.0009409086
  0.0009314046    0.0009218968    0.0009123771    0.0009028474    0.0008933092
  0.0008837698    0.0008742171    0.0008646478    0.0008550779    0.0008454936
  0.0008359028    0.0008263058    0.0008166953    0.0008070746    0.0007974399
  0.0007877974    0.0007781437    0.0007684783    0.0007588012    0.0007491145
  0.0007394100    0.0007296998    0.0007199718    0.0007102302    0.0007004708
  0.0006906964    0.0006809102    0.0006711054    0.0006612788    0.0006514390
  0.0006415796    0.0006316975    0.0006217923    0.0006118659    0.0006019141
  0.0005919307    0.0005819240    0.0005718834    0.0005618111    0.0005517000
  0.0005415550    0.0005313619    0.0005211244    0.0005108361    0.0005004869
  0.0004900853    0.0004873965    0.0004873966    0.0004873966    0.0004873966
  0.0004873966    0.0004873966    0.0004873966    0.0004873966    0.0004873966
  0.0004873966    0.0004873966    0.0004873966    0.0004873966    0.0004873966
  0.0004873966    0.0004873966    0.0004873966    0.0004873966    0.0004873966
  0.0004873966    0.0004873966    0.0004873966    0.0004873966    0.0004873966
  0.0004873966    0.0004873966    0.0004873966    0.0004873966    0.0004873966
  0.0004873966    0.0004873966    0.0004873966    0.0004873966    0.0004873966
  0.0004873966    0.0004873966    0.0004873966    0.0004873966    0.0004873966
  0.0004873966    0.0004873966    0.0004873966    0.0004873966    0.0004873966
  0.0004873966    0.0004873966    0.0004873966    0.0004873966    0.0004873966
  0.0004873966    0.0004873966    0.0004873966    0.0004873966    0.0004873966
  0.0004873966    0.0004873966    0.0004873966    0.0004873966    0.0004873966
  0.0004873966    0.0004873966    0.0004873966    0.0004873966    0.0004873966
  0.0004873966    0.0004873966    0.0004873966    0.0004873966    0.0004873966
  0.0004873966    0.0004873966    0.0004873966    0.0004873966    0.0004873966
  0.0004873966    0.0004873966    0.0004873966    0.0004873966    0.0004873966
  0.0004873966    0.0004873966    0.0004873966    0.0004873966    0.0004873966
  0.0004873966    0.0004873966    0.0004873966    0.0004873966    0.0004873966
  0.0004873966    0.0004873966    0.0004873966    0.0004873966    0.0004873966
  0.0004873966    0.0004873966    0.0004873966    0.0004873966    0.0004873966
  0.0004873966    0.0004873966    0.0004873966    0.0004873966    0.0004873966
  0.0004873966    0.0004873966    0.0004873966    0.0004873966    0.0004873966
  0.0004873966    0.0004873966    0.0004873966    0.0004873966    0.0004873966
  0.0004873966    0.0004873966    0.0004873966    0.0004873966    0.0004873966
  0.0004873966    0.0004873966    0.0004873966    0.0004873966    0.0004873966
  0.0004873966    0.0004873966    0.0004873966    0.0004873966    0.0004873966
  0.0004873966    0.0004873966    0.0004873966    0.0004873966    0.0004873966
  0.0004873966    0.0004873966    0.0004873966    0.0004873966    0.0004873966
  0.0004873966    0.0004873966    0.0004873966    0.0004873966    0.0004873966
  0.0004873966    0.0004873966    0.0004873966    0.0004873966    0.0004873966
  0.0004873966    0.0004873966    0.0004873966    0.0004873966    0.0004873966
  0.0004873966    0.0004873966    0.0004873966    0.0004873966    0.0004873966
  0.0004873966    0.0004873966    0.0004873966    0.0004873966    0.0004873966
  0.0004873966    0.0004873966    0.0004873966    0.0004873966    0.0004873966
  0.0004873966    0.0004873966    0.0004873966    0.0004873966    0.0004873966
  0.0017913756    0.0017887297    0.0017825686    0.0017749813    0.0017668035
  0.0017583389    0.0017497109    0.0017409923    0.0017322067    0.0017233776
  0.0017145133    0.0017056239    0.0016967142    0.0016877897    0.0016788448
  0.0016698913    0.0016609240    0.0016519494    0.0016429566    0.0016339638
  0.0016249547    0.0016159416    0.0016069256    0.0015978963    0.0015888605
  0.0015798138    0.0015707683    0.0015617087    0.0015526471    0.0015435739
  0.0015344956    0.0015254137    0.0015163238    0.0015072275    0.0014981259
  0.0014890154    0.0014799022    0.0014707776    0.0014616482    0.0014525153
  0.0014433752    0.0014342247    0.0014250700    0.0014159128    0.0014067446
  0.0013975721    0.0013883968    0.0013792108    0.0013700205    0.0013608227
  0.0013516147    0.0013424029    0.0013331888    0.0013239609    0.0013147342
  0.0013054929    0.0012962565    0.0012870050    0.0012777449    0.0012684823
  0.0012592149    0.0012499407    0.0012406574    0.0012313672    0.0012220685
  0.0012127673    0.0012034576    0.0011941421    0.0011848190    0.0011754867
  0.0011661516    0.0011568047    0.0011474560    0.0011380934    0.0011287304
  0.0011193587    0.0011099773    0.0011005893    0.0010911972    0.0010817902
  0.0010723816    0.0010629673    0.0010535439    0.0010441080    0.0010346756
  0.0010252210    0.0010157703    0.0010063011    0.0009968329    0.0009873538
  0.0009778643    0.0009683715    0.0009588641    0.0009493522    0.0009398282
  0.0009302993    0.0009207584    0.0009112070    0.0009016528    0.0008920838
  0.0008825051    0.0008729190    0.0008633201    0.0008537111    0.0008440900
  0.0008344599    0.0008248169    0.0008151617    0.0008055010    0.0007958218
  0.0007861289    0.0007764266    0.0007667087    0.0007569738    0.0007472314
  0.0007374663    0.0007276908    0.0007178946    0.0007080770    0.0006982492
  0.0006883952    0.0006785235    0.0006686312    0.0006587113    0.0006487647
  0.0006387979    0.0006287945    0.0006187695    0.0006087151    0.0005986141
  0.0005884810    0.0005783117    0.0005680922    0.0005578282    0.0005475125
  0.0005371377    0.0005310579    0.0005310580    0.0005310580    0.0005310580
  0.0005310580    0.0005310580    0.0005310580    0.0005310580    0.0005310580
  0.0005310580    0.0005310580    0.0005310580    0.0005310580    0.0005310580
  0.0005310580    0.0005310580    0.0005310580    0.0005310580    0.0005310580
  0.0005310580    0.0005310580    0.0005310580    0.0005310580    0.0005310580
  0.0005310580    0.0005310580    0.0005310580    0.0005310580    0.0005310580
  0.0005310580    0.0005310580    0.0005310580    0.0005310580    0.0005310580
  0.0005310580    0.0005310580    0.0005310580    0.0005310580    0.0005310580
  0.0005310580    0.0005310580    0.0005310580    0.0005310580    0.0005310580
  0.0005310580    0.0005310580    0.0005310580    0.0005310580    0.0005310580
  0.0005310580    0.0005310580    0.0005310580    0.0005310580    0.0005310580
  0.0005310580    0.0005310580    0.0005310580    0.0005310580    0.0005310580
  0.0005310580    0.0005310580    0.0005310580    0.0005310580    0.0005310580
  0.0005310580    0.0005310580    0.0005310580    0.0005310580    0.0005310580
  0.0005310580    0.0005310580    0.0005310580    0.0005310580    0.0005310580
  0.0005310580    0.0005310580    0.0005310580    0.0005310580    0.0005310580
  0.0005310580    0.0005310580    0.0005310580    0.0005310580    0.0005310580
  0.0005310580    0.0005310580    0.0005310580    0.0005310580    0.0005310580
  0.0005310580    0.0005310580    0.0005310580    0.0005310580    0.0005310580
  0.0005310580    0.0005310580    0.0005310580    0.0005310580    0.0005310580
  0.0005310580    0.0005310580    0.0005310580    0.0005310580    0.0005310580
  0.0005310580    0.0005310580    0.0005310580    0.0005310580    0.0005310580
  0.0005310580    0.0005310580    0.0005310580    0.0005310580    0.0005310580
  0.0005310580    0.0005310580    0.0005310580    0.0005310580    0.0005310580
  0.0005310580    0.0005310580    0.0005310580    0.0005310580    0.0005310580
  0.0005310580    0.0005310580    0.0005310580    0.0005310580    0.0005310580
  0.0005310580    0.0005310580    0.0005310580    0.0005310580    0.0005310580
  0.0005310580    0.0005310580    0.0005310580    0.0005310580    0.0005310580
  0.0005310580    0.0005310580    0.0005310580    0.0005310580    0.0005310580
  0.0005310580    0.0005310580    0.0005310580    0.0005310580    0.0005310580
  0.0005310580    0.0005310580    0.0005310580    0.0005310580    0.0005310580
  0.0005310580    0.0005310580    0.0005310580    0.0005310580    0.0005310580
  0.0005310580    0.0005310580    0.0005310580    0.0005310580    0.0005310580
  0.0019229647    0.0019207065    0.0019151736    0.0019080493    0.0019001960
  0.0018919772    0.0018835436    0.0018749779    0.0018663335    0.0018576259
  0.0018488749    0.0018400836    0.0018312754    0.0018224364    0.0018135851
  0.0018047150    0.0017958325    0.0017869380    0.0017780256    0.0017691145
  0.0017601868    0.0017512496    0.0017423034    0.0017333493    0.0017243880
  0.0017154204    0.0017064474    0.0016974642    0.0016884716    0.0016794766
  0.0016704743    0.0016614658    0.0016524464    0.0016434229    0.0016343964
  0.0016253624    0.0016163164    0.0016072708    0.0015982155    0.0015891574
  0.0015800920    0.0015710155    0.0015619395    0.0015528548    0.0015437627
  0.0015346645    0.0015255614    0.0015164497    0.0015073358    0.0014982110
  0.0014890867    0.0014799542    0.0014708101    0.0014616658    0.0014525129
  0.0014433529    0.0014341874    0.0014250177    0.0014158410    0.0014066540
  0.0013974630    0.0013882651    0.0013790620    0.0013698552    0.0013606376
  0.0013514156    0.0013421905    0.0013329556    0.0013237086    0.0013144642
  0.0013052070    0.0012959477    0.0012866796    0.0012774052    0.0012681260
  0.0012588361    0.0012495380    0.0012402376    0.0012309329    0.0012216147
  0.0012122930    0.0012029664    0.0011936292    0.0011842843    0.0011749341
  0.0011655773    0.0011562128    0.0011468397    0.0011374606    0.0011280749
  0.0011186815    0.0011092768    0.0010998701    0.0010904546    0.0010810296
  0.0010715952    0.0010621512    0.0010527044    0.0010432480    0.0010337856
  0.0010243113    0.0010148320    0.0010053386    0.0009958385    0.0009863352
  0.0009768149    0.0009672879    0.0009577551    0.0009482067    0.0009386526
  0.0009290919    0.0009195154    0.0009099283    0.0009003350    0.0008907252
  0.0008811094    0.0008714798    0.0008618370    0.0008521869    0.0008425157
  0.0008328395    0.0008231496    0.0008134394    0.0008037197    0.0007939839
  0.0007842328    0.0007744693    0.0007646818    0.0007548767    0.0007450577
  0.0007352115    0.0007253529    0.0007154699    0.0007055642    0.0006956333
  0.0006856728    0.0006756926    0.0006656789    0.0006556338    0.0006455549
  0.0006354359    0.0006252863    0.0006150892    0.0006048495    0.0005945572
  0.0005842150    0.0005749943    0.0005749944    0.0005749944    0.0005749944
  0.0005749944    0.0005749944    0.0005749944    0.0005749944    0.0005749944
  0.0005749944    0.0005749944    0.0005749944    0.0005749944    0.0005749944
  0.0005749944    0.0005749944    0.0005749944    0.0005749944    0.0005749944
  0.0005749944    0.0005749944    0.0005749944    0.0005749944    0.0005749944
  0.0005749944    0.0005749944    0.0005749944    0.0005749944    0.0005749944
  0.0005749944    0.0005749944    0.0005749944    0.0005749944    0.0005749944
  0.0005749944    0.0005749944    0.0005749944    0.0005749944    0.0005749944
  0.0005749944    0.0005749944    0.0005749944    0.0005749944    0.0005749944
  0.0005749944    0.0005749944    0.0005749944    0.0005749944    0.0005749944
  0.0005749944    0.0005749944    0.0005749944    0.0005749944    0.0005749944
  0.0005749944    0.0005749944    0.0005749944    0.0005749944    0.0005749944
  0.0005749944    0.0005749944    0.0005749944    0.0005749944    0.0005749944
  0.0005749944    0.0005749944    0.0005749944    0.0005749944    0.0005749944
  0.0005749944    0.0005749944    0.0005749944    0.0005749944    0.0005749944
  0.0005749944    0.0005749944    0.0005749944    0.0005749944    0.0005749944
  0.0005749944    0.0005749944    0.0005749944    0.0005749944    0.0005749944
  0.0005749944    0.0005749944    0.0005749944    0.0005749944    0.0005749944
  0.0005749944    0.0005749944    0.0005749944    0.0005749944    0.0005749944
  0.0005749944    0.0005749944    0.0005749944    0.0005749944    0.0005749944
  0.0005749944    0.0005749944    0.0005749944    0.0005749944    0.0005749944
  0.0005749944    0.0005749944    0.0005749944    0.0005749944    0.0005749944
  0.0005749944    0.0005749944    0.0005749944    0.0005749944    0.0005749944
  0.0005749944    0.0005749944    0.0005749944    0.0005749944    0.0005749944
  0.0005749944    0.0005749944    0.0005749944    0.0005749944    0.0005749944
  0.0005749944    0.0005749944    0.0005749944    0.0005749944    0.0005749944
  0.0005749944    0.0005749944    0.0005749944    0.0005749944    0.0005749944
  0.0005749944    0.0005749944    0.0005749944    0.0005749944    0.0005749944
  0.0005749944    0.0005749944    0.0005749944    0.0005749944    0.0005749944
  0.0005749944    0.0005749944    0.0005749944    0.0005749944    0.0005749944
  0.0005749944    0.0005749944    0.0005749944    0.0005749944    0.0005749944
  0.0020536433    0.0020517108    0.0020467510    0.0020401233    0.0020326371
  0.0020246871    0.0020164697    0.0020080923    0.0019995922    0.0019910173
  0.0019823864    0.0019737147    0.0019649987    0.0019562637    0.0019475015
  0.0019387181    0.0019299200    0.0019211071    0.0019122795    0.0019034440
  0.0018945947    0.0018857318    0.0018768627    0.0018679878    0.0018591014
  0.0018502043    0.0018413035    0.0018323935    0.0018234751    0.0018145493
  0.0018056167    0.0017966784    0.0017877351    0.0017787817    0.0017698252
  0.0017608604    0.0017518884    0.0017429161    0.0017339325    0.0017249446
  0.0017159477    0.0017069485    0.0016979421    0.0016889299    0.0016799071
  0.0016708806    0.0016618513    0.0016528149    0.0016437724    0.0016347196
  0.0016256685    0.0016166094    0.0016075435    0.0015984669    0.0015893859
  0.0015803018    0.0015712108    0.0015621140    0.0015530127    0.0015439032
  0.0015347918    0.0015256699    0.0015165439    0.0015074102    0.0014982702
  0.0014891205    0.0014799723    0.0014708126    0.0014616478    0.0014524793
  0.0014433039    0.0014341232    0.0014249344    0.0014157345    0.0014065340
  0.0013973303    0.0013881117    0.0013788888    0.0013696634    0.0013604329
  0.0013511903    0.0013419463    0.0013326898    0.0013234316    0.0013141648
  0.0013048876    0.0012956102    0.0012863223    0.0012770302    0.0012677281
  0.0012584220    0.0012491101    0.0012397910    0.0012304631    0.0012211250
  0.0012117866    0.0012024317    0.0011930741    0.0011837123    0.0011743386
  0.0011649551    0.0011555753    0.0011461811    0.0011367784    0.0011273671
  0.0011179499    0.0011085232    0.0010990870    0.0010896505    0.0010802009
  0.0010707351    0.0010612724    0.0010518005    0.0010423136    0.0010328154
  0.0010233156    0.0010138033    0.0010042820    0.0009947473    0.0009852060
  0.0009756566    0.0009660979    0.0009565258    0.0009469424    0.0009373469
  0.0009277467    0.0009181258    0.0009085025    0.0008988610    0.0008892075
  0.0008795446    0.0008698612    0.0008601632    0.0008504547    0.0008407319
  0.0008309974    0.0008212374    0.0008114680    0.0008016721    0.0007918623
  0.0007820348    0.0007721822    0.0007623179    0.0007524232    0.0007425088
  0.0007325617    0.0007225881    0.0007125938    0.0007025613    0.0006925063
  0.0006824065    0.0006722726    0.0006621020    0.0006518877    0.0006416274
  0.0006313136    0.0006209514    0.0006191937    0.0006191939    0.0006191939
  0.0006191939    0.0006191939    0.0006191939    0.0006191939    0.0006191939
  0.0006191939    0.0006191939    0.0006191939    0.0006191939    0.0006191939
  0.0006191939    0.0006191939    0.0006191939    0.0006191939    0.0006191939
  0.0006191939    0.0006191939    0.0006191939    0.0006191939    0.0006191939
  0.0006191939    0.0006191939    0.0006191939    0.0006191939    0.0006191939
  0.0006191939    0.0006191939    0.0006191939    0.0006191939    0.0006191939
  0.0006191939    0.0006191939    0.0006191939    0.0006191939    0.0006191939
  0.0006191939    0.0006191939    0.0006191939    0.0006191939    0.0006191939
  0.0006191939    0.0006191939    0.0006191939    0.0006191939    0.0006191939
  0.0006191939    0.0006191939    0.0006191939    0.0006191939    0.0006191939
  0.0006191939    0.0006191939    0.0006191939    0.0006191939    0.0006191939
  0.0006191939    0.0006191939    0.0006191939    0.0006191939    0.0006191939
  0.0006191939    0.0006191939    0.0006191939    0.0006191939    0.0006191939
  0.0006191939    0.0006191939    0.0006191939    0.0006191939    0.0006191939
  0.0006191939    0.0006191939    0.0006191939    0.0006191939    0.0006191939
  0.0006191939    0.0006191939    0.0006191939    0.0006191939    0.0006191939
  0.0006191939    0.0006191939    0.0006191939    0.0006191939    0.0006191939
  0.0006191939    0.0006191939    0.0006191939    0.0006191939    0.0006191939
  0.0006191939    0.0006191939    0.0006191939    0.0006191939    0.0006191939
  0.0006191939    0.0006191939    0.0006191939    0.0006191939    0.0006191939
  0.0006191939    0.0006191939    0.0006191939    0.0006191939    0.0006191939
  0.0006191939    0.0006191939    0.0006191939    0.0006191939    0.0006191939
  0.0006191939    0.0006191939    0.0006191939    0.0006191939    0.0006191939
  0.0006191939    0.0006191939    0.0006191939    0.0006191939    0.0006191939
  0.0006191939    0.0006191939    0.0006191939    0.0006191939    0.0006191939
  0.0006191939    0.0006191939    0.0006191939    0.0006191939    0.0006191939
  0.0006191939    0.0006191939    0.0006191939    0.0006191939    0.0006191939
  0.0006191939    0.0006191939    0.0006191939    0.0006191939    0.0006191939
  0.0021834599    0.0021817923    0.0021773699    0.0021712302    0.0021641339
  0.0021564952    0.0021485195    0.0021403343    0.0021320105    0.0021235802
  0.0021150827    0.0021065248    0.0020979235    0.0020892827    0.0020806219
  0.0020719325    0.0020632207    0.0020544863    0.0020457429    0.0020369837
  0.0020282155    0.0020194320    0.0020106403    0.0020018340    0.0019930204
  0.0019842001    0.0019753670    0.0019665283    0.0019576847    0.0019488302
  0.0019399722    0.0019310984    0.0019222289    0.0019133451    0.0019044542
  0.0018955571    0.0018866610    0.0018777538    0.0018688365    0.0018599163
  0.0018509940    0.0018420580    0.0018331216    0.0018241796    0.0018152267
  0.0018062700    0.0017973104    0.0017883429    0.0017793684    0.0017703881
  0.0017614026    0.0017524190    0.0017434209    0.0017344151    0.0017254083
  0.0017163960    0.0017073735    0.0016983475    0.0016893137    0.0016802785
  0.0016712378    0.0016621870    0.0016531329    0.0016440712    0.0016350032
  0.0016259302    0.0016168531    0.0016077732    0.0015986815    0.0015895846
  0.0015804834    0.0015713744    0.0015622640    0.0015531433    0.0015440141
  0.0015348823    0.0015257447    0.0015165977    0.0015074478    0.0014982961
  0.0014891348    0.0014799655    0.0014707896    0.0014616042    0.0014524248
  0.0014432252    0.0014340256    0.0014248186    0.0014156056    0.0014063889
  0.0013971609    0.0013879323    0.0013786919    0.0013694461    0.0013601966
  0.0013509368    0.0013416732    0.0013323951    0.0013231209    0.0013138363
  0.0013045398    0.0012952450    0.0012859308    0.0012766188    0.0012673034
  0.0012579715    0.0012486407    0.0012392985    0.0012299473    0.0012205929
  0.0012112237    0.0012018565    0.0011924760    0.0011830852    0.0011736898
  0.0011642896    0.0011548769    0.0011454581    0.0011360327    0.0011265937
  0.0011171480    0.0011076953    0.0010982415    0.0010887684    0.0010792854
  0.0010697962    0.0010603009    0.0010507884    0.0010412743    0.0010317535
  0.0010222121    0.0010126661    0.0010031110    0.0009935315    0.0009839596
  0.0009743669    0.0009647606    0.0009551432    0.0009455191    0.0009358802
  0.0009262295    0.0009165594    0.0009068781    0.0008971837    0.0008874702
  0.0008777458    0.0008680026    0.0008582403    0.0008484673    0.0008386687
  0.0008288535    0.0008190181    0.0008091640    0.0007992763    0.0007893791
  0.0007794529    0.0007694911    0.0007595158    0.0007495063    0.0007394601
  0.0007293832    0.0007192678    0.0007091242    0.0006989385    0.0006887003
  0.0006784226    0.0006680887    0.0006636364    0.0006636365    0.0006636365
  0.0006636365    0.0006636365    0.0006636365    0.0006636365    0.0006636365
  0.0006636365    0.0006636365    0.0006636365    0.0006636365    0.0006636365
  0.0006636365    0.0006636365    0.0006636365    0.0006636365    0.0006636365
  0.0006636365    0.0006636365    0.0006636365    0.0006636365    0.0006636365
  0.0006636365    0.0006636365    0.0006636365    0.0006636365    0.0006636365
  0.0006636365    0.0006636365    0.0006636365    0.0006636365    0.0006636365
  0.0006636365    0.0006636365    0.0006636365    0.0006636365    0.0006636365
  0.0006636365    0.0006636365    0.0006636365    0.0006636365    0.0006636365
  0.0006636365    0.0006636365    0.0006636365    0.0006636365    0.0006636365
  0.0006636365    0.0006636365    0.0006636365    0.0006636365    0.0006636365
  0.0006636365    0.0006636365    0.0006636365    0.0006636365    0.0006636365
  0.0006636365    0.0006636365    0.0006636365    0.0006636365    0.0006636365
  0.0006636365    0.0006636365    0.0006636365    0.0006636365    0.0006636365
  0.0006636365    0.0006636365    0.0006636365    0.0006636365    0.0006636365
  0.0006636365    0.0006636365    0.0006636365    0.0006636365    0.0006636365
  0.0006636365    0.0006636365    0.0006636365    0.0006636365    0.0006636365
  0.0006636365    0.0006636365    0.0006636365    0.0006636365    0.0006636365
  0.0006636365    0.0006636365    0.0006636365    0.0006636365    0.0006636365
  0.0006636365    0.0006636365    0.0006636365    0.0006636365    0.0006636365
  0.0006636365    0.0006636365    0.0006636365    0.0006636365    0.0006636365
  0.0006636365    0.0006636365    0.0006636365    0.0006636365    0.0006636365
  0.0006636365    0.0006636365    0.0006636365    0.0006636365    0.0006636365
  0.0006636365    0.0006636365    0.0006636365    0.0006636365    0.0006636365
  0.0006636365    0.0006636365    0.0006636365    0.0006636365    0.0006636365
  0.0006636365    0.0006636365    0.0006636365    0.0006636365    0.0006636365
  0.0006636365    0.0006636365    0.0006636365    0.0006636365    0.0006636365
  0.0023124619    0.0023110084    0.0023070517    0.0023014072    0.0022947197
  0.0022874017    0.0022797026    0.0022717347    0.0022635902    0.0022553301
  0.0022469698    0.0022385378    0.0022300579    0.0022215255    0.0022129679
  0.0022043679    0.0021957541    0.0021871105    0.0021784515    0.0021697767
  0.0021610860    0.0021523723    0.0021436574    0.0021349271    0.0021261889
  0.0021174432    0.0021086833    0.0020999098    0.0020911372    0.0020823521
  0.0020735620    0.0020647606    0.0020559553    0.0020471401    0.0020383155
  0.0020294891    0.0020206547    0.0020118196    0.0020029714    0.0019941174
  0.0019852582    0.0019763947    0.0019675211    0.0019586448    0.0019497599
  0.0019408736    0.0019319805    0.0019230749    0.0019141705    0.0019052616
  0.0018963429    0.0018874153    0.0018784858    0.0018695553    0.0018606125
  0.0018516644    0.0018427177    0.0018337557    0.0018247970    0.0018158249
  0.0018068520    0.0017978735    0.0017888846    0.0017798920    0.0017708969
  0.0017618944    0.0017528912    0.0017438716    0.0017348534    0.0017258266
  0.0017167978    0.0017077625    0.0016987165    0.0016896717    0.0016806185
  0.0016715583    0.0016624918    0.0016534207    0.0016443459    0.0016352584
  0.0016261698    0.0016170760    0.0016079735    0.0015988685    0.0015897524
  0.0015806363    0.0015715167    0.0015623804    0.0015532432    0.0015441020
  0.0015349532    0.0015258030    0.0015166387    0.0015074668    0.0014982978
  0.0014891151    0.0014799337    0.0014707373    0.0014615364    0.0014523371
  0.0014431234    0.0014339016    0.0014246819    0.0014154530    0.0014062086
  0.0013969671    0.0013877137    0.0013784587    0.0013691955    0.0013599262
  0.0013506486    0.0013413569    0.0013320731    0.0013227714    0.0013134658
  0.0013041509    0.0012948322    0.0012855013    0.0012761638    0.0012668298
  0.0012574753    0.0012481176    0.0012387558    0.0012293777    0.0012200041
  0.0012106124    0.0012012128    0.0011918114    0.0011824004    0.0011729763
  0.0011635485    0.0011541103    0.0011446643    0.0011352044    0.0011257399
  0.0011162680    0.0011067852    0.0010972893    0.0010877839    0.0010782751
  0.0010687518    0.0010592150    0.0010496657    0.0010401191    0.0010305509
  0.0010209735    0.0010113832    0.0010017843    0.0009921674    0.0009825379
  0.0009729023    0.0009632476    0.0009535746    0.0009438972    0.0009341967
  0.0009244884    0.0009147557    0.0009050142    0.0008952510    0.0008854661
  0.0008756651    0.0008658399    0.0008560009    0.0008461381    0.0008362483
  0.0008263333    0.0008164023    0.0008064396    0.0007964442    0.0007864185
  0.0007763683    0.0007662754    0.0007561543    0.0007459843    0.0007357792
  0.0007255381    0.0007152329    0.0007083119    0.0007083121    0.0007083121
  0.0007083121    0.0007083121    0.0007083121    0.0007083121    0.0007083121
  0.0007083121    0.0007083121    0.0007083121    0.0007083121    0.0007083121
  0.0007083121    0.0007083121    0.0007083121    0.0007083121    0.0007083121
  0.0007083121    0.0007083121    0.0007083121    0.0007083121    0.0007083121
  0.0007083121    0.0007083121    0.0007083121    0.0007083121    0.0007083121
  0.0007083121    0.0007083121    0.0007083121    0.0007083121    0.0007083121
  0.0007083121    0.0007083121    0.0007083121    0.0007083121    0.0007083121
  0.0007083121    0.0007083121    0.0007083121    0.0007083121    0.0007083121
  0.0007083121    0.0007083121    0.0007083121    0.0007083121    0.0007083121
  0.0007083121    0.0007083121    0.0007083121    0.0007083121    0.0007083121
  0.0007083121    0.0007083121    0.0007083121    0.0007083121    0.0007083121
  0.0007083121    0.0007083121    0.0007083121    0.0007083121    0.0007083121
  0.0007083121    0.0007083121    0.0007083121    0.0007083121    0.0007083121
  0.0007083121    0.0007083121    0.0007083121    0.0007083121    0.0007083121
  0.0007083121    0.0007083121    0.0007083121    0.0007083121    0.0007083121
  0.0007083121    0.0007083121    0.0007083121    0.0007083121    0.0007083121
  0.0007083121    0.0007083121    0.0007083121    0.0007083121    0.0007083121
  0.0007083121    0.0007083121    0.0007083121    0.0007083121    0.0007083121
  0.0007083121    0.0007083121    0.0007083121    0.0007083121    0.0007083121
  0.0007083121    0.0007083121    0.0007083121    0.0007083121    0.0007083121
  0.0007083121    0.0007083121    0.0007083121    0.0007083121    0.0007083121
  0.0007083121    0.0007083121    0.0007083121    0.0007083121    0.0007083121
  0.0007083121    0.0007083121    0.0007083121    0.0007083121    0.0007083121
  0.0007083121    0.0007083121    0.0007083121    0.0007083121    0.0007083121
  0.0024406734    0.0024394022    0.0024358665    0.0024306786    0.0024244098
  0.0024174427    0.0024100221    0.0024023015    0.0023943651    0.0023862730
  0.0023780710    0.0023697867    0.0023614276    0.0023530117    0.0023445587
  0.0023360656    0.0023275461    0.0023189909    0.0023104223    0.0023018320
  0.0022932194    0.0022845922    0.0022759502    0.0022672935    0.0022586299
  0.0022499593    0.0022412673    0.0022325691    0.0022238650    0.0022151481
  0.0022064263    0.0021976926    0.0021889549    0.0021802065    0.0021714479
  0.0021626868    0.0021539239    0.0021451455    0.0021363663    0.0021275730
  0.0021187871    0.0021099815    0.0021011775    0.0020923621    0.0020835429
  0.0020747204    0.0020658886    0.0020570551    0.0020482136    0.0020393650
  0.0020305100    0.0020216496    0.0020127907    0.0020039212    0.0019950418
  0.0019861664    0.0019772763    0.0019683851    0.0019594874    0.0019505839
  0.0019416754    0.0019327629    0.0019238471    0.0019149167    0.0019059845
  0.0018970517    0.0018881130    0.0018791634    0.0018702096    0.0018612586
  0.0018522876    0.0018433212    0.0018343484    0.0018253646    0.0018163825
  0.0018073912    0.0017983919    0.0017893912    0.0017803848    0.0017713678
  0.0017623525    0.0017533290    0.0017442982    0.0017352614    0.0017262196
  0.0017171739    0.0017081203    0.0016990599    0.0016899988    0.0016809230
  0.0016718490    0.0016627679    0.0016536806    0.0016445836    0.0016354883
  0.0016263806    0.0016172669    0.0016081539    0.0015990324    0.0015899043
  0.0015807661    0.0015716238    0.0015624792    0.0015533238    0.0015441640
  0.0015349968    0.0015258237    0.0015166461    0.0015074565    0.0014982699
  0.0014890702    0.0014798678    0.0014706598    0.0014614439    0.0014522173
  0.0014429861    0.0014337520    0.0014245084    0.0014152570    0.0014060000
  0.0013967388    0.0013874637    0.0013781923    0.0013689070    0.0013596134
  0.0013503098    0.0013410102    0.0013316970    0.0013223729    0.0013130471
  0.0013037110    0.0012943635    0.0012850210    0.0012756570    0.0012662922
  0.0012569214    0.0012475405    0.0012381486    0.0012287517    0.0012193386
  0.0012099195    0.0012004997    0.0011910693    0.0011816276    0.0011721715
  0.0011627165    0.0011532499    0.0011437718    0.0011342794    0.0011247788
  0.0011152678    0.0011057524    0.0010962161    0.0010866822    0.0010771287
  0.0010675626    0.0010579903    0.0010484022    0.0010388049    0.0010291917
  0.0010195623    0.0010099179    0.0010002686    0.0009906007    0.0009809195
  0.0009712173    0.0009615041    0.0009517661    0.0009420250    0.0009322562
  0.0009224675    0.0009126624    0.0009028387    0.0008929869    0.0008831175
  0.0008732209    0.0008633020    0.0008533487    0.0008433837    0.0008333777
  0.0008233457    0.0008132744    0.0008031786    0.0007930408    0.0007828671
  0.0007726423    0.0007623823    0.0007532035    0.0007532037    0.0007532037
  0.0007532037    0.0007532037    0.0007532037    0.0007532037    0.0007532037
  0.0007532037    0.0007532037    0.0007532037    0.0007532037    0.0007532037
  0.0007532037    0.0007532037    0.0007532037    0.0007532037    0.0007532037
  0.0007532037    0.0007532037    0.0007532037    0.0007532037    0.0007532037
  0.0007532037    0.0007532037    0.0007532037    0.0007532037    0.0007532037
  0.0007532037    0.0007532037    0.0007532037    0.0007532037    0.0007532037
  0.0007532037    0.0007532037    0.0007532037    0.0007532037    0.0007532037
  0.0007532037    0.0007532037    0.0007532037    0.0007532037    0.0007532037
  0.0007532037    0.0007532037    0.0007532037    0.0007532037    0.0007532037
  0.0007532037    0.0007532037    0.0007532037    0.0007532037    0.0007532037
  0.0007532037    0.0007532037    0.0007532037    0.0007532037    0.0007532037
  0.0007532037    0.0007532037    0.0007532037    0.0007532037    0.0007532037
  0.0007532037    0.0007532037    0.0007532037    0.0007532037    0.0007532037
  0.0007532037    0.0007532037    0.0007532037    0.0007532037    0.0007532037
  0.0007532037    0.0007532037    0.0007532037    0.0007532037    0.0007532037
  0.0007532037    0.0007532037    0.0007532037    0.0007532037    0.0007532037
  0.0007532037    0.0007532037    0.0007532037    0.0007532037    0.0007532037
  0.0007532037    0.0007532037    0.0007532037    0.0007532037    0.0007532037
  0.0007532037    0.0007532037    0.0007532037    0.0007532037    0.0007532037
  0.0007532037    0.0007532037    0.0007532037    0.0007532037    0.0007532037
  0.0007532037    0.0007532037    0.0007532037    0.0007532037    0.0007532037
  0.0007532037    0.0007532037    0.0007532037    0.0007532037    0.0007532037
  0.0025681318    0.0025670123    0.0025638374    0.0025590930    0.0025532354
  0.0025466349    0.0025395172    0.0025320494    0.0025243329    0.0025164357
  0.0025084030    0.0025002700    0.0024920428    0.0024837557    0.0024754201
  0.0024670319    0.0024586132    0.0024501619    0.0024416765    0.0024331721
  0.0024246481    0.0024161039    0.0024075393    0.0023989620    0.0023903720
  0.0023817694    0.0023731543    0.0023645269    0.0023558875    0.0023472442
  0.0023385894    0.0023299237    0.0023212474    0.0023125687    0.0023038802
  0.0022951826    0.0022864838    0.0022777694    0.0022690546    0.0022603255
  0.0022515971    0.0022428627    0.0022341155    0.0022253707    0.0022166144
  0.0022078472    0.0021990840    0.0021903113    0.0021815294    0.0021727463
  0.0021639555    0.0021551576    0.0021463603    0.0021375504    0.0021287423
  0.0021199230    0.0021111000    0.0021022673    0.0020934323    0.0020845956
  0.0020757514    0.0020669004    0.0020580433    0.0020491808    0.0020403203
  0.0020314494    0.0020225627    0.0020136866    0.0020047961    0.0019958985
  0.0019870011    0.0019780982    0.0019691907    0.0019602794    0.0019513528
  0.0019424364    0.0019335006    0.0019245642    0.0019156224    0.0019066759
  0.0018977255    0.0018887664    0.0018798055    0.0018708376    0.0018618581
  0.0018528793    0.0018438967    0.0018349111    0.0018259120    0.0018169119
  0.0018079008    0.0017988906    0.0017898770    0.0017808498    0.0017718212
  0.0017627868    0.0017537425    0.0017446999    0.0017356496    0.0017265873
  0.0017175252    0.0017084536    0.0016993787    0.0016903023    0.0016812148
  0.0016721181    0.0016630228    0.0016539160    0.0016448081    0.0016356913
  0.0016265712    0.0016174400    0.0016083083    0.0015991682    0.0015900209
  0.0015808681    0.0015717108    0.0015625464    0.0015533715    0.0015441969
  0.0015350105    0.0015258183    0.0015166264    0.0015074232    0.0014982146
  0.0014890022    0.0014797751    0.0014705433    0.0014613089    0.0014520647
  0.0014428173    0.0014335598    0.0014242944    0.0014150269    0.0014057471
  0.0013964612    0.0013871710    0.0013778746    0.0013685664    0.0013592524
  0.0013499382    0.0013406076    0.0013312701    0.0013219243    0.0013125760
  0.0013032096    0.0012938456    0.0012844650    0.0012750876    0.0012656918
  0.0012562940    0.0012468832    0.0012374619    0.0012280329    0.0012185994
  0.0012091570    0.0011996962    0.0011902327    0.0011807570    0.0011712720
  0.0011617778    0.0011522747    0.0011427567    0.0011332306    0.0011236881
  0.0011141381    0.0011045846    0.0010950087    0.0010854167    0.0010758210
  0.0010662065    0.0010565880    0.0010469460    0.0010372923    0.0010276211
  0.0010179322    0.0010082354    0.0009985201    0.0009887816    0.0009790324
  0.0009692610    0.0009594751    0.0009496636    0.0009398223    0.0009299715
  0.0009200939    0.0009101951    0.0009002628    0.0008903141    0.0008803309
  0.0008703168    0.0008602774    0.0008501945    0.0008400859    0.0008299341
  0.0008197452    0.0008095121    0.0007992454    0.0007983074    0.0007983076
  0.0007983076    0.0007983076    0.0007983076    0.0007983076    0.0007983076
  0.0007983076    0.0007983076    0.0007983076    0.0007983076    0.0007983076
  0.0007983076    0.0007983076    0.0007983076    0.0007983076    0.0007983076
  0.0007983076    0.0007983076    0.0007983076    0.0007983076    0.0007983076
  0.0007983076    0.0007983076    0.0007983076    0.0007983076    0.0007983076
  0.0007983076    0.0007983076    0.0007983076    0.0007983076    0.0007983076
  0.0007983076    0.0007983076    0.0007983076    0.0007983076    0.0007983076
  0.0007983076    0.0007983076    0.0007983076    0.0007983076    0.0007983076
  0.0007983076    0.0007983076    0.0007983076    0.0007983076    0.0007983076
  0.0007983076    0.0007983076    0.0007983076    0.0007983076    0.0007983076
  0.0007983076    0.0007983076    0.0007983076    0.0007983076    0.0007983076
  0.0007983076    0.0007983076    0.0007983076    0.0007983076    0.0007983076
  0.0007983076    0.0007983076    0.0007983076    0.0007983076    0.0007983076
  0.0007983076    0.0007983076    0.0007983076    0.0007983076    0.0007983076
  0.0007983076    0.0007983076    0.0007983076    0.0007983076    0.0007983076
  0.0007983076    0.0007983076    0.0007983076    0.0007983076    0.0007983076
  0.0007983076    0.0007983076    0.0007983076    0.0007983076    0.0007983076
  0.0007983076    0.0007983076    0.0007983076    0.0007983076    0.0007983076
  0.0007983076    0.0007983076    0.0007983076    0.0007983076    0.0007983076
  0.0007983076    0.0007983076    0.0007983076    0.0007983076    0.0007983076
  0.0026948817    0.0026938796    0.0026910359    0.0026866899    0.0026812348
  0.0026749921    0.0026681963    0.0026610043    0.0026535196    0.0026458284
  0.0026379842    0.0026300039    0.0026219275    0.0026137807    0.0026055655
  0.0025972943    0.0025889807    0.0025806221    0.0025722419    0.0025638218
  0.0025553859    0.0025469251    0.0025384471    0.0025299515    0.0025214298
  0.0025129067    0.0025043658    0.0024958070    0.0024872387    0.0024786610
  0.0024700742    0.0024614785    0.0024528742    0.0024442538    0.0024356334
  0.0024269976    0.0024183626    0.0024097130    0.0024010572    0.0023924033
  0.0023837286    0.0023750567    0.0023663727    0.0023576848    0.0023489936
  0.0023402917    0.0023315876    0.0023228740    0.0023141589    0.0023054357
  0.0022967048    0.0022879740    0.0022792295    0.0022704861    0.0022617303
  0.0022529769    0.0022442121    0.0022354439    0.0022266725    0.0022178918
  0.0022091025    0.0022003189    0.0021915279    0.0021827232    0.0021739192
  0.0021651099    0.0021562889    0.0021474706    0.0021386489    0.0021298111
  0.0021209780    0.0021121368    0.0021032884    0.0020944402    0.0020855795
  0.0020767203    0.0020678504    0.0020589771    0.0020501010    0.0020412102
  0.0020323245    0.0020234321    0.0020145338    0.0020056302    0.0019967224
  0.0019878051    0.0019788851    0.0019699631    0.0019610343    0.0019520934
  0.0019431532    0.0019342086    0.0019252546    0.0019162982    0.0019073343
  0.0018983695    0.0018893936    0.0018804129    0.0018714287    0.0018624360
  0.0018534473    0.0018444466    0.0018354406    0.0018264304    0.0018174112
  0.0018083955    0.0017993623    0.0017903290    0.0017812860    0.0017722397
  0.0017631966    0.0017541366    0.0017450766    0.0017360076    0.0017269355
  0.0017178519    0.0017087629    0.0016996746    0.0016905782    0.0016814751
  0.0016723617    0.0016632489    0.0016541334    0.0016450066    0.0016358655
  0.0016267301    0.0016175879    0.0016084356    0.0015992790    0.0015901109
  0.0015809414    0.0015717632    0.0015625823    0.0015533958    0.0015441964
  0.0015349985    0.0015257871    0.0015165676    0.0015073461    0.0014981200
  0.0014888866    0.0014796399    0.0014703936    0.0014611333    0.0014518770
  0.0014426026    0.0014333236    0.0014240465    0.0014147449    0.0014054491
  0.0013961410    0.0013868270    0.0013775013    0.0013681773    0.0013588392
  0.0013494919    0.0013401424    0.0013307739    0.0013214113    0.0013120276
  0.0013026437    0.0012932439    0.0012838384    0.0012744261    0.0012650024
  0.0012555709    0.0012461302    0.0012366803    0.0012272211    0.0012177545
  0.0012082719    0.0011987729    0.0011892760    0.0011797569    0.0011702398
  0.0011607018    0.0011511545    0.0011415957    0.0011320205    0.0011224413
  0.0011128445    0.0011032312    0.0010936000    0.0010839660    0.0010743141
  0.0010646435    0.0010549610    0.0010452538    0.0010355381    0.0010257969
  0.0010160425    0.0010062695    0.0009964716    0.0009866605    0.0009768282
  0.0009669644    0.0009570833    0.0009471715    0.0009372371    0.0009272690
  0.0009172870    0.0009072619    0.0008972091    0.0008871254    0.0008770070
  0.0008668399    0.0008566384    0.0008464009    0.0008436053    0.0008436055
  0.0008436055    0.0008436055    0.0008436055    0.0008436055    0.0008436055
  0.0008436055    0.0008436055    0.0008436055    0.0008436055    0.0008436055
  0.0008436055    0.0008436055    0.0008436055    0.0008436055    0.0008436055
  0.0008436055    0.0008436055    0.0008436055    0.0008436055    0.0008436055
  0.0008436055    0.0008436055    0.0008436055    0.0008436055    0.0008436055
  0.0008436055    0.0008436055    0.0008436055    0.0008436055    0.0008436055
  0.0008436055    0.0008436055    0.0008436055    0.0008436055    0.0008436055
  0.0008436055    0.0008436055    0.0008436055    0.0008436055    0.0008436055
  0.0008436055    0.0008436055    0.0008436055    0.0008436055    0.0008436055
  0.0008436055    0.0008436055    0.0008436055    0.0008436055    0.0008436055
  0.0008436055    0.0008436055    0.0008436055    0.0008436055    0.0008436055
  0.0008436055    0.0008436055    0.0008436055    0.0008436055    0.0008436055
  0.0008436055    0.0008436055    0.0008436055    0.0008436055    0.0008436055
  0.0008436055    0.0008436055    0.0008436055    0.0008436055    0.0008436055
  0.0008436055    0.0008436055    0.0008436055    0.0008436055    0.0008436055
  0.0008436055    0.0008436055    0.0008436055    0.0008436055    0.0008436055
  0.0008436055    0.0008436055    0.0008436055    0.0008436055    0.0008436055
  0.0008436055    0.0008436055    0.0008436055    0.0008436055    0.0008436055
  0.0028209348    0.0028200423    0.0028174736    0.0028134924    0.0028084218
  0.0028025476    0.0027960781    0.0027891705    0.0027819412    0.0027744689
  0.0027668164    0.0027590089    0.0027510953    0.0027430829    0.0027350000
  0.0027268496    0.0027186540    0.0027104099    0.0027021236    0.0026938019
  0.0026854611    0.0026770822    0.0026686908    0.0026602775    0.0026518418
  0.0026433833    0.0026349194    0.0026264325    0.0026179398    0.0026094328
  0.0026009116    0.0025923849    0.0025838444    0.0025752988    0.0025667398
  0.0025581680    0.0025495918    0.0025410116    0.0025324196    0.0025238160
  0.0025152096    0.0025066006    0.0024979733    0.0024893523    0.0024807139
  0.0024720748    0.0024634350    0.0024547795    0.0024461244    0.0024374623
  0.0024287860    0.0024201114    0.0024114315    0.0024027389    0.0023940496
  0.0023853487    0.0023766521    0.0023679375    0.0023592281    0.0023505019
  0.0023417821    0.0023330540    0.0023243112    0.0023155760    0.0023068273
  0.0022980801    0.0022893206    0.0022805564    0.0022717884    0.0022630172
  0.0022542432    0.0022454601    0.0022366754    0.0022278830    0.0022190903
  0.0022102843    0.0022014794    0.0021926623    0.0021838477    0.0021750226
  0.0021662010    0.0021573636    0.0021485312    0.0021396843    0.0021308438
  0.0021219840    0.0021131319    0.0021042619    0.0020954010    0.0020865239
  0.0020776508    0.0020687635    0.0020598751    0.0020509805    0.0020420801
  0.0020331810    0.0020242657    0.0020153536    0.0020064328    0.0019975105
  0.0019885757    0.0019796468    0.0019707012    0.0019617574    0.0019528046
  0.0019438494    0.0019348871    0.0019259244    0.0019169448    0.0019079723
  0.0018989853    0.0018900014    0.0018810045    0.0018720019    0.0018629996
  0.0018539881    0.0018449733    0.0018359513    0.0018269226    0.0018178892
  0.0018088565    0.0017998105    0.0017907624    0.0017817029    0.0017726386
  0.0017635808    0.0017545052    0.0017454280    0.0017363355    0.0017272540
  0.0017181546    0.0017090536    0.0016999473    0.0016908370    0.0016817144
  0.0016725808    0.0016634475    0.0016543151    0.0016451711    0.0016360173
  0.0016268642    0.0016177037    0.0016085284    0.0015993491    0.0015901672
  0.0015809841    0.0015717838    0.0015625851    0.0015533813    0.0015441648
  0.0015349382    0.0015257110    0.0015164768    0.0015072332    0.0014979856
  0.0014887278    0.0014794660    0.0014701901    0.0014609133    0.0014516302
  0.0014423381    0.0014330358    0.0014237292    0.0014144121    0.0014050868
  0.0013957595    0.0013864135    0.0013770696    0.0013677115    0.0013583487
  0.0013489800    0.0013395976    0.0013302068    0.0013208033    0.0013113936
  0.0013019793    0.0012925499    0.0012831117    0.0012736706    0.0012642091
  0.0012547439    0.0012452677    0.0012357803    0.0012262788    0.0012167752
  0.0012072448    0.0011977158    0.0011881731    0.0011786139    0.0011690447
  0.0011594633    0.0011498647    0.0011402554    0.0011306336    0.0011209893
  0.0011113321    0.0011016684    0.0010919760    0.0010822748    0.0010725539
  0.0010628148    0.0010530572    0.0010432837    0.0010334744    0.0010236632
  0.0010138198    0.0010039471    0.0009940620    0.0009841499    0.0009742112
  0.0009642440    0.0009542432    0.0009442112    0.0009341483    0.0009240626
  0.0009139293    0.0009037553    0.0008935430    0.0008890888    0.0008890890
  0.0008890890    0.0008890890    0.0008890890    0.0008890890    0.0008890890
  0.0008890890    0.0008890890    0.0008890890    0.0008890890    0.0008890890
  0.0008890890    0.0008890890    0.0008890890    0.0008890890    0.0008890890
  0.0008890890    0.0008890890    0.0008890890    0.0008890890    0.0008890890
  0.0008890890    0.0008890890    0.0008890890    0.0008890890    0.0008890890
  0.0008890890    0.0008890890    0.0008890890    0.0008890890    0.0008890890
  0.0008890890    0.0008890890    0.0008890890    0.0008890890    0.0008890890
  0.0008890890    0.0008890890    0.0008890890    0.0008890890    0.0008890890
  0.0008890890    0.0008890890    0.0008890890    0.0008890890    0.0008890890
  0.0008890890    0.0008890890    0.0008890890    0.0008890890    0.0008890890
  0.0008890890    0.0008890890    0.0008890890    0.0008890890    0.0008890890
  0.0008890890    0.0008890890    0.0008890890    0.0008890890    0.0008890890
  0.0008890890    0.0008890890    0.0008890890    0.0008890890    0.0008890890
  0.0008890890    0.0008890890    0.0008890890    0.0008890890    0.0008890890
  0.0008890890    0.0008890890    0.0008890890    0.0008890890    0.0008890890
  0.0008890890    0.0008890890    0.0008890890    0.0008890890    0.0008890890
  0.0029463337    0.0029455369    0.0029432081    0.0029395632    0.0029348585
  0.0029293287    0.0029231843    0.0029165738    0.0029096001    0.0029023634
  0.0028949179    0.0028872976    0.0028795521    0.0028716972    0.0028637517
  0.0028557366    0.0028476558    0.0028395238    0.0028313466    0.0028231216
  0.0028148746    0.0028065949    0.0027982811    0.0027899507    0.0027816028
  0.0027732279    0.0027648348    0.0027564319    0.0027480103    0.0027395699
  0.0027311197    0.0027226594    0.0027141894    0.0027057009    0.0026972117
  0.0026887045    0.0026801968    0.0026716717    0.0026631467    0.0026546050
  0.0026460638    0.0026375066    0.0026289506    0.0026203794    0.0026118101
  0.0026032264    0.0025946369    0.0025860505    0.0025774426    0.0025688385
  0.0025602303    0.0025516104    0.0025429873    0.0025343614    0.0025257252
  0.0025170792    0.0025084398    0.0024997835    0.0024911268    0.0024824701
  0.0024737981    0.0024651270    0.0024564498    0.0024477666    0.0024390782
  0.0024303850    0.0024216800    0.0024129788    0.0024042669    0.0023955599
  0.0023868357    0.0023781176    0.0023693835    0.0023606490    0.0023519146
  0.0023431735    0.0023344191    0.0023256666    0.0023169091    0.0023081404
  0.0022993748    0.0022905993    0.0022818215    0.0022730416    0.0022642469
  0.0022554583    0.0022466560    0.0022378612    0.0022290473    0.0022202353
  0.0022114192    0.0022025862    0.0021937637    0.0021849322    0.0021760994
  0.0021672527    0.0021584059    0.0021495532    0.0021406954    0.0021318265
  0.0021229607    0.0021140918    0.0021052081    0.0020963293    0.0020874373
  0.0020785454    0.0020696422    0.0020607404    0.0020518350    0.0020429206
  0.0020339981    0.0020250801    0.0020161441    0.0020072144    0.0019982681
  0.0019893240    0.0019803769    0.0019714162    0.0019624601    0.0019534980
  0.0019445252    0.0019355483    0.0019265570    0.0019175746    0.0019085800
  0.0018995849    0.0018905850    0.0018815707    0.0018725533    0.0018635343
  0.0018545092    0.0018454737    0.0018364395    0.0018274025    0.0018183478
  0.0018092875    0.0018002330    0.0017911643    0.0017820982    0.0017730160
  0.0017639384    0.0017548468    0.0017457526    0.0017366521    0.0017275414
  0.0017184223    0.0017093098    0.0017001867    0.0016910497    0.0016819136
  0.0016727754    0.0016636181    0.0016544704    0.0016453068    0.0016361328
  0.0016269594    0.0016177742    0.0016085921    0.0015993972    0.0015901909
  0.0015809837    0.0015717685    0.0015625469    0.0015533165    0.0015440826
  0.0015348353    0.0015255882    0.0015163347    0.0015070649    0.0014977965
  0.0014885113    0.0014792312    0.0014699344    0.0014606343    0.0014513220
  0.0014420066    0.0014326791    0.0014233486    0.0014140031    0.0014046553
  0.0013952965    0.0013859291    0.0013765514    0.0013671666    0.0013577728
  0.0013483620    0.0013389513    0.0013295283    0.0013201030    0.0013106580
  0.0013012057    0.0012917389    0.0012822641    0.0012727866    0.0012632845
  0.0012537763    0.0012442616    0.0012347315    0.0012251829    0.0012156372
  0.0012060646    0.0011964808    0.0011868917    0.0011772756    0.0011676494
  0.0011580117    0.0011483574    0.0011386883    0.0011290028    0.0011192914
  0.0011095744    0.0010998322    0.0010900670    0.0010802808    0.0010704878
  0.0010606635    0.0010508197    0.0010409407    0.0010310542    0.0010211290
  0.0010111863    0.0010012162    0.0009912122    0.0009811670    0.0009710963
  0.0009609876    0.0009508498    0.0009406790    0.0009347566    0.0009347569
  0.0009347569    0.0009347569    0.0009347569    0.0009347569    0.0009347569
  0.0009347569    0.0009347569    0.0009347569    0.0009347569    0.0009347569
  0.0009347569    0.0009347569    0.0009347569    0.0009347569    0.0009347569
  0.0009347569    0.0009347569    0.0009347569    0.0009347569    0.0009347569
  0.0009347569    0.0009347569    0.0009347569    0.0009347569    0.0009347569
  0.0009347569    0.0009347569    0.0009347569    0.0009347569    0.0009347569
  0.0009347569    0.0009347569    0.0009347569    0.0009347569    0.0009347569
  0.0009347569    0.0009347569    0.0009347569    0.0009347569    0.0009347569
  0.0009347569    0.0009347569    0.0009347569    0.0009347569    0.0009347569
  0.0009347569    0.0009347569    0.0009347569    0.0009347569    0.0009347569
  0.0009347569    0.0009347569    0.0009347569    0.0009347569    0.0009347569
  0.0009347569    0.0009347569    0.0009347569    0.0009347569    0.0009347569
  0.0009347569    0.0009347569    0.0009347569    0.0009347569    0.0009347569
  0.0009347569    0.0009347569    0.0009347569    0.0009347569    0.0009347569
  0.0030711029    0.0030703820    0.0030682652    0.0030649151    0.0030605481
  0.0030553604    0.0030495438    0.0030432290    0.0030365253    0.0030295267
  0.0030222986    0.0030148852    0.0030073069    0.0029996185    0.0029918187
  0.0029839385    0.0029759907    0.0029679800    0.0029599121    0.0029518033
  0.0029436509    0.0029354628    0.0029272466    0.0029190014    0.0029107356
  0.0029024483    0.0028941296    0.0028857978    0.0028774526    0.0028690938
  0.0028607118    0.0028523161    0.0028439155    0.0028355011    0.0028270729
  0.0028186402    0.0028101849    0.0028017255    0.0027932619    0.0027847855
  0.0027763054    0.0027678132    0.0027593090    0.0027508020    0.0027422837
  0.0027337632    0.0027252322    0.0027166994    0.0027081569    0.0026996134
  0.0026910524    0.0026824996    0.0026739300    0.0026653610    0.0026567761
  0.0026481925    0.0026396023    0.0026310060    0.0026224120    0.0026137962
  0.0026051920    0.0025965751    0.0025879461    0.0025793216    0.0025706860
  0.0025620557    0.0025534073    0.0025447650    0.0025361057    0.0025274534
  0.0025187851    0.0025101248    0.0025014495    0.0024927677    0.0024840875
  0.0024754015    0.0024667030    0.0024580076    0.0024493080    0.0024405975
  0.0024318841    0.0024231683    0.0024144431    0.0024057241    0.0023969895
  0.0023882548    0.0023795131    0.0023707650    0.0023620184    0.0023532594
  0.0023445029    0.0023357354    0.0023269645    0.0023181909    0.0023094080
  0.0023006237    0.0022918385    0.0022830459    0.0022742469    0.0022654419
  0.0022566317    0.0022478170    0.0022389983    0.0022301765    0.0022213521
  0.0022125126    0.0022036786    0.0021948308    0.0021859834    0.0021771367
  0.0021682787    0.0021594103    0.0021505447    0.0021416765    0.0021327939
  0.0021239100    0.0021150197    0.0021061234    0.0020972284    0.0020883290
  0.0020794199    0.0020705084    0.0020615890    0.0020526624    0.0020437358
  0.0020348040    0.0020258620    0.0020169220    0.0020079736    0.0019990119
  0.0019900547    0.0019810864    0.0019721191    0.0019631364    0.0019541622
  0.0019451689    0.0019361805    0.0019271810    0.0019181766    0.0019091742
  0.0019001530    0.0018911409    0.0018821173    0.0018730890    0.0018640414
  0.0018550013    0.0018459546    0.0018369019    0.0018278396    0.0018187739
  0.0018097010    0.0018006315    0.0017915473    0.0017824590    0.0017733634
  0.0017642615    0.0017551592    0.0017460433    0.0017369253    0.0017278057
  0.0017186768    0.0017095351    0.0017003915    0.0016912469    0.0016820847
  0.0016729290    0.0016637544    0.0016545886    0.0016454025    0.0016362062
  0.0016270188    0.0016178118    0.0016086030    0.0015993906    0.0015901674
  0.0015809352    0.0015716998    0.0015624626    0.0015532050    0.0015439531
  0.0015346885    0.0015254129    0.0015161324    0.0015068446    0.0014975553
  0.0014882511    0.0014789340    0.0014696099    0.0014602806    0.0014509442
  0.0014415995    0.0014322482    0.0014228858    0.0014135102    0.0014041313
  0.0013947471    0.0013853469    0.0013759325    0.0013665134    0.0013570885
  0.0013476472    0.0013381981    0.0013287376    0.0013192746    0.0013097891
  0.0013002973    0.0012907983    0.0012812792    0.0012717499    0.0012622063
  0.0012526523    0.0012430816    0.0012335037    0.0012239091    0.0012142993
  0.0012046747    0.0011950326    0.0011853798    0.0011757114    0.0011660156
  0.0011563059    0.0011465867    0.0011368409    0.0011270778    0.0011172919
  0.0011074918    0.0010976622    0.0010878179    0.0010779437    0.0010680375
  0.0010581138    0.0010481615    0.0010381746    0.0010281690    0.0010181259
  0.0010080562    0.0009979352    0.0009877900    0.0009805924    0.0009805926
  0.0009805926    0.0009805926    0.0009805926    0.0009805926    0.0009805926
  0.0009805926    0.0009805926    0.0009805926    0.0009805926    0.0009805926
  0.0009805926    0.0009805926    0.0009805926    0.0009805926    0.0009805926
  0.0009805926    0.0009805926    0.0009805926    0.0009805926    0.0009805926
  0.0009805926    0.0009805926    0.0009805926    0.0009805926    0.0009805926
  0.0009805926    0.0009805926    0.0009805926    0.0009805926    0.0009805926
  0.0009805926    0.0009805926    0.0009805926    0.0009805926    0.0009805926
  0.0009805926    0.0009805926    0.0009805926    0.0009805926    0.0009805926
  0.0009805926    0.0009805926    0.0009805926    0.0009805926    0.0009805926
  0.0009805926    0.0009805926    0.0009805926    0.0009805926    0.0009805926
  0.0009805926    0.0009805926    0.0009805926    0.0009805926    0.0009805926
  0.0009805926    0.0009805926    0.0009805926    0.0009805926    0.0009805926
  0.0031952650    0.0031946051    0.0031926722    0.0031896045    0.0031855470
  0.0031806824    0.0031751813    0.0031691661    0.0031627329    0.0031559906
  0.0031489863    0.0031417650    0.0031343880    0.0031268599    0.0031192296
  0.0031114874    0.0031036766    0.0030957911    0.0030878464    0.0030798389
  0.0030717954    0.0030637134    0.0030555912    0.0030474369    0.0030392592
  0.0030310472    0.0030228198    0.0030145665    0.0030062965    0.0029980094
  0.0029897050    0.0029813831    0.0029730530    0.0029647052    0.0029563398
  0.0029479755    0.0029395936    0.0029311944    0.0029227873    0.0029143816
  0.0029059500    0.0028975201    0.0028890830    0.0028806299    0.0028721792
  0.0028637131    0.0028552407    0.0028467625    0.0028382789    0.0028297899
  0.0028212961    0.0028127887    0.0028042771    0.0027957616    0.0027872338
  0.0027787115    0.0027701689    0.0027616326    0.0027530854    0.0027445365
  0.0027359776    0.0027274177    0.0027188488    0.0027102711    0.0027016936
  0.0026931083    0.0026845238    0.0026759324    0.0026673345    0.0026587224
  0.0026501208    0.0026415059    0.0026328863    0.0026242624    0.0026156346
  0.0026069955    0.0025983613    0.0025897168    0.0025810702    0.0025724221
  0.0025637572    0.0025550995    0.0025464339    0.0025377610    0.0025290888
  0.0025204024    0.0025117182    0.0025030283    0.0024943263    0.0024856274
  0.0024769248    0.0024682116    0.0024595028    0.0024507849    0.0024420577
  0.0024333369    0.0024246009    0.0024158647    0.0024071221    0.0023983734
  0.0023896193    0.0023808601    0.0023721038    0.0023633368    0.0023545667
  0.0023457938    0.0023370124    0.0023282224    0.0023194389    0.0023106417
  0.0023018380    0.0022930357    0.0022842351    0.0022754166    0.0022666014
  0.0022577764    0.0022489492    0.0022401074    0.0022312711    0.0022224346
  0.0022135852    0.0022047374    0.0021958783    0.0021870089    0.0021781429
  0.0021692745    0.0021603917    0.0021515084    0.0021426246    0.0021337351
  0.0021248410    0.0021159368    0.0021070292    0.0020981074    0.0020892016
  0.0020802773    0.0020713473    0.0020624122    0.0020534786    0.0020445300
  0.0020355793    0.0020266210    0.0020176676    0.0020087088    0.0019997396
  0.0019907613    0.0019817800    0.0019727972    0.0019638078    0.0019548018
  0.0019457972    0.0019367946    0.0019277786    0.0019187667    0.0019097382
  0.0019007050    0.0018916787    0.0018826290    0.0018735882    0.0018645314
  0.0018554752    0.0018464104    0.0018373436    0.0018282609    0.0018191877
  0.0018100959    0.0018010020    0.0017919015    0.0017827912    0.0017736866
  0.0017645653    0.0017554427    0.0017463108    0.0017371754    0.0017280380
  0.0017188814    0.0017097252    0.0017005664    0.0016913932    0.0016822198
  0.0016730393    0.0016638485    0.0016546577    0.0016454553    0.0016362474
  0.0016270312    0.0016178040    0.0016085758    0.0015993400    0.0015900940
  0.0015808397    0.0015715787    0.0015623124    0.0015530392    0.0015437527
  0.0015344625    0.0015251701    0.0015158666    0.0015065493    0.0014972211
  0.0014878907    0.0014785524    0.0014692022    0.0014598408    0.0014504816
  0.0014411056    0.0014317147    0.0014223215    0.0014129151    0.0014035069
  0.0013940796    0.0013846425    0.0013751977    0.0013657411    0.0013562751
  0.0013467990    0.0013373064    0.0013278055    0.0013182931    0.0013087691
  0.0012992263    0.0012896722    0.0012801025    0.0012705289    0.0012609351
  0.0012513258    0.0012417053    0.0012320647    0.0012224053    0.0012127252
  0.0012030404    0.0011933312    0.0011836011    0.0011738590    0.0011641002
  0.0011543113    0.0011445016    0.0011346634    0.0011248193    0.0011149377
  0.0011050302    0.0010951087    0.0010851430    0.0010751558    0.0010651281
  0.0010550782    0.0010450062    0.0010348894    0.0010265970    0.0010265972
  0.0010265972    0.0010265972    0.0010265972    0.0010265972    0.0010265972
  0.0010265972    0.0010265972    0.0010265972    0.0010265972    0.0010265972
  0.0010265972    0.0010265972    0.0010265972    0.0010265972    0.0010265972
  0.0010265972    0.0010265972    0.0010265972    0.0010265972    0.0010265972
  0.0010265972    0.0010265972    0.0010265972    0.0010265972    0.0010265972
  0.0010265972    0.0010265972    0.0010265972    0.0010265972    0.0010265972
  0.0010265972    0.0010265972    0.0010265972    0.0010265972    0.0010265972
  0.0010265972    0.0010265972    0.0010265972    0.0010265972    0.0010265972
  0.0010265972    0.0010265972    0.0010265972    0.0010265972    0.0010265972
  0.0010265972    0.0010265972    0.0010265972    0.0010265972    0.0010265972
  0.0033188413    0.0033182344    0.0033164694    0.0033136411    0.0033098772
  0.0033053199    0.0033001268    0.0032944004    0.0032882447    0.0032817532
  0.0032749749    0.0032679777    0.0032607926    0.0032534446    0.0032459730
  0.0032383987    0.0032307238    0.0032229623    0.0032151403    0.0032072636
  0.0031993287    0.0031913533    0.0031833352    0.0031752724    0.0031671838
  0.0031590682    0.0031509244    0.0031427516    0.0031345593    0.0031263469
  0.0031181140    0.0031098702    0.0031016053    0.0030933290    0.0030850314
  0.0030767321    0.0030684113    0.0030600888    0.0030517450    0.0030433900
  0.0030350332    0.0030266653    0.0030182865    0.0030098968    0.0030014966
  0.0029930862    0.0029846750    0.0029762541    0.0029678329    0.0029593931
  0.0029509536    0.0029425053    0.0029340487    0.0029255840    0.0029171205
  0.0029086406    0.0029001625    0.0028916777    0.0028831863    0.0028746889
  0.0028661857    0.0028576771    0.0028491634    0.0028406450    0.0028321222
  0.0028235867    0.0028150478    0.0028065055    0.0027979690    0.0027894128
  0.0027808632    0.0027722947    0.0027637251    0.0027551545    0.0027465832
  0.0027380036    0.0027294158    0.0027208286    0.0027122343    0.0027036331
  0.0026950257    0.0026864205    0.0026778099    0.0026691862    0.0026605659
  0.0026519336    0.0026433057    0.0026346666    0.0026260248    0.0026173807
  0.0026087269    0.0026000718    0.0025914082    0.0025827518    0.0025740801
  0.0025654012    0.0025567235    0.0025480395    0.0025393500    0.0025306631
  0.0025219640    0.0025132683    0.0025045542    0.0024958447    0.0024871253
  0.0024784115    0.0024696815    0.0024609580    0.0024522270    0.0024434888
  0.0024347373    0.0024259941    0.0024172387    0.0024084787    0.0023997217
  0.0023909612    0.0023821839    0.0023734112    0.0023646301    0.0023558477
  0.0023470514    0.0023382621    0.0023294532    0.0023206591    0.0023118469
  0.0023030374    0.0022942179    0.0022853955    0.0022765646    0.0022677388
  0.0022588928    0.0022500534    0.0022412083    0.0022323579    0.0022234966
  0.0022146383    0.0022057644    0.0021968944    0.0021880231    0.0021791387
  0.0021702544    0.0021613584    0.0021524643    0.0021435602    0.0021346529
  0.0021257435    0.0021168268    0.0021078976    0.0020989803    0.0020900465
  0.0020811029    0.0020721621    0.0020632076    0.0020542685    0.0020453061
  0.0020363386    0.0020273721    0.0020183909    0.0020094128    0.0020004275
  0.0019914357    0.0019824444    0.0019734432    0.0019644387    0.0019554212
  0.0019464025    0.0019373835    0.0019283543    0.0019193167    0.0019102816
  0.0019012296    0.0018921820    0.0018831202    0.0018740602    0.0018649925
  0.0018559142    0.0018468309    0.0018377487    0.0018286591    0.0018195537
  0.0018104480    0.0018013335    0.0017922260    0.0017830985    0.0017739662
  0.0017648350    0.0017556831    0.0017465397    0.0017373783    0.0017282190
  0.0017190536    0.0017098750    0.0017006932    0.0016915098    0.0016823049
  0.0016731092    0.0016638954    0.0016546811    0.0016454558    0.0016362212
  0.0016269821    0.0016177414    0.0016084876    0.0015992266    0.0015899524
  0.0015806747    0.0015713912    0.0015620995    0.0015527939    0.0015434874
  0.0015341712    0.0015248393    0.0015155084    0.0015061623    0.0014968096
  0.0014874495    0.0014780805    0.0014686897    0.0014593083    0.0014499028
  0.0014404928    0.0014310777    0.0014216456    0.0014122027    0.0014027473
  0.0013932830    0.0013838109    0.0013743216    0.0013648234    0.0013553037
  0.0013457804    0.0013362380    0.0013266940    0.0013171214    0.0013075499
  0.0012979612    0.0012883467    0.0012787217    0.0012690804    0.0012594289
  0.0012497507    0.0012400575    0.0012303578    0.0012206257    0.0012108754
  0.0012011054    0.0011913140    0.0011815004    0.0011716652    0.0011618131
  0.0011519254    0.0011420285    0.0011320876    0.0011221321    0.0011121375
  0.0011021043    0.0010920445    0.0010819599    0.0010727553    0.0010727556
  0.0010727556    0.0010727556    0.0010727556    0.0010727556    0.0010727556
  0.0010727556    0.0010727556    0.0010727556    0.0010727556    0.0010727556
  0.0010727556    0.0010727556    0.0010727556    0.0010727556    0.0010727556
  0.0010727556    0.0010727556    0.0010727556    0.0010727556    0.0010727556
  0.0010727556    0.0010727556    0.0010727556    0.0010727556    0.0010727556
  0.0010727556    0.0010727556    0.0010727556    0.0010727556    0.0010727556
  0.0010727556    0.0010727556    0.0010727556    0.0010727556    0.0010727556
  0.0010727556    0.0010727556    0.0010727556    0.0010727556    0.0010727556
