  0.0000000000    0.0150000000
  0.0002500000    0.0010000000    179    30
  0.0996021330    0.0994818509    0.0992098749    0.0988782942    0.0985195339
  0.0981446803    0.0977579057    0.0973612368    0.0969554484    0.0965408981
  0.0961178243    0.0956860483    0.0952455699    0.0947960913    0.0943374336
  0.0938691795    0.0933910906    0.0929028094    0.0924039185    0.0918939412
  0.0913724601    0.0908389390    0.0902927816    0.0897335708    0.0891604125
  0.0885728896    0.0879700482    0.0873512924    0.0867156088    0.0860621035
  0.0853897631    0.0846975744    0.0839842260    0.0832485259    0.0824889839
  0.0817040503    0.0808919370    0.0800508559    0.0791784823    0.0782726109
  0.0773304403    0.0763491690    0.0753253996    0.0742551982    0.0731342137
  0.0719574988    0.0707190335    0.0694122016    0.0680283606    0.0665581524
  0.0649893582    0.0633074343    0.0622694790    0.0622694790    0.0622694790
  0.0622694790    0.0622694790    0.0622694790    0.0622694790    0.0622694790
  0.0622694790    0.0622694790    0.0622694790    0.0622694790    0.0622694790
  0.0622694790    0.0622694790    0.0622694790    0.0622694790    0.0622694790
  0.0622694790    0.0622694790    0.0622694790    0.0622694790    0.0622694790
  0.0622694790    0.0622694790    0.0622694790    0.0622694790    0.0622694790
  0.0622694790    0.0622694790    0.0622694790    0.0622694790    0.0622694790
  0.0622694790    0.0622694790    0.0622694790    0.0622694790    0.0622694790
  0.0622694790    0.0622694790    0.0622694790    0.0622694790    0.0622694790
  0.0622694790    0.0622694790    0.0622694790    0.0622694790    0.0622694790
  0.0622694790    0.0622694790    0.0622694790    0.0622694790    0.0622694790
  0.0622694790    0.0622694790    0.0622694790    0.0622694790    0.0622694790
  0.0622694790    0.0622694790    0.0622694790    0.0622694790    0.0622694790
  0.0622694790    0.0622694790    0.0622694790    0.0622694790    0.0622694790
  0.0622694790    0.0622694790    0.0622694790    0.0622694790    0.0622694790
  0.0622694790    0.0622694790    0.0622694790    0.0622694790    0.0622694790
  0.0622694790    0.0622694790    0.0622694790    0.0622694790    0.0622694790
  0.0622694790    0.0622694790    0.0622694790    0.0622694790    0.0622694790
  0.0622694790    0.0622694790    0.0622694790    0.0622694790    0.0622694790
  0.0622694790    0.0622694790    0.0622694790    0.0622694790    0.0622694790
  0.0622694790    0.0622694790    0.0622694790    0.0622694790    0.0622694790
  0.0622694790    0.0622694790    0.0622694790    0.0622694790    0.0622694790
  0.0622694790    0.0622694790    0.0622694790    0.0622694790    0.0622694790
  0.0622694790    0.0622694790    0.0622694790    0.0622694790    0.0622694790
  0.0622694790    0.0622694790    0.0622694790    0.0622694790    0.0622694790
  0.0622694790    0.0622694790    0.0622694790    0.0622694790    0.0622694790
  0.1006859839    0.1005842984    0.1003435552    0.1000408232    0.0997087061
  0.0993593037    0.0989977419    0.0986263454    0.0982462466    0.0978579819
  0.0974618495    0.0970579088    0.0966461599    0.0962264240    0.0957985818
  0.0953624547    0.0949177444    0.0944641531    0.0940014422    0.0935291946
  0.0930471122    0.0925548375    0.0920518935    0.0915378034    0.0910122097
  0.0904743969    0.0899240673    0.0893604457    0.0887829363    0.0881908238
  0.0875834525    0.0869600475    0.0863196552    0.0856613815    0.0849842131
  0.0842870772    0.0835687816    0.0828280151    0.0820634067    0.0812732279
  0.0804559886    0.0796097219    0.0787322819    0.0778214037    0.0768742263
  0.0758881271    0.0748596489    0.0737849772    0.0726599991    0.0714796484
  0.0702380836    0.0689288080    0.0675437152    0.0660732687    0.0645057857
  0.0629332364    0.0629332364    0.0629332364    0.0629332364    0.0629332364
  0.0629332364    0.0629332364    0.0629332364    0.0629332364    0.0629332364
  0.0629332364    0.0629332364    0.0629332364    0.0629332364    0.0629332364
  0.0629332364    0.0629332364    0.0629332364    0.0629332364    0.0629332364
  0.0629332364    0.0629332364    0.0629332364    0.0629332364    0.0629332364
  0.0629332364    0.0629332364    0.0629332364    0.0629332364    0.0629332364
  0.0629332364    0.0629332364    0.0629332364    0.0629332364    0.0629332364
  0.0629332364    0.0629332364    0.0629332364    0.0629332364    0.0629332364
  0.0629332364    0.0629332364    0.0629332364    0.0629332364    0.0629332364
  0.0629332364    0.0629332364    0.0629332364    0.0629332364    0.0629332364
  0.0629332364    0.0629332364    0.0629332364    0.0629332364    0.0629332364
  0.0629332364    0.0629332364    0.0629332364    0.0629332364    0.0629332364
  0.0629332364    0.0629332364    0.0629332364    0.0629332364    0.0629332364
  0.0629332364    0.0629332364    0.0629332364    0.0629332364    0.0629332364
  0.0629332364    0.0629332364    0.0629332364    0.0629332364    0.0629332364
  0.0629332364    0.0629332364    0.0629332364    0.0629332364    0.0629332364
  0.0629332364    0.0629332364    0.0629332364    0.0629332364    0.0629332364
  0.0629332364    0.0629332364    0.0629332364    0.0629332364    0.0629332364
  0.0629332364    0.0629332364    0.0629332364    0.0629332364    0.0629332364
  0.0629332364    0.0629332364    0.0629332364    0.0629332364    0.0629332364
  0.0629332364    0.0629332364    0.0629332364    0.0629332364    0.0629332364
  0.0629332364    0.0629332364    0.0629332364    0.0629332364    0.0629332364
  0.0629332364    0.0629332364    0.0629332364    0.0629332364    0.0629332364
  0.0629332364    0.0629332364    0.0629332364    0.0629332364    0.0629332364
  0.0629332364    0.0629332364    0.0629332364    0.0629332364    0.0629332364
  0.1017083228    0.1016216576    0.1014085710    0.1011324823    0.1008248627
  0.1004988253    0.1001600921    0.0998114645    0.0994543135    0.0990893543
  0.0987171233    0.0983376801    0.0979510844    0.0975573957    0.0971564353
  0.0967480242    0.0963321030    0.0959084332    0.0954767168    0.0950367749
  0.0945882499    0.0941309035    0.0936644375    0.0931884348    0.0927025378
  0.0922063291    0.0916995108    0.0911814272    0.0906517804    0.0901099741
  0.0895554125    0.0889876187    0.0884057581    0.0878092945    0.0871975720
  0.0865696371    0.0859246552    0.0852617323    0.0845799744    0.0838780105
  0.0831550062    0.0824093521    0.0816398561    0.0808449090    0.0800229013
  0.0791718662    0.0782894790    0.0773738325    0.0764222443    0.0754317343
  0.0743990839    0.0733205974    0.0721921027    0.0710087717    0.0697649419
  0.0684538782    0.0670681894    0.0655985177    0.0640331209    0.0635647476
  0.0635647476    0.0635647476    0.0635647476    0.0635647476    0.0635647476
  0.0635647476    0.0635647476    0.0635647476    0.0635647476    0.0635647476
  0.0635647476    0.0635647476    0.0635647476    0.0635647476    0.0635647476
  0.0635647476    0.0635647476    0.0635647476    0.0635647476    0.0635647476
  0.0635647476    0.0635647476    0.0635647476    0.0635647476    0.0635647476
  0.0635647476    0.0635647476    0.0635647476    0.0635647476    0.0635647476
  0.0635647476    0.0635647476    0.0635647476    0.0635647476    0.0635647476
  0.0635647476    0.0635647476    0.0635647476    0.0635647476    0.0635647476
  0.0635647476    0.0635647476    0.0635647476    0.0635647476    0.0635647476
  0.0635647476    0.0635647476    0.0635647476    0.0635647476    0.0635647476
  0.0635647476    0.0635647476    0.0635647476    0.0635647476    0.0635647476
  0.0635647476    0.0635647476    0.0635647476    0.0635647476    0.0635647476
  0.0635647476    0.0635647476    0.0635647476    0.0635647476    0.0635647476
  0.0635647476    0.0635647476    0.0635647476    0.0635647476    0.0635647476
  0.0635647476    0.0635647476    0.0635647476    0.0635647476    0.0635647476
  0.0635647476    0.0635647476    0.0635647476    0.0635647476    0.0635647476
  0.0635647476    0.0635647476    0.0635647476    0.0635647476    0.0635647476
  0.0635647476    0.0635647476    0.0635647476    0.0635647476    0.0635647476
  0.0635647476    0.0635647476    0.0635647476    0.0635647476    0.0635647476
  0.0635647476    0.0635647476    0.0635647476    0.0635647476    0.0635647476
  0.0635647476    0.0635647476    0.0635647476    0.0635647476    0.0635647476
  0.0635647476    0.0635647476    0.0635647476    0.0635647476    0.0635647476
  0.0635647476    0.0635647476    0.0635647476    0.0635647476    0.0635647476
  0.0635647476    0.0635647476    0.0635647476    0.0635647476    0.0635647476
  0.1026757658    0.1026014388    0.1024126709    0.1021610796    0.1018762290
  0.1015717685    0.1012538970    0.1009259522    0.1005895436    0.1002455652
  0.0998946130    0.0995369852    0.0991727412    0.0988020003    0.0984246433
  0.0980406702    0.0976499617    0.0972522199    0.0968475044    0.0964354575
  0.0960159600    0.0955887139    0.0951534212    0.0947099030    0.0942579210
  0.0937969387    0.0933268368    0.0928471982    0.0923575461    0.0918577015
  0.0913470089    0.0908250511    0.0902914703    0.0897457302    0.0891871154
  0.0886151493    0.0880291760    0.0874285400    0.0868124664    0.0861801803
  0.0855307877    0.0848633945    0.0841771066    0.0834706724    0.0827430189
  0.0819928348    0.0812187493    0.0804192126    0.0795926154    0.0787369311
  0.0778503120    0.0769303739    0.0759747326    0.0749802291    0.0739438832
  0.0728621185    0.0717307627    0.0705450475    0.0692996085    0.0679878294
  0.0666022599    0.0651340783    0.0641672909    0.0641672909    0.0641672909
  0.0641672909    0.0641672909    0.0641672909    0.0641672909    0.0641672909
  0.0641672909    0.0641672909    0.0641672909    0.0641672909    0.0641672909
  0.0641672909    0.0641672909    0.0641672909    0.0641672909    0.0641672909
  0.0641672909    0.0641672909    0.0641672909    0.0641672909    0.0641672909
  0.0641672909    0.0641672909    0.0641672909    0.0641672909    0.0641672909
  0.0641672909    0.0641672909    0.0641672909    0.0641672909    0.0641672909
  0.0641672909    0.0641672909    0.0641672909    0.0641672909    0.0641672909
  0.0641672909    0.0641672909    0.0641672909    0.0641672909    0.0641672909
  0.0641672909    0.0641672909    0.0641672909    0.0641672909    0.0641672909
  0.0641672909    0.0641672909    0.0641672909    0.0641672909    0.0641672909
  0.0641672909    0.0641672909    0.0641672909    0.0641672909    0.0641672909
  0.0641672909    0.0641672909    0.0641672909    0.0641672909    0.0641672909
  0.0641672909    0.0641672909    0.0641672909    0.0641672909    0.0641672909
  0.0641672909    0.0641672909    0.0641672909    0.0641672909    0.0641672909
  0.0641672909    0.0641672909    0.0641672909    0.0641672909    0.0641672909
  0.0641672909    0.0641672909    0.0641672909    0.0641672909    0.0641672909
  0.0641672909    0.0641672909    0.0641672909    0.0641672909    0.0641672909
  0.0641672909    0.0641672909    0.0641672909    0.0641672909    0.0641672909
  0.0641672909    0.0641672909    0.0641672909    0.0641672909    0.0641672909
  0.0641672909    0.0641672909    0.0641672909    0.0641672909    0.0641672909
  0.0641672909    0.0641672909    0.0641672909    0.0641672909    0.0641672909
  0.0641672909    0.0641672909    0.0641672909    0.0641672909    0.0641672909
  0.0641672909    0.0641672909    0.0641672909    0.0641672909    0.0641672909
  0.1035940945    0.1035298407    0.1033623517    0.1031332314    0.1028696001
  0.1025851071    0.1022866070    0.1019776165    0.1016601026    0.1013351381
  0.1010034382    0.1006653607    0.1003211439    0.0999708474    0.0996145308
  0.0992521346    0.0988836586    0.0985089242    0.0981278121    0.0977402627
  0.0973460376    0.0969449580    0.0965368450    0.0961214006    0.0956985652
  0.0952679217    0.0948292911    0.0943824351    0.0939269364    0.0934624970
  0.0929888785    0.0925057232    0.0920124948    0.0915088952    0.0909945667
  0.0904688537    0.0899314582    0.0893817246    0.0888192356    0.0882433355
  0.0876532495    0.0870485008    0.0864282548    0.0857917368    0.0851381719
  0.0844664872    0.0837758482    0.0830650032    0.0823331177    0.0815785825
  0.0808001459    0.0799963772    0.0791654289    0.0783057511    0.0774149597
  0.0764910281    0.0755315721    0.0745336711    0.0734942257    0.0724098384
  0.0712762177    0.0700886548    0.0688422024    0.0675303042    0.0661458671
  0.0647437274    0.0647437274    0.0647437274    0.0647437274    0.0647437274
  0.0647437274    0.0647437274    0.0647437274    0.0647437274    0.0647437274
  0.0647437274    0.0647437274    0.0647437274    0.0647437274    0.0647437274
  0.0647437274    0.0647437274    0.0647437274    0.0647437274    0.0647437274
  0.0647437274    0.0647437274    0.0647437274    0.0647437274    0.0647437274
  0.0647437274    0.0647437274    0.0647437274    0.0647437274    0.0647437274
  0.0647437274    0.0647437274    0.0647437274    0.0647437274    0.0647437274
  0.0647437274    0.0647437274    0.0647437274    0.0647437274    0.0647437274
  0.0647437274    0.0647437274    0.0647437274    0.0647437274    0.0647437274
  0.0647437274    0.0647437274    0.0647437274    0.0647437274    0.0647437274
  0.0647437274    0.0647437274    0.0647437274    0.0647437274    0.0647437274
  0.0647437274    0.0647437274    0.0647437274    0.0647437274    0.0647437274
  0.0647437274    0.0647437274    0.0647437274    0.0647437274    0.0647437274
  0.0647437274    0.0647437274    0.0647437274    0.0647437274    0.0647437274
  0.0647437274    0.0647437274    0.0647437274    0.0647437274    0.0647437274
  0.0647437274    0.0647437274    0.0647437274    0.0647437274    0.0647437274
  0.0647437274    0.0647437274    0.0647437274    0.0647437274    0.0647437274
  0.0647437274    0.0647437274    0.0647437274    0.0647437274    0.0647437274
  0.0647437274    0.0647437274    0.0647437274    0.0647437274    0.0647437274
  0.0647437274    0.0647437274    0.0647437274    0.0647437274    0.0647437274
  0.0647437274    0.0647437274    0.0647437274    0.0647437274    0.0647437274
  0.0647437274    0.0647437274    0.0647437274    0.0647437274    0.0647437274
  0.0647437274    0.0647437274    0.0647437274    0.0647437274    0.0647437274
  0.1044680178    0.1044121683    0.1042632163    0.1040546596    0.1038107574
  0.1035449207    0.1032643616    0.1029729545    0.1026727855    0.1023652256
  0.1020510495    0.1017307341    0.1014045179    0.1010726392    0.1007352173
  0.1003921330    0.1000434458    0.0996890962    0.0993290246    0.0989630520
  0.0985911787    0.0982131064    0.0978287756    0.0974380076    0.0970405638
  0.0966363251    0.0962250531    0.0958064497    0.0953803360    0.0949465334
  0.0945046246    0.0940544307    0.0935955942    0.0931278169    0.0926508009
  0.0921640694    0.0916673243    0.0911602080    0.0906421840    0.0901128948
  0.0895716846    0.0890181959    0.0884518921    0.0878719985    0.0872780979
  0.0866693556    0.0860451162    0.0854046047    0.0847468078    0.0840710700
  0.0833763182    0.0826613605    0.0819253027    0.0811667144    0.0803842247
  0.0795762837    0.0787414610    0.0778777897    0.0769834220    0.0760560930
  0.0750933588    0.0740925372    0.0730501711    0.0719636381    0.0708281100
  0.0696395338    0.0683926642    0.0670814216    0.0656984746    0.0652963817
  0.0652963817    0.0652963817    0.0652963817    0.0652963817    0.0652963817
  0.0652963817    0.0652963817    0.0652963817    0.0652963817    0.0652963817
  0.0652963817    0.0652963817    0.0652963817    0.0652963817    0.0652963817
  0.0652963817    0.0652963817    0.0652963817    0.0652963817    0.0652963817
  0.0652963817    0.0652963817    0.0652963817    0.0652963817    0.0652963817
  0.0652963817    0.0652963817    0.0652963817    0.0652963817    0.0652963817
  0.0652963817    0.0652963817    0.0652963817    0.0652963817    0.0652963817
  0.0652963817    0.0652963817    0.0652963817    0.0652963817    0.0652963817
  0.0652963817    0.0652963817    0.0652963817    0.0652963817    0.0652963817
  0.0652963817    0.0652963817    0.0652963817    0.0652963817    0.0652963817
  0.0652963817    0.0652963817    0.0652963817    0.0652963817    0.0652963817
  0.0652963817    0.0652963817    0.0652963817    0.0652963817    0.0652963817
  0.0652963817    0.0652963817    0.0652963817    0.0652963817    0.0652963817
  0.0652963817    0.0652963817    0.0652963817    0.0652963817    0.0652963817
  0.0652963817    0.0652963817    0.0652963817    0.0652963817    0.0652963817
  0.0652963817    0.0652963817    0.0652963817    0.0652963817    0.0652963817
  0.0652963817    0.0652963817    0.0652963817    0.0652963817    0.0652963817
  0.0652963817    0.0652963817    0.0652963817    0.0652963817    0.0652963817
  0.0652963817    0.0652963817    0.0652963817    0.0652963817    0.0652963817
  0.0652963817    0.0652963817    0.0652963817    0.0652963817    0.0652963817
  0.0652963817    0.0652963817    0.0652963817    0.0652963817    0.0652963817
  0.0652963817    0.0652963817    0.0652963817    0.0652963817    0.0652963817
  0.1053018272    0.1052529514    0.1051201522    0.1049302518    0.1047046483
  0.1044563949    0.1041925848    0.1039174497    0.1036333740    0.1033418477
  0.1030437052    0.1027396023    0.1024298370    0.1021147072    0.1017942727
  0.1014685929    0.1011377871    0.1008017361    0.1004603803    0.1001137793
  0.0997616947    0.0994040668    0.0990408361    0.0986717641    0.0982967317
  0.0979156792    0.0975283086    0.0971345007    0.0967340767    0.0963267982
  0.0959124863    0.0954908431    0.0950616300    0.0946246088    0.0941795409
  0.0937261879    0.0932640731    0.0927929580    0.0923125446    0.0918225348
  0.0913222730    0.0908116996    0.0902902186    0.0897572339    0.0892124474
  0.0886553228    0.0880852640    0.0875015557    0.0869038403    0.0862912834
  0.0856631100    0.0850186646    0.0843570530    0.0836773813    0.0829786956
  0.0822598040    0.0815198123    0.0807573497    0.0799710453    0.0791594684
  0.0783210695    0.0774538219    0.0765560567    0.0756255090    0.0746599734
  0.0736565888    0.0726121962    0.0715236962    0.0703872740    0.0691982210
  0.0679514706    0.0666415393    0.0658273995    0.0658273995    0.0658273995
  0.0658273995    0.0658273995    0.0658273995    0.0658273995    0.0658273995
  0.0658273995    0.0658273995    0.0658273995    0.0658273995    0.0658273995
  0.0658273995    0.0658273995    0.0658273995    0.0658273995    0.0658273995
  0.0658273995    0.0658273995    0.0658273995    0.0658273995    0.0658273995
  0.0658273995    0.0658273995    0.0658273995    0.0658273995    0.0658273995
  0.0658273995    0.0658273995    0.0658273995    0.0658273995    0.0658273995
  0.0658273995    0.0658273995    0.0658273995    0.0658273995    0.0658273995
  0.0658273995    0.0658273995    0.0658273995    0.0658273995    0.0658273995
  0.0658273995    0.0658273995    0.0658273995    0.0658273995    0.0658273995
  0.0658273995    0.0658273995    0.0658273995    0.0658273995    0.0658273995
  0.0658273995    0.0658273995    0.0658273995    0.0658273995    0.0658273995
  0.0658273995    0.0658273995    0.0658273995    0.0658273995    0.0658273995
  0.0658273995    0.0658273995    0.0658273995    0.0658273995    0.0658273995
  0.0658273995    0.0658273995    0.0658273995    0.0658273995    0.0658273995
  0.0658273995    0.0658273995    0.0658273995    0.0658273995    0.0658273995
  0.0658273995    0.0658273995    0.0658273995    0.0658273995    0.0658273995
  0.0658273995    0.0658273995    0.0658273995    0.0658273995    0.0658273995
  0.0658273995    0.0658273995    0.0658273995    0.0658273995    0.0658273995
  0.0658273995    0.0658273995    0.0658273995    0.0658273995    0.0658273995
  0.0658273995    0.0658273995    0.0658273995    0.0658273995    0.0658273995
  0.0658273995    0.0658273995    0.0658273995    0.0658273995    0.0658273995
  0.1060990393    0.1060560048    0.1059372723    0.1057642996    0.1055558026
  0.1053238213    0.1050758064    0.1048159301    0.1045468152    0.1042701304
  0.1039868295    0.1036976278    0.1034029424    0.1031030715    0.1027981341
  0.1024883091    0.1021736562    0.1018541157    0.1015296876    0.1012003720
  0.1008661091    0.1005267799    0.1001823843    0.0998326838    0.0994776189
  0.0991170704    0.0987509191    0.0983789861    0.0980011523    0.0976171792
  0.0972269475    0.0968302786    0.0964268744    0.0960166752    0.0955993831
  0.0951747000    0.0947424471    0.0943024457    0.0938542783    0.0933977067
  0.0929323733    0.0924580991    0.0919744670    0.0914810598    0.0909775198
  0.0904634297    0.0899384320    0.0894021094    0.0888536870    0.0882929862
  0.0877192914    0.0871320665    0.0865306556    0.0859143436    0.0852825344
  0.0846342742    0.0839689076    0.0832854807    0.0825830996    0.0818605721
  0.0811168253    0.0803507268    0.0795608461    0.0787458718    0.0779039562
  0.0770338476    0.0761330426    0.0751998127    0.0742317736    0.0732261240
  0.0721801817    0.0710903704    0.0699532330    0.0687640607    0.0675182045
  0.0663385093    0.0663385093    0.0663385093    0.0663385093    0.0663385093
  0.0663385093    0.0663385093    0.0663385093    0.0663385093    0.0663385093
  0.0663385093    0.0663385093    0.0663385093    0.0663385093    0.0663385093
  0.0663385093    0.0663385093    0.0663385093    0.0663385093    0.0663385093
  0.0663385093    0.0663385093    0.0663385093    0.0663385093    0.0663385093
  0.0663385093    0.0663385093    0.0663385093    0.0663385093    0.0663385093
  0.0663385093    0.0663385093    0.0663385093    0.0663385093    0.0663385093
  0.0663385093    0.0663385093    0.0663385093    0.0663385093    0.0663385093
  0.0663385093    0.0663385093    0.0663385093    0.0663385093    0.0663385093
  0.0663385093    0.0663385093    0.0663385093    0.0663385093    0.0663385093
  0.0663385093    0.0663385093    0.0663385093    0.0663385093    0.0663385093
  0.0663385093    0.0663385093    0.0663385093    0.0663385093    0.0663385093
  0.0663385093    0.0663385093    0.0663385093    0.0663385093    0.0663385093
  0.0663385093    0.0663385093    0.0663385093    0.0663385093    0.0663385093
  0.0663385093    0.0663385093    0.0663385093    0.0663385093    0.0663385093
  0.0663385093    0.0663385093    0.0663385093    0.0663385093    0.0663385093
  0.0663385093    0.0663385093    0.0663385093    0.0663385093    0.0663385093
  0.0663385093    0.0663385093    0.0663385093    0.0663385093    0.0663385093
  0.0663385093    0.0663385093    0.0663385093    0.0663385093    0.0663385093
  0.0663385093    0.0663385093    0.0663385093    0.0663385093    0.0663385093
  0.0663385093    0.0663385093    0.0663385093    0.0663385093    0.0663385093
  0.1068628132    0.1068246663    0.1067182124    0.1065605581    0.1063677967
  0.1061511934    0.1059179604    0.1056723893    0.1054173410    0.1051544845
  0.1048849523    0.1046095788    0.1043287814    0.1040429175    0.1037522256
  0.1034568846    0.1031568944    0.1028524339    0.1025433838    0.1022298038
  0.1019116342    0.1015887558    0.1012612283    0.1009289324    0.1005917490
  0.1002495587    0.0999023616    0.0995498598    0.0991920531    0.0988288224
  0.0984598696    0.0980852544    0.0977046788    0.0973179638    0.0969248712
  0.0965253413    0.0961191952    0.0957061350    0.0952859223    0.0948583186
  0.0944231451    0.0939801037    0.0935288370    0.0930692255    0.0926007926
  0.0921232998    0.0916364491    0.0911397636    0.0906330049    0.0901156962
  0.0895873010    0.0890474617    0.0884956419    0.0879314840    0.0873543322
  0.0867635310    0.0861585438    0.0855387151    0.0849033296    0.0842514932
  0.0835825503    0.0828954875    0.0821895301    0.0814636052    0.0807163417
  0.0799469650    0.0791537464    0.0783356726    0.0774908364    0.0766176283
  0.0757144392    0.0747787654    0.0738085210    0.0728013217    0.0717539489
  0.0706635416    0.0695260465    0.0683377087    0.0670935214    0.0668313801
  0.0668313801    0.0668313801    0.0668313801    0.0668313801    0.0668313801
  0.0668313801    0.0668313801    0.0668313801    0.0668313801    0.0668313801
  0.0668313801    0.0668313801    0.0668313801    0.0668313801    0.0668313801
  0.0668313801    0.0668313801    0.0668313801    0.0668313801    0.0668313801
  0.0668313801    0.0668313801    0.0668313801    0.0668313801    0.0668313801
  0.0668313801    0.0668313801    0.0668313801    0.0668313801    0.0668313801
  0.0668313801    0.0668313801    0.0668313801    0.0668313801    0.0668313801
  0.0668313801    0.0668313801    0.0668313801    0.0668313801    0.0668313801
  0.0668313801    0.0668313801    0.0668313801    0.0668313801    0.0668313801
  0.0668313801    0.0668313801    0.0668313801    0.0668313801    0.0668313801
  0.0668313801    0.0668313801    0.0668313801    0.0668313801    0.0668313801
  0.0668313801    0.0668313801    0.0668313801    0.0668313801    0.0668313801
  0.0668313801    0.0668313801    0.0668313801    0.0668313801    0.0668313801
  0.0668313801    0.0668313801    0.0668313801    0.0668313801    0.0668313801
  0.0668313801    0.0668313801    0.0668313801    0.0668313801    0.0668313801
  0.0668313801    0.0668313801    0.0668313801    0.0668313801    0.0668313801
  0.0668313801    0.0668313801    0.0668313801    0.0668313801    0.0668313801
  0.0668313801    0.0668313801    0.0668313801    0.0668313801    0.0668313801
  0.0668313801    0.0668313801    0.0668313801    0.0668313801    0.0668313801
  0.0668313801    0.0668313801    0.0668313801    0.0668313801    0.0668313801
  0.1075958312    0.1075619161    0.1074661911    0.1073223054    0.1071441472
  0.1069419086    0.1067225635    0.1064904630    0.1062485874    0.1059987247
  0.1057420671    0.1054795086    0.1052116454    0.1049387157    0.1046611965
  0.1043791473    0.1040926874    0.1038019359    0.1035068929    0.1032076180
  0.1029041111    0.1025961936    0.1022840440    0.1019674242    0.1016463339
  0.1013207734    0.1009905040    0.1006554663    0.1003156006    0.0999707878
  0.0996209085    0.0992658436    0.0989054739    0.0985395610    0.0981680453
  0.0977906883    0.0974074304    0.0970180333    0.0966223180    0.0962200463
  0.0958110988    0.0953952372    0.0949721634    0.0945416987    0.0941036642
  0.0936575830    0.0932033956    0.0927407444    0.0922692716    0.0917887390
  0.0912987292    0.0907988846    0.0902889073    0.0897682607    0.0892366469
  0.0886935294    0.0881384313    0.0875708759    0.0869903266    0.0863960087
  0.0857877433    0.0851644576    0.0845255554    0.0838704407    0.0831981003
  0.0825076401    0.0817982852    0.0810691416    0.0803187788    0.0795460641
  0.0787500441    0.0779289901    0.0770814121    0.0762057006    0.0753003061
  0.0743626654    0.0733908117    0.0723823607    0.0713341534    0.0702432692
  0.0691063702    0.0679189265    0.0673072636    0.0673072636    0.0673072636
  0.0673072636    0.0673072636    0.0673072636    0.0673072636    0.0673072636
  0.0673072636    0.0673072636    0.0673072636    0.0673072636    0.0673072636
  0.0673072636    0.0673072636    0.0673072636    0.0673072636    0.0673072636
  0.0673072636    0.0673072636    0.0673072636    0.0673072636    0.0673072636
  0.0673072636    0.0673072636    0.0673072636    0.0673072636    0.0673072636
  0.0673072636    0.0673072636    0.0673072636    0.0673072636    0.0673072636
  0.0673072636    0.0673072636    0.0673072636    0.0673072636    0.0673072636
  0.0673072636    0.0673072636    0.0673072636    0.0673072636    0.0673072636
  0.0673072636    0.0673072636    0.0673072636    0.0673072636    0.0673072636
  0.0673072636    0.0673072636    0.0673072636    0.0673072636    0.0673072636
  0.0673072636    0.0673072636    0.0673072636    0.0673072636    0.0673072636
  0.0673072636    0.0673072636    0.0673072636    0.0673072636    0.0673072636
  0.0673072636    0.0673072636    0.0673072636    0.0673072636    0.0673072636
  0.0673072636    0.0673072636    0.0673072636    0.0673072636    0.0673072636
  0.0673072636    0.0673072636    0.0673072636    0.0673072636    0.0673072636
  0.0673072636    0.0673072636    0.0673072636    0.0673072636    0.0673072636
  0.0673072636    0.0673072636    0.0673072636    0.0673072636    0.0673072636
  0.0673072636    0.0673072636    0.0673072636    0.0673072636    0.0673072636
  0.0673072636    0.0673072636    0.0673072636    0.0673072636    0.0673072636
  0.1083005965    0.1082702577    0.1081838906    0.1080524623    0.1078876555
  0.1076988876    0.1074925959    0.1072733104    0.1070438325    0.1068061888
  0.1065616310    0.1063110530    0.1060551703    0.1057943404    0.1055289805
  0.1052592099    0.1049852669    0.1047071517    0.1044249833    0.1041388214
  0.1038486660    0.1035545170    0.1032562554    0.1029539406    0.1026475132
  0.1023368537    0.1020220220    0.1017027795    0.1013790667    0.1010508835
  0.1007181108    0.1003805697    0.1000382602    0.0996909440    0.0993385613
  0.0989809930    0.0986180604    0.0982496440    0.0978755057    0.0974956453
  0.0971097648    0.0967177451    0.0963192880    0.0959143937    0.0955027044
  0.0950840414    0.0946582258    0.0942250192    0.0937840044    0.0933351219
  0.0928780138    0.0924123824    0.0919379890    0.0914542973    0.0909612477
  0.0904584229    0.0899452269    0.0894214809    0.0888867080    0.0883403718
  0.0877820551    0.0872111619    0.0866273344    0.0860298574    0.0854181945
  0.0847916901    0.0841496289    0.0834911168    0.0828155577    0.0821221173
  0.0814095438    0.0806772411    0.0799239576    0.0791485012    0.0783496797
  0.0775260031    0.0766759813    0.0757982433    0.0748906434    0.0739515126
  0.0729782879    0.0719690025    0.0709204972    0.0698298514    0.0686934888
  0.0677675307    0.0677674711    0.0677674711    0.0677674711    0.0677674711
  0.0677674711    0.0677674711    0.0677674711    0.0677674711    0.0677674711
  0.0677674711    0.0677674711    0.0677674711    0.0677674711    0.0677674711
  0.0677674711    0.0677674711    0.0677674711    0.0677674711    0.0677674711
  0.0677674711    0.0677674711    0.0677674711    0.0677674711    0.0677674711
  0.0677674711    0.0677674711    0.0677674711    0.0677674711    0.0677674711
  0.0677674711    0.0677674711    0.0677674711    0.0677674711    0.0677674711
  0.0677674711    0.0677674711    0.0677674711    0.0677674711    0.0677674711
  0.0677674711    0.0677674711    0.0677674711    0.0677674711    0.0677674711
  0.0677674711    0.0677674711    0.0677674711    0.0677674711    0.0677674711
  0.0677674711    0.0677674711    0.0677674711    0.0677674711    0.0677674711
  0.0677674711    0.0677674711    0.0677674711    0.0677674711    0.0677674711
  0.0677674711    0.0677674711    0.0677674711    0.0677674711    0.0677674711
  0.0677674711    0.0677674711    0.0677674711    0.0677674711    0.0677674711
  0.0677674711    0.0677674711    0.0677674711    0.0677674711    0.0677674711
  0.0677674711    0.0677674711    0.0677674711    0.0677674711    0.0677674711
  0.0677674711    0.0677674711    0.0677674711    0.0677674711    0.0677674711
  0.0677674711    0.0677674711    0.0677674711    0.0677674711    0.0677674711
  0.0677674711    0.0677674711    0.0677674711    0.0677674711    0.0677674711
  0.1089791954    0.1089519560    0.1088737547    0.1087534726    0.1086010635
  0.1084248126    0.1082309186    0.1080236137    0.1078058779    0.1075797379
  0.1073465645    0.1071072519    0.1068626344    0.1066131294    0.1063590944
  0.1061007679    0.1058383286    0.1055719554    0.1053017080    0.1050276458
  0.1047497690    0.1044681966    0.1041827500    0.1038934886    0.1036004126
  0.1033034027    0.1030024588    0.1026975811    0.1023885906    0.1020754278
  0.1017580926    0.1014364660    0.1011103690    0.1007798016    0.1004445851
  0.1001047194    0.0997599065    0.0994102657    0.0990554392    0.0986954272
  0.0983299911    0.0979590714    0.0975824893    0.0972000659    0.0968116224
  0.0964169800    0.0960160196    0.0956085026    0.0951940715    0.0947727859
  0.0943442285    0.0939081609    0.0934644639    0.0930126607    0.0925526917
  0.0920842588    0.0916068852    0.0911203325    0.0906242430    0.0901183784
  0.0896021426    0.0890752971    0.0885374248    0.0879880488    0.0874265730
  0.0868526399    0.0862657130    0.0856650174    0.0850502551    0.0844205916
  0.0837753713    0.0831138790    0.0824352205    0.0817386806    0.0810233653
  0.0802880228    0.0795321763    0.0787539780    0.0779525936    0.0771267712
  0.0762747228    0.0753949583    0.0744859874    0.0735456049    0.0725715458
  0.0715616047    0.0705129802    0.0694228709    0.0682878792    0.0682131350
  0.0682131350    0.0682131350    0.0682131350    0.0682131350    0.0682131350
  0.0682131350    0.0682131350    0.0682131350    0.0682131350    0.0682131350
  0.0682131350    0.0682131350    0.0682131350    0.0682131350    0.0682131350
  0.0682131350    0.0682131350    0.0682131350    0.0682131350    0.0682131350
  0.0682131350    0.0682131350    0.0682131350    0.0682131350    0.0682131350
  0.0682131350    0.0682131350    0.0682131350    0.0682131350    0.0682131350
  0.0682131350    0.0682131350    0.0682131350    0.0682131350    0.0682131350
  0.0682131350    0.0682131350    0.0682131350    0.0682131350    0.0682131350
  0.0682131350    0.0682131350    0.0682131350    0.0682131350    0.0682131350
  0.0682131350    0.0682131350    0.0682131350    0.0682131350    0.0682131350
  0.0682131350    0.0682131350    0.0682131350    0.0682131350    0.0682131350
  0.0682131350    0.0682131350    0.0682131350    0.0682131350    0.0682131350
  0.0682131350    0.0682131350    0.0682131350    0.0682131350    0.0682131350
  0.0682131350    0.0682131350    0.0682131350    0.0682131350    0.0682131350
  0.0682131350    0.0682131350    0.0682131350    0.0682131350    0.0682131350
  0.0682131350    0.0682131350    0.0682131350    0.0682131350    0.0682131350
  0.0682131350    0.0682131350    0.0682131350    0.0682131350    0.0682131350
  0.0682131350    0.0682131350    0.0682131350    0.0682131350    0.0682131350
  0.1096335948    0.1096089780    0.1095379889    0.1094277799    0.1092866957
  0.1091221273    0.1089397967    0.1087438762    0.1085372865    0.1083219945
  0.1080995500    0.1078709662    0.1076368988    0.1073979437    0.1071545184
  0.1069068611    0.1066552699    0.1063998044    0.1061405838    0.1058776677
  0.1056112349    0.1053411663    0.1050675213    0.1047903001    0.1045094430
  0.1042250097    0.1039368808    0.1036450565    0.1033494174    0.1030499637
  0.1027466357    0.1024393737    0.1021280587    0.1018125713    0.1014929116
  0.1011689603    0.1008405387    0.1005077064    0.1001701653    0.0998279154
  0.0994808376    0.0991288126    0.0987716615    0.0984092653    0.0980414450
  0.0976680815    0.0972890556    0.0969041288    0.0965132415    0.0961160958
  0.0957125723    0.0953023732    0.0948854387    0.0944614112    0.0940301716
  0.0935914814    0.0931449831    0.0926904380    0.0922276676    0.0917563736
  0.0912761390    0.0907867849    0.0902877152    0.0897789299    0.0892598331
  0.0887299478    0.0881890357    0.0876366794    0.0870721638    0.0864953101
  0.0859052241    0.0853016078    0.0846838057    0.0840511620    0.0834030807
  0.0827386677    0.0820570886    0.0813579261    0.0806397498    0.0799019635
  0.0791434944    0.0783630311    0.0775593221    0.0767313540    0.0758776963
  0.0749964416    0.0740860999    0.0731447041    0.0721699893    0.0711601079
  0.0701121390    0.0690226853    0.0686452091    0.0686452091    0.0686452091
  0.0686452091    0.0686452091    0.0686452091    0.0686452091    0.0686452091
  0.0686452091    0.0686452091    0.0686452091    0.0686452091    0.0686452091
  0.0686452091    0.0686452091    0.0686452091    0.0686452091    0.0686452091
  0.0686452091    0.0686452091    0.0686452091    0.0686452091    0.0686452091
  0.0686452091    0.0686452091    0.0686452091    0.0686452091    0.0686452091
  0.0686452091    0.0686452091    0.0686452091    0.0686452091    0.0686452091
  0.0686452091    0.0686452091    0.0686452091    0.0686452091    0.0686452091
  0.0686452091    0.0686452091    0.0686452091    0.0686452091    0.0686452091
  0.0686452091    0.0686452091    0.0686452091    0.0686452091    0.0686452091
  0.0686452091    0.0686452091    0.0686452091    0.0686452091    0.0686452091
  0.0686452091    0.0686452091    0.0686452091    0.0686452091    0.0686452091
  0.0686452091    0.0686452091    0.0686452091    0.0686452091    0.0686452091
  0.0686452091    0.0686452091    0.0686452091    0.0686452091    0.0686452091
  0.0686452091    0.0686452091    0.0686452091    0.0686452091    0.0686452091
  0.0686452091    0.0686452091    0.0686452091    0.0686452091    0.0686452091
  0.0686452091    0.0686452091    0.0686452091    0.0686452091    0.0686452091
  0.0686452091    0.0686452091    0.0686452091    0.0686452091    0.0686452091
  0.1102654040    0.1102431118    0.1101784408    0.1100772917    0.1099465787
  0.1097928584    0.1096214950    0.1094363034    0.1092402637    0.1090353429
  0.1088230312    0.1086045206    0.1083804667    0.1081514657    0.1079179943
  0.1076804101    0.1074388325    0.1071935594    0.1069445908    0.1066921651
  0.1064362228    0.1061768830    0.1059141457    0.1056480110    0.1053784788
  0.1051055491    0.1048292220    0.1045493782    0.1042660177    0.1039791405
  0.1036886275    0.1033944786    0.1030965745    0.1027948558    0.1024893224
  0.1021797955    0.1018662751    0.1015485823    0.1012267172    0.1009005010
  0.1005699337    0.1002348363    0.0998950899    0.0995505750    0.0992012322
  0.0988468826    0.0984873474    0.0981226861    0.0977525413    0.0973767340
  0.0969953239    0.0966080129    0.0962145627    0.0958149135    0.0954088867
  0.0949961841    0.0945766866    0.0941500962    0.0937161744    0.0932748020
  0.0928256214    0.0923683941    0.0919029415    0.0914287865    0.0909458697
  0.0904535949    0.0899518430    0.0894400775    0.0889181197    0.0883853734
  0.0878416598    0.0872862637    0.0867190063    0.0861391127    0.0855462849
  0.0849396884    0.0843190849    0.0836836994    0.0830326974    0.0823655427
  0.0816814601    0.0809794962    0.0802589953    0.0795188844    0.0787579119
  0.0779753029    0.0771698654    0.0763401687    0.0754849017    0.0746023953
  0.0736910403    0.0727491081    0.0717742145    0.0707645118    0.0697173774
  0.0690645278    0.0690645278    0.0690645278    0.0690645278    0.0690645278
  0.0690645278    0.0690645278    0.0690645278    0.0690645278    0.0690645278
  0.0690645278    0.0690645278    0.0690645278    0.0690645278    0.0690645278
  0.0690645278    0.0690645278    0.0690645278    0.0690645278    0.0690645278
  0.0690645278    0.0690645278    0.0690645278    0.0690645278    0.0690645278
  0.0690645278    0.0690645278    0.0690645278    0.0690645278    0.0690645278
  0.0690645278    0.0690645278    0.0690645278    0.0690645278    0.0690645278
  0.0690645278    0.0690645278    0.0690645278    0.0690645278    0.0690645278
  0.0690645278    0.0690645278    0.0690645278    0.0690645278    0.0690645278
  0.0690645278    0.0690645278    0.0690645278    0.0690645278    0.0690645278
  0.0690645278    0.0690645278    0.0690645278    0.0690645278    0.0690645278
  0.0690645278    0.0690645278    0.0690645278    0.0690645278    0.0690645278
  0.0690645278    0.0690645278    0.0690645278    0.0690645278    0.0690645278
  0.0690645278    0.0690645278    0.0690645278    0.0690645278    0.0690645278
  0.0690645278    0.0690645278    0.0690645278    0.0690645278    0.0690645278
  0.0690645278    0.0690645278    0.0690645278    0.0690645278    0.0690645278
  0.0690645278    0.0690645278    0.0690645278    0.0690645278    0.0690645278
  0.1108762324    0.1108559668    0.1107968986    0.1107038558    0.1105826199
  0.1104390919    0.1102779210    0.1101029217    0.1099168360    0.1097216904
  0.1095190942    0.1093100607    0.1090954840    0.1088759601    0.1086519063
  0.1084236801    0.1081916392    0.1079558432    0.1077165306    0.1074738204
  0.1072277129    0.1069783866    0.1067257822    0.1064699590    0.1062108576
  0.1059485972    0.1056831181    0.1054143608    0.1051423252    0.1048669517
  0.1045882404    0.1043061316    0.1040205061    0.1037313640    0.1034387052
  0.1031423509    0.1028423607    0.1025384963    0.1022308171    0.1019192040
  0.1016035378    0.1012836397    0.1009596884    0.1006313264    0.1002985537
  0.0999613106    0.0996193588    0.0992726386    0.0989210904    0.0985644758
  0.0982027352    0.0978356898    0.0974631608    0.0970850885    0.0967012942
  0.0963115394    0.0959157646    0.0955136716    0.0951051414    0.0946899354
  0.0942678750    0.0938388407    0.0934022963    0.0929583609    0.0925064981
  0.0920467079    0.0915785134    0.0911017358    0.0906160176    0.0901210606
  0.0896165073    0.0891020000    0.0885772407    0.0880417526    0.0874952376
  0.0869371593    0.0863669813    0.0857844055    0.0851887763    0.0845796168
  0.0839562118    0.0833179653    0.0826644599    0.0819948614    0.0813083351
  0.0806039870    0.0798809826    0.0791387856    0.0783757269    0.0775914490
  0.0767842233    0.0759531558    0.0750965178    0.0742128789    0.0733010471
  0.0723587573    0.0713841021    0.0703747571    0.0694719851    0.0694719851
  0.0694719851    0.0694719851    0.0694719851    0.0694719851    0.0694719851
  0.0694719851    0.0694719851    0.0694719851    0.0694719851    0.0694719851
  0.0694719851    0.0694719851    0.0694719851    0.0694719851    0.0694719851
  0.0694719851    0.0694719851    0.0694719851    0.0694719851    0.0694719851
  0.0694719851    0.0694719851    0.0694719851    0.0694719851    0.0694719851
  0.0694719851    0.0694719851    0.0694719851    0.0694719851    0.0694719851
  0.0694719851    0.0694719851    0.0694719851    0.0694719851    0.0694719851
  0.0694719851    0.0694719851    0.0694719851    0.0694719851    0.0694719851
  0.0694719851    0.0694719851    0.0694719851    0.0694719851    0.0694719851
  0.0694719851    0.0694719851    0.0694719851    0.0694719851    0.0694719851
  0.0694719851    0.0694719851    0.0694719851    0.0694719851    0.0694719851
  0.0694719851    0.0694719851    0.0694719851    0.0694719851    0.0694719851
  0.0694719851    0.0694719851    0.0694719851    0.0694719851    0.0694719851
  0.0694719851    0.0694719851    0.0694719851    0.0694719851    0.0694719851
  0.0694719851    0.0694719851    0.0694719851    0.0694719851    0.0694719851
  0.0694719851    0.0694719851    0.0694719851    0.0694719851    0.0694719851
  0.1114674509    0.1114489138    0.1113948524    0.1113090813    0.1111966074
  0.1110623777    0.1109108031    0.1107454002    0.1105687916    0.1103830040
  0.1101895869    0.1099896729    0.1097840369    0.1095734537    0.1093582809
  0.1091389954    0.1089158356    0.1086890399    0.1084587872    0.1082251370
  0.1079883277    0.1077482402    0.1075051129    0.1072588861    0.1070095599
  0.1067571938    0.1065017879    0.1062432826    0.1059816778    0.1057169735
  0.1054491103    0.1051780879    0.1049037874    0.1046262681    0.1043453515
  0.1040611565    0.1037734449    0.1034822166    0.1031874716    0.1028890908
  0.1025870144    0.1022811234    0.1019714177    0.1016577184    0.1013399661
  0.1010181010    0.1006920040    0.1003615558    0.1000266373    0.0996872485
  0.0993431509    0.0989942849    0.0986404717    0.0982816517    0.0979177058
  0.0975483954    0.0971736014    0.0967933238    0.0964071453    0.0960150659
  0.0956168473    0.0952123702    0.0948014557    0.0943837464    0.0939592421
  0.0935275853    0.0930886567    0.0926420987    0.0921877921    0.0917253792
  0.0912545025    0.0907751620    0.0902867615    0.0897891223    0.0892818868
  0.0887648165    0.0882373154    0.0876992643    0.0871498883    0.0865891874
  0.0860162675    0.0854310691    0.0848328173    0.0842211545    0.0835950673
  0.0829545557    0.0822984278    0.0816265643    0.0809374154    0.0802309811
  0.0795061886    0.0787617266    0.0779970586    0.0772109330    0.0764024556
  0.0755701363    0.0747125447    0.0738283098    0.0729160607    0.0719740093
  0.0709997118    0.0699914396    0.0698682368    0.0698681772    0.0698681772
  0.0698681772    0.0698681772    0.0698681772    0.0698681772    0.0698681772
  0.0698681772    0.0698681772    0.0698681772    0.0698681772    0.0698681772
  0.0698681772    0.0698681772    0.0698681772    0.0698681772    0.0698681772
  0.0698681772    0.0698681772    0.0698681772    0.0698681772    0.0698681772
  0.0698681772    0.0698681772    0.0698681772    0.0698681772    0.0698681772
  0.0698681772    0.0698681772    0.0698681772    0.0698681772    0.0698681772
  0.0698681772    0.0698681772    0.0698681772    0.0698681772    0.0698681772
  0.0698681772    0.0698681772    0.0698681772    0.0698681772    0.0698681772
  0.0698681772    0.0698681772    0.0698681772    0.0698681772    0.0698681772
  0.0698681772    0.0698681772    0.0698681772    0.0698681772    0.0698681772
  0.0698681772    0.0698681772    0.0698681772    0.0698681772    0.0698681772
  0.0698681772    0.0698681772    0.0698681772    0.0698681772    0.0698681772
  0.0698681772    0.0698681772    0.0698681772    0.0698681772    0.0698681772
  0.0698681772    0.0698681772    0.0698681772    0.0698681772    0.0698681772
  0.0698681772    0.0698681772    0.0698681772    0.0698681772    0.0698681772
  0.1120402515    0.1120233238    0.1119736731    0.1118944585    0.1117899120
  0.1116643846    0.1115218699    0.1113654673    0.1111978590    0.1110209525
  0.1108362973    0.1106449664    0.1104479134    0.1102457345    0.1100390851
  0.1098282039    0.1096134484    0.1093951166    0.1091733873    0.1089483798
  0.1087201536    0.1084888875    0.1082545817    0.1080172956    0.1077771485
  0.1075339615    0.1072879732    0.1070389450    0.1067870557    0.1065322459
  0.1062744558    0.1060136259    0.1057498157    0.1054829657    0.1052130163
  0.1049398482    0.1046635211    0.1043839157    0.1041010916    0.1038148105
  0.1035251319    0.1032319963    0.1029352844    0.1026349366    0.1023308337
  0.1020229757    0.1017111838    0.1013955176    0.1010757387    0.1007519066
  0.1004237235    0.1000912488    0.0997542441    0.0994127691    0.0990665257
  0.0987155139    0.0983596146    0.0979985893    0.0976323783    0.0972609222
  0.0968838632    0.0965012610    0.0961128771    0.0957184136    0.0953179896
  0.0949111283    0.0944977701    0.0940777361    0.0936507881    0.0932166874
  0.0927752554    0.0923262537    0.0918693244    0.0914042890    0.0909310877
  0.0904491246    0.0899581611    0.0894578993    0.0889481604    0.0884284675
  0.0878984630    0.0873577297    0.0868058503    0.0862425268    0.0856671631
  0.0850794017    0.0844786465    0.0838644207    0.0832361877    0.0825929940
  0.0819347799    0.0812604725    0.0805695355    0.0798609555    0.0791341960
  0.0783880055    0.0776219070    0.0768343508    0.0760247409    0.0751912892
  0.0743331015    0.0734485090    0.0725363195    0.0715944469    0.0706211030
  0.0702538788    0.0702538788    0.0702538788    0.0702538788    0.0702538788
  0.0702538788    0.0702538788    0.0702538788    0.0702538788    0.0702538788
  0.0702538788    0.0702538788    0.0702538788    0.0702538788    0.0702538788
  0.0702538788    0.0702538788    0.0702538788    0.0702538788    0.0702538788
  0.0702538788    0.0702538788    0.0702538788    0.0702538788    0.0702538788
  0.0702538788    0.0702538788    0.0702538788    0.0702538788    0.0702538788
  0.0702538788    0.0702538788    0.0702538788    0.0702538788    0.0702538788
  0.0702538788    0.0702538788    0.0702538788    0.0702538788    0.0702538788
  0.0702538788    0.0702538788    0.0702538788    0.0702538788    0.0702538788
  0.0702538788    0.0702538788    0.0702538788    0.0702538788    0.0702538788
  0.0702538788    0.0702538788    0.0702538788    0.0702538788    0.0702538788
  0.0702538788    0.0702538788    0.0702538788    0.0702538788    0.0702538788
  0.0702538788    0.0702538788    0.0702538788    0.0702538788    0.0702538788
  0.0702538788    0.0702538788    0.0702538788    0.0702538788    0.0702538788
  0.0702538788    0.0702538788    0.0702538788    0.0702538788    0.0702538788
  0.1125958264    0.1125802696    0.1125345528    0.1124612391    0.1123640239
  0.1122465432    0.1121124327    0.1119646132    0.1118054688    0.1116370261
  0.1114606559    0.1112775505    0.1110886633    0.1108945906    0.1106959283
  0.1104930341    0.1102863252    0.1100760400    0.1098623574    0.1096453965
  0.1094253957    0.1092023551    0.1089763939    0.1087475121    0.1085158288
  0.1082812846    0.1080440581    0.1078039706    0.1075611413    0.1073154509
  0.1070670187    0.1068157852    0.1065616310    0.1063046753    0.1060447395
  0.1057818830    0.1055160463    0.1052472293    0.1049752533    0.1047001779
  0.1044219434    0.1041404307    0.1038556397    0.1035674512    0.1032759249
  0.1029808223    0.1026822031    0.1023798883    0.1020739377    0.1017641127
  0.1014504135    0.1011327803    0.1008110344    0.1004851162    0.1001549661
  0.0998204052    0.0994814336    0.0991378129    0.0987894833    0.0984364450
  0.0980783999    0.0977152884    0.0973469317    0.0969732702    0.0965940654
  0.0962091386    0.0958185494    0.0954218209    0.0950189531    0.0946099460
  0.0941942036    0.0937717259    0.0933424532    0.0929059684    0.0924621522
  0.0920107663    0.0915514529    0.0910839736    0.0906082094    0.0901236832
  0.0896302760    0.0891275704    0.0886153877    0.0880930722    0.0875605643
  0.0870173872    0.0864630640    0.0858972371    0.0853194892    0.0847292244
  0.0841262639    0.0835097134    0.0828790367    0.0822339356    0.0815733969
  0.0808971822    0.0802041590    0.0794939697    0.0787655413    0.0780179203
  0.0772502720    0.0764617622    0.0756509602    0.0748169720    0.0739581883
  0.0730737150    0.0721617043    0.0712201297    0.0706296861    0.0706296861
  0.0706296861    0.0706296861    0.0706296861    0.0706296861    0.0706296861
  0.0706296861    0.0706296861    0.0706296861    0.0706296861    0.0706296861
  0.0706296861    0.0706296861    0.0706296861    0.0706296861    0.0706296861
  0.0706296861    0.0706296861    0.0706296861    0.0706296861    0.0706296861
  0.0706296861    0.0706296861    0.0706296861    0.0706296861    0.0706296861
  0.0706296861    0.0706296861    0.0706296861    0.0706296861    0.0706296861
  0.0706296861    0.0706296861    0.0706296861    0.0706296861    0.0706296861
  0.0706296861    0.0706296861    0.0706296861    0.0706296861    0.0706296861
  0.0706296861    0.0706296861    0.0706296861    0.0706296861    0.0706296861
  0.0706296861    0.0706296861    0.0706296861    0.0706296861    0.0706296861
  0.0706296861    0.0706296861    0.0706296861    0.0706296861    0.0706296861
  0.0706296861    0.0706296861    0.0706296861    0.0706296861    0.0706296861
  0.0706296861    0.0706296861    0.0706296861    0.0706296861    0.0706296861
  0.0706296861    0.0706296861    0.0706296861    0.0706296861    0.0706296861
  0.1131351888    0.1131208837    0.1130786836    0.1130107343    0.1129201353
  0.1128101051    0.1126838624    0.1125440896    0.1123930514    0.1122325957
  0.1120641530    0.1118889153    0.1117077768    0.1115213931    0.1113304198
  0.1111351550    0.1109360754    0.1107333601    0.1105273068    0.1103180349
  0.1101057231    0.1098904312    0.1096723378    0.1094513834    0.1092276871
  0.1090013087    0.1087722480    0.1085405052    0.1083060801    0.1080690324
  0.1078293622    0.1075869501    0.1073418558    0.1070940793    0.1068435013
  0.1065901816    0.1063341200    0.1060751379    0.1058132946    0.1055485308
  0.1052808464    0.1050100625    0.1047362983    0.1044593751    0.1041792333
  0.1038958728    0.1036092937    0.1033192575    0.1030258238    0.1027289331
  0.1024284065    0.1021242440    0.1018163264    0.1015046537    0.1011889875
  0.1008694470    0.1005457938    0.1002179086    0.0998857915    0.0995492041
  0.0992082059    0.0988626182    0.0985122621    0.0981571376    0.0977969468
  0.0974318087    0.0970613658    0.0966854990    0.0963040888    0.0959170759
  0.0955241621    0.0951252878    0.0947202146    0.0943087637    0.0938908160
  0.0934661329    0.0930344760    0.0925956070    0.0921494067    0.0916956365
  0.0912338793    0.0907640755    0.0902859271    0.0897990167    0.0893031657
  0.0887980759    0.0882834494    0.0877588093    0.0872238576    0.0866782963
  0.0861215293    0.0855534375    0.0849733651    0.0843809545    0.0837756693
  0.0831567943    0.0825241506    0.0818769634    0.0812145770    0.0805365145
  0.0798417032    0.0791298449    0.0783999860    0.0776511729    0.0768822730
  0.0760928094    0.0752814114    0.0744470656    0.0735880435    0.0727037489
  0.0717921555    0.0709960163    0.0709960163    0.0709960163    0.0709960163
  0.0709960163    0.0709960163    0.0709960163    0.0709960163    0.0709960163
  0.0709960163    0.0709960163    0.0709960163    0.0709960163    0.0709960163
  0.0709960163    0.0709960163    0.0709960163    0.0709960163    0.0709960163
  0.0709960163    0.0709960163    0.0709960163    0.0709960163    0.0709960163
  0.0709960163    0.0709960163    0.0709960163    0.0709960163    0.0709960163
  0.0709960163    0.0709960163    0.0709960163    0.0709960163    0.0709960163
  0.0709960163    0.0709960163    0.0709960163    0.0709960163    0.0709960163
  0.0709960163    0.0709960163    0.0709960163    0.0709960163    0.0709960163
  0.0709960163    0.0709960163    0.0709960163    0.0709960163    0.0709960163
  0.0709960163    0.0709960163    0.0709960163    0.0709960163    0.0709960163
  0.0709960163    0.0709960163    0.0709960163    0.0709960163    0.0709960163
  0.0709960163    0.0709960163    0.0709960163    0.0709960163    0.0709960163
  0.0709960163    0.0709960163    0.0709960163    0.0709960163    0.0709960163
  0.1136592925    0.1136460602    0.1136069596    0.1135438979    0.1134593785
  0.1133562624    0.1132373512    0.1131051481    0.1129617393    0.1128089130
  0.1126480401    0.1124803126    0.1123065650    0.1121275723    0.1119438708
  0.1117558777    0.1115640700    0.1113686264    0.1111697853    0.1109677851
  0.1107628047    0.1105549037    0.1103441417    0.1101306975    0.1099145710
  0.1096958220    0.1094745100    0.1092505753    0.1090241373    0.1087951362
  0.1085635722    0.1083295047    0.1080928147    0.1078536212    0.1076118052
  0.1073673666    0.1071202457    0.1068705022    0.1066180766    0.1063628495
  0.1061049402    0.1058441103    0.1055804789    0.1053139269    0.1050443947
  0.1047718823    0.1044962704    0.1042175591    0.1039356887    0.1036505401
  0.1033621132    0.1030703485    0.1027750671    0.1024763286    0.1021739542
  0.1018680036    0.1015582383    0.1012446582    0.1009272039    0.1006056964
  0.1002801359    0.0999503434    0.0996162593    0.0992778242    0.0989347398
  0.0985871851    0.0982348025    0.0978775918    0.0975154936    0.0971481502
  0.0967755616    0.0963976681    0.0960141122    0.0956248939    0.0952298939
  0.0948286951    0.0944214761    0.0940078795    0.0935876071    0.0931606591
  0.0927267373    0.0922856629    0.0918371975    0.0913811028    0.0909170806
  0.0904449522    0.0899643600    0.0894751251    0.0889770687    0.0884696543
  0.0879525840    0.0874256194    0.0868884027    0.0863405764    0.0857816637
  0.0852112472    0.0846290886    0.0840342939    0.0834271014    0.0828061998
  0.0821716487    0.0815224946    0.0808584392    0.0801784098    0.0794823468
  0.0787688196    0.0780377090    0.0772876441    0.0765179694    0.0757279098
  0.0749157965    0.0740812123    0.0732227266    0.0723384321    0.0714276135
  0.0713535249    0.0713535249    0.0713535249    0.0713535249    0.0713535249
  0.0713535249    0.0713535249    0.0713535249    0.0713535249    0.0713535249
  0.0713535249    0.0713535249    0.0713535249    0.0713535249    0.0713535249
  0.0713535249    0.0713535249    0.0713535249    0.0713535249    0.0713535249
  0.0713535249    0.0713535249    0.0713535249    0.0713535249    0.0713535249
  0.0713535249    0.0713535249    0.0713535249    0.0713535249    0.0713535249
  0.0713535249    0.0713535249    0.0713535249    0.0713535249    0.0713535249
  0.0713535249    0.0713535249    0.0713535249    0.0713535249    0.0713535249
  0.0713535249    0.0713535249    0.0713535249    0.0713535249    0.0713535249
  0.0713535249    0.0713535249    0.0713535249    0.0713535249    0.0713535249
  0.0713535249    0.0713535249    0.0713535249    0.0713535249    0.0713535249
  0.0713535249    0.0713535249    0.0713535249    0.0713535249    0.0713535249
  0.0713535249    0.0713535249    0.0713535249    0.0713535249    0.0713535249
  0.1141689718    0.1141566932    0.1141204536    0.1140618026    0.1139828265
  0.1138860881    0.1137740314    0.1136489213    0.1135127842    0.1133671701
  0.1132135689    0.1130529344    0.1128863394    0.1127143204    0.1125376523
  0.1123566329    0.1121716797    0.1119831502    0.1117912233    0.1115961969
  0.1113981307    0.1111972034    0.1109934747    0.1107871234    0.1105781496
  0.1103666127    0.1101525724    0.1099360287    0.1097170413    0.1094956100
  0.1092717350    0.1090454161    0.1088166535    0.1085854471    0.1083517969
  0.1081156433    0.1078769863    0.1076358259    0.1073921025    0.1071458161
  0.1068969071    0.1066453755    0.1063911021    0.1061341465    0.1058744490
  0.1056118906    0.1053465307    0.1050782502    0.1048069894    0.1045327485
  0.1042554080    0.1039749682    0.1036913097    0.1034044921    0.1031142771
  0.1028207242    0.1025237143    0.1022231877    0.1019190848    0.1016112268
  0.1012996137    0.1009843051    0.1006649435    0.1003415883    0.1000141203
  0.0996824801    0.0993464291    0.0990060270    0.0986610949    0.0983115733
  0.0979572237    0.0975979865    0.0972338021    0.0968643725    0.0964898169
  0.0961097777    0.0957241356    0.0953328311    0.0949356854    0.0945324004
  0.0941229761    0.0937071741    0.0932848155    0.0928556025    0.0924194753
  0.0919761360    0.0915254653    0.0910669863    0.0906007588    0.0901263654
  0.0896436870    0.0891522467    0.0886516869    0.0881421268    0.0876229703
  0.0870936811    0.0865542591    0.0860042274    0.0854432285    0.0848707259
  0.0842864811    0.0836897194    0.0830805600    0.0824576914    0.0818212330
  0.0811704695    0.0805048645    0.0798233449    0.0791257918    0.0784112513
  0.0776788890    0.0769280493    0.0761577189    0.0753670037    0.0745546520
  0.0737199485    0.0728618801    0.0719781220    0.0717025697    0.0717025697
  0.0717025697    0.0717025697    0.0717025697    0.0717025697    0.0717025697
  0.0717025697    0.0717025697    0.0717025697    0.0717025697    0.0717025697
  0.0717025697    0.0717025697    0.0717025697    0.0717025697    0.0717025697
  0.0717025697    0.0717025697    0.0717025697    0.0717025697    0.0717025697
  0.0717025697    0.0717025697    0.0717025697    0.0717025697    0.0717025697
  0.0717025697    0.0717025697    0.0717025697    0.0717025697    0.0717025697
  0.0717025697    0.0717025697    0.0717025697    0.0717025697    0.0717025697
  0.0717025697    0.0717025697    0.0717025697    0.0717025697    0.0717025697
  0.0717025697    0.0717025697    0.0717025697    0.0717025697    0.0717025697
  0.0717025697    0.0717025697    0.0717025697    0.0717025697    0.0717025697
  0.0717025697    0.0717025697    0.0717025697    0.0717025697    0.0717025697
  0.0717025697    0.0717025697    0.0717025697    0.0717025697    0.0717025697
  0.1146650016    0.1146536171    0.1146199405    0.1145652831    0.1144914329
  0.1144005954    0.1142949164    0.1141764820    0.1140471399    0.1139084399
  0.1137616932    0.1136079133    0.1134481132    0.1132828295    0.1131127775
  0.1129384339    0.1127600968    0.1125781834    0.1123928726    0.1122044027
  0.1120129526    0.1118186414    0.1116216481    0.1114219725    0.1112197936
  0.1110151112    0.1108079255    0.1105983555    0.1103864014    0.1101721227
  0.1099554598    0.1097364724    0.1095151603    0.1092915237    0.1090654433
  0.1088370979    0.1086063683    0.1083731949    0.1081376374    0.1078996956
  0.1076591909    0.1074162424    0.1071707904    0.1069227755    0.1066721380
  0.1064188778    0.1061629355    0.1059043109    0.1056429446    0.1053786576
  0.1051116288    0.1048416793    0.1045687497    0.1042928398    0.1040138304
  0.1037316620    0.1034463346    0.1031577289    0.1028658450    0.1025705636
  0.1022718251    0.1019695103    0.1016636789    0.1013540328    0.1010406911
  0.1007234752    0.1004023254    0.1000771224    0.0997478068    0.0994143188
  0.0990764201    0.0987340510    0.0983871520    0.0980357230    0.0976794064
  0.0973182023    0.0969520509    0.0965807140    0.0962039530    0.0958220065
  0.0954342782    0.0950408280    0.0946416557    0.0942362845    0.0938247144
  0.0934067667    0.0929822624    0.0925509632    0.0921126902    0.0916671455
  0.0912142098    0.0907535851    0.0902852714    0.0898086131    0.0893236697
  0.0888300240    0.0883275568    0.0878157318    0.0872943103    0.0867631137
  0.0862216055    0.0856694281    0.0851062834    0.0845319331    0.0839456618
  0.0833472311    0.0827359855    0.0821116269    0.0814734995    0.0808211863
  0.0801539719    0.0794712007    0.0787725151    0.0780567229    0.0773235857
  0.0765719116    0.0758012235    0.0750100315    0.0741979778    0.0733634531
  0.0725056827    0.0720436275    0.0720436275    0.0720436275    0.0720436275
  0.0720436275    0.0720436275    0.0720436275    0.0720436275    0.0720436275
  0.0720436275    0.0720436275    0.0720436275    0.0720436275    0.0720436275
  0.0720436275    0.0720436275    0.0720436275    0.0720436275    0.0720436275
  0.0720436275    0.0720436275    0.0720436275    0.0720436275    0.0720436275
  0.0720436275    0.0720436275    0.0720436275    0.0720436275    0.0720436275
  0.0720436275    0.0720436275    0.0720436275    0.0720436275    0.0720436275
  0.0720436275    0.0720436275    0.0720436275    0.0720436275    0.0720436275
  0.0720436275    0.0720436275    0.0720436275    0.0720436275    0.0720436275
  0.0720436275    0.0720436275    0.0720436275    0.0720436275    0.0720436275
  0.0720436275    0.0720436275    0.0720436275    0.0720436275    0.0720436275
  0.0720436275    0.0720436275    0.0720436275    0.0720436275    0.0720436275
  0.1151480973    0.1151375473    0.1151061952    0.1150551140    0.1149859726
  0.1149005592    0.1148009002    0.1146887839    0.1145658791    0.1144337356
  0.1142934859    0.1141462624    0.1139928997    0.1138341129    0.1136704981
  0.1135024726    0.1133305132    0.1131548584    0.1129758656    0.1127937138
  0.1126085818    0.1124205887    0.1122299731    0.1120366752    0.1118409336
  0.1116426885    0.1114420593    0.1112391055    0.1110338867    0.1108262837
  0.1106164753    0.1104043424    0.1101900637    0.1099734604    0.1097546518
  0.1095335782    0.1093102396    0.1090846360    0.1088567078    0.1086265147
  0.1083939373    0.1081590354    0.1079217494    0.1076820791    0.1074399054
  0.1071952879    0.1069481671    0.1066984832    0.1064462364    0.1061913073
  0.1059337556    0.1056734622    0.1054104865    0.1051446497    0.1048759520
  0.1046043336    0.1043297946    0.1040522158    0.1037715375    0.1034878194
  0.1032007635    0.1029105484    0.1026169956    0.1023199856    0.1020194590
  0.1017154753    0.1014077961    0.1010965407    0.1007813513    0.1004624069
  0.1001393497    0.0998124182    0.0994812548    0.0991458595    0.0988061726
  0.0984618962    0.0981132686    0.0977597535    0.0974015892    0.0970384181
  0.0966702998    0.0962968767    0.0959182680    0.0955342352    0.0951445997
  0.0947491229    0.0943478644    0.0939404070    0.0935268104    0.0931067765
  0.0926801264    0.0922466815    0.0918063223    0.0913586915    0.0909036100
  0.0904410183    0.0899704397    0.0894918144    0.0890046656    0.0885089338
  0.0880042613    0.0874905288    0.0869669616    0.0864336789    0.0858902633
  0.0853361785    0.0847711861    0.0841948688    0.0836067498    0.0830065310
  0.0823936164    0.0817677677    0.0811282098    0.0804744065    0.0798058212
  0.0791219771    0.0784221590    0.0777057111    0.0769716203    0.0762196481
  0.0754483640    0.0746572912    0.0738452375    0.0730111897    0.0723770559
  0.0723770559    0.0723770559    0.0723770559    0.0723770559    0.0723770559
  0.0723770559    0.0723770559    0.0723770559    0.0723770559    0.0723770559
  0.0723770559    0.0723770559    0.0723770559    0.0723770559    0.0723770559
  0.0723770559    0.0723770559    0.0723770559    0.0723770559    0.0723770559
  0.0723770559    0.0723770559    0.0723770559    0.0723770559    0.0723770559
  0.0723770559    0.0723770559    0.0723770559    0.0723770559    0.0723770559
  0.0723770559    0.0723770559    0.0723770559    0.0723770559    0.0723770559
  0.0723770559    0.0723770559    0.0723770559    0.0723770559    0.0723770559
  0.0723770559    0.0723770559    0.0723770559    0.0723770559    0.0723770559
  0.0723770559    0.0723770559    0.0723770559    0.0723770559    0.0723770559
  0.0723770559    0.0723770559    0.0723770559    0.0723770559    0.0723770559
  0.1156190336    0.1156091392    0.1155798733    0.1155321300    0.1154672801
  0.1153869331    0.1152928174    0.1151866019    0.1150697768    0.1149438322
  0.1148098409    0.1146688759    0.1145217121    0.1143691242    0.1142115891
  0.1140497029    0.1138838232    0.1137142479    0.1135412753    0.1133651435
  0.1131860316    0.1130041182    0.1128195226    0.1126323640    0.1124427021
  0.1122506559    0.1120562851    0.1118595898    0.1116606295    0.1114594638
  0.1112560928    0.1110505760    0.1108427942    0.1106329262    0.1104209125
  0.1102066934    0.1099903286    0.1097718179    0.1095511019    0.1093281806
  0.1091030538    0.1088756621    0.1086460054    0.1084140837    0.1081798375
  0.1079433262    0.1077044308    0.1074630916    0.1072193086    0.1069731414
  0.1067244112    0.1064731777    0.1062192619    0.1059629023    0.1057037413
  0.1054418981    0.1051772535    0.1049098670    0.1046395600    0.1043663919
  0.1040902436    0.1038109958    0.1035287678    0.1032433808    0.1029547155
  0.1026627719    0.1023675501    0.1020688713    0.1017667353    0.1014610231
  0.1011516750    0.1008386314    0.1005217135    0.1002009809    0.0998761952
  0.0995474160    0.0992145240    0.0988772810    0.0985357463    0.0981896818
  0.0978390872    0.0974837244    0.0971236527    0.0967586339    0.0963884890
  0.0960132778    0.0956326425    0.0952465832    0.0948549807    0.0944575965
  0.0940542519    0.0936448872    0.0932292044    0.0928070843    0.0923784077
  0.0919429958    0.0915005505    0.0910509527    0.0905937850    0.0901290476
  0.0896565020    0.0891757905    0.0886867344    0.0881889164    0.0876823962
  0.0871664584    0.0866410434    0.0861057937    0.0855604708    0.0850044787
  0.0844377577    0.0838597119    0.0832699835    0.0826682746    0.0820538700
  0.0814262331    0.0807853043    0.0801303089    0.0794605911    0.0787757933
  0.0780750215    0.0773577988    0.0766233504    0.0758710206    0.0750997961
  0.0743087232    0.0734971464    0.0727032125    0.0727032125    0.0727032125
  0.0727032125    0.0727032125    0.0727032125    0.0727032125    0.0727032125
  0.0727032125    0.0727032125    0.0727032125    0.0727032125    0.0727032125
  0.0727032125    0.0727032125    0.0727032125    0.0727032125    0.0727032125
  0.0727032125    0.0727032125    0.0727032125    0.0727032125    0.0727032125
  0.0727032125    0.0727032125    0.0727032125    0.0727032125    0.0727032125
  0.0727032125    0.0727032125    0.0727032125    0.0727032125    0.0727032125
  0.0727032125    0.0727032125    0.0727032125    0.0727032125    0.0727032125
  0.0727032125    0.0727032125    0.0727032125    0.0727032125    0.0727032125
  0.0727032125    0.0727032125    0.0727032125    0.0727032125    0.0727032125
  0.0727032125    0.0727032125    0.0727032125    0.0727032125    0.0727032125
  0.1160782874    0.1160691082    0.1160417497    0.1159969866    0.1159360707
  0.1158604324    0.1157714427    0.1156707704    0.1155597866    0.1154396832
  0.1153116524    0.1151765883    0.1150353849    0.1148886979    0.1147370636
  0.1145810187    0.1144209802    0.1142571867    0.1140900552    0.1139197052
  0.1137463748    0.1135702431    0.1133914292    0.1132101119    0.1130262911
  0.1128401458    0.1126516759    0.1124609411    0.1122680008    0.1120729148
  0.1118756831    0.1116763055    0.1114748418    0.1112712920    0.1110656559
  0.1108579934    0.1106481850    0.1104363501    0.1102223694    0.1100063026
  0.1097881496    0.1095678508    0.1093454063    0.1091208160    0.1088940203
  0.1086650193    0.1084337533    0.1082002819    0.1079644859    0.1077263653
  0.1074858606    0.1072430313    0.1069977582    0.1067499816    0.1064997613
  0.1062469780    0.1059915721    0.1057336032    0.1054729521    0.1052095592
  0.1049433649    0.1046744287    0.1044026315    0.1041278541    0.1038501561
  0.1035692990    0.1032854617    0.1029984057    0.1027081907    0.1024146378
  0.1021177471    0.1018173993    0.1015136540    0.1012062132    0.1008951962
  0.1005804241    0.1002618372    0.0999393165    0.0996129215    0.0992822945
  0.0989475548    0.0986085832    0.0982652009    0.0979173481    0.0975649059
  0.0972076952    0.0968457758    0.0964787900    0.0961067975    0.0957296789
  0.0953472555    0.0949591696    0.0945655406    0.0941662490    0.0937609971
  0.0933496058    0.0929320753    0.0925079286    0.0920773447    0.0916397870
  0.0911953747    0.0907438099    0.0902846754    0.0898180902    0.0893434584
  0.0888608396    0.0883696973    0.0878699720    0.0873614252    0.0868437588
  0.0863164961    0.0857794583    0.0852323472    0.0846746862    0.0841061771
  0.0835264623    0.0829351246    0.0823319852    0.0817160308    0.0810872614
  0.0804452002    0.0797890723    0.0791184604    0.0784327686    0.0777312219
  0.0770134628    0.0762786567    0.0755262077    0.0747550428    0.0739645660
  0.0731534660    0.0730225146    0.0730225146    0.0730225146    0.0730225146
  0.0730225146    0.0730225146    0.0730225146    0.0730225146    0.0730225146
  0.0730225146    0.0730225146    0.0730225146    0.0730225146    0.0730225146
  0.0730225146    0.0730225146    0.0730225146    0.0730225146    0.0730225146
  0.0730225146    0.0730225146    0.0730225146    0.0730225146    0.0730225146
  0.0730225146    0.0730225146    0.0730225146    0.0730225146    0.0730225146
  0.0730225146    0.0730225146    0.0730225146    0.0730225146    0.0730225146
  0.0730225146    0.0730225146    0.0730225146    0.0730225146    0.0730225146
  0.0730225146    0.0730225146    0.0730225146    0.0730225146    0.0730225146
  0.0730225146    0.0730225146    0.0730225146    0.0730225146    0.0730225146
  0.1165265143    0.1165179312    0.1164923012    0.1164503396    0.1163930595
  0.1163217127    0.1162375510    0.1161420643    0.1160365045    0.1159220040
  0.1157996356    0.1156702936    0.1155347526    0.1153937280    0.1152477562
  0.1150973141    0.1149428785    0.1147846878    0.1146230996    0.1144582927
  0.1142905056    0.1141199172    0.1139467061    0.1137709320    0.1135927141
  0.1134121716    0.1132293046    0.1130442321    0.1128570735    0.1126677096
  0.1124763191    0.1122828424    0.1120873392    0.1118898094    0.1116902530
  0.1114887297    0.1112851799    0.1110796034    0.1108720005    0.1106624305
  0.1104508340    0.1102372110    0.1100215614    0.1098038256    0.1095840037
  0.1093620956    0.1091380417    0.1089119017    0.1086835563    0.1084530056
  0.1082202494    0.1079852283    0.1077479422    0.1075082719    0.1072663367
  0.1070220172    0.1067752540    0.1065259874    0.1062742770    0.1060200036
  0.1057631075    0.1055035889    0.1052415073    0.1049765646    0.1047089398
  0.1044384539    0.1041650474    0.1038887203    0.1036094725    0.1033271849
  0.1030417383    0.1027530730    0.1024612486    0.1021661460    0.1018675864
  0.1015656888    0.1012602150    0.1009511650    0.1006384194    0.1003219783
  0.1000016630    0.0996774733    0.0993493497    0.0990171134    0.0986805260
  0.0983397067    0.0979946554    0.0976449549    0.0972906649    0.0969317257
  0.0965678990    0.0961992443    0.0958254039    0.0954461992    0.0950619280
  0.0946719944    0.0942765772    0.0938753188    0.0934680402    0.0930548012
  0.0926351845    0.0922093093    0.0917767584    0.0913373530    0.0908909738
  0.0904374421    0.0899764001    0.0895077884    0.0890313685    0.0885468423
  0.0880539119    0.0875522792    0.0870419443    0.0865223110    0.0859933197
  0.0854546726    0.0849058926    0.0843464434    0.0837763846    0.0831953585
  0.0826025307    0.0819977820    0.0813806355    0.0807508528    0.0801076591
  0.0794505179    0.0787791312    0.0780928433    0.0773908794    0.0766727030
  0.0759377182    0.0751852095    0.0744141638    0.0736241043    0.0733352005
  0.0733352005    0.0733352005    0.0733352005    0.0733352005    0.0733352005
  0.0733352005    0.0733352005    0.0733352005    0.0733352005    0.0733352005
  0.0733352005    0.0733352005    0.0733352005    0.0733352005    0.0733352005
  0.0733352005    0.0733352005    0.0733352005    0.0733352005    0.0733352005
  0.0733352005    0.0733352005    0.0733352005    0.0733352005    0.0733352005
  0.0733352005    0.0733352005    0.0733352005    0.0733352005    0.0733352005
  0.0733352005    0.0733352005    0.0733352005    0.0733352005    0.0733352005
  0.0733352005    0.0733352005    0.0733352005    0.0733352005    0.0733352005
  0.0733352005    0.0733352005    0.0733352005    0.0733352005    0.0733352005
  0.1169642508    0.1169561446    0.1169321239    0.1168927252    0.1168387830
  0.1167714298    0.1166917980    0.1166011989    0.1165007651    0.1163915098
  0.1162745059    0.1161505878    0.1160205305    0.1158849299    0.1157443821
  0.1155993640    0.1154502928    0.1152974665    0.1151411831    0.1149817407
  0.1148192585    0.1146540344    0.1144861281    0.1143156588    0.1141428053
  0.1139676273    0.1137901843    0.1136105955    0.1134288609    0.1132450402
  0.1130591929    0.1128712595    0.1126814187    0.1124896109    0.1122958362
  0.1121000946    0.1119024456    0.1117028892    0.1115013659    0.1112979352
  0.1110925376    0.1108852327    0.1106759608    0.1104646623    0.1102514565
  0.1100362241    0.1098189652    0.1095996797    0.1093783081    0.1091549098
  0.1089293659    0.1087016761    0.1084719002    0.1082399189    0.1080056131
  0.1077692211    0.1075304449    0.1072893441    0.1070459783    0.1068001688
  0.1065519750    0.1063012779    0.1060480773    0.1057923734    0.1055340469
  0.1052730381    0.1050094664    0.1047430933    0.1044739187    0.1042018831
  0.1039271057    0.1036492288    0.1033684313    0.1030845344    0.1027975380
  0.1025074422    0.1022140086    0.1019172370    0.1016170681    0.1013136208
  0.1010064781    0.1006958187    0.1003814638    0.1000633538    0.0997414291
  0.0994155109    0.0990857184    0.0987515748    0.0984133780    0.0980708897
  0.0977240503    0.0973725617    0.0970165431    0.0966557562    0.0962901413
  0.0959196389    0.0955438912    0.0951630771    0.0947767794    0.0943851173
  0.0939878523    0.0935846269    0.0931755602    0.0927604735    0.0923390687
  0.0919111669    0.0914768279    0.0910354555    0.0905872285    0.0901317894
  0.0896690190    0.0891984999    0.0887201726    0.0882337987    0.0877391994
  0.0872357786    0.0867238343    0.0862024724    0.0856717527    0.0851313770
  0.0845810473    0.0840202272    0.0834487379    0.0828661621    0.0822720826
  0.0816662014    0.0810478628    0.0804169476    0.0797727406    0.0791148841
  0.0784429610    0.0777557790    0.0770536959    0.0763353407    0.0756003559
  0.0748480856    0.0740775764    0.0736416280    0.0736416280    0.0736416280
  0.0736416280    0.0736416280    0.0736416280    0.0736416280    0.0736416280
  0.0736416280    0.0736416280    0.0736416280    0.0736416280    0.0736416280
  0.0736416280    0.0736416280    0.0736416280    0.0736416280    0.0736416280
  0.0736416280    0.0736416280    0.0736416280    0.0736416280    0.0736416280
  0.0736416280    0.0736416280    0.0736416280    0.0736416280    0.0736416280
  0.0736416280    0.0736416280    0.0736416280    0.0736416280    0.0736416280
  0.0736416280    0.0736416280    0.0736416280    0.0736416280    0.0736416280
  0.0736416280    0.0736416280    0.0736416280    0.0736416280    0.0736416280
  0.1173919141    0.1173843443    0.1173617542    0.1173246801    0.1172738373
  0.1172101796    0.1171347797    0.1170487702    0.1169531047    0.1168489158
  0.1167369783    0.1166182458    0.1164933741    0.1163630188    0.1162276566
  0.1160878837    0.1159439385    0.1157962382    0.1156451404    0.1154908240
  0.1153334677    0.1151733696    0.1150105298    0.1148452461    0.1146775186
  0.1145074666    0.1143352091    0.1141608059    0.1139842570    0.1138057411
  0.1136251390    0.1134426296    0.1132581532    0.1130717695    0.1128834784
  0.1126933396    0.1125012934    0.1123073995    0.1121116579    0.1119139493
  0.1117145121    0.1115131080    0.1113098562    0.1111046970    0.1108976901
  0.1106887758    0.1104778945    0.1102651060    0.1100503504    0.1098336279
  0.1096148789    0.1093941033    0.1091713607    0.1089464724    0.1087194979
  0.1084903777    0.1082591712    0.1080257595    0.1077900827    0.1075522602
  0.1073120534    0.1070696414    0.1068247855    0.1065776050    0.1063280404
  0.1060758531    0.1058212817    0.1055640876    0.1053043306    0.1050419509
  0.1047768295    0.1045090258    0.1042384207    0.1039649546    0.1036886275
  0.1034092605    0.1031269729    0.1028415263    0.1025530398    0.1022613943
  0.1019664109    0.1016680896    0.1013663709    0.1010612547    0.1007525623
  0.1004402936    0.1001243293    0.0998045504    0.0994809568    0.0991533697
  0.0988218486    0.0984861553    0.0981462300    0.0978020132    0.0974533856
  0.0971001685    0.0967424810    0.0963799059    0.0960125625    0.0956402719
  0.0952627957    0.0948801339    0.0944921672    0.0940985382    0.0936993659
  0.0932945311    0.0928836167    0.0924666226    0.0920434892    0.0916137397
  0.0911774337    0.0907343924    0.0902842581    0.0898270309    0.0893624723
  0.0888902247    0.0884102285    0.0879221261    0.0874256194    0.0869206488
  0.0864067972    0.0858840644    0.0853519142    0.0848101079    0.0842581093
  0.0836960375    0.0831230581    0.0825392306    0.0819439590    0.0813368261
  0.0807177126    0.0800857842    0.0794407427    0.0787822902    0.0781096518
  0.0774222314    0.0767199695    0.0760014951    0.0752666891    0.0745148957
  0.0739419758    0.0739419758    0.0739419758    0.0739419758    0.0739419758
  0.0739419758    0.0739419758    0.0739419758    0.0739419758    0.0739419758
  0.0739419758    0.0739419758    0.0739419758    0.0739419758    0.0739419758
  0.0739419758    0.0739419758    0.0739419758    0.0739419758    0.0739419758
  0.0739419758    0.0739419758    0.0739419758    0.0739419758    0.0739419758
  0.0739419758    0.0739419758    0.0739419758    0.0739419758    0.0739419758
  0.0739419758    0.0739419758    0.0739419758    0.0739419758    0.0739419758
  0.0739419758    0.0739419758    0.0739419758    0.0739419758    0.0739419758
  0.1178101003    0.1178029478    0.1177816689    0.1177467406    0.1176987588
  0.1176385581    0.1175670922    0.1174853146    0.1173942387    0.1172947586
  0.1171877086    0.1170739233    0.1169540584    0.1168286502    0.1166982949
  0.1165634692    0.1164245307    0.1162818372    0.1161356270    0.1159862578
  0.1158338487    0.1156786382    0.1155207455    0.1153603494    0.1151975691
  0.1150325239    0.1148652136    0.1146957576    0.1145242751    0.1143507063
  0.1141752303    0.1139978468    0.1138184965    0.1136372983    0.1134542525
  0.1132693589    0.1130826771    0.1128941476    0.1127038300    0.1125117242
  0.1123178303    0.1121220887    0.1119245589    0.1117252409    0.1115240753
  0.1113211215    0.1111162603    0.1109096110    0.1107010543    0.1104906499
  0.1102782786    0.1100640595    0.1098478734    0.1096297204    0.1094096005
  0.1091873944    0.1089632213    0.1087369621    0.1085086763    0.1082781851
  0.1080456078    0.1078108251    0.1075737774    0.1073345840    0.1070930660
  0.1068491638    0.1066030562    0.1063543856    0.1061033905    0.1058499515
  0.1055938303    0.1053352654    0.1050741374    0.1048103273    0.1045438349
  0.1042745411    0.1040025055    0.1037275493    0.1034497321    0.1031689346
  0.1028851569    0.1025982797    0.1023082435    0.1020149887    0.1017185152
  0.1014187038    0.1011154354    0.1008087099    0.1004984677    0.1001845896
  0.0998670161    0.0995455682    0.0992203653    0.0988912284    0.0985580385
  0.0982206762    0.0978790224    0.0975331962    0.0971828401    0.0968279541
  0.0964684784    0.0961042345    0.0957351029    0.0953610837    0.0949819386
  0.0945975482    0.0942076743    0.0938123763    0.0934114754    0.0930047333
  0.0925921500    0.0921734273    0.0917483866    0.0913169086    0.0908787549
  0.0904340446    0.0899821818    0.0895232856    0.0890569389    0.0885829031
  0.0881012976    0.0876114666    0.0871134102    0.0866069496    0.0860915482
  0.0855672061    0.0850334466    0.0844902098    0.0839371383    0.0833734572
  0.0827993453    0.0822143257    0.0816181600    0.0810100734    0.0803900063
  0.0797572434    0.0791116655    0.0784526169    0.0777795613    0.0770920217
  0.0763897598    0.0756712854    0.0749370754    0.0742365420    0.0742365420
  0.0742365420    0.0742365420    0.0742365420    0.0742365420    0.0742365420
  0.0742365420    0.0742365420    0.0742365420    0.0742365420    0.0742365420
  0.0742365420    0.0742365420    0.0742365420    0.0742365420    0.0742365420
  0.0742365420    0.0742365420    0.0742365420    0.0742365420    0.0742365420
  0.0742365420    0.0742365420    0.0742365420    0.0742365420    0.0742365420
  0.0742365420    0.0742365420    0.0742365420    0.0742365420    0.0742365420
  0.0742365420    0.0742365420    0.0742365420    0.0742365420    0.0742365420
  0.1182190478    0.1182123721    0.1181922853    0.1181593239    0.1181139648
  0.1180569828    0.1179891527    0.1179114282    0.1178246439    0.1177296937
  0.1176272333    0.1175181568    0.1174030006    0.1172824204    0.1171568930
  0.1170268357    0.1168927252    0.1167547405    0.1166133583    0.1164686978
  0.1163210571    0.1161706150    0.1160174310    0.1158618033    0.1157037318
  0.1155433953    0.1153809130    0.1152162254    0.1150495112    0.1148808300
  0.1147101820    0.1145376861    0.1143632829    0.1141870320    0.1140089333
  0.1138291061    0.1136474907    0.1134641469    0.1132790148    0.1130921543
  0.1129035652    0.1127132475    0.1125211418    0.1123273075    0.1121317446
  0.1119343936    0.1117353141    0.1115344465    0.1113317907    0.1111272871
  0.1109210551    0.1107129157    0.1105029285    0.1102911532    0.1100774109
  0.1098617613    0.1096442640    0.1094247401    0.1092032492    0.1089797318
  0.1087541878    0.1085266173    0.1082969606    0.1080651581    0.1078312099
  0.1075951159    0.1073567569    0.1071161926    0.1068733633    0.1066281497
  0.1063806117    0.1061306894    0.1058782637    0.1056233943    0.1053660214
  0.1051060259    0.1048434675    0.1045782864    0.1043103635    0.1040396392
  0.1037661731    0.1034897864    0.1032105386    0.1029282510    0.1026430428
  0.1023546159    0.1020630896    0.1017684042    0.1014703214    0.1011690199
  0.1008642018    0.1005559862    0.1002442539    0.0999287665    0.0996095836
  0.0992867053    0.0989598334    0.0986289680    0.0982941091    0.0979551375
  0.0976119936    0.0972644389    0.0969124138    0.0965557992    0.0961945951
  0.0958287418    0.0954579413    0.0950821936    0.0947012603    0.0943151414
  0.0939235985    0.0935265720    0.0931240022    0.0927155912    0.0923011005
  0.0918806493    0.0914539993    0.0910207331    0.0905810893    0.0901344717
  0.0896810591    0.0892204344    0.0887524784    0.0882768929    0.0877935588
  0.0873021781    0.0868026912    0.0862946212    0.0857778490    0.0852520764
  0.0847168267    0.0841722190    0.0836177766    0.0830531418    0.0824777782
  0.0818918645    0.0812946856    0.0806858242    0.0800649822    0.0794313848
  0.0787854493    0.0781259239    0.0774527490    0.0767652094    0.0760625899
  0.0753450692    0.0746109188    0.0745256245    0.0745256245    0.0745256245
  0.0745256245    0.0745256245    0.0745256245    0.0745256245    0.0745256245
  0.0745256245    0.0745256245    0.0745256245    0.0745256245    0.0745256245
  0.0745256245    0.0745256245    0.0745256245    0.0745256245    0.0745256245
  0.0745256245    0.0745256245    0.0745256245    0.0745256245    0.0745256245
  0.0745256245    0.0745256245    0.0745256245    0.0745256245    0.0745256245
  0.0745256245    0.0745256245    0.0745256245    0.0745256245    0.0745256245
  0.1186193526    0.1186129749    0.1185940802    0.1185629070    0.1185199916
  0.1184659898    0.1184016168    0.1183276474    0.1182449162    0.1181541383
  0.1180561483    0.1179515421    0.1178409755    0.1177249253    0.1176040471
  0.1174785793    0.1173490584    0.1172157228    0.1170788705    0.1169387996
  0.1167957485    0.1166498363    0.1165012419    0.1163502038    0.1161967218
  0.1160409153    0.1158829629    0.1157229245    0.1155608594    0.1153967679
  0.1152308285    0.1150629222    0.1148932278    0.1147217453    0.1145484746
  0.1143734753    0.1141967475    0.1140182912    0.1138381064    0.1136562526
  0.1134727299    0.1132874787    0.1131005585    0.1129120290    0.1127217114
  0.1125297248    0.1123360693    0.1121406853    0.1119436324    0.1117447913
  0.1115442216    0.1113419831    0.1111378968    0.1109320223    0.1107243598
  0.1105149090    0.1103035510    0.1100904047    0.1098753512    0.1096584499
  0.1094395816    0.1092187464    0.1089960039    0.1087711751    0.1085443199
  0.1083154976    0.1080844700    0.1078513563    0.1076161563    0.1073787510
  0.1071390808    0.1068972051    0.1066530049    0.1064064801    0.1061576307
  0.1059063375    0.1056526005    0.1053963602    0.1051376164    0.1048763096
  0.1046124399    0.1043457687    0.1040764153    0.1038043797    0.1035294831
  0.1032517254    0.1029709876    0.1026873291    0.1024006307    0.1021107137
  0.1018177569    0.1015215814    0.1012220681    0.1009192169    0.1006129086
  0.1003030837    0.0999898016    0.0996728241    0.0993520319    0.0990274847
  0.0986991823    0.0983667672    0.0980302989    0.0976896584    0.0973448455
  0.0969956815    0.0966419876    0.0962838233    0.0959210694    0.0955534279
  0.0951809585    0.0948035419    0.0944209397    0.0940331519    0.0936399996
  0.0932411849    0.0928369462    0.0924267471    0.0920107663    0.0915885866
  0.0911602676    0.0907254517    0.0902840793    0.0898358524    0.0893808305
  0.0889186561    0.0884491503    0.0879718959    0.0874870121    0.0869942009
  0.0864932239    0.0859837830    0.0854654610    0.0849385560    0.0844020545
  0.0838561356    0.0833004415    0.0827347338    0.0821585357    0.0815715492
  0.0809735358    0.0803640187    0.0797424614    0.0791086257    0.0784621537
  0.0778023303    0.0771290362    0.0764417350    0.0757395327    0.0750219524
  0.0748093426    0.0748093426    0.0748093426    0.0748093426    0.0748093426
  0.0748093426    0.0748093426    0.0748093426    0.0748093426    0.0748093426
  0.0748093426    0.0748093426    0.0748093426    0.0748093426    0.0748093426
  0.0748093426    0.0748093426    0.0748093426    0.0748093426    0.0748093426
  0.0748093426    0.0748093426    0.0748093426    0.0748093426    0.0748093426
  0.0748093426    0.0748093426    0.0748093426    0.0748093426    0.0748093426
