  0.0000000000    0.0150000000
  0.0002500000    0.0010000000    179    30
  0.0033188413    0.0033053199    0.0032749749    0.0032383987    0.0031993287
  0.0031590682    0.0031181140    0.0030767321    0.0030350332    0.0029930862
  0.0029509536    0.0029086406    0.0028661857    0.0028235867    0.0027808632
  0.0027380036    0.0026950257    0.0026519336    0.0026087269    0.0025654012
  0.0025219640    0.0024784115    0.0024347373    0.0023909612    0.0023470514
  0.0023030374    0.0022588928    0.0022146383    0.0021702544    0.0021257435
  0.0020811029    0.0020363386    0.0019914357    0.0019464025    0.0019012296
  0.0018559142    0.0018104480    0.0017648350    0.0017190536    0.0016731092
  0.0016269821    0.0015806747    0.0015341712    0.0014874495    0.0014404928
  0.0013932830    0.0013457804    0.0012979612    0.0012497507    0.0012011054
  0.0011519254    0.0011021043    0.0010727553    0.0010727556    0.0010727556
  0.0010727556    0.0010727556    0.0010727556    0.0010727556    0.0010727556
  0.0010727556    0.0010727556    0.0010727556    0.0010727556    0.0010727556
  0.0010727556    0.0010727556    0.0010727556    0.0010727556    0.0010727556
  0.0010727556    0.0010727556    0.0010727556    0.0010727556    0.0010727556
  0.0010727556    0.0010727556    0.0010727556    0.0010727556    0.0010727556
  0.0010727556    0.0010727556    0.0010727556    0.0010727556    0.0010727556
  0.0010727556    0.0010727556    0.0010727556    0.0010727556    0.0010727556
  0.0010727556    0.0010727556    0.0010727556    0.0010727556    0.0010727556
  0.0010727556    0.0010727556    0.0010727556    0.0010727556    0.0010727556
  0.0010727556    0.0010727556    0.0010727556    0.0010727556    0.0010727556
  0.0010727556    0.0010727556    0.0010727556    0.0010727556    0.0010727556
  0.0010727556    0.0010727556    0.0010727556    0.0010727556    0.0010727556
  0.0010727556    0.0010727556    0.0010727556    0.0010727556    0.0010727556
  0.0010727556    0.0010727556    0.0010727556    0.0010727556    0.0010727556
  0.0010727556    0.0010727556    0.0010727556    0.0010727556    0.0010727556
  0.0010727556    0.0010727556    0.0010727556    0.0010727556    0.0010727556
  0.0010727556    0.0010727556    0.0010727556    0.0010727556    0.0010727556
  0.0010727556    0.0010727556    0.0010727556    0.0010727556    0.0010727556
  0.0010727556    0.0010727556    0.0010727556    0.0010727556    0.0010727556
  0.0010727556    0.0010727556    0.0010727556    0.0010727556    0.0010727556
  0.0010727556    0.0010727556    0.0010727556    0.0010727556    0.0010727556
  0.0010727556    0.0010727556    0.0010727556    0.0010727556    0.0010727556
  0.0010727556    0.0010727556    0.0010727556    0.0010727556    0.0010727556
  0.0010727556    0.0010727556    0.0010727556    0.0010727556    0.0010727556
  0.0010727556    0.0010727556    0.0010727556    0.0010727556    0.0010727556
  0.0035235492    0.0035115992    0.0034834853    0.0034484871    0.0034105445
  0.0033711269    0.0033308760    0.0032900929    0.0032489362    0.0032074935
  0.0031658282    0.0031239739    0.0030819604    0.0030397934    0.0029974923
  0.0029550699    0.0029125239    0.0028698554    0.0028270772    0.0027841793
  0.0027411718    0.0026980593    0.0026548342    0.0026114925    0.0025680498
  0.0025244802    0.0024808139    0.0024370278    0.0023931253    0.0023491018
  0.0023049643    0.0022607130    0.0022163353    0.0021718326    0.0021272017
  0.0020824422    0.0020375502    0.0019925211    0.0019473553    0.0019020343
  0.0018565720    0.0018109553    0.0017651747    0.0017192266    0.0016730844
  0.0016267577    0.0015802223    0.0015334576    0.0014864527    0.0014391737
  0.0013915804    0.0013436416    0.0012952939    0.0012464648    0.0011970550
  0.0011500308    0.0011500311    0.0011500311    0.0011500311    0.0011500311
  0.0011500311    0.0011500311    0.0011500311    0.0011500311    0.0011500311
  0.0011500311    0.0011500311    0.0011500311    0.0011500311    0.0011500311
  0.0011500311    0.0011500311    0.0011500311    0.0011500311    0.0011500311
  0.0011500311    0.0011500311    0.0011500311    0.0011500311    0.0011500311
  0.0011500311    0.0011500311    0.0011500311    0.0011500311    0.0011500311
  0.0011500311    0.0011500311    0.0011500311    0.0011500311    0.0011500311
  0.0011500311    0.0011500311    0.0011500311    0.0011500311    0.0011500311
  0.0011500311    0.0011500311    0.0011500311    0.0011500311    0.0011500311
  0.0011500311    0.0011500311    0.0011500311    0.0011500311    0.0011500311
  0.0011500311    0.0011500311    0.0011500311    0.0011500311    0.0011500311
  0.0011500311    0.0011500311    0.0011500311    0.0011500311    0.0011500311
  0.0011500311    0.0011500311    0.0011500311    0.0011500311    0.0011500311
  0.0011500311    0.0011500311    0.0011500311    0.0011500311    0.0011500311
  0.0011500311    0.0011500311    0.0011500311    0.0011500311    0.0011500311
  0.0011500311    0.0011500311    0.0011500311    0.0011500311    0.0011500311
  0.0011500311    0.0011500311    0.0011500311    0.0011500311    0.0011500311
  0.0011500311    0.0011500311    0.0011500311    0.0011500311    0.0011500311
  0.0011500311    0.0011500311    0.0011500311    0.0011500311    0.0011500311
  0.0011500311    0.0011500311    0.0011500311    0.0011500311    0.0011500311
  0.0011500311    0.0011500311    0.0011500311    0.0011500311    0.0011500311
  0.0011500311    0.0011500311    0.0011500311    0.0011500311    0.0011500311
  0.0011500311    0.0011500311    0.0011500311    0.0011500311    0.0011500311
  0.0011500311    0.0011500311    0.0011500311    0.0011500311    0.0011500311
  0.0011500311    0.0011500311    0.0011500311    0.0011500311    0.0011500311
  0.0037267973    0.0037161744    0.0036902093    0.0036568671    0.0036201127
  0.0035816127    0.0035421016    0.0035019524    0.0034613545    0.0034204171
  0.0033792373    0.0033378395    0.0032962563    0.0032545249    0.0032126463
  0.0031706250    0.0031284877    0.0030862349    0.0030438604    0.0030013788
  0.0029587808    0.0029160770    0.0028732720    0.0028303563    0.0027873323
  0.0027441970    0.0027009671    0.0026576150    0.0026141644    0.0025706040
  0.0025269278    0.0024831483    0.0024392411    0.0023952218    0.0023510972
  0.0023068471    0.0022624725    0.0022179733    0.0021733581    0.0021285958
  0.0020837157    0.0020386855    0.0019935195    0.0019482074    0.0019027501
  0.0018571335    0.0018113314    0.0017653645    0.0017192132    0.0016728578
  0.0016262847    0.0015794745    0.0015324038    0.0014850438    0.0014373529
  0.0013892747    0.0013407656    0.0012917405    0.0012420738    0.0012277012
  0.0012277015    0.0012277015    0.0012277015    0.0012277015    0.0012277015
  0.0012277015    0.0012277015    0.0012277015    0.0012277015    0.0012277015
  0.0012277015    0.0012277015    0.0012277015    0.0012277015    0.0012277015
  0.0012277015    0.0012277015    0.0012277015    0.0012277015    0.0012277015
  0.0012277015    0.0012277015    0.0012277015    0.0012277015    0.0012277015
  0.0012277015    0.0012277015    0.0012277015    0.0012277015    0.0012277015
  0.0012277015    0.0012277015    0.0012277015    0.0012277015    0.0012277015
  0.0012277015    0.0012277015    0.0012277015    0.0012277015    0.0012277015
  0.0012277015    0.0012277015    0.0012277015    0.0012277015    0.0012277015
  0.0012277015    0.0012277015    0.0012277015    0.0012277015    0.0012277015
  0.0012277015    0.0012277015    0.0012277015    0.0012277015    0.0012277015
  0.0012277015    0.0012277015    0.0012277015    0.0012277015    0.0012277015
  0.0012277015    0.0012277015    0.0012277015    0.0012277015    0.0012277015
  0.0012277015    0.0012277015    0.0012277015    0.0012277015    0.0012277015
  0.0012277015    0.0012277015    0.0012277015    0.0012277015    0.0012277015
  0.0012277015    0.0012277015    0.0012277015    0.0012277015    0.0012277015
  0.0012277015    0.0012277015    0.0012277015    0.0012277015    0.0012277015
  0.0012277015    0.0012277015    0.0012277015    0.0012277015    0.0012277015
  0.0012277015    0.0012277015    0.0012277015    0.0012277015    0.0012277015
  0.0012277015    0.0012277015    0.0012277015    0.0012277015    0.0012277015
  0.0012277015    0.0012277015    0.0012277015    0.0012277015    0.0012277015
  0.0012277015    0.0012277015    0.0012277015    0.0012277015    0.0012277015
  0.0012277015    0.0012277015    0.0012277015    0.0012277015    0.0012277015
  0.0012277015    0.0012277015    0.0012277015    0.0012277015    0.0012277015
  0.0039286470    0.0039191745    0.0038952373    0.0038635848    0.0038280959
  0.0037905760    0.0037518415    0.0037123564    0.0036723432    0.0036319351
  0.0035912336    0.0035502986    0.0035091550    0.0034678450    0.0034263721
  0.0033847643    0.0033430315    0.0033011561    0.0032591826    0.0032170884
  0.0031748924    0.0031325866    0.0030901665    0.0030476473    0.0030050375
  0.0029623047    0.0029194800    0.0028765537    0.0028335121    0.0027903846
  0.0027471402    0.0027037836    0.0026603298    0.0026167754    0.0025730992
  0.0025293147    0.0024854176    0.0024414091    0.0023972829    0.0023530380
  0.0023086681    0.0022641734    0.0022195606    0.0021748096    0.0021299264
  0.0020849037    0.0020397388    0.0019944247    0.0019489604    0.0019033242
  0.0018575229    0.0018115380    0.0017653669    0.0017189728    0.0016723523
  0.0016254861    0.0015783433    0.0015308891    0.0014830853    0.0014348694
  0.0013861783    0.0013369328    0.0013057423    0.0013057426    0.0013057426
  0.0013057426    0.0013057426    0.0013057426    0.0013057426    0.0013057426
  0.0013057426    0.0013057426    0.0013057426    0.0013057426    0.0013057426
  0.0013057426    0.0013057426    0.0013057426    0.0013057426    0.0013057426
  0.0013057426    0.0013057426    0.0013057426    0.0013057426    0.0013057426
  0.0013057426    0.0013057426    0.0013057426    0.0013057426    0.0013057426
  0.0013057426    0.0013057426    0.0013057426    0.0013057426    0.0013057426
  0.0013057426    0.0013057426    0.0013057426    0.0013057426    0.0013057426
  0.0013057426    0.0013057426    0.0013057426    0.0013057426    0.0013057426
  0.0013057426    0.0013057426    0.0013057426    0.0013057426    0.0013057426
  0.0013057426    0.0013057426    0.0013057426    0.0013057426    0.0013057426
  0.0013057426    0.0013057426    0.0013057426    0.0013057426    0.0013057426
  0.0013057426    0.0013057426    0.0013057426    0.0013057426    0.0013057426
  0.0013057426    0.0013057426    0.0013057426    0.0013057426    0.0013057426
  0.0013057426    0.0013057426    0.0013057426    0.0013057426    0.0013057426
  0.0013057426    0.0013057426    0.0013057426    0.0013057426    0.0013057426
  0.0013057426    0.0013057426    0.0013057426    0.0013057426    0.0013057426
  0.0013057426    0.0013057426    0.0013057426    0.0013057426    0.0013057426
  0.0013057426    0.0013057426    0.0013057426    0.0013057426    0.0013057426
  0.0013057426    0.0013057426    0.0013057426    0.0013057426    0.0013057426
  0.0013057426    0.0013057426    0.0013057426    0.0013057426    0.0013057426
  0.0013057426    0.0013057426    0.0013057426    0.0013057426    0.0013057426
  0.0013057426    0.0013057426    0.0013057426    0.0013057426    0.0013057426
  0.0013057426    0.0013057426    0.0013057426    0.0013057426    0.0013057426
  0.0041291963    0.0041206961    0.0040986449    0.0040686899    0.0040345309
  0.0039980324    0.0039601436    0.0039213548    0.0038819496    0.0038420875
  0.0038018863    0.0037614110    0.0037207140    0.0036798204    0.0036387604
  0.0035975457    0.0035562016    0.0035147235    0.0034731199    0.0034314120
  0.0033895909    0.0033476613    0.0033056289    0.0032634824    0.0032212506
  0.0031789076    0.0031364675    0.0030939368    0.0030512974    0.0030085527
  0.0029657164    0.0029227876    0.0028797438    0.0028365995    0.0027933625
  0.0027500060    0.0027065538    0.0026629870    0.0026193214    0.0025755467
  0.0025316467    0.0024876417    0.0024435185    0.0023992758    0.0023549187
  0.0023104280    0.0022658156    0.0022210617    0.0021761914    0.0021311691
  0.0020860009    0.0020406879    0.0019952070    0.0019495715    0.0019037443
  0.0018577287    0.0018115193    0.0017650885    0.0017184195    0.0016714954
  0.0016242705    0.0015767047    0.0015287724    0.0014803981    0.0014315212
  0.0013841429    0.0013841432    0.0013841432    0.0013841432    0.0013841432
  0.0013841432    0.0013841432    0.0013841432    0.0013841432    0.0013841432
  0.0013841432    0.0013841432    0.0013841432    0.0013841432    0.0013841432
  0.0013841432    0.0013841432    0.0013841432    0.0013841432    0.0013841432
  0.0013841432    0.0013841432    0.0013841432    0.0013841432    0.0013841432
  0.0013841432    0.0013841432    0.0013841432    0.0013841432    0.0013841432
  0.0013841432    0.0013841432    0.0013841432    0.0013841432    0.0013841432
  0.0013841432    0.0013841432    0.0013841432    0.0013841432    0.0013841432
  0.0013841432    0.0013841432    0.0013841432    0.0013841432    0.0013841432
  0.0013841432    0.0013841432    0.0013841432    0.0013841432    0.0013841432
  0.0013841432    0.0013841432    0.0013841432    0.0013841432    0.0013841432
  0.0013841432    0.0013841432    0.0013841432    0.0013841432    0.0013841432
  0.0013841432    0.0013841432    0.0013841432    0.0013841432    0.0013841432
  0.0013841432    0.0013841432    0.0013841432    0.0013841432    0.0013841432
  0.0013841432    0.0013841432    0.0013841432    0.0013841432    0.0013841432
  0.0013841432    0.0013841432    0.0013841432    0.0013841432    0.0013841432
  0.0013841432    0.0013841432    0.0013841432    0.0013841432    0.0013841432
  0.0013841432    0.0013841432    0.0013841432    0.0013841432    0.0013841432
  0.0013841432    0.0013841432    0.0013841432    0.0013841432    0.0013841432
  0.0013841432    0.0013841432    0.0013841432    0.0013841432    0.0013841432
  0.0013841432    0.0013841432    0.0013841432    0.0013841432    0.0013841432
  0.0013841432    0.0013841432    0.0013841432    0.0013841432    0.0013841432
  0.0013841432    0.0013841432    0.0013841432    0.0013841432    0.0013841432
  0.0043284866    0.0043208390    0.0043005181    0.0042722484    0.0042394547
  0.0042040342    0.0041670234    0.0041289816    0.0040902086    0.0040509178
  0.0040112327    0.0039712362    0.0039309752    0.0038905049    0.0038498620
  0.0038090406    0.0037680734    0.0037269719    0.0036857501    0.0036444020
  0.0036029555    0.0035613872    0.0035197179    0.0034779483    0.0034360718
  0.0033941030    0.0033520385    0.0033098670    0.0032675997    0.0032252473
  0.0031827881    0.0031402374    0.0030975872    0.0030548395    0.0030120004
  0.0029690522    0.0029260062    0.0028828673    0.0028396204    0.0027962771
  0.0027528161    0.0027092548    0.0026655939    0.0026218107    0.0025779273
  0.0025339246    0.0024898082    0.0024455761    0.0024012082    0.0023567270
  0.0023121189    0.0022673684    0.0022224941    0.0021774748    0.0021323040
  0.0020869705    0.0020414834    0.0019958193    0.0019499781    0.0019039414
  0.0018576941    0.0018112203    0.0017644740    0.0017174805    0.0016701517
  0.0016224762    0.0015743994    0.0015258588    0.0014767650    0.0014628754
  0.0014628758    0.0014628758    0.0014628758    0.0014628758    0.0014628758
  0.0014628758    0.0014628758    0.0014628758    0.0014628758    0.0014628758
  0.0014628758    0.0014628758    0.0014628758    0.0014628758    0.0014628758
  0.0014628758    0.0014628758    0.0014628758    0.0014628758    0.0014628758
  0.0014628758    0.0014628758    0.0014628758    0.0014628758    0.0014628758
  0.0014628758    0.0014628758    0.0014628758    0.0014628758    0.0014628758
  0.0014628758    0.0014628758    0.0014628758    0.0014628758    0.0014628758
  0.0014628758    0.0014628758    0.0014628758    0.0014628758    0.0014628758
  0.0014628758    0.0014628758    0.0014628758    0.0014628758    0.0014628758
  0.0014628758    0.0014628758    0.0014628758    0.0014628758    0.0014628758
  0.0014628758    0.0014628758    0.0014628758    0.0014628758    0.0014628758
  0.0014628758    0.0014628758    0.0014628758    0.0014628758    0.0014628758
  0.0014628758    0.0014628758    0.0014628758    0.0014628758    0.0014628758
  0.0014628758    0.0014628758    0.0014628758    0.0014628758    0.0014628758
  0.0014628758    0.0014628758    0.0014628758    0.0014628758    0.0014628758
  0.0014628758    0.0014628758    0.0014628758    0.0014628758    0.0014628758
  0.0014628758    0.0014628758    0.0014628758    0.0014628758    0.0014628758
  0.0014628758    0.0014628758    0.0014628758    0.0014628758    0.0014628758
  0.0014628758    0.0014628758    0.0014628758    0.0014628758    0.0014628758
  0.0014628758    0.0014628758    0.0014628758    0.0014628758    0.0014628758
  0.0014628758    0.0014628758    0.0014628758    0.0014628758    0.0014628758
  0.0014628758    0.0014628758    0.0014628758    0.0014628758    0.0014628758
  0.0045266126    0.0045196957    0.0045009575    0.0044743171    0.0044429001
  0.0044086300    0.0043725376    0.0043352612    0.0042971589    0.0042584633
  0.0042193040    0.0041797968    0.0041399953    0.0040999628    0.0040597194
  0.0040192902    0.0039787154    0.0039379902    0.0038971243    0.0038561516
  0.0038150512    0.0037738376    0.0037325268    0.0036911035    0.0036495753
  0.0036079620    0.0035662431    0.0035244306    0.0034825279    0.0034405304
  0.0033984441    0.0033562591    0.0033139760    0.0032715984    0.0032291303
  0.0031865792    0.0031439184    0.0031011607    0.0030583104    0.0030153755
  0.0029723179    0.0029291826    0.0028859467    0.0028425912    0.0027991390
  0.0027555854    0.0027119238    0.0026681390    0.0026242587    0.0025802629
  0.0025361438    0.0024919121    0.0024475578    0.0024030776    0.0023584707
  0.0023137185    0.0022688394    0.0022238142    0.0021786354    0.0021332987
  0.0020877993    0.0020421083    0.0019962343    0.0019501562    0.0019038684
  0.0018573383    0.0018105325    0.0017634390    0.0017160224    0.0016682218
  0.0016199842    0.0015712628    0.0015419347    0.0015419351    0.0015419351
  0.0015419351    0.0015419351    0.0015419351    0.0015419351    0.0015419351
  0.0015419351    0.0015419351    0.0015419351    0.0015419351    0.0015419351
  0.0015419351    0.0015419351    0.0015419351    0.0015419351    0.0015419351
  0.0015419351    0.0015419351    0.0015419351    0.0015419351    0.0015419351
  0.0015419351    0.0015419351    0.0015419351    0.0015419351    0.0015419351
  0.0015419351    0.0015419351    0.0015419351    0.0015419351    0.0015419351
  0.0015419351    0.0015419351    0.0015419351    0.0015419351    0.0015419351
  0.0015419351    0.0015419351    0.0015419351    0.0015419351    0.0015419351
  0.0015419351    0.0015419351    0.0015419351    0.0015419351    0.0015419351
  0.0015419351    0.0015419351    0.0015419351    0.0015419351    0.0015419351
  0.0015419351    0.0015419351    0.0015419351    0.0015419351    0.0015419351
  0.0015419351    0.0015419351    0.0015419351    0.0015419351    0.0015419351
  0.0015419351    0.0015419351    0.0015419351    0.0015419351    0.0015419351
  0.0015419351    0.0015419351    0.0015419351    0.0015419351    0.0015419351
  0.0015419351    0.0015419351    0.0015419351    0.0015419351    0.0015419351
  0.0015419351    0.0015419351    0.0015419351    0.0015419351    0.0015419351
  0.0015419351    0.0015419351    0.0015419351    0.0015419351    0.0015419351
  0.0015419351    0.0015419351    0.0015419351    0.0015419351    0.0015419351
  0.0015419351    0.0015419351    0.0015419351    0.0015419351    0.0015419351
  0.0015419351    0.0015419351    0.0015419351    0.0015419351    0.0015419351
  0.0015419351    0.0015419351    0.0015419351    0.0015419351    0.0015419351
  0.0047236152    0.0047173305    0.0047000322    0.0046749640    0.0046449584
  0.0046118243    0.0045767106    0.0045402457    0.0045028387    0.0044647573
  0.0044261519    0.0043871467    0.0043478163    0.0043082202    0.0042683866
  0.0042283619    0.0041881705    0.0041478151    0.0041073133    0.0040666844
  0.0040259376    0.0039850714    0.0039441089    0.0039030290    0.0038618466
  0.0038205656    0.0037791919    0.0037377214    0.0036961625    0.0036545043
  0.0036127571    0.0035709231    0.0035289866    0.0034869722    0.0034448675
  0.0034026617    0.0033603660    0.0033179918    0.0032755172    0.0032329492
  0.0031902797    0.0031475282    0.0031046835    0.0030617367    0.0030186900
  0.0029755413    0.0029322984    0.0028889643    0.0028455024    0.0028019520
  0.0027582916    0.0027145243    0.0026706454    0.0026266476    0.0025825414
  0.0025383042    0.0024939507    0.0024494710    0.0024048664    0.0023601186
  0.0023152270    0.0022701924    0.0022250000    0.0021796515    0.0021341171
  0.0020884225    0.0020425105    0.0019963939    0.0019500509    0.0019034482
  0.0018565737    0.0018093800    0.0017618455    0.0017138991    0.0016654980
  0.0016212954    0.0016212958    0.0016212958    0.0016212958    0.0016212958
  0.0016212958    0.0016212958    0.0016212958    0.0016212958    0.0016212958
  0.0016212958    0.0016212958    0.0016212958    0.0016212958    0.0016212958
  0.0016212958    0.0016212958    0.0016212958    0.0016212958    0.0016212958
  0.0016212958    0.0016212958    0.0016212958    0.0016212958    0.0016212958
  0.0016212958    0.0016212958    0.0016212958    0.0016212958    0.0016212958
  0.0016212958    0.0016212958    0.0016212958    0.0016212958    0.0016212958
  0.0016212958    0.0016212958    0.0016212958    0.0016212958    0.0016212958
  0.0016212958    0.0016212958    0.0016212958    0.0016212958    0.0016212958
  0.0016212958    0.0016212958    0.0016212958    0.0016212958    0.0016212958
  0.0016212958    0.0016212958    0.0016212958    0.0016212958    0.0016212958
  0.0016212958    0.0016212958    0.0016212958    0.0016212958    0.0016212958
  0.0016212958    0.0016212958    0.0016212958    0.0016212958    0.0016212958
  0.0016212958    0.0016212958    0.0016212958    0.0016212958    0.0016212958
  0.0016212958    0.0016212958    0.0016212958    0.0016212958    0.0016212958
  0.0016212958    0.0016212958    0.0016212958    0.0016212958    0.0016212958
  0.0016212958    0.0016212958    0.0016212958    0.0016212958    0.0016212958
  0.0016212958    0.0016212958    0.0016212958    0.0016212958    0.0016212958
  0.0016212958    0.0016212958    0.0016212958    0.0016212958    0.0016212958
  0.0016212958    0.0016212958    0.0016212958    0.0016212958    0.0016212958
  0.0016212958    0.0016212958    0.0016212958    0.0016212958    0.0016212958
  0.0049195551    0.0049138101    0.0048978231    0.0048742589    0.0048456275
  0.0048136845    0.0047795673    0.0047439426    0.0047072765    0.0046698325
  0.0046317977    0.0045933196    0.0045544683    0.0045153131    0.0044759048
  0.0044362864    0.0043964660    0.0043564937    0.0043163581    0.0042760876
  0.0042356879    0.0041951533    0.0041545168    0.0041137756    0.0040729281
  0.0040319751    0.0039909402    0.0039497924    0.0039085579    0.0038672407
  0.0038258155    0.0037843206    0.0037427334    0.0037010531    0.0036592710
  0.0036174093    0.0035754717    0.0035334435    0.0034913226    0.0034491087
  0.0034068113    0.0033644248    0.0033219361    0.0032793701    0.0032367008
  0.0031939394    0.0031510917    0.0031081402    0.0030651026    0.0030219685
  0.0029787229    0.0029353772    0.0028919225    0.0028483766    0.0028047233
  0.0027609540    0.0027170744    0.0026730844    0.0026289799    0.0025847441
  0.0025403906    0.0024959024    0.0024512915    0.0024065474    0.0023616416
  0.0023166037    0.0022713911    0.0022260280    0.0021804755    0.0021347305
  0.0020887961    0.0020426255    0.0019962133    0.0019495474    0.0019025765
  0.0018552877    0.0018076157    0.0017595344    0.0017109685    0.0017009582
  0.0017009586    0.0017009586    0.0017009586    0.0017009586    0.0017009586
  0.0017009586    0.0017009586    0.0017009586    0.0017009586    0.0017009586
  0.0017009586    0.0017009586    0.0017009586    0.0017009586    0.0017009586
  0.0017009586    0.0017009586    0.0017009586    0.0017009586    0.0017009586
  0.0017009586    0.0017009586    0.0017009586    0.0017009586    0.0017009586
  0.0017009586    0.0017009586    0.0017009586    0.0017009586    0.0017009586
  0.0017009586    0.0017009586    0.0017009586    0.0017009586    0.0017009586
  0.0017009586    0.0017009586    0.0017009586    0.0017009586    0.0017009586
  0.0017009586    0.0017009586    0.0017009586    0.0017009586    0.0017009586
  0.0017009586    0.0017009586    0.0017009586    0.0017009586    0.0017009586
  0.0017009586    0.0017009586    0.0017009586    0.0017009586    0.0017009586
  0.0017009586    0.0017009586    0.0017009586    0.0017009586    0.0017009586
  0.0017009586    0.0017009586    0.0017009586    0.0017009586    0.0017009586
  0.0017009586    0.0017009586    0.0017009586    0.0017009586    0.0017009586
  0.0017009586    0.0017009586    0.0017009586    0.0017009586    0.0017009586
  0.0017009586    0.0017009586    0.0017009586    0.0017009586    0.0017009586
  0.0017009586    0.0017009586    0.0017009586    0.0017009586    0.0017009586
  0.0017009586    0.0017009586    0.0017009586    0.0017009586    0.0017009586
  0.0017009586    0.0017009586    0.0017009586    0.0017009586    0.0017009586
  0.0017009586    0.0017009586    0.0017009586    0.0017009586    0.0017009586
  0.0051144655    0.0051092141    0.0050944182    0.0050722654    0.0050450015
  0.0050142522    0.0049811512    0.0049463971    0.0049104892    0.0048737171
  0.0048362787    0.0047983326    0.0047599870    0.0047212792    0.0046823128
  0.0046430998    0.0046036719    0.0045640636    0.0045242862    0.0044843657
  0.0044443166    0.0044041171    0.0043638227    0.0043234020    0.0042828753
  0.0042422621    0.0042015365    0.0041607087    0.0041197903    0.0040787823
  0.0040376861    0.0039965043    0.0039552415    0.0039138805    0.0038724386
  0.0038309026    0.0037892909    0.0037475930    0.0037058099    0.0036639342
  0.0036219794    0.0035799411    0.0035378080    0.0034955881    0.0034532916
  0.0034108861    0.0033684028    0.0033258307    0.0032831620    0.0032404075
  0.0031975554    0.0031546055    0.0031115673    0.0030684228    0.0030251861
  0.0029818455    0.0029383999    0.0028948519    0.0028511996    0.0028074196
  0.0027635577    0.0027195647    0.0026754513    0.0026312291    0.0025868743
  0.0025423801    0.0024977576    0.0024530115    0.0024081042    0.0023630333
  0.0023178187    0.0022724235    0.0022268385    0.0021810565    0.0021350818
  0.0020888577    0.0020423824    0.0019956379    0.0019485694    0.0019011546
  0.0018533618    0.0018051096    0.0017808881    0.0017808885    0.0017808885
  0.0017808885    0.0017808885    0.0017808885    0.0017808885    0.0017808885
  0.0017808885    0.0017808885    0.0017808885    0.0017808885    0.0017808885
  0.0017808885    0.0017808885    0.0017808885    0.0017808885    0.0017808885
  0.0017808885    0.0017808885    0.0017808885    0.0017808885    0.0017808885
  0.0017808885    0.0017808885    0.0017808885    0.0017808885    0.0017808885
  0.0017808885    0.0017808885    0.0017808885    0.0017808885    0.0017808885
  0.0017808885    0.0017808885    0.0017808885    0.0017808885    0.0017808885
  0.0017808885    0.0017808885    0.0017808885    0.0017808885    0.0017808885
  0.0017808885    0.0017808885    0.0017808885    0.0017808885    0.0017808885
  0.0017808885    0.0017808885    0.0017808885    0.0017808885    0.0017808885
  0.0017808885    0.0017808885    0.0017808885    0.0017808885    0.0017808885
  0.0017808885    0.0017808885    0.0017808885    0.0017808885    0.0017808885
  0.0017808885    0.0017808885    0.0017808885    0.0017808885    0.0017808885
  0.0017808885    0.0017808885    0.0017808885    0.0017808885    0.0017808885
  0.0017808885    0.0017808885    0.0017808885    0.0017808885    0.0017808885
  0.0017808885    0.0017808885    0.0017808885    0.0017808885    0.0017808885
  0.0017808885    0.0017808885    0.0017808885    0.0017808885    0.0017808885
  0.0017808885    0.0017808885    0.0017808885    0.0017808885    0.0017808885
  0.0017808885    0.0017808885    0.0017808885    0.0017808885    0.0017808885
  0.0053084147    0.0053035863    0.0052898622    0.0052690538    0.0052430928
  0.0052135480    0.0051814759    0.0051476456    0.0051125168    0.0050764404
  0.0050396257    0.0050022288    0.0049643846    0.0049261547    0.0048876269
  0.0048488236    0.0048098016    0.0047705653    0.0047311501    0.0046915802
  0.0046518674    0.0046120251    0.0045720422    0.0045319486    0.0044917479
  0.0044514332    0.0044110359    0.0043705258    0.0043299119    0.0042892153
  0.0042484339    0.0042075545    0.0041666014    0.0041255516    0.0040844194
  0.0040432077    0.0040019100    0.0039605310    0.0039190561    0.0038775144
  0.0038358828    0.0037941717    0.0037523624    0.0037104860    0.0036685183
  0.0036264642    0.0035843308    0.0035421167    0.0034997965    0.0034574004
  0.0034149144    0.0033723373    0.0033296774    0.0032869043    0.0032440557
  0.0032011210    0.0031580723    0.0031149359    0.0030717035    0.0030283637
  0.0029849220    0.0029413658    0.0028977138    0.0028539481    0.0028100743
  0.0027660880    0.0027219844    0.0026777455    0.0026333870    0.0025889066
  0.0025442675    0.0024995013    0.0024545845    0.0024095062    0.0023642639
  0.0023188367    0.0022732136    0.0022274005    0.0021813546    0.0021350789
  0.0020885230    0.0020416925    0.0019945249    0.0019469916    0.0018990373
  0.0018610966    0.0018610865    0.0018610865    0.0018610865    0.0018610865
  0.0018610865    0.0018610865    0.0018610865    0.0018610865    0.0018610865
  0.0018610865    0.0018610865    0.0018610865    0.0018610865    0.0018610865
  0.0018610865    0.0018610865    0.0018610865    0.0018610865    0.0018610865
  0.0018610865    0.0018610865    0.0018610865    0.0018610865    0.0018610865
  0.0018610865    0.0018610865    0.0018610865    0.0018610865    0.0018610865
  0.0018610865    0.0018610865    0.0018610865    0.0018610865    0.0018610865
  0.0018610865    0.0018610865    0.0018610865    0.0018610865    0.0018610865
  0.0018610865    0.0018610865    0.0018610865    0.0018610865    0.0018610865
  0.0018610865    0.0018610865    0.0018610865    0.0018610865    0.0018610865
  0.0018610865    0.0018610865    0.0018610865    0.0018610865    0.0018610865
  0.0018610865    0.0018610865    0.0018610865    0.0018610865    0.0018610865
  0.0018610865    0.0018610865    0.0018610865    0.0018610865    0.0018610865
  0.0018610865    0.0018610865    0.0018610865    0.0018610865    0.0018610865
  0.0018610865    0.0018610865    0.0018610865    0.0018610865    0.0018610865
  0.0018610865    0.0018610865    0.0018610865    0.0018610865    0.0018610865
  0.0018610865    0.0018610865    0.0018610865    0.0018610865    0.0018610865
  0.0018610865    0.0018610865    0.0018610865    0.0018610865    0.0018610865
  0.0018610865    0.0018610865    0.0018610865    0.0018610865    0.0018610865
  0.0055014299    0.0054969821    0.0054842178    0.0054646518    0.0054399837
  0.0054116173    0.0053806147    0.0053476949    0.0053133757    0.0052780108
  0.0052418389    0.0052050132    0.0051676974    0.0051299646    0.0050918852
  0.0050535080    0.0050148734    0.0049760260    0.0049369848    0.0048977713
  0.0048583949    0.0048188951    0.0047792425    0.0047394657    0.0046995797
  0.0046595735    0.0046194645    0.0045792698    0.0045389690    0.0044985690
  0.0044580891    0.0044175247    0.0043768601    0.0043361171    0.0042952824
  0.0042543786    0.0042133715    0.0041723077    0.0041311447    0.0040899081
  0.0040485806    0.0040071787    0.0039656972    0.0039241342    0.0038824880
  0.0038407587    0.0037989562    0.0037570743    0.0037150875    0.0036730394
  0.0036308987    0.0035886663    0.0035463603    0.0035039479    0.0034614609
  0.0034188952    0.0033762273    0.0033334674    0.0032906120    0.0032476754
  0.0032046280    0.0031614894    0.0031182577    0.0030749276    0.0030314828
  0.0029879393    0.0029442927    0.0029005191    0.0028566493    0.0028126582
  0.0027685475    0.0027243143    0.0026799443    0.0026354445    0.0025908113
  0.0025460142    0.0025010941    0.0024559844    0.0024107075    0.0023652599
  0.0023196027    0.0022737297    0.0022276414    0.0021812978    0.0021346644
  0.0020877262    0.0020404369    0.0019927666    0.0019446643    0.0019415478
  0.0019415483    0.0019415483    0.0019415483    0.0019415483    0.0019415483
  0.0019415483    0.0019415483    0.0019415483    0.0019415483    0.0019415483
  0.0019415483    0.0019415483    0.0019415483    0.0019415483    0.0019415483
  0.0019415483    0.0019415483    0.0019415483    0.0019415483    0.0019415483
  0.0019415483    0.0019415483    0.0019415483    0.0019415483    0.0019415483
  0.0019415483    0.0019415483    0.0019415483    0.0019415483    0.0019415483
  0.0019415483    0.0019415483    0.0019415483    0.0019415483    0.0019415483
  0.0019415483    0.0019415483    0.0019415483    0.0019415483    0.0019415483
  0.0019415483    0.0019415483    0.0019415483    0.0019415483    0.0019415483
  0.0019415483    0.0019415483    0.0019415483    0.0019415483    0.0019415483
  0.0019415483    0.0019415483    0.0019415483    0.0019415483    0.0019415483
  0.0019415483    0.0019415483    0.0019415483    0.0019415483    0.0019415483
  0.0019415483    0.0019415483    0.0019415483    0.0019415483    0.0019415483
  0.0019415483    0.0019415483    0.0019415483    0.0019415483    0.0019415483
  0.0019415483    0.0019415483    0.0019415483    0.0019415483    0.0019415483
  0.0019415483    0.0019415483    0.0019415483    0.0019415483    0.0019415483
  0.0019415483    0.0019415483    0.0019415483    0.0019415483    0.0019415483
  0.0019415483    0.0019415483    0.0019415483    0.0019415483    0.0019415483
  0.0056935677    0.0056894409    0.0056775562    0.0056591644    0.0056357220
  0.0056085200    0.0055785618    0.0055465843    0.0055131034    0.0054784609
  0.0054429451    0.0054067384    0.0053699554    0.0053327141    0.0052950976
  0.0052571523    0.0052189464    0.0051804921    0.0051418211    0.0051029529
  0.0050639384    0.0050247575    0.0049854350    0.0049459833    0.0049064010
  0.0048667162    0.0048269160    0.0047870164    0.0047470065    0.0047069040
  0.0046667131    0.0046264388    0.0045860742    0.0045456140    0.0045050782
  0.0044644623    0.0044237512    0.0043829785    0.0043421078    0.0043011619
  0.0042601410    0.0042190465    0.0041778701    0.0041366146    0.0040952743
  0.0040538541    0.0040123616    0.0039707826    0.0039291362    0.0038874023
  0.0038455920    0.0038036884    0.0037617144    0.0037196472    0.0036775030
  0.0036352800    0.0035929627    0.0035505534    0.0035080648    0.0034654950
  0.0034228264    0.0033800778    0.0033372144    0.0032942801    0.0032512461
  0.0032081002    0.0031648637    0.0031215377    0.0030780914    0.0030345586
  0.0029908969    0.0029471331    0.0029032566    0.0028592628    0.0028151560
  0.0027709154    0.0027265314    0.0026820372    0.0026373769    0.0025925771
  0.0025476261    0.0025024981    0.0024571802    0.0024116853    0.0023659973
  0.0023200737    0.0022739135    0.0022274884    0.0021807593    0.0021337258
  0.0020863292    0.0020384964    0.0020222586    0.0020222591    0.0020222591
  0.0020222591    0.0020222591    0.0020222591    0.0020222591    0.0020222591
  0.0020222591    0.0020222591    0.0020222591    0.0020222591    0.0020222591
  0.0020222591    0.0020222591    0.0020222591    0.0020222591    0.0020222591
  0.0020222591    0.0020222591    0.0020222591    0.0020222591    0.0020222591
  0.0020222591    0.0020222591    0.0020222591    0.0020222591    0.0020222591
  0.0020222591    0.0020222591    0.0020222591    0.0020222591    0.0020222591
  0.0020222591    0.0020222591    0.0020222591    0.0020222591    0.0020222591
  0.0020222591    0.0020222591    0.0020222591    0.0020222591    0.0020222591
  0.0020222591    0.0020222591    0.0020222591    0.0020222591    0.0020222591
  0.0020222591    0.0020222591    0.0020222591    0.0020222591    0.0020222591
  0.0020222591    0.0020222591    0.0020222591    0.0020222591    0.0020222591
  0.0020222591    0.0020222591    0.0020222591    0.0020222591    0.0020222591
  0.0020222591    0.0020222591    0.0020222591    0.0020222591    0.0020222591
  0.0020222591    0.0020222591    0.0020222591    0.0020222591    0.0020222591
  0.0020222591    0.0020222591    0.0020222591    0.0020222591    0.0020222591
  0.0020222591    0.0020222591    0.0020222591    0.0020222591    0.0020222591
  0.0020222591    0.0020222591    0.0020222591    0.0020222591    0.0020222591
  0.0058848367    0.0058810091    0.0058699106    0.0058526127    0.0058303384
  0.0058042686    0.0057753798    0.0057443445    0.0057117144    0.0056778374
  0.0056429880    0.0056073983    0.0055711799    0.0055344491    0.0054973039
  0.0054598195    0.0054220152    0.0053839633    0.0053456621    0.0053071752
  0.0052684917    0.0052296486    0.0051906542    0.0051515187    0.0051122527
  0.0050728689    0.0050333799    0.0049937712    0.0049540577    0.0049142546
  0.0048743502    0.0048343608    0.0047942767    0.0047541026    0.0047138564
  0.0046735172    0.0046331053    0.0045926020    0.0045520273    0.0045113657
  0.0044706378    0.0044298297    0.0043889408    0.0043479706    0.0043069309
  0.0042658122    0.0042246061    0.0041833485    0.0041420009    0.0041005586
  0.0040590593    0.0040174793    0.0039758080    0.0039340649    0.0038922505
  0.0038503476    0.0038083710    0.0037663057    0.0037241504    0.0036819221
  0.0036396038    0.0035971971    0.0035547165    0.0035121328    0.0034694789
  0.0034267165    0.0033838731    0.0033409235    0.0032978913    0.0032547491
  0.0032115249    0.0031681826    0.0031247551    0.0030812061    0.0030375600
  0.0029937827    0.0029499088    0.0029059187    0.0028617917    0.0028175423
  0.0027731634    0.0027286369    0.0026839765    0.0026391624    0.0025941659
  0.0025490062    0.0025036700    0.0024581328    0.0024123860    0.0023664027
  0.0023201669    0.0022736617    0.0022268366    0.0021796854    0.0021321605
  0.0021031998    0.0021032003    0.0021032003    0.0021032003    0.0021032003
  0.0021032003    0.0021032003    0.0021032003    0.0021032003    0.0021032003
  0.0021032003    0.0021032003    0.0021032003    0.0021032003    0.0021032003
  0.0021032003    0.0021032003    0.0021032003    0.0021032003    0.0021032003
  0.0021032003    0.0021032003    0.0021032003    0.0021032003    0.0021032003
  0.0021032003    0.0021032003    0.0021032003    0.0021032003    0.0021032003
  0.0021032003    0.0021032003    0.0021032003    0.0021032003    0.0021032003
  0.0021032003    0.0021032003    0.0021032003    0.0021032003    0.0021032003
  0.0021032003    0.0021032003    0.0021032003    0.0021032003    0.0021032003
  0.0021032003    0.0021032003    0.0021032003    0.0021032003    0.0021032003
  0.0021032003    0.0021032003    0.0021032003    0.0021032003    0.0021032003
  0.0021032003    0.0021032003    0.0021032003    0.0021032003    0.0021032003
  0.0021032003    0.0021032003    0.0021032003    0.0021032003    0.0021032003
  0.0021032003    0.0021032003    0.0021032003    0.0021032003    0.0021032003
  0.0021032003    0.0021032003    0.0021032003    0.0021032003    0.0021032003
  0.0021032003    0.0021032003    0.0021032003    0.0021032003    0.0021032003
  0.0021032003    0.0021032003    0.0021032003    0.0021032003    0.0021032003
  0.0060752943    0.0060717332    0.0060613541    0.0060450586    0.0060238895
  0.0059989548    0.0059710931    0.0059410197    0.0059092375    0.0058761212
  0.0058419836    0.0058070064    0.0057713680    0.0057351827    0.0056985300
  0.0056614840    0.0056241268    0.0055864643    0.0055485568    0.0055104348
  0.0054721006    0.0054336054    0.0053949401    0.0053561281    0.0053171636
  0.0052780871    0.0052388949    0.0051995841    0.0051601680    0.0051206458
  0.0050810313    0.0050413256    0.0050015158    0.0049616184    0.0049216489
  0.0048815844    0.0048414548    0.0048012258    0.0047609287    0.0047205561
  0.0046801020    0.0046395498    0.0045989551    0.0045582668    0.0045175056
  0.0044766813    0.0044357692    0.0043947817    0.0043537299    0.0043125933
  0.0042713864    0.0042301002    0.0041887305    0.0041472922    0.0041057815
  0.0040641857    0.0040225239    0.0039807749    0.0039389505    0.0038970430
  0.0038550572    0.0038130057    0.0037708415    0.0037286171    0.0036862895
  0.0036438959    0.0036014045    0.0035588316    0.0035161670    0.0034734122
  0.0034305627    0.0033876175    0.0033445830    0.0033014466    0.0032582213
  0.0032148924    0.0031714481    0.0031279085    0.0030842554    0.0030404932
  0.0029966046    0.0029525882    0.0029084657    0.0028642164    0.0028198278
  0.0027752861    0.0027305868    0.0026857563    0.0026407279    0.0025955500
  0.0025501643    0.0025045865    0.0024587731    0.0024127098    0.0023664072
  0.0023198064    0.0022728826    0.0022255941    0.0021843818    0.0021843823
  0.0021843823    0.0021843823    0.0021843823    0.0021843823    0.0021843823
  0.0021843823    0.0021843823    0.0021843823    0.0021843823    0.0021843823
  0.0021843823    0.0021843823    0.0021843823    0.0021843823    0.0021843823
  0.0021843823    0.0021843823    0.0021843823    0.0021843823    0.0021843823
  0.0021843823    0.0021843823    0.0021843823    0.0021843823    0.0021843823
  0.0021843823    0.0021843823    0.0021843823    0.0021843823    0.0021843823
  0.0021843823    0.0021843823    0.0021843823    0.0021843823    0.0021843823
  0.0021843823    0.0021843823    0.0021843823    0.0021843823    0.0021843823
  0.0021843823    0.0021843823    0.0021843823    0.0021843823    0.0021843823
  0.0021843823    0.0021843823    0.0021843823    0.0021843823    0.0021843823
  0.0021843823    0.0021843823    0.0021843823    0.0021843823    0.0021843823
  0.0021843823    0.0021843823    0.0021843823    0.0021843823    0.0021843823
  0.0021843823    0.0021843823    0.0021843823    0.0021843823    0.0021843823
  0.0021843823    0.0021843823    0.0021843823    0.0021843823    0.0021843823
  0.0021843823    0.0021843823    0.0021843823    0.0021843823    0.0021843823
  0.0021843823    0.0021843823    0.0021843823    0.0021843823    0.0021843823
  0.0062649705    0.0062616324    0.0062519204    0.0062365463    0.0062164532
  0.0061925666    0.0061657279    0.0061366057    0.0061056903    0.0060733680
  0.0060399401    0.0060056249    0.0059705655    0.0059349282    0.0058987728
  0.0058622063    0.0058252758    0.0057880351    0.0057505261    0.0057127616
  0.0056748071    0.0056366319    0.0055983051    0.0055598163    0.0055211733
  0.0054824003    0.0054435073    0.0054044892    0.0053653573    0.0053261243
  0.0052867874    0.0052473600    0.0052078270    0.0051682171    0.0051285028
  0.0050887268    0.0050488495    0.0050088879    0.0049688578    0.0049287493
  0.0048885671    0.0048483023    0.0048079739    0.0047675621    0.0047270737
  0.0046865163    0.0046458851    0.0046051774    0.0045643899    0.0045235444
  0.0044826171    0.0044416190    0.0044005399    0.0043593925    0.0043181793
  0.0042768826    0.0042355063    0.0041940770    0.0041525497    0.0041109530
  0.0040692744    0.0040275242    0.0039857022    0.0039437837    0.0039017997
  0.0038597280    0.0038175836    0.0037753470    0.0037330368    0.0036906373
  0.0036481370    0.0036055721    0.0035629032    0.0035201459    0.0034772953
  0.0034343654    0.0033913238    0.0033482028    0.0033049560    0.0032616328
  0.0032181791    0.0031746403    0.0031309844    0.0030872273    0.0030433196
  0.0029993203    0.0029551705    0.0029109192    0.0028664847    0.0028219348
  0.0027772392    0.0027323541    0.0026873090    0.0026420754    0.0025966590
  0.0025510234    0.0025051473    0.0024590154    0.0024126233    0.0023659382
  0.0023188953    0.0022714862    0.0022657837    0.0022657718    0.0022657718
  0.0022657718    0.0022657718    0.0022657718    0.0022657718    0.0022657718
  0.0022657718    0.0022657718    0.0022657718    0.0022657718    0.0022657718
  0.0022657718    0.0022657718    0.0022657718    0.0022657718    0.0022657718
  0.0022657718    0.0022657718    0.0022657718    0.0022657718    0.0022657718
  0.0022657718    0.0022657718    0.0022657718    0.0022657718    0.0022657718
  0.0022657718    0.0022657718    0.0022657718    0.0022657718    0.0022657718
  0.0022657718    0.0022657718    0.0022657718    0.0022657718    0.0022657718
  0.0022657718    0.0022657718    0.0022657718    0.0022657718    0.0022657718
  0.0022657718    0.0022657718    0.0022657718    0.0022657718    0.0022657718
  0.0022657718    0.0022657718    0.0022657718    0.0022657718    0.0022657718
  0.0022657718    0.0022657718    0.0022657718    0.0022657718    0.0022657718
  0.0022657718    0.0022657718    0.0022657718    0.0022657718    0.0022657718
  0.0022657718    0.0022657718    0.0022657718    0.0022657718    0.0022657718
  0.0022657718    0.0022657718    0.0022657718    0.0022657718    0.0022657718
  0.0022657718    0.0022657718    0.0022657718    0.0022657718    0.0022657718
  0.0064538771    0.0064507680    0.0064416504    0.0064271311    0.0064080268
  0.0063851766    0.0063593625    0.0063311668    0.0063011254    0.0062696015
  0.0062369033    0.0062032341    0.0061687919    0.0061336892    0.0060980732
  0.0060619792    0.0060254878    0.0059886688    0.0059515625    0.0059141963
  0.0058765849    0.0058387781    0.0058007788    0.0057626072    0.0057243018
  0.0056858214    0.0056472378    0.0056084974    0.0055696566    0.0055307108
  0.0054916557    0.0054524881    0.0054132356    0.0053738958    0.0053344676
  0.0052949355    0.0052553287    0.0052156331    0.0051758778    0.0051360223
  0.0050960967    0.0050561033    0.0050160324    0.0049758869    0.0049356594
  0.0048953668    0.0048549896    0.0048145592    0.0047740447    0.0047334776
  0.0046928182    0.0046520984    0.0046112924    0.0045704339    0.0045294865
  0.0044884738    0.0044473963    0.0044062338    0.0043649993    0.0043237073
  0.0042823198    0.0042408745    0.0041993556    0.0041577419    0.0041160801
  0.0040743220    0.0040324877    0.0039905788    0.0039485906    0.0039065174
  0.0038643671    0.0038221360    0.0037798094    0.0037373970    0.0036949260
  0.0036523528    0.0036096846    0.0035669216    0.0035240828    0.0034811482
  0.0034381170    0.0033949846    0.0033517452    0.0033084137    0.0032649694
  0.0032214230    0.0031777610    0.0031339859    0.0030900971    0.0030460542
  0.0030019114    0.0029576221    0.0029131996    0.0028686141    0.0028238849
  0.0027789690    0.0027338992    0.0026886192    0.0026431556    0.0025974473
  0.0025515094    0.0025053009    0.0024588236    0.0024120229    0.0023648722
  0.0023473849    0.0023473854    0.0023473854    0.0023473854    0.0023473854
  0.0023473854    0.0023473854    0.0023473854    0.0023473854    0.0023473854
  0.0023473854    0.0023473854    0.0023473854    0.0023473854    0.0023473854
  0.0023473854    0.0023473854    0.0023473854    0.0023473854    0.0023473854
  0.0023473854    0.0023473854    0.0023473854    0.0023473854    0.0023473854
  0.0023473854    0.0023473854    0.0023473854    0.0023473854    0.0023473854
  0.0023473854    0.0023473854    0.0023473854    0.0023473854    0.0023473854
  0.0023473854    0.0023473854    0.0023473854    0.0023473854    0.0023473854
  0.0023473854    0.0023473854    0.0023473854    0.0023473854    0.0023473854
  0.0023473854    0.0023473854    0.0023473854    0.0023473854    0.0023473854
  0.0023473854    0.0023473854    0.0023473854    0.0023473854    0.0023473854
  0.0023473854    0.0023473854    0.0023473854    0.0023473854    0.0023473854
  0.0023473854    0.0023473854    0.0023473854    0.0023473854    0.0023473854
  0.0023473854    0.0023473854    0.0023473854    0.0023473854    0.0023473854
  0.0023473854    0.0023473854    0.0023473854    0.0023473854    0.0023473854
  0.0066420618    0.0066391418    0.0066305669    0.0066168339    0.0065986894
  0.0065768295    0.0065519905    0.0065247417    0.0064955513    0.0064648375
  0.0064328595    0.0063998626    0.0063660467    0.0063315239    0.0062964235
  0.0062608152    0.0062247967    0.0061884186    0.0061517202    0.0061147274
  0.0060775048    0.0060400503    0.0060023985    0.0059645521    0.0059265488
  0.0058883778    0.0058500946    0.0058116583    0.0057731097    0.0057344261
  0.0056956493    0.0056567738    0.0056177799    0.0055787098    0.0055395303
  0.0055002687    0.0054609229    0.0054215057    0.0053819883    0.0053423981
  0.0053027361    0.0052629879    0.0052231700    0.0051832698    0.0051433168
  0.0051032731    0.0050631689    0.0050229824    0.0049827435    0.0049424189
  0.0049020264    0.0048615734    0.0048210403    0.0047804359    0.0047397680
  0.0046990213    0.0046582162    0.0046173287    0.0045763695    0.0045353600
  0.0044942689    0.0044531072    0.0044118689    0.0043705661    0.0043291832
  0.0042877159    0.0042462000    0.0042045835    0.0041628944    0.0041211606
  0.0040793161    0.0040373922    0.0039954099    0.0039533385    0.0039111912
  0.0038689664    0.0038266482    0.0037842375    0.0037417541    0.0036991710
  0.0036565087    0.0036137535    0.0035709205    0.0035279705    0.0034849377
  0.0034418079    0.0033985706    0.0033552308    0.0033117878    0.0032682245
  0.0032245724    0.0031807886    0.0031368709    0.0030928442    0.0030486651
  0.0030043705    0.0029599109    0.0029153189    0.0028705594    0.0028256166
  0.0027804886    0.0027351762    0.0026896377    0.0026438778    0.0025978515
  0.0025515739    0.0025049954    0.0024580594    0.0024292161    0.0024292167
  0.0024292167    0.0024292167    0.0024292167    0.0024292167    0.0024292167
  0.0024292167    0.0024292167    0.0024292167    0.0024292167    0.0024292167
  0.0024292167    0.0024292167    0.0024292167    0.0024292167    0.0024292167
  0.0024292167    0.0024292167    0.0024292167    0.0024292167    0.0024292167
  0.0024292167    0.0024292167    0.0024292167    0.0024292167    0.0024292167
  0.0024292167    0.0024292167    0.0024292167    0.0024292167    0.0024292167
  0.0024292167    0.0024292167    0.0024292167    0.0024292167    0.0024292167
  0.0024292167    0.0024292167    0.0024292167    0.0024292167    0.0024292167
  0.0024292167    0.0024292167    0.0024292167    0.0024292167    0.0024292167
  0.0024292167    0.0024292167    0.0024292167    0.0024292167    0.0024292167
  0.0024292167    0.0024292167    0.0024292167    0.0024292167    0.0024292167
  0.0024292167    0.0024292167    0.0024292167    0.0024292167    0.0024292167
  0.0024292167    0.0024292167    0.0024292167    0.0024292167    0.0024292167
  0.0024292167    0.0024292167    0.0024292167    0.0024292167    0.0024292167
  0.0068295458    0.0068268088    0.0068187295    0.0068057357    0.0067884637
  0.0067675522    0.0067436640    0.0067173335    0.0066890186    0.0066590966
  0.0066278563    0.0065955482    0.0065623564    0.0065284117    0.0064938633
  0.0064587603    0.0064232190    0.0063872703    0.0063509889    0.0063143987
  0.0062775465    0.0062404455    0.0062031474    0.0061656352    0.0061279465
  0.0060901023    0.0060521076    0.0060139690    0.0059756939    0.0059373068
  0.0058988161    0.0058601985    0.0058214809    0.0057826728    0.0057437542
  0.0057047521    0.0056656776    0.0056264970    0.0055872384    0.0055478997
  0.0055084935    0.0054689904    0.0054294325    0.0053897909    0.0053500667
  0.0053102746    0.0052704296    0.0052304928    0.0051904940    0.0051504356
  0.0051102946    0.0050700886    0.0050298087    0.0049894734    0.0049490500
  0.0049085824    0.0048680402    0.0048274188    0.0047867385    0.0047459724
  0.0047051527    0.0046642670    0.0046233020    0.0045822807    0.0045411710
  0.0045000172    0.0044587795    0.0044174613    0.0043760678    0.0043346137
  0.0042930751    0.0042514691    0.0042097843    0.0041680202    0.0041261875
  0.0040842782    0.0040422856    0.0040002066    0.0039580552    0.0039158287
  0.0038735011    0.0038311007    0.0037886196    0.0037460398    0.0037033736
  0.0036606215    0.0036177845    0.0035748426    0.0035318023    0.0034886709
  0.0034454214    0.0034020850    0.0033586351    0.0033150795    0.0032714083
  0.0032275979    0.0031836832    0.0031396370    0.0030954507    0.0030511352
  0.0030066470    0.0029620205    0.0029172315    0.0028722604    0.0028270764
  0.0027817103    0.0027361182    0.0026902949    0.0026441830    0.0025978160
  0.0025511262    0.0025112298    0.0025112304    0.0025112304    0.0025112304
  0.0025112304    0.0025112304    0.0025112304    0.0025112304    0.0025112304
  0.0025112304    0.0025112304    0.0025112304    0.0025112304    0.0025112304
  0.0025112304    0.0025112304    0.0025112304    0.0025112304    0.0025112304
  0.0025112304    0.0025112304    0.0025112304    0.0025112304    0.0025112304
  0.0025112304    0.0025112304    0.0025112304    0.0025112304    0.0025112304
  0.0025112304    0.0025112304    0.0025112304    0.0025112304    0.0025112304
  0.0025112304    0.0025112304    0.0025112304    0.0025112304    0.0025112304
  0.0025112304    0.0025112304    0.0025112304    0.0025112304    0.0025112304
  0.0025112304    0.0025112304    0.0025112304    0.0025112304    0.0025112304
  0.0025112304    0.0025112304    0.0025112304    0.0025112304    0.0025112304
  0.0025112304    0.0025112304    0.0025112304    0.0025112304    0.0025112304
  0.0025112304    0.0025112304    0.0025112304    0.0025112304    0.0025112304
  0.0025112304    0.0025112304    0.0025112304    0.0025112304    0.0025112304
  0.0070163589    0.0070137729    0.0070061278    0.0069938308    0.0069773877
  0.0069573888    0.0069344143    0.0069089821    0.0068815184    0.0068523997
  0.0068219059    0.0067902942    0.0067577326    0.0067243924    0.0066903848
  0.0066557963    0.0066207436    0.0065852554    0.0065493877    0.0065132003
  0.0064767389    0.0064400152    0.0064030440    0.0063658788    0.0063285203
  0.0062909884    0.0062533048    0.0062154571    0.0061774856    0.0061393804
  0.0061011487    0.0060628158    0.0060243572    0.0059858150    0.0059471665
  0.0059084220    0.0058695761    0.0058306558    0.0057916564    0.0057525589
  0.0057134065    0.0056741500    0.0056348328    0.0055954377    0.0055559640
  0.0055164254    0.0054768063    0.0054371221    0.0053973726    0.0053575458
  0.0053176561    0.0052777051    0.0052376698    0.0051975792    0.0051574113
  0.0051171944    0.0050768961    0.0050365340    0.0049961132    0.0049556152
  0.0049150596    0.0048744297    0.0048337328    0.0047929781    0.0047521289
  0.0047112395    0.0046702646    0.0046292273    0.0045881372    0.0045469549
  0.0045057029    0.0044643950    0.0044229951    0.0043815290    0.0043400017
  0.0042983709    0.0042566943    0.0042149411    0.0041730943    0.0041311824
  0.0040891905    0.0040471227    0.0040049749    0.0039627454    0.0039204258
  0.0038780246    0.0038355282    0.0037929488    0.0037502990    0.0037075462
  0.0036646920    0.0036217470    0.0035787088    0.0035355750    0.0034923331
  0.0034489796    0.0034055339    0.0033619437    0.0033182820    0.0032744596
  0.0032305345    0.0031864623    0.0031422676    0.0030978998    0.0030534138
  0.0030087330    0.0029639081    0.0029188809    0.0028736592    0.0028282442
  0.0027825681    0.0027366677    0.0026905032    0.0026440088    0.0025972090
  0.0025934541    0.0025934547    0.0025934547    0.0025934547    0.0025934547
  0.0025934547    0.0025934547    0.0025934547    0.0025934547    0.0025934547
  0.0025934547    0.0025934547    0.0025934547    0.0025934547    0.0025934547
  0.0025934547    0.0025934547    0.0025934547    0.0025934547    0.0025934547
  0.0025934547    0.0025934547    0.0025934547    0.0025934547    0.0025934547
  0.0025934547    0.0025934547    0.0025934547    0.0025934547    0.0025934547
  0.0025934547    0.0025934547    0.0025934547    0.0025934547    0.0025934547
  0.0025934547    0.0025934547    0.0025934547    0.0025934547    0.0025934547
  0.0025934547    0.0025934547    0.0025934547    0.0025934547    0.0025934547
  0.0025934547    0.0025934547    0.0025934547    0.0025934547    0.0025934547
  0.0025934547    0.0025934547    0.0025934547    0.0025934547    0.0025934547
  0.0025934547    0.0025934547    0.0025934547    0.0025934547    0.0025934547
  0.0025934547    0.0025934547    0.0025934547    0.0025934547    0.0025934547
  0.0072025154    0.0072000644    0.0071928444    0.0071811859    0.0071655125
  0.0071463763    0.0071242872    0.0070997222    0.0070731168    0.0070447838
  0.0070150572    0.0069841203    0.0069522262    0.0069194681    0.0068860385
  0.0068519829    0.0068173997    0.0067823752    0.0067469441    0.0067111854
  0.0066751054    0.0066387525    0.0066021405    0.0065653222    0.0065282965
  0.0064910829    0.0064537021    0.0064161578    0.0063784726    0.0063406524
  0.0063027029    0.0062646324    0.0062264477    0.0061881573    0.0061497700
  0.0061112788    0.0060726925    0.0060340221    0.0059952609    0.0059564201
  0.0059174949    0.0058784962    0.0058394055    0.0058002495    0.0057610249
  0.0057217151    0.0056823469    0.0056429044    0.0056033864    0.0055638071
  0.0055241515    0.0054844337    0.0054446414    0.0054048020    0.0053648776
  0.0053248960    0.0052848475    0.0052447347    0.0052045611    0.0051643050
  0.0051239848    0.0050836296    0.0050431827    0.0050026761    0.0049621037
  0.0049214724    0.0048807557    0.0048399855    0.0047991477    0.0047582510
  0.0047172730    0.0046762252    0.0046351184    0.0045939230    0.0045526828
  0.0045113597    0.0044699586    0.0044284933    0.0043869609    0.0043453387
  0.0043036533    0.0042618945    0.0042200620    0.0041781405    0.0041361500
  0.0040940763    0.0040519328    0.0040096840    0.0039673706    0.0039249672
  0.0038824932    0.0038399195    0.0037972353    0.0037544938    0.0037116556
  0.0036686946    0.0036256514    0.0035825090    0.0035392686    0.0034959106
  0.0034524540    0.0034088572    0.0033651823    0.0033213382    0.0032773863
  0.0032333046    0.0031890926    0.0031447005    0.0031001720    0.0030554758
  0.0030105942    0.0029655306    0.0029202586    0.0028747674    0.0028290200
  0.0027830275    0.0027367795    0.0026901737    0.0026758596    0.0026758602
  0.0026758602    0.0026758602    0.0026758602    0.0026758602    0.0026758602
  0.0026758602    0.0026758602    0.0026758602    0.0026758602    0.0026758602
  0.0026758602    0.0026758602    0.0026758602    0.0026758602    0.0026758602
  0.0026758602    0.0026758602    0.0026758602    0.0026758602    0.0026758602
  0.0026758602    0.0026758602    0.0026758602    0.0026758602    0.0026758602
  0.0026758602    0.0026758602    0.0026758602    0.0026758602    0.0026758602
  0.0026758602    0.0026758602    0.0026758602    0.0026758602    0.0026758602
  0.0026758602    0.0026758602    0.0026758602    0.0026758602    0.0026758602
  0.0026758602    0.0026758602    0.0026758602    0.0026758602    0.0026758602
  0.0026758602    0.0026758602    0.0026758602    0.0026758602    0.0026758602
  0.0026758602    0.0026758602    0.0026758602    0.0026758602    0.0026758602
  0.0026758602    0.0026758602    0.0026758602    0.0026758602    0.0026758602
  0.0073880317    0.0073857180    0.0073788826    0.0073678120    0.0073528782
  0.0073345625    0.0073133189    0.0072896006    0.0072638095    0.0072362780
  0.0072072908    0.0071770594    0.0071458229    0.0071136758    0.0070807931
  0.0070472815    0.0070131979    0.0069786494    0.0069436690    0.0069083166
  0.0068726359    0.0068366553    0.0068004255    0.0067639416    0.0067272586
  0.0066903757    0.0066532943    0.0066160538    0.0065786583    0.0065411298
  0.0065034559    0.0064656603    0.0064277504    0.0063897328    0.0063515812
  0.0063133549    0.0062750292    0.0062365954    0.0061980809    0.0061594942
  0.0061207968    0.0060820318    0.0060431937    0.0060042774    0.0059652786
  0.0059262089    0.0058870645    0.0058478578    0.0058085859    0.0057692163
  0.0057298072    0.0056903271    0.0056507749    0.0056111648    0.0055714820
  0.0055317274    0.0054919158    0.0054520346    0.0054120982    0.0053720960
  0.0053320310    0.0052918925    0.0052517105    0.0052114376    0.0051711162
  0.0051307271    0.0050902763    0.0050497567    0.0050091755    0.0049685398
  0.0049278223    0.0048870325    0.0048461792    0.0048052825    0.0047642964
  0.0047232445    0.0046821376    0.0046409555    0.0045996811    0.0045583778
  0.0045169690    0.0044754896    0.0044339651    0.0043923434    0.0043506523
  0.0043088900    0.0042670563    0.0042251440    0.0041831550    0.0041410762
  0.0040989195    0.0040566751    0.0040143746    0.0039719598    0.0039294734
  0.0038868953    0.0038442429    0.0038014841    0.0037586281    0.0037156892
  0.0036726423    0.0036294848    0.0035862233    0.0035428729    0.0034993961
  0.0034558109    0.0034120937    0.0033682579    0.0033242857    0.0032801826
  0.0032359304    0.0031915159    0.0031469586    0.0031022044    0.0030572880
  0.0030121605    0.0029668408    0.0029212659    0.0028754679    0.0028293842
  0.0027830196    0.0027584529    0.0027584535    0.0027584535    0.0027584535
  0.0027584535    0.0027584535    0.0027584535    0.0027584535    0.0027584535
  0.0027584535    0.0027584535    0.0027584535    0.0027584535    0.0027584535
  0.0027584535    0.0027584535    0.0027584535    0.0027584535    0.0027584535
  0.0027584535    0.0027584535    0.0027584535    0.0027584535    0.0027584535
  0.0027584535    0.0027584535    0.0027584535    0.0027584535    0.0027584535
  0.0027584535    0.0027584535    0.0027584535    0.0027584535    0.0027584535
  0.0027584535    0.0027584535    0.0027584535    0.0027584535    0.0027584535
  0.0027584535    0.0027584535    0.0027584535    0.0027584535    0.0027584535
  0.0027584535    0.0027584535    0.0027584535    0.0027584535    0.0027584535
  0.0027584535    0.0027584535    0.0027584535    0.0027584535    0.0027584535
  0.0027584535    0.0027584535    0.0027584535    0.0027584535    0.0027584535
  0.0075729238    0.0075707474    0.0075642690    0.0075537224    0.0075394855
  0.0075219359    0.0075015309    0.0074786520    0.0074536641    0.0074269214
  0.0073986572    0.0073691354    0.0073385377    0.0073070242    0.0072747307
  0.0072417440    0.0072081834    0.0071740941    0.0071395703    0.0071046501
  0.0070693774    0.0070337792    0.0069979258    0.0069617909    0.0069254493
  0.0068888793    0.0068521195    0.0068151900    0.0067781116    0.0067408510
  0.0067034678    0.0066659307    0.0066282998    0.0065905274    0.0065526563
  0.0065146762    0.0064765948    0.0064384201    0.0064001438    0.0063617916
  0.0063233390    0.0062848125    0.0062462052    0.0062075272    0.0061687560
  0.0061299192    0.0060910108    0.0060520269    0.0060129787    0.0059738467
  0.0059346587    0.0058953960    0.0058560865    0.0058166979    0.0057772431
  0.0057377215    0.0056981457    0.0056585014    0.0056187886    0.0055790351
  0.0055391872    0.0054993005    0.0054593497    0.0054193237    0.0053792252
  0.0053390840    0.0052988644    0.0052586092    0.0052182593    0.0051778699
  0.0051373865    0.0050968743    0.0050562806    0.0050156246    0.0049749146
  0.0049341117    0.0048932832    0.0048523482    0.0048113723    0.0047703114
  0.0047291989    0.0046879933    0.0046467402    0.0046054205    0.0045640275
  0.0045225473    0.0044810150    0.0044393879    0.0043977018    0.0043559378
  0.0043140950    0.0042721758    0.0042301891    0.0041881128    0.0041459506
  0.0041037262    0.0040614041    0.0040190084    0.0039765072    0.0039339272
  0.0038912573    0.0038485161    0.0038056434    0.0037626921    0.0037196496
  0.0036764908    0.0036332290    0.0035898577    0.0035463649    0.0035027626
  0.0034590298    0.0034151860    0.0033712002    0.0033270637    0.0032827740
  0.0032383353    0.0031937310    0.0031489517    0.0031039631    0.0030587982
  0.0030133908    0.0029677581    0.0029218645    0.0028756904    0.0028412203
  0.0028412210    0.0028412210    0.0028412210    0.0028412210    0.0028412210
  0.0028412210    0.0028412210    0.0028412210    0.0028412210    0.0028412210
  0.0028412210    0.0028412210    0.0028412210    0.0028412210    0.0028412210
  0.0028412210    0.0028412210    0.0028412210    0.0028412210    0.0028412210
  0.0028412210    0.0028412210    0.0028412210    0.0028412210    0.0028412210
  0.0028412210    0.0028412210    0.0028412210    0.0028412210    0.0028412210
  0.0028412210    0.0028412210    0.0028412210    0.0028412210    0.0028412210
  0.0028412210    0.0028412210    0.0028412210    0.0028412210    0.0028412210
  0.0028412210    0.0028412210    0.0028412210    0.0028412210    0.0028412210
  0.0028412210    0.0028412210    0.0028412210    0.0028412210    0.0028412210
  0.0028412210    0.0028412210    0.0028412210    0.0028412210    0.0028412210
  0.0077572524    0.0077551637    0.0077490068    0.0077389773    0.0077253821
  0.0077085767    0.0076889487    0.0076668703    0.0076426672    0.0076166929
  0.0075891721    0.0075603572    0.0075304143    0.0074995298    0.0074677987
  0.0074353731    0.0074023309    0.0073687376    0.0073346673    0.0073001783
  0.0072653135    0.0072301199    0.0071946271    0.0071588672    0.0071228554
  0.0070866279    0.0070502028    0.0070135800    0.0069767809    0.0069398262
  0.0069027204    0.0068654851    0.0068280889    0.0067905927    0.0067529838
  0.0067152508    0.0066774185    0.0066394945    0.0066014683    0.0065633489
  0.0065251437    0.0064868452    0.0064484616    0.0064100030    0.0063714621
  0.0063328644    0.0062941876    0.0062554255    0.0062165888    0.0061777045
  0.0061387362    0.0060997097    0.0060605913    0.0060214539    0.0059822177
  0.0059429252    0.0059035588    0.0058641472    0.0058246583    0.0057851201
  0.0057455170    0.0057058353    0.0056661173    0.0056263341    0.0055864745
  0.0055465530    0.0055065842    0.0054665448    0.0054264490    0.0053862892
  0.0053460673    0.0053057875    0.0052654303    0.0052250254    0.0051845422
  0.0051440098    0.0051034236    0.0050627546    0.0050220352    0.0049812388
  0.0049403856    0.0048994520    0.0048584695    0.0048174167    0.0047762828
  0.0047351010    0.0046938320    0.0046524999    0.0046111077    0.0045696396
  0.0045280925    0.0044864811    0.0044447841    0.0044030103    0.0043611693
  0.0043192603    0.0042772667    0.0042352020    0.0041930340    0.0041507959
  0.0041084822    0.0040660775    0.0040235902    0.0039809987    0.0039383442
  0.0038955706    0.0038527059    0.0038097439    0.0037666919    0.0037235179
  0.0036802546    0.0036368733    0.0035933748    0.0035497705    0.0035060235
  0.0034621254    0.0034181138    0.0033739546    0.0033296339    0.0032851626
  0.0032405072    0.0031956745    0.0031506461    0.0031054170    0.0030599536
  0.0030142344    0.0029682608    0.0029241551    0.0029241558    0.0029241558
  0.0029241558    0.0029241558    0.0029241558    0.0029241558    0.0029241558
  0.0029241558    0.0029241558    0.0029241558    0.0029241558    0.0029241558
  0.0029241558    0.0029241558    0.0029241558    0.0029241558    0.0029241558
  0.0029241558    0.0029241558    0.0029241558    0.0029241558    0.0029241558
  0.0029241558    0.0029241558    0.0029241558    0.0029241558    0.0029241558
  0.0029241558    0.0029241558    0.0029241558    0.0029241558    0.0029241558
  0.0029241558    0.0029241558    0.0029241558    0.0029241558    0.0029241558
  0.0029241558    0.0029241558    0.0029241558    0.0029241558    0.0029241558
  0.0029241558    0.0029241558    0.0029241558    0.0029241558    0.0029241558
  0.0029241558    0.0029241558    0.0029241558    0.0029241558    0.0029241558
  0.0079409808    0.0079390212    0.0079331660    0.0079235907    0.0079105933
  0.0078945006    0.0078755988    0.0078542956    0.0078308968    0.0078056622
  0.0077788771    0.0077507370    0.0077214597    0.0076911921    0.0076600534
  0.0076281769    0.0075956622    0.0075625540    0.0075289689    0.0074949224
  0.0074604784    0.0074256834    0.0073905664    0.0073551798    0.0073195166
  0.0072836334    0.0072475274    0.0072112178    0.0071747244    0.0071380685
  0.0071012520    0.0070642789    0.0070271716    0.0069899357    0.0069525755
  0.0069151158    0.0068775255    0.0068398484    0.0068020544    0.0067641697
  0.0067262013    0.0066881395    0.0066499933    0.0066117701    0.0065734620
  0.0065350779    0.0064966105    0.0064580854    0.0064194796    0.0063808033
  0.0063420497    0.0063032454    0.0062643697    0.0062254167    0.0061864139
  0.0061473413    0.0061081950    0.0060690017    0.0060297435    0.0059904176
  0.0059510215    0.0059115833    0.0058720857    0.0058325133    0.0057928950
  0.0057531875    0.0057134466    0.0056736311    0.0056337705    0.0055938375
  0.0055538480    0.0055137915    0.0054736958    0.0054335133    0.0053932855
  0.0053529915    0.0053126359    0.0052722120    0.0052317481    0.0051911922
  0.0051505850    0.0051099229    0.0050691908    0.0050283955    0.0049875353
  0.0049465983    0.0049056152    0.0048645428    0.0048234137    0.0047822293
  0.0047409797    0.0046996288    0.0046582210    0.0046167586    0.0045752177
  0.0045335954    0.0044919181    0.0044501367    0.0044083058    0.0043663717
  0.0043243819    0.0042823182    0.0042401524    0.0041979301    0.0041555998
  0.0041132000    0.0040706918    0.0040281001    0.0039854262    0.0039426673
  0.0038997981    0.0038568326    0.0038137714    0.0037705958    0.0037273089
  0.0036839101    0.0036403917    0.0035967750    0.0035529935    0.0035090895
  0.0034650581    0.0034208656    0.0033765168    0.0033320002    0.0032872907
  0.0032424045    0.0031973164    0.0031520238    0.0031064860    0.0030607064
  0.0030146333    0.0030072733    0.0030072739    0.0030072739    0.0030072739
  0.0030072739    0.0030072739    0.0030072739    0.0030072739    0.0030072739
  0.0030072739    0.0030072739    0.0030072739    0.0030072739    0.0030072739
  0.0030072739    0.0030072739    0.0030072739    0.0030072739    0.0030072739
  0.0030072739    0.0030072739    0.0030072739    0.0030072739    0.0030072739
  0.0030072739    0.0030072739    0.0030072739    0.0030072739    0.0030072739
  0.0030072739    0.0030072739    0.0030072739    0.0030072739    0.0030072739
  0.0030072739    0.0030072739    0.0030072739    0.0030072739    0.0030072739
  0.0030072739    0.0030072739    0.0030072739    0.0030072739    0.0030072739
  0.0030072739    0.0030072739    0.0030072739    0.0030072739    0.0030072739
  0.0081241594    0.0081222974    0.0081167183    0.0081075963    0.0080951663
  0.0080797202    0.0080615313    0.0080409690    0.0080183177    0.0079938333
  0.0079677699    0.0079403334    0.0079117040    0.0078820569    0.0078515141
  0.0078201888    0.0077882048    0.0077556063    0.0077224894    0.0076888905
  0.0076548733    0.0076204841    0.0075857724    0.0075507484    0.0075154459
  0.0074799004    0.0074441085    0.0074081089    0.0073719413    0.0073355657
  0.0072990433    0.0072623572    0.0072255297    0.0071885645    0.0071514665
  0.0071142597    0.0070769300    0.0070394838    0.0070019274    0.0069642860
  0.0069265482    0.0068887212    0.0068508119    0.0068128108    0.0067747257
  0.0067365653    0.0066983206    0.0066600176    0.0066216304    0.0065831691
  0.0065446434    0.0065060448    0.0064673847    0.0064286398    0.0063898528
  0.0063510018    0.0063120819    0.0062730883    0.0062340473    0.0061949395
  0.0061557617    0.0061165249    0.0060772563    0.0060378943    0.0059984946
  0.0059590266    0.0059194886    0.0058798943    0.0058402575    0.0058005629
  0.0057607967    0.0057209598    0.0056810806    0.0056411469    0.0056011340
  0.0055610828    0.0055209586    0.0054807761    0.0054405265    0.0054002265
  0.0053598566    0.0053194338    0.0052789624    0.0052384252    0.0051977941
  0.0051571114    0.0051163949    0.0050755847    0.0050347137    0.0049937891
  0.0049527891    0.0049117457    0.0048706148    0.0048293906    0.0047881446
  0.0047467987    0.0047054075    0.0046639328    0.0046223732    0.0045807622
  0.0045390582    0.0044973065    0.0044554685    0.0044135467    0.0043715490
  0.0043294780    0.0042873115    0.0042450715    0.0042027534    0.0041603480
  0.0041178468    0.0040752439    0.0040325689    0.0039897835    0.0039469108
  0.0039039509    0.0038608807    0.0038176754    0.0037743775    0.0037309858
  0.0036874434    0.0036437799    0.0035999838    0.0035560702    0.0035120030
  0.0034677700    0.0034233863    0.0033788334    0.0033340848    0.0032891380
  0.0032439860    0.0031986154    0.0031529872    0.0031071143    0.0030905511
  0.0030905518    0.0030905518    0.0030905518    0.0030905518    0.0030905518
  0.0030905518    0.0030905518    0.0030905518    0.0030905518    0.0030905518
  0.0030905518    0.0030905518    0.0030905518    0.0030905518    0.0030905518
  0.0030905518    0.0030905518    0.0030905518    0.0030905518    0.0030905518
  0.0030905518    0.0030905518    0.0030905518    0.0030905518    0.0030905518
  0.0030905518    0.0030905518    0.0030905518    0.0030905518    0.0030905518
  0.0030905518    0.0030905518    0.0030905518    0.0030905518    0.0030905518
  0.0030905518    0.0030905518    0.0030905518    0.0030905518    0.0030905518
  0.0030905518    0.0030905518    0.0030905518    0.0030905518    0.0030905518
  0.0083068077    0.0083050082    0.0082996983    0.0082909977    0.0082790955
  0.0082642676    0.0082467703    0.0082269303    0.0082050080    0.0081812306
  0.0081558682    0.0081291136    0.0081011550    0.0080721263    0.0080421770
  0.0080114227    0.0079799667    0.0079478755    0.0079152241    0.0078820933
  0.0078485024    0.0078145416    0.0077802166    0.0077455579    0.0077106210
  0.0076754199    0.0076399706    0.0076043116    0.0075684410    0.0075323790
  0.0074961462    0.0074597244    0.0074231767    0.0073864850    0.0073496535
  0.0073126864    0.0072756083    0.0072384236    0.0072011192    0.0071637196
  0.0071262127    0.0070886241    0.0070509407    0.0070131525    0.0069753036
  0.0069373649    0.0068993442    0.0068612495    0.0068230719    0.0067848377
  0.0067465202    0.0067081292    0.0066696902    0.0066311787    0.0065925714
  0.0065539440    0.0065152242    0.0064764389    0.0064376140    0.0063987124
  0.0063597604    0.0063207376    0.0062816551    0.0062425249    0.0062033274
  0.0061640592    0.0061247626    0.0060853905    0.0060459551    0.0060064552
  0.0059669315    0.0059273120    0.0058876537    0.0058479270    0.0058081465
  0.0057683262    0.0057284265    0.0056884623    0.0056484353    0.0056083878
  0.0055682434    0.0055280576    0.0054878079    0.0054474991    0.0054071344
  0.0053666965    0.0053262254    0.0052856447    0.0052450316    0.0052043577
  0.0051636295    0.0051228121    0.0050819453    0.0050410080    0.0050000066
  0.0049589539    0.0049178069    0.0048766186    0.0048353391    0.0047940121
  0.0047526196    0.0047111277    0.0046695797    0.0046279698    0.0045862779
  0.0045445023    0.0045026764    0.0044607384    0.0044187426    0.0043766629
  0.0043345130    0.0042922606    0.0042499286    0.0042075145    0.0041650245
  0.0041224126    0.0040797484    0.0040369514    0.0039940634    0.0039510802
  0.0039080021    0.0038648008    0.0038214906    0.0037780632    0.0037345092
  0.0036908335    0.0036470060    0.0036030538    0.0035589440    0.0035146833
  0.0034702694    0.0034256356    0.0033808553    0.0033358501    0.0032906319
  0.0032451895    0.0031994871    0.0031740020    0.0031740028    0.0031740028
  0.0031740028    0.0031740028    0.0031740028    0.0031740028    0.0031740028
  0.0031740028    0.0031740028    0.0031740028    0.0031740028    0.0031740028
  0.0031740028    0.0031740028    0.0031740028    0.0031740028    0.0031740028
  0.0031740028    0.0031740028    0.0031740028    0.0031740028    0.0031740028
  0.0031740028    0.0031740028    0.0031740028    0.0031740028    0.0031740028
  0.0031740028    0.0031740028    0.0031740028    0.0031740028    0.0031740028
  0.0031740028    0.0031740028    0.0031740028    0.0031740028    0.0031740028
  0.0031740028    0.0031740028    0.0031740028    0.0031740028    0.0031740028
  0.0084889094    0.0084872107    0.0084821333    0.0084738141    0.0084624163
  0.0084481697    0.0084313346    0.0084121907    0.0083909471    0.0083678994
  0.0083432103    0.0083171333    0.0082898160    0.0082614226    0.0082320590
  0.0082018912    0.0081709538    0.0081393616    0.0081072130    0.0080745434
  0.0080413945    0.0080078572    0.0079739135    0.0079396610    0.0079050880
  0.0078702306    0.0078351253    0.0077997892    0.0077642193    0.0077284780
  0.0076925221    0.0076564158    0.0076201390    0.0075837147    0.0075471457
  0.0075104560    0.0074736290    0.0074366896    0.0073996424    0.0073624539
  0.0073252072    0.0072878312    0.0072503702    0.0072128124    0.0071751831
  0.0071374704    0.0070996637    0.0070617880    0.0070238333    0.0069858077
  0.0069477014    0.0069095224    0.0068712970    0.0068329815    0.0067946020
  0.0067561513    0.0067176547    0.0066790881    0.0066404447    0.0066017676
  0.0065630007    0.0065242033    0.0064853214    0.0064463975    0.0064074259
  0.0063683556    0.0063292603    0.0062900886    0.0062508688    0.0062115965
  0.0061722550    0.0061328698    0.0060934254    0.0060539189    0.0060143645
  0.0059747314    0.0059350626    0.0058953155    0.0058555316    0.0058156974
  0.0057757872    0.0057358154    0.0056957851    0.0056557105    0.0056155692
  0.0055753761    0.0055351231    0.0054948006    0.0054544269    0.0054139827
  0.0053734949    0.0053329370    0.0052923139    0.0052516321    0.0052108882
  0.0051700684    0.0051292141    0.0050882674    0.0050472703    0.0050062134
  0.0049650734    0.0049238736    0.0048826147    0.0048412595    0.0047998506
  0.0047583913    0.0047168366    0.0046752127    0.0046335340    0.0045917520
  0.0045499024    0.0045079843    0.0044659707    0.0044238907    0.0043817366
  0.0043394871    0.0042971622    0.0042547448    0.0042122227    0.0041696210
  0.0041269175    0.0040841413    0.0040412596    0.0039982764    0.0039551615
  0.0039119631    0.0038686201    0.0038251752    0.0037815978    0.0037378818
  0.0036940495    0.0036500552    0.0036059044    0.0035616087    0.0035171318
  0.0034724589    0.0034276248    0.0033825467    0.0033372587    0.0032917466
  0.0032575967    0.0032575974    0.0032575974    0.0032575974    0.0032575974
  0.0032575974    0.0032575974    0.0032575974    0.0032575974    0.0032575974
  0.0032575974    0.0032575974    0.0032575974    0.0032575974    0.0032575974
  0.0032575974    0.0032575974    0.0032575974    0.0032575974    0.0032575974
  0.0032575974    0.0032575974    0.0032575974    0.0032575974    0.0032575974
  0.0032575974    0.0032575974    0.0032575974    0.0032575974    0.0032575974
  0.0032575974    0.0032575974    0.0032575974    0.0032575974    0.0032575974
  0.0032575974    0.0032575974    0.0032575974    0.0032575974    0.0032575974
  0.0086705382    0.0086689013    0.0086640401    0.0086560809    0.0086451565
  0.0086314710    0.0086152605    0.0085967532    0.0085762054    0.0085538307
  0.0085298306    0.0085044213    0.0084777586    0.0084499639    0.0084211967
  0.0083915785    0.0083611928    0.0083301327    0.0082984503    0.0082662523
  0.0082335560    0.0082004306    0.0081669026    0.0081330250    0.0080988305
  0.0080643540    0.0080295874    0.0079945702    0.0079593419    0.0079238779
  0.0078882422    0.0078524339    0.0078164321    0.0077802813    0.0077439833
  0.0077075408    0.0076709776    0.0076342775    0.0075974647    0.0075605437
  0.0075235199    0.0074863790    0.0074491458    0.0074118265    0.0073744087
  0.0073369169    0.0072993201    0.0072616637    0.0072239164    0.0071861049
  0.0071481990    0.0071102442    0.0070722110    0.0070341085    0.0069959442
  0.0069576918    0.0069193946    0.0068810273    0.0068426153    0.0068041169
  0.0067655749    0.0067269660    0.0066882832    0.0066495686    0.0066107835
  0.0065719227    0.0065330442    0.0064940633    0.0064550535    0.0064159951
  0.0063768376    0.0063376537    0.0062984236    0.0062591292    0.0062197836
  0.0061803688    0.0061409126    0.0061013836    0.0060618093    0.0060221740
  0.0059824919    0.0059427488    0.0059029450    0.0058630806    0.0058231698
  0.0057832012    0.0057431643    0.0057030726    0.0056629301    0.0056227261
  0.0055824652    0.0055421270    0.0055017510    0.0054613194    0.0054208242
  0.0053802595    0.0053396221    0.0052989512    0.0052581976    0.0052173820
  0.0051765106    0.0051355713    0.0050945628    0.0050535052    0.0050123779
  0.0049711802    0.0049298947    0.0048885542    0.0048471505    0.0048056667
  0.0047641271    0.0047225088    0.0046808070    0.0046390286    0.0045971646
  0.0045552566    0.0045132426    0.0044711683    0.0044290004    0.0043867355
  0.0043444146    0.0043019812    0.0042594635    0.0042168672    0.0041741560
  0.0041313581    0.0040884496    0.0040454523    0.0040023558    0.0039591052
  0.0039157551    0.0038722842    0.0038287029    0.0037849611    0.0037410914
  0.0036970532    0.0036528748    0.0036085287    0.0035639977    0.0035192806
  0.0034743907    0.0034292340    0.0033838939    0.0033413428    0.0033413436
  0.0033413436    0.0033413436    0.0033413436    0.0033413436    0.0033413436
  0.0033413436    0.0033413436    0.0033413436    0.0033413436    0.0033413436
  0.0033413436    0.0033413436    0.0033413436    0.0033413436    0.0033413436
  0.0033413436    0.0033413436    0.0033413436    0.0033413436    0.0033413436
  0.0033413436    0.0033413436    0.0033413436    0.0033413436    0.0033413436
  0.0033413436    0.0033413436    0.0033413436    0.0033413436    0.0033413436
  0.0033413436    0.0033413436    0.0033413436    0.0033413436    0.0033413436
  0.0088516259    0.0088500881    0.0088454228    0.0088377962    0.0088273069
  0.0088141556    0.0087985238    0.0087806629    0.0087607718    0.0087390817
  0.0087157315    0.0086909750    0.0086649260    0.0086377622    0.0086095981
  0.0085805346    0.0085507069    0.0085201359    0.0084889723    0.0084572271
  0.0084249897    0.0083923056    0.0083591776    0.0083257055    0.0082918753
  0.0082577451    0.0082233511    0.0081886645    0.0081537476    0.0081186190
  0.0080832765    0.0080477631    0.0080120558    0.0079761782    0.0079401311
  0.0079039598    0.0078676448    0.0078312112    0.0077946410    0.0077579595
  0.0077211708    0.0076842798    0.0076472714    0.0076101714    0.0075729853
  0.0075356985    0.0074983381    0.0074608904    0.0074233618    0.0073857402
  0.0073480708    0.0073103041    0.0072724663    0.0072345832    0.0071966071
  0.0071585654    0.0071204834    0.0070823152    0.0070440873    0.0070057912
  0.0069674354    0.0069290284    0.0068905625    0.0068520295    0.0068134392
  0.0067748010    0.0067360914    0.0066973368    0.0066585309    0.0066196517
  0.0065807261    0.0065417486    0.0065026983    0.0064636031    0.0064244572
  0.0063852420    0.0063459847    0.0063066811    0.0062673148    0.0062278817
  0.0061884109    0.0061488703    0.0061092877    0.0060696343    0.0060299500
  0.0059901809    0.0059503671    0.0059105094    0.0058705695    0.0058306011
  0.0057905525    0.0057504668    0.0057103320    0.0056701138    0.0056298418
  0.0055895302    0.0055491370    0.0055086772    0.0054681693    0.0054276069
  0.0053869948    0.0053463074    0.0053055503    0.0052647216    0.0052238396
  0.0051829127    0.0051419068    0.0051008431    0.0050597001    0.0050184996
  0.0049772213    0.0049358777    0.0048944799    0.0048530039    0.0048114340
  0.0047698124    0.0047281251    0.0046863341    0.0046444977    0.0046025555
  0.0045605577    0.0045184697    0.0044763037    0.0044340433    0.0043917008
  0.0043492637    0.0043067525    0.0042641352    0.0042214253    0.0041786163
  0.0041356804    0.0040926623    0.0040495370    0.0040062947    0.0039629089
  0.0039194305    0.0038758154    0.0038320517    0.0037881440    0.0037440500
  0.0036998449    0.0036554410    0.0036108696    0.0035661003    0.0035211046
  0.0034759373    0.0034304824    0.0034252543    0.0034252550    0.0034252550
  0.0034252550    0.0034252550    0.0034252550    0.0034252550    0.0034252550
  0.0034252550    0.0034252550    0.0034252550    0.0034252550    0.0034252550
  0.0034252550    0.0034252550    0.0034252550    0.0034252550    0.0034252550
  0.0034252550    0.0034252550    0.0034252550    0.0034252550    0.0034252550
  0.0034252550    0.0034252550    0.0034252550    0.0034252550    0.0034252550
  0.0034252550    0.0034252550    0.0034252550    0.0034252550    0.0034252550
  0.0090322728    0.0090307642    0.0090263246    0.0090189973    0.0090089242
  0.0089962728    0.0089812188    0.0089639556    0.0089447010    0.0089236246
  0.0089009564    0.0088768323    0.0088514261    0.0088248461    0.0087972881
  0.0087687804    0.0087394871    0.0087094546    0.0086787619    0.0086474943
  0.0086157173    0.0085834526    0.0085507501    0.0085176869    0.0084842479
  0.0084504677    0.0084164071    0.0083820808    0.0083475061    0.0083126779
  0.0082776615    0.0082424101    0.0082069895    0.0081713998    0.0081356412
  0.0080997377    0.0080636903    0.0080275021    0.0079911765    0.0079547377
  0.0079181897    0.0078815155    0.0078447410    0.0078078918    0.0077709105
  0.0077338446    0.0076966991    0.0076594597    0.0076221523    0.0075847444
  0.0075472618    0.0075097304    0.0074720991    0.0074343951    0.0073966243
  0.0073587954    0.0073208780    0.0072829165    0.0072448826    0.0072068024
  0.0071686479    0.0071304276    0.0070921674    0.0070538231    0.0070154215
  0.0069769890    0.0069384654    0.0068998947    0.0068612868    0.0068226162
  0.0067838772    0.0067450962    0.0067062506    0.0066673513    0.0066284075
  0.0065893997    0.0065503381    0.0065112181    0.0064720507    0.0064328328
  0.0063935757    0.0063542303    0.0063148410    0.0062754171    0.0062359287
  0.0061963881    0.0061567804    0.0061171324    0.0060774297    0.0060376455
  0.0059978320    0.0059579652    0.0059180318    0.0058780453    0.0058379969
  0.0057978870    0.0057577439    0.0057175321    0.0056772449    0.0056369086
  0.0055965404    0.0055560847    0.0055155721    0.0054749942    0.0054343696
  0.0053936823    0.0053529160    0.0053121025    0.0052712362    0.0052302839
  0.0051892750    0.0051482091    0.0051070655    0.0050658626    0.0050245941
  0.0049832316    0.0049418340    0.0049003389    0.0048587958    0.0048171625
  0.0047754717    0.0047336927    0.0046918420    0.0046498990    0.0046078977
  0.0045658133    0.0045236437    0.0044813623    0.0044390098    0.0043965741
  0.0043540506    0.0043114293    0.0042686875    0.0042258903    0.0041829432
  0.0041398972    0.0040967435    0.0040534823    0.0040100921    0.0039665717
  0.0039229261    0.0038791386    0.0038351871    0.0037910780    0.0037468117
  0.0037023532    0.0036577229    0.0036129084    0.0035678606    0.0035225730
  0.0035092973    0.0035092981    0.0035092981    0.0035092981    0.0035092981
  0.0035092981    0.0035092981    0.0035092981    0.0035092981    0.0035092981
  0.0035092981    0.0035092981    0.0035092981    0.0035092981    0.0035092981
  0.0035092981    0.0035092981    0.0035092981    0.0035092981    0.0035092981
  0.0035092981    0.0035092981    0.0035092981    0.0035092981    0.0035092981
  0.0035092981    0.0035092981    0.0035092981    0.0035092981    0.0035092981
