  0.0000000000    0.0150000000
  0.0002500000    0.0010000000    179    30
  0.0033195377    0.0033047778    0.0032725984    0.0032346142    0.0031947528
  0.0031534854    0.0031119501    0.0030700840    0.0030278794    0.0029856578
  0.0029431368    0.0029006505    0.0028579357    0.0028150412    0.0027722859
  0.0027294316    0.0026862546    0.0026433433    0.0026002164    0.0025571775
  0.0025137878    0.0024705920    0.0024271764    0.0023836076    0.0023401693
  0.0022969180    0.0022532753    0.0022097428    0.0021659842    0.0021222936
  0.0020787235    0.0020348133    0.0019908446    0.0019469158    0.0019027972
  0.0018585808    0.0018147081    0.0017702124    0.0017258410    0.0016811539
  0.0016366004    0.0016099403    0.0016099461    0.0016099461    0.0016099461
  0.0016099461    0.0016099461    0.0016099461    0.0016099461    0.0016099461
  0.0016099461    0.0016099461    0.0016099461    0.0016099461    0.0016099461
  0.0016099461    0.0016099461    0.0016099461    0.0016099461    0.0016099461
  0.0016099461    0.0016099461    0.0016099461    0.0016099461    0.0016099461
  0.0016099461    0.0016099461    0.0016099461    0.0016099461    0.0016099461
  0.0016099461    0.0016099461    0.0016099461    0.0016099461    0.0016099461
  0.0016099461    0.0016099461    0.0016099461    0.0016099461    0.0016099461
  0.0016099461    0.0016099461    0.0016099461    0.0016099461    0.0016099461
  0.0016099461    0.0016099461    0.0016099461    0.0016099461    0.0016099461
  0.0016099461    0.0016099461    0.0016099461    0.0016099461    0.0016099461
  0.0016099461    0.0016099461    0.0016099461    0.0016099461    0.0016099461
  0.0016099461    0.0016099461    0.0016099461    0.0016099461    0.0016099461
  0.0016099461    0.0016099461    0.0016099461    0.0016099461    0.0016099461
  0.0016099461    0.0016099461    0.0016099461    0.0016099461    0.0016099461
  0.0016099461    0.0016099461    0.0016099461    0.0016099461    0.0016099461
  0.0016099461    0.0016099461    0.0016099461    0.0016099461    0.0016099461
  0.0016099461    0.0016099461    0.0016099461    0.0016099461    0.0016099461
  0.0016099461    0.0016099461    0.0016099461    0.0016099461    0.0016099461
  0.0016099461    0.0016099461    0.0016099461    0.0016099461    0.0016099461
  0.0016099461    0.0016099461    0.0016099461    0.0016099461    0.0016099461
  0.0016099461    0.0016099461    0.0016099461    0.0016099461    0.0016099461
  0.0016099461    0.0016099461    0.0016099461    0.0016099461    0.0016099461
  0.0016099461    0.0016099461    0.0016099461    0.0016099461    0.0016099461
  0.0016099461    0.0016099461    0.0016099461    0.0016099461    0.0016099461
  0.0016099461    0.0016099461    0.0016099461    0.0016099461    0.0016099461
  0.0016099461    0.0016099461    0.0016099461    0.0016099461    0.0016099461
  0.0016099461    0.0016099461    0.0016099461    0.0016099461    0.0016099461
  0.0035262428    0.0035130295    0.0034832824    0.0034464988    0.0034074644
  0.0033672700    0.0033263688    0.0032850149    0.0032435114    0.0032015287
  0.0031594144    0.0031171883    0.0030748794    0.0030325163    0.0029898311
  0.0029474610    0.0029048432    0.0028620389    0.0028193584    0.0027763045
  0.0027337218    0.0026906019    0.0026475235    0.0026045318    0.0025614259
  0.0025182686    0.0024748847    0.0024317865    0.0023883643    0.0023451219
  0.0023016960    0.0022581596    0.0022145882    0.0021710698    0.0021272917
  0.0020835328    0.0020398767    0.0019960616    0.0019520350    0.0019078975
  0.0018639331    0.0018193306    0.0017754081    0.0017308481    0.0017155212
  0.0017155274    0.0017155274    0.0017155274    0.0017155274    0.0017155274
  0.0017155274    0.0017155274    0.0017155274    0.0017155274    0.0017155274
  0.0017155274    0.0017155274    0.0017155274    0.0017155274    0.0017155274
  0.0017155274    0.0017155274    0.0017155274    0.0017155274    0.0017155274
  0.0017155274    0.0017155274    0.0017155274    0.0017155274    0.0017155274
  0.0017155274    0.0017155274    0.0017155274    0.0017155274    0.0017155274
  0.0017155274    0.0017155274    0.0017155274    0.0017155274    0.0017155274
  0.0017155274    0.0017155274    0.0017155274    0.0017155274    0.0017155274
  0.0017155274    0.0017155274    0.0017155274    0.0017155274    0.0017155274
  0.0017155274    0.0017155274    0.0017155274    0.0017155274    0.0017155274
  0.0017155274    0.0017155274    0.0017155274    0.0017155274    0.0017155274
  0.0017155274    0.0017155274    0.0017155274    0.0017155274    0.0017155274
  0.0017155274    0.0017155274    0.0017155274    0.0017155274    0.0017155274
  0.0017155274    0.0017155274    0.0017155274    0.0017155274    0.0017155274
  0.0017155274    0.0017155274    0.0017155274    0.0017155274    0.0017155274
  0.0017155274    0.0017155274    0.0017155274    0.0017155274    0.0017155274
  0.0017155274    0.0017155274    0.0017155274    0.0017155274    0.0017155274
  0.0017155274    0.0017155274    0.0017155274    0.0017155274    0.0017155274
  0.0017155274    0.0017155274    0.0017155274    0.0017155274    0.0017155274
  0.0017155274    0.0017155274    0.0017155274    0.0017155274    0.0017155274
  0.0017155274    0.0017155274    0.0017155274    0.0017155274    0.0017155274
  0.0017155274    0.0017155274    0.0017155274    0.0017155274    0.0017155274
  0.0017155274    0.0017155274    0.0017155274    0.0017155274    0.0017155274
  0.0017155274    0.0017155274    0.0017155274    0.0017155274    0.0017155274
  0.0017155274    0.0017155274    0.0017155274    0.0017155274    0.0017155274
  0.0017155274    0.0017155274    0.0017155274    0.0017155274    0.0017155274
  0.0017155274    0.0017155274    0.0017155274    0.0017155274    0.0017155274
  0.0037315821    0.0037200167    0.0036921863    0.0036570750    0.0036193097
  0.0035795927    0.0035394505    0.0034987492    0.0034574452    0.0034158773
  0.0033743868    0.0033323170    0.0032906860    0.0032485296    0.0032062130
  0.0031640740    0.0031218365    0.0030792248    0.0030368867    0.0029945505
  0.0029519625    0.0029091841    0.0028665221    0.0028237580    0.0027811833
  0.0027380767    0.0026952510    0.0026522640    0.0026091579    0.0025662251
  0.0025230629    0.0024799476    0.0024367229    0.0023936582    0.0023501978
  0.0023068312    0.0022634209    0.0022202164    0.0021765588    0.0021327236
  0.0020891677    0.0020450966    0.0020013018    0.0019573726    0.0019134251
  0.0018692633    0.0018247424    0.0018213735    0.0018213801    0.0018213801
  0.0018213801    0.0018213801    0.0018213801    0.0018213801    0.0018213801
  0.0018213801    0.0018213801    0.0018213801    0.0018213801    0.0018213801
  0.0018213801    0.0018213801    0.0018213801    0.0018213801    0.0018213801
  0.0018213801    0.0018213801    0.0018213801    0.0018213801    0.0018213801
  0.0018213801    0.0018213801    0.0018213801    0.0018213801    0.0018213801
  0.0018213801    0.0018213801    0.0018213801    0.0018213801    0.0018213801
  0.0018213801    0.0018213801    0.0018213801    0.0018213801    0.0018213801
  0.0018213801    0.0018213801    0.0018213801    0.0018213801    0.0018213801
  0.0018213801    0.0018213801    0.0018213801    0.0018213801    0.0018213801
  0.0018213801    0.0018213801    0.0018213801    0.0018213801    0.0018213801
  0.0018213801    0.0018213801    0.0018213801    0.0018213801    0.0018213801
  0.0018213801    0.0018213801    0.0018213801    0.0018213801    0.0018213801
  0.0018213801    0.0018213801    0.0018213801    0.0018213801    0.0018213801
  0.0018213801    0.0018213801    0.0018213801    0.0018213801    0.0018213801
  0.0018213801    0.0018213801    0.0018213801    0.0018213801    0.0018213801
  0.0018213801    0.0018213801    0.0018213801    0.0018213801    0.0018213801
  0.0018213801    0.0018213801    0.0018213801    0.0018213801    0.0018213801
  0.0018213801    0.0018213801    0.0018213801    0.0018213801    0.0018213801
  0.0018213801    0.0018213801    0.0018213801    0.0018213801    0.0018213801
  0.0018213801    0.0018213801    0.0018213801    0.0018213801    0.0018213801
  0.0018213801    0.0018213801    0.0018213801    0.0018213801    0.0018213801
  0.0018213801    0.0018213801    0.0018213801    0.0018213801    0.0018213801
  0.0018213801    0.0018213801    0.0018213801    0.0018213801    0.0018213801
  0.0018213801    0.0018213801    0.0018213801    0.0018213801    0.0018213801
  0.0018213801    0.0018213801    0.0018213801    0.0018213801    0.0018213801
  0.0018213801    0.0018213801    0.0018213801    0.0018213801    0.0018213801
  0.0039358453    0.0039251413    0.0038993730    0.0038660151    0.0038291839
  0.0037907179    0.0037510124    0.0037106688    0.0036699858    0.0036292922
  0.0035878609    0.0035464211    0.0035049769    0.0034632089    0.0034214737
  0.0033794710    0.0033375525    0.0032954233    0.0032534331    0.0032112969
  0.0031687545    0.0031267339    0.0030843762    0.0030420144    0.0029994147
  0.0029568834    0.0029141944    0.0028716604    0.0028287999    0.0027861653
  0.0027435490    0.0027005207    0.0026576025    0.0026146222    0.0025716369
  0.0025286872    0.0024854065    0.0024422827    0.0023993708    0.0023559171
  0.0023128091    0.0022691429    0.0022259477    0.0021823607    0.0021385157
  0.0020946488    0.0020512152    0.0020071260    0.0019630133    0.0019275119
  0.0019275189    0.0019275189    0.0019275189    0.0019275189    0.0019275189
  0.0019275189    0.0019275189    0.0019275189    0.0019275189    0.0019275189
  0.0019275189    0.0019275189    0.0019275189    0.0019275189    0.0019275189
  0.0019275189    0.0019275189    0.0019275189    0.0019275189    0.0019275189
  0.0019275189    0.0019275189    0.0019275189    0.0019275189    0.0019275189
  0.0019275189    0.0019275189    0.0019275189    0.0019275189    0.0019275189
  0.0019275189    0.0019275189    0.0019275189    0.0019275189    0.0019275189
  0.0019275189    0.0019275189    0.0019275189    0.0019275189    0.0019275189
  0.0019275189    0.0019275189    0.0019275189    0.0019275189    0.0019275189
  0.0019275189    0.0019275189    0.0019275189    0.0019275189    0.0019275189
  0.0019275189    0.0019275189    0.0019275189    0.0019275189    0.0019275189
  0.0019275189    0.0019275189    0.0019275189    0.0019275189    0.0019275189
  0.0019275189    0.0019275189    0.0019275189    0.0019275189    0.0019275189
  0.0019275189    0.0019275189    0.0019275189    0.0019275189    0.0019275189
  0.0019275189    0.0019275189    0.0019275189    0.0019275189    0.0019275189
  0.0019275189    0.0019275189    0.0019275189    0.0019275189    0.0019275189
  0.0019275189    0.0019275189    0.0019275189    0.0019275189    0.0019275189
  0.0019275189    0.0019275189    0.0019275189    0.0019275189    0.0019275189
  0.0019275189    0.0019275189    0.0019275189    0.0019275189    0.0019275189
  0.0019275189    0.0019275189    0.0019275189    0.0019275189    0.0019275189
  0.0019275189    0.0019275189    0.0019275189    0.0019275189    0.0019275189
  0.0019275189    0.0019275189    0.0019275189    0.0019275189    0.0019275189
  0.0019275189    0.0019275189    0.0019275189    0.0019275189    0.0019275189
  0.0019275189    0.0019275189    0.0019275189    0.0019275189    0.0019275189
  0.0019275189    0.0019275189    0.0019275189    0.0019275189    0.0019275189
  0.0019275189    0.0019275189    0.0019275189    0.0019275189    0.0019275189
  0.0041387278    0.0041291980    0.0041051658    0.0040735896    0.0040380531
  0.0040004383    0.0039615217    0.0039218933    0.0038814597    0.0038409500
  0.0038003359    0.0037592430    0.0037180506    0.0036767722    0.0036354264
  0.0035940252    0.0035522469    0.0035104726    0.0034687238    0.0034266922
  0.0033847383    0.0033428852    0.0033005369    0.0032583560    0.0032163605
  0.0031739901    0.0031318671    0.0030894553    0.0030470700    0.0030047525
  0.0029622708    0.0029194061    0.0028769942    0.0028343005    0.0027916160
  0.0027487536    0.0027062424    0.0026634055    0.0026205572    0.0025775235
  0.0025343667    0.0024913643    0.0024483517    0.0024053919    0.0023621698
  0.0023187633    0.0022754316    0.0022318912    0.0021882363    0.0021447355
  0.0021007810    0.0020571436    0.0020334050    0.0020334123    0.0020334123
  0.0020334123    0.0020334123    0.0020334123    0.0020334123    0.0020334123
  0.0020334123    0.0020334123    0.0020334123    0.0020334123    0.0020334123
  0.0020334123    0.0020334123    0.0020334123    0.0020334123    0.0020334123
  0.0020334123    0.0020334123    0.0020334123    0.0020334123    0.0020334123
  0.0020334123    0.0020334123    0.0020334123    0.0020334123    0.0020334123
  0.0020334123    0.0020334123    0.0020334123    0.0020334123    0.0020334123
  0.0020334123    0.0020334123    0.0020334123    0.0020334123    0.0020334123
  0.0020334123    0.0020334123    0.0020334123    0.0020334123    0.0020334123
  0.0020334123    0.0020334123    0.0020334123    0.0020334123    0.0020334123
  0.0020334123    0.0020334123    0.0020334123    0.0020334123    0.0020334123
  0.0020334123    0.0020334123    0.0020334123    0.0020334123    0.0020334123
  0.0020334123    0.0020334123    0.0020334123    0.0020334123    0.0020334123
  0.0020334123    0.0020334123    0.0020334123    0.0020334123    0.0020334123
  0.0020334123    0.0020334123    0.0020334123    0.0020334123    0.0020334123
  0.0020334123    0.0020334123    0.0020334123    0.0020334123    0.0020334123
  0.0020334123    0.0020334123    0.0020334123    0.0020334123    0.0020334123
  0.0020334123    0.0020334123    0.0020334123    0.0020334123    0.0020334123
  0.0020334123    0.0020334123    0.0020334123    0.0020334123    0.0020334123
  0.0020334123    0.0020334123    0.0020334123    0.0020334123    0.0020334123
  0.0020334123    0.0020334123    0.0020334123    0.0020334123    0.0020334123
  0.0020334123    0.0020334123    0.0020334123    0.0020334123    0.0020334123
  0.0020334123    0.0020334123    0.0020334123    0.0020334123    0.0020334123
  0.0020334123    0.0020334123    0.0020334123    0.0020334123    0.0020334123
  0.0020334123    0.0020334123    0.0020334123    0.0020334123    0.0020334123
  0.0020334123    0.0020334123    0.0020334123    0.0020334123    0.0020334123
  0.0043404920    0.0043319896    0.0043097088    0.0042794611    0.0042451595
  0.0042087373    0.0041705358    0.0041315698    0.0040917136    0.0040517167
  0.0040115415    0.0039707853    0.0039302257    0.0038891032    0.0038481901
  0.0038067553    0.0037655632    0.0037242558    0.0036828548    0.0036410540
  0.0035995537    0.0035577042    0.0035158783    0.0034740887    0.0034323682
  0.0033904208    0.0033482950    0.0033060201    0.0032642279    0.0032217692
  0.0031798318    0.0031373292    0.0030951280    0.0030529847    0.0030106670
  0.0029679713    0.0029254533    0.0028831490    0.0028403646    0.0027978696
  0.0027550118    0.0027123107    0.0026697970    0.0026266412    0.0025837870
  0.0025406570    0.0024977131    0.0024546357    0.0024116536    0.0023682936
  0.0023251650    0.0022818194    0.0022383406    0.0021944632    0.0021509722
  0.0021395128    0.0021395206    0.0021395206    0.0021395206    0.0021395206
  0.0021395206    0.0021395206    0.0021395206    0.0021395206    0.0021395206
  0.0021395206    0.0021395206    0.0021395206    0.0021395206    0.0021395206
  0.0021395206    0.0021395206    0.0021395206    0.0021395206    0.0021395206
  0.0021395206    0.0021395206    0.0021395206    0.0021395206    0.0021395206
  0.0021395206    0.0021395206    0.0021395206    0.0021395206    0.0021395206
  0.0021395206    0.0021395206    0.0021395206    0.0021395206    0.0021395206
  0.0021395206    0.0021395206    0.0021395206    0.0021395206    0.0021395206
  0.0021395206    0.0021395206    0.0021395206    0.0021395206    0.0021395206
  0.0021395206    0.0021395206    0.0021395206    0.0021395206    0.0021395206
  0.0021395206    0.0021395206    0.0021395206    0.0021395206    0.0021395206
  0.0021395206    0.0021395206    0.0021395206    0.0021395206    0.0021395206
  0.0021395206    0.0021395206    0.0021395206    0.0021395206    0.0021395206
  0.0021395206    0.0021395206    0.0021395206    0.0021395206    0.0021395206
  0.0021395206    0.0021395206    0.0021395206    0.0021395206    0.0021395206
  0.0021395206    0.0021395206    0.0021395206    0.0021395206    0.0021395206
  0.0021395206    0.0021395206    0.0021395206    0.0021395206    0.0021395206
  0.0021395206    0.0021395206    0.0021395206    0.0021395206    0.0021395206
  0.0021395206    0.0021395206    0.0021395206    0.0021395206    0.0021395206
  0.0021395206    0.0021395206    0.0021395206    0.0021395206    0.0021395206
  0.0021395206    0.0021395206    0.0021395206    0.0021395206    0.0021395206
  0.0021395206    0.0021395206    0.0021395206    0.0021395206    0.0021395206
  0.0021395206    0.0021395206    0.0021395206    0.0021395206    0.0021395206
  0.0021395206    0.0021395206    0.0021395206    0.0021395206    0.0021395206
  0.0021395206    0.0021395206    0.0021395206    0.0021395206    0.0021395206
  0.0045406635    0.0045329771    0.0045128799    0.0044843157    0.0044511264
  0.0044153406    0.0043781648    0.0043401703    0.0043012081    0.0042616261
  0.0042218021    0.0041817110    0.0041413471    0.0041003230    0.0040598331
  0.0040190960    0.0039777506    0.0039369532    0.0038955985    0.0038544439
  0.0038131489    0.0037713813    0.0037302213    0.0036886431    0.0036470216
  0.0036050563    0.0035634351    0.0035218436    0.0034800009    0.0034382416
  0.0033962955    0.0033544881    0.0033122727    0.0032702590    0.0032279166
  0.0031858468    0.0031435125    0.0031015156    0.0030590739    0.0030167671
  0.0029743790    0.0029319441    0.0028895096    0.0028466443    0.0028043578
  0.0027617286    0.0027190730    0.0026762155    0.0026334207    0.0025905519
  0.0025474574    0.0025043997    0.0024614401    0.0024182762    0.0023751521
  0.0023316106    0.0022882719    0.0022454038    0.0022454119    0.0022454119
  0.0022454119    0.0022454119    0.0022454119    0.0022454119    0.0022454119
  0.0022454119    0.0022454119    0.0022454119    0.0022454119    0.0022454119
  0.0022454119    0.0022454119    0.0022454119    0.0022454119    0.0022454119
  0.0022454119    0.0022454119    0.0022454119    0.0022454119    0.0022454119
  0.0022454119    0.0022454119    0.0022454119    0.0022454119    0.0022454119
  0.0022454119    0.0022454119    0.0022454119    0.0022454119    0.0022454119
  0.0022454119    0.0022454119    0.0022454119    0.0022454119    0.0022454119
  0.0022454119    0.0022454119    0.0022454119    0.0022454119    0.0022454119
  0.0022454119    0.0022454119    0.0022454119    0.0022454119    0.0022454119
  0.0022454119    0.0022454119    0.0022454119    0.0022454119    0.0022454119
  0.0022454119    0.0022454119    0.0022454119    0.0022454119    0.0022454119
  0.0022454119    0.0022454119    0.0022454119    0.0022454119    0.0022454119
  0.0022454119    0.0022454119    0.0022454119    0.0022454119    0.0022454119
  0.0022454119    0.0022454119    0.0022454119    0.0022454119    0.0022454119
  0.0022454119    0.0022454119    0.0022454119    0.0022454119    0.0022454119
  0.0022454119    0.0022454119    0.0022454119    0.0022454119    0.0022454119
  0.0022454119    0.0022454119    0.0022454119    0.0022454119    0.0022454119
  0.0022454119    0.0022454119    0.0022454119    0.0022454119    0.0022454119
  0.0022454119    0.0022454119    0.0022454119    0.0022454119    0.0022454119
  0.0022454119    0.0022454119    0.0022454119    0.0022454119    0.0022454119
  0.0022454119    0.0022454119    0.0022454119    0.0022454119    0.0022454119
  0.0022454119    0.0022454119    0.0022454119    0.0022454119    0.0022454119
  0.0022454119    0.0022454119    0.0022454119    0.0022454119    0.0022454119
  0.0022454119    0.0022454119    0.0022454119    0.0022454119    0.0022454119
  0.0047402727    0.0047331203    0.0047141980    0.0046876903    0.0046559121
  0.0046214781    0.0045847062    0.0045475433    0.0045089020    0.0044700246
  0.0044308406    0.0043908941    0.0043510306    0.0043108155    0.0042706738
  0.0042297903    0.0041890030    0.0041483089    0.0041077238    0.0040664886
  0.0040253982    0.0039844676    0.0039433364    0.0039020323    0.0038605782
  0.0038193579    0.0037776967    0.0037363060    0.0036948605    0.0036530674
  0.0036116083    0.0035698536    0.0035281583    0.0034862442    0.0034444453
  0.0034022005    0.0033607110    0.0033185440    0.0032763341    0.0032343883
  0.0031921803    0.0031500270    0.0031079605    0.0030657595    0.0030232169
  0.0029811206    0.0029390033    0.0028962206    0.0028535294    0.0028112036
  0.0027683879    0.0027260110    0.0026830431    0.0026406126    0.0025977245
  0.0025544690    0.0025115206    0.0024683269    0.0024250070    0.0023817770
  0.0023517266    0.0023517351    0.0023517351    0.0023517351    0.0023517351
  0.0023517351    0.0023517351    0.0023517351    0.0023517351    0.0023517351
  0.0023517351    0.0023517351    0.0023517351    0.0023517351    0.0023517351
  0.0023517351    0.0023517351    0.0023517351    0.0023517351    0.0023517351
  0.0023517351    0.0023517351    0.0023517351    0.0023517351    0.0023517351
  0.0023517351    0.0023517351    0.0023517351    0.0023517351    0.0023517351
  0.0023517351    0.0023517351    0.0023517351    0.0023517351    0.0023517351
  0.0023517351    0.0023517351    0.0023517351    0.0023517351    0.0023517351
  0.0023517351    0.0023517351    0.0023517351    0.0023517351    0.0023517351
  0.0023517351    0.0023517351    0.0023517351    0.0023517351    0.0023517351
  0.0023517351    0.0023517351    0.0023517351    0.0023517351    0.0023517351
  0.0023517351    0.0023517351    0.0023517351    0.0023517351    0.0023517351
  0.0023517351    0.0023517351    0.0023517351    0.0023517351    0.0023517351
  0.0023517351    0.0023517351    0.0023517351    0.0023517351    0.0023517351
  0.0023517351    0.0023517351    0.0023517351    0.0023517351    0.0023517351
  0.0023517351    0.0023517351    0.0023517351    0.0023517351    0.0023517351
  0.0023517351    0.0023517351    0.0023517351    0.0023517351    0.0023517351
  0.0023517351    0.0023517351    0.0023517351    0.0023517351    0.0023517351
  0.0023517351    0.0023517351    0.0023517351    0.0023517351    0.0023517351
  0.0023517351    0.0023517351    0.0023517351    0.0023517351    0.0023517351
  0.0023517351    0.0023517351    0.0023517351    0.0023517351    0.0023517351
  0.0023517351    0.0023517351    0.0023517351    0.0023517351    0.0023517351
  0.0023517351    0.0023517351    0.0023517351    0.0023517351    0.0023517351
  0.0023517351    0.0023517351    0.0023517351    0.0023517351    0.0023517351
  0.0049386114    0.0049326529    0.0049147208    0.0048896592    0.0048591145
  0.0048258521    0.0047901859    0.0047536508    0.0047160285    0.0046772122
  0.0046385048    0.0045993988    0.0045598771    0.0045199379    0.0044800090
  0.0044396689    0.0043993481    0.0043590588    0.0043183957    0.0042777830
  0.0042372358    0.0041963734    0.0041552266    0.0041141974    0.0040732984
  0.0040321750    0.0039908475    0.0039497162    0.0039084310    0.0038670156
  0.0038258539    0.0037839322    0.0037426342    0.0037009828    0.0036596638
  0.0036180405    0.0035764727    0.0035346857    0.0034927070    0.0034511555
  0.0034091984    0.0033671423    0.0033253157    0.0032831849    0.0032410766
  0.0031992811    0.0031570231    0.0031151599    0.0030724411    0.0030304123
  0.0029881258    0.0029456359    0.0029034472    0.0028609407    0.0028183645
  0.0027757865    0.0027330526    0.0026904190    0.0026473394    0.0026046545
  0.0025616721    0.0025186220    0.0024754237    0.0024577770    0.0024577859
  0.0024577859    0.0024577859    0.0024577859    0.0024577859    0.0024577859
  0.0024577859    0.0024577859    0.0024577859    0.0024577859    0.0024577859
  0.0024577859    0.0024577859    0.0024577859    0.0024577859    0.0024577859
  0.0024577859    0.0024577859    0.0024577859    0.0024577859    0.0024577859
  0.0024577859    0.0024577859    0.0024577859    0.0024577859    0.0024577859
  0.0024577859    0.0024577859    0.0024577859    0.0024577859    0.0024577859
  0.0024577859    0.0024577859    0.0024577859    0.0024577859    0.0024577859
  0.0024577859    0.0024577859    0.0024577859    0.0024577859    0.0024577859
  0.0024577859    0.0024577859    0.0024577859    0.0024577859    0.0024577859
  0.0024577859    0.0024577859    0.0024577859    0.0024577859    0.0024577859
  0.0024577859    0.0024577859    0.0024577859    0.0024577859    0.0024577859
  0.0024577859    0.0024577859    0.0024577859    0.0024577859    0.0024577859
  0.0024577859    0.0024577859    0.0024577859    0.0024577859    0.0024577859
  0.0024577859    0.0024577859    0.0024577859    0.0024577859    0.0024577859
  0.0024577859    0.0024577859    0.0024577859    0.0024577859    0.0024577859
  0.0024577859    0.0024577859    0.0024577859    0.0024577859    0.0024577859
  0.0024577859    0.0024577859    0.0024577859    0.0024577859    0.0024577859
  0.0024577859    0.0024577859    0.0024577859    0.0024577859    0.0024577859
  0.0024577859    0.0024577859    0.0024577859    0.0024577859    0.0024577859
  0.0024577859    0.0024577859    0.0024577859    0.0024577859    0.0024577859
  0.0024577859    0.0024577859    0.0024577859    0.0024577859    0.0024577859
  0.0024577859    0.0024577859    0.0024577859    0.0024577859    0.0024577859
  0.0024577859    0.0024577859    0.0024577859    0.0024577859    0.0024577859
  0.0051365157    0.0051303794    0.0051142373    0.0050904192    0.0050613819
  0.0050290527    0.0049942611    0.0049585821    0.0049217695    0.0048836923
  0.0048452272    0.0048067794    0.0047673939    0.0047284284    0.0046885173
  0.0046485707    0.0046090135    0.0045685515    0.0045284960    0.0044880023
  0.0044475092    0.0044070224    0.0043661566    0.0043257385    0.0042849734
  0.0042438924    0.0042032922    0.0041620308    0.0041209111    0.0040799326
  0.0040391092    0.0039977447    0.0039565893    0.0039149553    0.0038739092
  0.0038324435    0.0037909303    0.0037497100    0.0037078487    0.0036663361
  0.0036248770    0.0035831918    0.0035415969    0.0034995558    0.0034579746
  0.0034162901    0.0033745329    0.0033324760    0.0032904362    0.0032484329
  0.0032065136    0.0031644379    0.0031222588    0.0030800304    0.0030380181
  0.0029957862    0.0029529342    0.0029108937    0.0028683317    0.0028257455
  0.0027832075    0.0027403635    0.0026980484    0.0026549418    0.0026120752
  0.0025687854    0.0025643532    0.0025643626    0.0025643626    0.0025643626
  0.0025643626    0.0025643626    0.0025643626    0.0025643626    0.0025643626
  0.0025643626    0.0025643626    0.0025643626    0.0025643626    0.0025643626
  0.0025643626    0.0025643626    0.0025643626    0.0025643626    0.0025643626
  0.0025643626    0.0025643626    0.0025643626    0.0025643626    0.0025643626
  0.0025643626    0.0025643626    0.0025643626    0.0025643626    0.0025643626
  0.0025643626    0.0025643626    0.0025643626    0.0025643626    0.0025643626
  0.0025643626    0.0025643626    0.0025643626    0.0025643626    0.0025643626
  0.0025643626    0.0025643626    0.0025643626    0.0025643626    0.0025643626
  0.0025643626    0.0025643626    0.0025643626    0.0025643626    0.0025643626
  0.0025643626    0.0025643626    0.0025643626    0.0025643626    0.0025643626
  0.0025643626    0.0025643626    0.0025643626    0.0025643626    0.0025643626
  0.0025643626    0.0025643626    0.0025643626    0.0025643626    0.0025643626
  0.0025643626    0.0025643626    0.0025643626    0.0025643626    0.0025643626
  0.0025643626    0.0025643626    0.0025643626    0.0025643626    0.0025643626
  0.0025643626    0.0025643626    0.0025643626    0.0025643626    0.0025643626
  0.0025643626    0.0025643626    0.0025643626    0.0025643626    0.0025643626
  0.0025643626    0.0025643626    0.0025643626    0.0025643626    0.0025643626
  0.0025643626    0.0025643626    0.0025643626    0.0025643626    0.0025643626
  0.0025643626    0.0025643626    0.0025643626    0.0025643626    0.0025643626
  0.0025643626    0.0025643626    0.0025643626    0.0025643626    0.0025643626
  0.0025643626    0.0025643626    0.0025643626    0.0025643626    0.0025643626
  0.0025643626    0.0025643626    0.0025643626    0.0025643626    0.0025643626
  0.0053328688    0.0053277022    0.0053125908    0.0052897686    0.0052620020
  0.0052308376    0.0051976570    0.0051625499    0.0051262764    0.0050891751
  0.0050511531    0.0050131204    0.0049740778    0.0049354325    0.0048962211
  0.0048564500    0.0048170432    0.0047770868    0.0047374899    0.0046973666
  0.0046571806    0.0046169387    0.0045766491    0.0045359202    0.0044955943
  0.0044548575    0.0044141384    0.0043734591    0.0043328283    0.0042918813
  0.0042510183    0.0042102611    0.0041692486    0.0041280142    0.0040869372
  0.0040460321    0.0040046325    0.0039634400    0.0039221443    0.0038807826
  0.0038396732    0.0037982279    0.0037567627    0.0037150193    0.0036739357
  0.0036320162    0.0035902005    0.0035488222    0.0035072942    0.0034653861
  0.0034236862    0.0033819599    0.0033399554    0.0032979988    0.0032563616
  0.0032138261    0.0031719326    0.0031297206    0.0030874892    0.0030452804
  0.0030035688    0.0029612806    0.0029184800    0.0028761049    0.0028335239
  0.0027908322    0.0027480696    0.0027052924    0.0026707903    0.0026708000
  0.0026708000    0.0026708000    0.0026708000    0.0026708000    0.0026708000
  0.0026708000    0.0026708000    0.0026708000    0.0026708000    0.0026708000
  0.0026708000    0.0026708000    0.0026708000    0.0026708000    0.0026708000
  0.0026708000    0.0026708000    0.0026708000    0.0026708000    0.0026708000
  0.0026708000    0.0026708000    0.0026708000    0.0026708000    0.0026708000
  0.0026708000    0.0026708000    0.0026708000    0.0026708000    0.0026708000
  0.0026708000    0.0026708000    0.0026708000    0.0026708000    0.0026708000
  0.0026708000    0.0026708000    0.0026708000    0.0026708000    0.0026708000
  0.0026708000    0.0026708000    0.0026708000    0.0026708000    0.0026708000
  0.0026708000    0.0026708000    0.0026708000    0.0026708000    0.0026708000
  0.0026708000    0.0026708000    0.0026708000    0.0026708000    0.0026708000
  0.0026708000    0.0026708000    0.0026708000    0.0026708000    0.0026708000
  0.0026708000    0.0026708000    0.0026708000    0.0026708000    0.0026708000
  0.0026708000    0.0026708000    0.0026708000    0.0026708000    0.0026708000
  0.0026708000    0.0026708000    0.0026708000    0.0026708000    0.0026708000
  0.0026708000    0.0026708000    0.0026708000    0.0026708000    0.0026708000
  0.0026708000    0.0026708000    0.0026708000    0.0026708000    0.0026708000
  0.0026708000    0.0026708000    0.0026708000    0.0026708000    0.0026708000
  0.0026708000    0.0026708000    0.0026708000    0.0026708000    0.0026708000
  0.0026708000    0.0026708000    0.0026708000    0.0026708000    0.0026708000
  0.0026708000    0.0026708000    0.0026708000    0.0026708000    0.0026708000
  0.0026708000    0.0026708000    0.0026708000    0.0026708000    0.0026708000
  0.0055286934    0.0055235250    0.0055096830    0.0054881045    0.0054618581
  0.0054320864    0.0053991899    0.0053653732    0.0053298291    0.0052929155
  0.0052560470    0.0052181315    0.0051801351    0.0051415221    0.0051027743
  0.0050638764    0.0050243527    0.0049846841    0.0049453313    0.0049053883
  0.0048657643    0.0048255776    0.0047857261    0.0047457763    0.0047053146
  0.0046647910    0.0046246359    0.0045840381    0.0045434160    0.0045027943
  0.0044621895    0.0044216164    0.0043810865    0.0043402316    0.0042994509
  0.0042584067    0.0042174854    0.0041766900    0.0041356927    0.0040941611
  0.0040531831    0.0040120697    0.0039708434    0.0039295409    0.0038881763
  0.0038467900    0.0038053990    0.0037643333    0.0037226874    0.0036811321
  0.0036399540    0.0035983205    0.0035565435    0.0035149535    0.0034730210
  0.0034313318    0.0033898776    0.0033479493    0.0033058063    0.0032640327
  0.0032218958    0.0031799236    0.0031379250    0.0030954721    0.0030535133
  0.0030111949    0.0029690334    0.0029263920    0.0028839730    0.0028414214
  0.0027987767    0.0027771995    0.0027772096    0.0027772096    0.0027772096
  0.0027772096    0.0027772096    0.0027772096    0.0027772096    0.0027772096
  0.0027772096    0.0027772096    0.0027772096    0.0027772096    0.0027772096
  0.0027772096    0.0027772096    0.0027772096    0.0027772096    0.0027772096
  0.0027772096    0.0027772096    0.0027772096    0.0027772096    0.0027772096
  0.0027772096    0.0027772096    0.0027772096    0.0027772096    0.0027772096
  0.0027772096    0.0027772096    0.0027772096    0.0027772096    0.0027772096
  0.0027772096    0.0027772096    0.0027772096    0.0027772096    0.0027772096
  0.0027772096    0.0027772096    0.0027772096    0.0027772096    0.0027772096
  0.0027772096    0.0027772096    0.0027772096    0.0027772096    0.0027772096
  0.0027772096    0.0027772096    0.0027772096    0.0027772096    0.0027772096
  0.0027772096    0.0027772096    0.0027772096    0.0027772096    0.0027772096
  0.0027772096    0.0027772096    0.0027772096    0.0027772096    0.0027772096
  0.0027772096    0.0027772096    0.0027772096    0.0027772096    0.0027772096
  0.0027772096    0.0027772096    0.0027772096    0.0027772096    0.0027772096
  0.0027772096    0.0027772096    0.0027772096    0.0027772096    0.0027772096
  0.0027772096    0.0027772096    0.0027772096    0.0027772096    0.0027772096
  0.0027772096    0.0027772096    0.0027772096    0.0027772096    0.0027772096
  0.0027772096    0.0027772096    0.0027772096    0.0027772096    0.0027772096
  0.0027772096    0.0027772096    0.0027772096    0.0027772096    0.0027772096
  0.0027772096    0.0027772096    0.0027772096    0.0027772096    0.0027772096
  0.0027772096    0.0027772096    0.0027772096    0.0027772096    0.0027772096
  0.0057234925    0.0057189574    0.0057054737    0.0056859538    0.0056603616
  0.0056316726    0.0056003127    0.0055669267    0.0055323050    0.0054962616
  0.0054597273    0.0054226136    0.0053848700    0.0053469716    0.0053083908
  0.0052696194    0.0052306505    0.0051914802    0.0051525941    0.0051130306
  0.0050737520    0.0050338303    0.0049937469    0.0049544178    0.0049140381
  0.0048739864    0.0048338226    0.0047935558    0.0047532036    0.0047132029
  0.0046727276    0.0046322180    0.0045916775    0.0045511419    0.0045102172
  0.0044697130    0.0044292564    0.0043884723    0.0043477601    0.0043067837
  0.0042659144    0.0042248342    0.0041838945    0.0041431267    0.0041018527
  0.0040607835    0.0040196193    0.0039783671    0.0039373731    0.0038963338
  0.0038546714    0.0038133279    0.0037720356    0.0037304939    0.0036893556
  0.0036477481    0.0036062726    0.0035644308    0.0035230637    0.0034813735
  0.0034396594    0.0033977233    0.0033558518    0.0033143232    0.0032721580
  0.0032304052    0.0031879060    0.0031463284    0.0031038874    0.0030617578
  0.0030192948    0.0029770149    0.0029347515    0.0028918929    0.0028837415
  0.0028837519    0.0028837519    0.0028837519    0.0028837519    0.0028837519
  0.0028837519    0.0028837519    0.0028837519    0.0028837519    0.0028837519
  0.0028837519    0.0028837519    0.0028837519    0.0028837519    0.0028837519
  0.0028837519    0.0028837519    0.0028837519    0.0028837519    0.0028837519
  0.0028837519    0.0028837519    0.0028837519    0.0028837519    0.0028837519
  0.0028837519    0.0028837519    0.0028837519    0.0028837519    0.0028837519
  0.0028837519    0.0028837519    0.0028837519    0.0028837519    0.0028837519
  0.0028837519    0.0028837519    0.0028837519    0.0028837519    0.0028837519
  0.0028837519    0.0028837519    0.0028837519    0.0028837519    0.0028837519
  0.0028837519    0.0028837519    0.0028837519    0.0028837519    0.0028837519
  0.0028837519    0.0028837519    0.0028837519    0.0028837519    0.0028837519
  0.0028837519    0.0028837519    0.0028837519    0.0028837519    0.0028837519
  0.0028837519    0.0028837519    0.0028837519    0.0028837519    0.0028837519
  0.0028837519    0.0028837519    0.0028837519    0.0028837519    0.0028837519
  0.0028837519    0.0028837519    0.0028837519    0.0028837519    0.0028837519
  0.0028837519    0.0028837519    0.0028837519    0.0028837519    0.0028837519
  0.0028837519    0.0028837519    0.0028837519    0.0028837519    0.0028837519
  0.0028837519    0.0028837519    0.0028837519    0.0028837519    0.0028837519
  0.0028837519    0.0028837519    0.0028837519    0.0028837519    0.0028837519
  0.0028837519    0.0028837519    0.0028837519    0.0028837519    0.0028837519
  0.0028837519    0.0028837519    0.0028837519    0.0028837519    0.0028837519
  0.0059173496    0.0059129527    0.0059011568    0.0058822298    0.0058580626
  0.0058306590    0.0057999322    0.0057676955    0.0057336351    0.0056986526
  0.0056626108    0.0056259599    0.0055886382    0.0055511323    0.0055128870
  0.0054749279    0.0054362127    0.0053977496    0.0053585356    0.0053195721
  0.0052803678    0.0052409327    0.0052012718    0.0051618725    0.0051222681
  0.0050820152    0.0050425032    0.0050023742    0.0049625435    0.0049225748
  0.0048820465    0.0048418516    0.0048015755    0.0047616414    0.0047212208
  0.0046803593    0.0046398780    0.0045993959    0.0045589222    0.0045180808
  0.0044776669    0.0044369280    0.0043962588    0.0043556926    0.0043148588
  0.0042734623    0.0042329087    0.0041918212    0.0041509326    0.0041095680
  0.0040690777    0.0040275347    0.0039865576    0.0039455481    0.0039042246
  0.0038625875    0.0038216062    0.0037800929    0.0037386679    0.0036976389
  0.0036556240    0.0036143222    0.0035729488    0.0035312480    0.0034897988
  0.0034478591    0.0034064675    0.0033643907    0.0033226908    0.0032808954
  0.0032388282    0.0031965174    0.0031544551    0.0031124631    0.0030701692
  0.0030275956    0.0029901794    0.0029901903    0.0029901903    0.0029901903
  0.0029901903    0.0029901903    0.0029901903    0.0029901903    0.0029901903
  0.0029901903    0.0029901903    0.0029901903    0.0029901903    0.0029901903
  0.0029901903    0.0029901903    0.0029901903    0.0029901903    0.0029901903
  0.0029901903    0.0029901903    0.0029901903    0.0029901903    0.0029901903
  0.0029901903    0.0029901903    0.0029901903    0.0029901903    0.0029901903
  0.0029901903    0.0029901903    0.0029901903    0.0029901903    0.0029901903
  0.0029901903    0.0029901903    0.0029901903    0.0029901903    0.0029901903
  0.0029901903    0.0029901903    0.0029901903    0.0029901903    0.0029901903
  0.0029901903    0.0029901903    0.0029901903    0.0029901903    0.0029901903
  0.0029901903    0.0029901903    0.0029901903    0.0029901903    0.0029901903
  0.0029901903    0.0029901903    0.0029901903    0.0029901903    0.0029901903
  0.0029901903    0.0029901903    0.0029901903    0.0029901903    0.0029901903
  0.0029901903    0.0029901903    0.0029901903    0.0029901903    0.0029901903
  0.0029901903    0.0029901903    0.0029901903    0.0029901903    0.0029901903
  0.0029901903    0.0029901903    0.0029901903    0.0029901903    0.0029901903
  0.0029901903    0.0029901903    0.0029901903    0.0029901903    0.0029901903
  0.0029901903    0.0029901903    0.0029901903    0.0029901903    0.0029901903
  0.0029901903    0.0029901903    0.0029901903    0.0029901903    0.0029901903
  0.0029901903    0.0029901903    0.0029901903    0.0029901903    0.0029901903
  0.0029901903    0.0029901903    0.0029901903    0.0029901903    0.0029901903
  0.0061104091    0.0061068132    0.0060951099    0.0060775592    0.0060544529
  0.0060279583    0.0059986194    0.0059671445    0.0059338003    0.0058995129
  0.0058641281    0.0058281039    0.0057913679    0.0057544185    0.0057166775
  0.0056792025    0.0056409058    0.0056023192    0.0055639533    0.0055252902
  0.0054863359    0.0054470892    0.0054080697    0.0053687741    0.0053292269
  0.0052899044    0.0052498786    0.0052105729    0.0051705865    0.0051308682
  0.0050909609    0.0050508897    0.0050111160    0.0049707591    0.0049302869
  0.0048905584    0.0048503191    0.0048100021    0.0047692149    0.0047291963
  0.0046887459    0.0046479000    0.0046074506    0.0045670193    0.0045266306
  0.0044855452    0.0044452726    0.0044043601    0.0043635538    0.0043225277
  0.0042816472    0.0042409347    0.0042000431    0.0041590298    0.0041182237
  0.0040770040    0.0040360549    0.0039950455    0.0039537182    0.0039123895
  0.0038714177    0.0038298903    0.0037887517    0.0037474168    0.0037059559
  0.0036643672    0.0036229570    0.0035817782    0.0035402880    0.0034985581
  0.0034568688    0.0034150124    0.0033732546    0.0033309229    0.0032894979
  0.0032471079    0.0032052144    0.0031629135    0.0031209422    0.0030971923
  0.0030972035    0.0030972035    0.0030972035    0.0030972035    0.0030972035
  0.0030972035    0.0030972035    0.0030972035    0.0030972035    0.0030972035
  0.0030972035    0.0030972035    0.0030972035    0.0030972035    0.0030972035
  0.0030972035    0.0030972035    0.0030972035    0.0030972035    0.0030972035
  0.0030972035    0.0030972035    0.0030972035    0.0030972035    0.0030972035
  0.0030972035    0.0030972035    0.0030972035    0.0030972035    0.0030972035
  0.0030972035    0.0030972035    0.0030972035    0.0030972035    0.0030972035
  0.0030972035    0.0030972035    0.0030972035    0.0030972035    0.0030972035
  0.0030972035    0.0030972035    0.0030972035    0.0030972035    0.0030972035
  0.0030972035    0.0030972035    0.0030972035    0.0030972035    0.0030972035
  0.0030972035    0.0030972035    0.0030972035    0.0030972035    0.0030972035
  0.0030972035    0.0030972035    0.0030972035    0.0030972035    0.0030972035
  0.0030972035    0.0030972035    0.0030972035    0.0030972035    0.0030972035
  0.0030972035    0.0030972035    0.0030972035    0.0030972035    0.0030972035
  0.0030972035    0.0030972035    0.0030972035    0.0030972035    0.0030972035
  0.0030972035    0.0030972035    0.0030972035    0.0030972035    0.0030972035
  0.0030972035    0.0030972035    0.0030972035    0.0030972035    0.0030972035
  0.0030972035    0.0030972035    0.0030972035    0.0030972035    0.0030972035
  0.0030972035    0.0030972035    0.0030972035    0.0030972035    0.0030972035
  0.0030972035    0.0030972035    0.0030972035    0.0030972035    0.0030972035
  0.0063028767    0.0062995446    0.0062886674    0.0062720847    0.0062502334
  0.0062248234    0.0061964663    0.0061653197    0.0061334414    0.0060994185
  0.0060648474    0.0060296059    0.0059936116    0.0059568194    0.0059197495
  0.0058823708    0.0058446692    0.0058066301    0.0057682480    0.0057300563
  0.0056915203    0.0056526458    0.0056139597    0.0055744392    0.0055356219
  0.0054964979    0.0054570754    0.0054173803    0.0053779048    0.0053381696
  0.0052986790    0.0052589451    0.0052190088    0.0051793225    0.0051394581
  0.0050994165    0.0050592212    0.0050189003    0.0049788742    0.0049387452
  0.0048989382    0.0048582247    0.0048182807    0.0047778648    0.0047374276
  0.0046969849    0.0046561570    0.0046161128    0.0045749784    0.0045346427
  0.0044943734    0.0044531067    0.0044126714    0.0043719905    0.0043311094
  0.0042903875    0.0042495010    0.0042084824    0.0041676738    0.0041267713
  0.0040858095    0.0040444823    0.0040034436    0.0039624163    0.0039214186
  0.0038801502    0.0038389967    0.0037976327    0.0037561322    0.0037147873
  0.0036736152    0.0036318459    0.0035900651    0.0035490568    0.0035072984
  0.0034653977    0.0034238259    0.0033819048    0.0033403787    0.0032983529
  0.0032559179    0.0032139506    0.0032036680    0.0032036796    0.0032036796
  0.0032036796    0.0032036796    0.0032036796    0.0032036796    0.0032036796
  0.0032036796    0.0032036796    0.0032036796    0.0032036796    0.0032036796
  0.0032036796    0.0032036796    0.0032036796    0.0032036796    0.0032036796
  0.0032036796    0.0032036796    0.0032036796    0.0032036796    0.0032036796
  0.0032036796    0.0032036796    0.0032036796    0.0032036796    0.0032036796
  0.0032036796    0.0032036796    0.0032036796    0.0032036796    0.0032036796
  0.0032036796    0.0032036796    0.0032036796    0.0032036796    0.0032036796
  0.0032036796    0.0032036796    0.0032036796    0.0032036796    0.0032036796
  0.0032036796    0.0032036796    0.0032036796    0.0032036796    0.0032036796
  0.0032036796    0.0032036796    0.0032036796    0.0032036796    0.0032036796
  0.0032036796    0.0032036796    0.0032036796    0.0032036796    0.0032036796
  0.0032036796    0.0032036796    0.0032036796    0.0032036796    0.0032036796
  0.0032036796    0.0032036796    0.0032036796    0.0032036796    0.0032036796
  0.0032036796    0.0032036796    0.0032036796    0.0032036796    0.0032036796
  0.0032036796    0.0032036796    0.0032036796    0.0032036796    0.0032036796
  0.0032036796    0.0032036796    0.0032036796    0.0032036796    0.0032036796
  0.0032036796    0.0032036796    0.0032036796    0.0032036796    0.0032036796
  0.0032036796    0.0032036796    0.0032036796    0.0032036796    0.0032036796
  0.0032036796    0.0032036796    0.0032036796    0.0032036796    0.0032036796
  0.0064950195    0.0064913597    0.0064814503    0.0064653765    0.0064449814
  0.0064202153    0.0063930148    0.0063629361    0.0063315003    0.0062990679
  0.0062648657    0.0062299754    0.0061943090    0.0061583804    0.0061221419
  0.0060849901    0.0060474831    0.0060096046    0.0059719006    0.0059338006
  0.0058958608    0.0058569976    0.0058188190    0.0057797428    0.0057413418
  0.0057020689    0.0056629625    0.0056240240    0.0055847665    0.0055451952
  0.0055058247    0.0054661667    0.0054267108    0.0053870093    0.0053475231
  0.0053073503    0.0052674257    0.0052277495    0.0051878867    0.0051478514
  0.0051076717    0.0050677765    0.0050277551    0.0049876196    0.0049473966
  0.0049070895    0.0048671314    0.0048267174    0.0047862768    0.0047458182
  0.0047053651    0.0046649428    0.0046241678    0.0045838352    0.0045435412
  0.0045026354    0.0044621779    0.0044214795    0.0043805913    0.0043401764
  0.0042992859    0.0042582333    0.0042174099    0.0041764852    0.0041354970
  0.0040947666    0.0040536856    0.0040123303    0.0039712854    0.0039299994
  0.0038890896    0.0038479706    0.0038069776    0.0037652970    0.0037243473
  0.0036827768    0.0036409337    0.0035995880    0.0035577830    0.0035165222
  0.0034746295    0.0034328551    0.0033909977    0.0033491106    0.0033108188
  0.0033103435    0.0033103435    0.0033103435    0.0033103435    0.0033103435
  0.0033103435    0.0033103435    0.0033103435    0.0033103435    0.0033103435
  0.0033103435    0.0033103435    0.0033103435    0.0033103435    0.0033103435
  0.0033103435    0.0033103435    0.0033103435    0.0033103435    0.0033103435
  0.0033103435    0.0033103435    0.0033103435    0.0033103435    0.0033103435
  0.0033103435    0.0033103435    0.0033103435    0.0033103435    0.0033103435
  0.0033103435    0.0033103435    0.0033103435    0.0033103435    0.0033103435
  0.0033103435    0.0033103435    0.0033103435    0.0033103435    0.0033103435
  0.0033103435    0.0033103435    0.0033103435    0.0033103435    0.0033103435
  0.0033103435    0.0033103435    0.0033103435    0.0033103435    0.0033103435
  0.0033103435    0.0033103435    0.0033103435    0.0033103435    0.0033103435
  0.0033103435    0.0033103435    0.0033103435    0.0033103435    0.0033103435
  0.0033103435    0.0033103435    0.0033103435    0.0033103435    0.0033103435
  0.0033103435    0.0033103435    0.0033103435    0.0033103435    0.0033103435
  0.0033103435    0.0033103435    0.0033103435    0.0033103435    0.0033103435
  0.0033103435    0.0033103435    0.0033103435    0.0033103435    0.0033103435
  0.0033103435    0.0033103435    0.0033103435    0.0033103435    0.0033103435
  0.0033103435    0.0033103435    0.0033103435    0.0033103435    0.0033103435
  0.0033103435    0.0033103435    0.0033103435    0.0033103435    0.0033103435
  0.0066858467    0.0066825333    0.0066730719    0.0066583018    0.0066382634
  0.0066149368    0.0065884273    0.0065595849    0.0065293398    0.0064968305
  0.0064637421    0.0064299348    0.0063947087    0.0063592075    0.0063227846
  0.0062865824    0.0062493975    0.0062123862    0.0061749463    0.0061370794
  0.0060993398    0.0060611696    0.0060225782    0.0059841098    0.0059457744
  0.0059070217    0.0058678826    0.0058293979    0.0057905297    0.0057512995
  0.0057117283    0.0056728151    0.0056335724    0.0055940215    0.0055546512
  0.0055149892    0.0054755401    0.0054358216    0.0053958662    0.0053561402
  0.0053162092    0.0052765099    0.0052366369    0.0051965918    0.0051568102
  0.0051164736    0.0050764364    0.0050362850    0.0049964505    0.0049561173
  0.0049157396    0.0048757067    0.0048352423    0.0047951512    0.0047546839
  0.0047142255    0.0046738076    0.0046330607    0.0045927490    0.0045521725
  0.0045116872    0.0044709657    0.0044303866    0.0043899525    0.0043486823
  0.0043082611    0.0042670773    0.0042264266    0.0041857064    0.0041446226
  0.0041035254    0.0040630042    0.0040216353    0.0039805808    0.0039393133
  0.0038984312    0.0038568242    0.0038156351    0.0037746049    0.0037332464
  0.0036918424    0.0036504079    0.0036092611    0.0035671654    0.0035254108
  0.0034837762    0.0034422731    0.0034175113    0.0034175237    0.0034175237
  0.0034175237    0.0034175237    0.0034175237    0.0034175237    0.0034175237
  0.0034175237    0.0034175237    0.0034175237    0.0034175237    0.0034175237
  0.0034175237    0.0034175237    0.0034175237    0.0034175237    0.0034175237
  0.0034175237    0.0034175237    0.0034175237    0.0034175237    0.0034175237
  0.0034175237    0.0034175237    0.0034175237    0.0034175237    0.0034175237
  0.0034175237    0.0034175237    0.0034175237    0.0034175237    0.0034175237
  0.0034175237    0.0034175237    0.0034175237    0.0034175237    0.0034175237
  0.0034175237    0.0034175237    0.0034175237    0.0034175237    0.0034175237
  0.0034175237    0.0034175237    0.0034175237    0.0034175237    0.0034175237
  0.0034175237    0.0034175237    0.0034175237    0.0034175237    0.0034175237
  0.0034175237    0.0034175237    0.0034175237    0.0034175237    0.0034175237
  0.0034175237    0.0034175237    0.0034175237    0.0034175237    0.0034175237
  0.0034175237    0.0034175237    0.0034175237    0.0034175237    0.0034175237
  0.0034175237    0.0034175237    0.0034175237    0.0034175237    0.0034175237
  0.0034175237    0.0034175237    0.0034175237    0.0034175237    0.0034175237
  0.0034175237    0.0034175237    0.0034175237    0.0034175237    0.0034175237
  0.0034175237    0.0034175237    0.0034175237    0.0034175237    0.0034175237
  0.0034175237    0.0034175237    0.0034175237    0.0034175237    0.0034175237
  0.0068763238    0.0068734029    0.0068644877    0.0068498509    0.0068316316
  0.0068092641    0.0067835806    0.0067554861    0.0067259522    0.0066940928
  0.0066616436    0.0066284522    0.0065937992    0.0065588528    0.0065235475
  0.0064872441    0.0064505190    0.0064139474    0.0063769072    0.0063394019
  0.0063020056    0.0062641274    0.0062263503    0.0061881037    0.0061499518
  0.0061113477    0.0060728472    0.0060339067    0.0059950814    0.0059563680
  0.0059172566    0.0058782659    0.0058394032    0.0058001767    0.0057610939
  0.0057216753    0.0056819269    0.0056428412    0.0056029686    0.0055637616
  0.0055242870    0.0054845429    0.0054450155    0.0054052552    0.0053652775
  0.0053255585    0.0052856339    0.0052455506    0.0052057463    0.0051657911
  0.0051257103    0.0050855311    0.0050452377    0.0050052871    0.0049652701
  0.0049248015    0.0048842960    0.0048445509    0.0048040460    0.0047635432
  0.0047234508    0.0046830397    0.0046423320    0.0046017036    0.0045611763
  0.0045211147    0.0044804799    0.0044396613    0.0043986819    0.0043585348
  0.0043176151    0.0042766119    0.0042361444    0.0041949908    0.0041541293
  0.0041129653    0.0040726933    0.0040315773    0.0039905175    0.0039489866
  0.0039078499    0.0038665862    0.0038254686    0.0037842689    0.0037427846
  0.0037014987    0.0036597416    0.0036180369    0.0035764229    0.0035348869
  0.0035245579    0.0035245707    0.0035245707    0.0035245707    0.0035245707
  0.0035245707    0.0035245707    0.0035245707    0.0035245707    0.0035245707
  0.0035245707    0.0035245707    0.0035245707    0.0035245707    0.0035245707
  0.0035245707    0.0035245707    0.0035245707    0.0035245707    0.0035245707
  0.0035245707    0.0035245707    0.0035245707    0.0035245707    0.0035245707
  0.0035245707    0.0035245707    0.0035245707    0.0035245707    0.0035245707
  0.0035245707    0.0035245707    0.0035245707    0.0035245707    0.0035245707
  0.0035245707    0.0035245707    0.0035245707    0.0035245707    0.0035245707
  0.0035245707    0.0035245707    0.0035245707    0.0035245707    0.0035245707
  0.0035245707    0.0035245707    0.0035245707    0.0035245707    0.0035245707
  0.0035245707    0.0035245707    0.0035245707    0.0035245707    0.0035245707
  0.0035245707    0.0035245707    0.0035245707    0.0035245707    0.0035245707
  0.0035245707    0.0035245707    0.0035245707    0.0035245707    0.0035245707
  0.0035245707    0.0035245707    0.0035245707    0.0035245707    0.0035245707
  0.0035245707    0.0035245707    0.0035245707    0.0035245707    0.0035245707
  0.0035245707    0.0035245707    0.0035245707    0.0035245707    0.0035245707
  0.0035245707    0.0035245707    0.0035245707    0.0035245707    0.0035245707
  0.0035245707    0.0035245707    0.0035245707    0.0035245707    0.0035245707
  0.0070661592    0.0070629831    0.0070547124    0.0070409985    0.0070234303
  0.0070021832    0.0069774740    0.0069502653    0.0069215726    0.0068911408
  0.0068587986    0.0068263462    0.0067923874    0.0067574859    0.0067228426
  0.0066871546    0.0066510109    0.0066150027    0.0065778930    0.0065408858
  0.0065039565    0.0064665096    0.0064285508    0.0063906679    0.0063528467
  0.0063145231    0.0062768337    0.0062380944    0.0061994398    0.0061608756
  0.0061223900    0.0060834502    0.0060446191    0.0060058930    0.0059667551
  0.0059272275    0.0058883372    0.0058490803    0.0058099527    0.0057704971
  0.0057311925    0.0056915775    0.0056521342    0.0056128831    0.0055728826
  0.0055335616    0.0054939876    0.0054537292    0.0054141545    0.0053743842
  0.0053344167    0.0052947083    0.0052548469    0.0052148482    0.0051751399
  0.0051344905    0.0050945655    0.0050549545    0.0050148694    0.0049747458
  0.0049345711    0.0048943838    0.0048538272    0.0048132802    0.0047727659
  0.0047330120    0.0046918938    0.0046519153    0.0046113318    0.0045708600
  0.0045301755    0.0044899715    0.0044492409    0.0044087119    0.0043680442
  0.0043272833    0.0042864328    0.0042455387    0.0042046039    0.0041639480
  0.0041227310    0.0040823844    0.0040412608    0.0039996411    0.0039592412
  0.0039181332    0.0038763969    0.0038353596    0.0037937397    0.0037526175
  0.0037109938    0.0036696267    0.0036312929    0.0036313061    0.0036313061
  0.0036313061    0.0036313061    0.0036313061    0.0036313061    0.0036313061
  0.0036313061    0.0036313061    0.0036313061    0.0036313061    0.0036313061
  0.0036313061    0.0036313061    0.0036313061    0.0036313061    0.0036313061
  0.0036313061    0.0036313061    0.0036313061    0.0036313061    0.0036313061
  0.0036313061    0.0036313061    0.0036313061    0.0036313061    0.0036313061
  0.0036313061    0.0036313061    0.0036313061    0.0036313061    0.0036313061
  0.0036313061    0.0036313061    0.0036313061    0.0036313061    0.0036313061
  0.0036313061    0.0036313061    0.0036313061    0.0036313061    0.0036313061
  0.0036313061    0.0036313061    0.0036313061    0.0036313061    0.0036313061
  0.0036313061    0.0036313061    0.0036313061    0.0036313061    0.0036313061
  0.0036313061    0.0036313061    0.0036313061    0.0036313061    0.0036313061
  0.0036313061    0.0036313061    0.0036313061    0.0036313061    0.0036313061
  0.0036313061    0.0036313061    0.0036313061    0.0036313061    0.0036313061
  0.0036313061    0.0036313061    0.0036313061    0.0036313061    0.0036313061
  0.0036313061    0.0036313061    0.0036313061    0.0036313061    0.0036313061
  0.0036313061    0.0036313061    0.0036313061    0.0036313061    0.0036313061
  0.0036313061    0.0036313061    0.0036313061    0.0036313061    0.0036313061
  0.0072550561    0.0072523452    0.0072448107    0.0072314472    0.0072146589
  0.0071939893    0.0071704027    0.0071442181    0.0071164933    0.0070863117
  0.0070555062    0.0070232537    0.0069901120    0.0069559946    0.0069214903
  0.0068865379    0.0068511024    0.0068151595    0.0067786936    0.0067416886
  0.0067053578    0.0066678650    0.0066304261    0.0065930276    0.0065550852
  0.0065177651    0.0064793193    0.0064414946    0.0064031502    0.0063648568
  0.0063260531    0.0062878716    0.0062492028    0.0062106100    0.0061715497
  0.0061325829    0.0060937091    0.0060549313    0.0060157442    0.0059766811
  0.0059372212    0.0058984083    0.0058592206    0.0058196965    0.0057798530
  0.0057406489    0.0057011406    0.0056613638    0.0056217677    0.0055823730
  0.0055427352    0.0055028687    0.0054632300    0.0054238171    0.0053837999
  0.0053440316    0.0053040946    0.0052640243    0.0052238416    0.0051843501
  0.0051443551    0.0051038977    0.0050645436    0.0050239595    0.0049837346
  0.0049438573    0.0049032292    0.0048633685    0.0048231393    0.0047826055
  0.0047424941    0.0047024298    0.0046614266    0.0046208951    0.0045804572
  0.0045398647    0.0044997270    0.0044591131    0.0044186901    0.0043778559
  0.0043369198    0.0042962336    0.0042558045    0.0042147656    0.0041737501
  0.0041330378    0.0040917933    0.0040511914    0.0040101312    0.0039689281
  0.0039278712    0.0038861866    0.0038452255    0.0038037065    0.0037624494
  0.0037386165    0.0037386300    0.0037386300    0.0037386300    0.0037386300
  0.0037386300    0.0037386300    0.0037386300    0.0037386300    0.0037386300
  0.0037386300    0.0037386300    0.0037386300    0.0037386300    0.0037386300
  0.0037386300    0.0037386300    0.0037386300    0.0037386300    0.0037386300
  0.0037386300    0.0037386300    0.0037386300    0.0037386300    0.0037386300
  0.0037386300    0.0037386300    0.0037386300    0.0037386300    0.0037386300
  0.0037386300    0.0037386300    0.0037386300    0.0037386300    0.0037386300
  0.0037386300    0.0037386300    0.0037386300    0.0037386300    0.0037386300
  0.0037386300    0.0037386300    0.0037386300    0.0037386300    0.0037386300
  0.0037386300    0.0037386300    0.0037386300    0.0037386300    0.0037386300
  0.0037386300    0.0037386300    0.0037386300    0.0037386300    0.0037386300
  0.0037386300    0.0037386300    0.0037386300    0.0037386300    0.0037386300
  0.0037386300    0.0037386300    0.0037386300    0.0037386300    0.0037386300
  0.0037386300    0.0037386300    0.0037386300    0.0037386300    0.0037386300
  0.0037386300    0.0037386300    0.0037386300    0.0037386300    0.0037386300
  0.0037386300    0.0037386300    0.0037386300    0.0037386300    0.0037386300
  0.0037386300    0.0037386300    0.0037386300    0.0037386300    0.0037386300
  0.0074434408    0.0074412377    0.0074338052    0.0074216107    0.0074050127
  0.0073857535    0.0073627237    0.0073376981    0.0073103821    0.0072812341
  0.0072507528    0.0072187958    0.0071866022    0.0071533949    0.0071191151
  0.0070843805    0.0070497876    0.0070140085    0.0069783129    0.0069420406
  0.0069051880    0.0068683718    0.0068315841    0.0067941994    0.0067568303
  0.0067194764    0.0066821338    0.0066436165    0.0066057163    0.0065678343
  0.0065294007    0.0064915670    0.0064526334    0.0064143152    0.0063760251
  0.0063372508    0.0062985208    0.0062598689    0.0062207519    0.0061817209
  0.0061432957    0.0061039274    0.0060646708    0.0060255234    0.0059864970
  0.0059470921    0.0059078376    0.0058682363    0.0058292797    0.0057895251
  0.0057504051    0.0057105433    0.0056713249    0.0056313975    0.0055921268
  0.0055521838    0.0055124632    0.0054729832    0.0054333064    0.0053930363
  0.0053534502    0.0053137231    0.0052738617    0.0052343022    0.0051938167
  0.0051540659    0.0051142342    0.0050739602    0.0050340341    0.0049937139
  0.0049533766    0.0049130503    0.0048731217    0.0048332304    0.0047923288
  0.0047525362    0.0047121418    0.0046711702    0.0046306718    0.0045906373
  0.0045504192    0.0045097208    0.0044688826    0.0044282668    0.0043875527
  0.0043470905    0.0043065711    0.0042660210    0.0042248805    0.0041840611
  0.0041432766    0.0041022652    0.0040613519    0.0040200392    0.0039793571
  0.0039378263    0.0038964621    0.0038548161    0.0038458709    0.0038458848
  0.0038458848    0.0038458848    0.0038458848    0.0038458848    0.0038458848
  0.0038458848    0.0038458848    0.0038458848    0.0038458848    0.0038458848
  0.0038458848    0.0038458848    0.0038458848    0.0038458848    0.0038458848
  0.0038458848    0.0038458848    0.0038458848    0.0038458848    0.0038458848
  0.0038458848    0.0038458848    0.0038458848    0.0038458848    0.0038458848
  0.0038458848    0.0038458848    0.0038458848    0.0038458848    0.0038458848
  0.0038458848    0.0038458848    0.0038458848    0.0038458848    0.0038458848
  0.0038458848    0.0038458848    0.0038458848    0.0038458848    0.0038458848
  0.0038458848    0.0038458848    0.0038458848    0.0038458848    0.0038458848
  0.0038458848    0.0038458848    0.0038458848    0.0038458848    0.0038458848
  0.0038458848    0.0038458848    0.0038458848    0.0038458848    0.0038458848
  0.0038458848    0.0038458848    0.0038458848    0.0038458848    0.0038458848
  0.0038458848    0.0038458848    0.0038458848    0.0038458848    0.0038458848
  0.0038458848    0.0038458848    0.0038458848    0.0038458848    0.0038458848
  0.0038458848    0.0038458848    0.0038458848    0.0038458848    0.0038458848
  0.0038458848    0.0038458848    0.0038458848    0.0038458848    0.0038458848
  0.0076318024    0.0076294045    0.0076221293    0.0076104950    0.0075949165
  0.0075757652    0.0075541368    0.0075296973    0.0075028920    0.0074749091
  0.0074455520    0.0074146708    0.0073821594    0.0073499910    0.0073160298
  0.0072822659    0.0072479671    0.0072124409    0.0071769899    0.0071409348
  0.0071049103    0.0070682583    0.0070322495    0.0069949704    0.0069583065
  0.0069210151    0.0068831031    0.0068457820    0.0068084615    0.0067705191
  0.0067325868    0.0066940651    0.0066561257    0.0066176241    0.0065791499
  0.0065406901    0.0065028132    0.0064638675    0.0064249585    0.0063866374
  0.0063478289    0.0063090858    0.0062698802    0.0062312879    0.0061922426
  0.0061533077    0.0061139486    0.0060747083    0.0060355807    0.0059965883
  0.0059572232    0.0059180132    0.0058784787    0.0058390946    0.0057998915
  0.0057599181    0.0057206083    0.0056805847    0.0056416754    0.0056020681
  0.0055622687    0.0055222501    0.0054829090    0.0054429791    0.0054032998
  0.0053634788    0.0053235248    0.0052838725    0.0052441121    0.0052034623
  0.0051639337    0.0051239698    0.0050835784    0.0050435499    0.0050034902
  0.0049634514    0.0049234225    0.0048830891    0.0048431381    0.0048025591
  0.0047624276    0.0047223682    0.0046817606    0.0046409845    0.0046009749
  0.0045604969    0.0045195734    0.0044791488    0.0044389622    0.0043977682
  0.0043571441    0.0043170543    0.0042758068    0.0042351476    0.0041945396
  0.0041534158    0.0041123670    0.0040711756    0.0040298586    0.0039892071
  0.0039529100    0.0039529243    0.0039529243    0.0039529243    0.0039529243
  0.0039529243    0.0039529243    0.0039529243    0.0039529243    0.0039529243
  0.0039529243    0.0039529243    0.0039529243    0.0039529243    0.0039529243
  0.0039529243    0.0039529243    0.0039529243    0.0039529243    0.0039529243
  0.0039529243    0.0039529243    0.0039529243    0.0039529243    0.0039529243
  0.0039529243    0.0039529243    0.0039529243    0.0039529243    0.0039529243
  0.0039529243    0.0039529243    0.0039529243    0.0039529243    0.0039529243
  0.0039529243    0.0039529243    0.0039529243    0.0039529243    0.0039529243
  0.0039529243    0.0039529243    0.0039529243    0.0039529243    0.0039529243
  0.0039529243    0.0039529243    0.0039529243    0.0039529243    0.0039529243
  0.0039529243    0.0039529243    0.0039529243    0.0039529243    0.0039529243
  0.0039529243    0.0039529243    0.0039529243    0.0039529243    0.0039529243
  0.0039529243    0.0039529243    0.0039529243    0.0039529243    0.0039529243
  0.0039529243    0.0039529243    0.0039529243    0.0039529243    0.0039529243
  0.0039529243    0.0039529243    0.0039529243    0.0039529243    0.0039529243
  0.0039529243    0.0039529243    0.0039529243    0.0039529243    0.0039529243
  0.0078191710    0.0078165858    0.0078095221    0.0077985414    0.0077841106
  0.0077659008    0.0077450743    0.0077213256    0.0076951292    0.0076677176
  0.0076388937    0.0076085110    0.0075778695    0.0075454535    0.0075125976
  0.0074785516    0.0074446449    0.0074101481    0.0073750316    0.0073399459
  0.0073042121    0.0072678153    0.0072314085    0.0071949826    0.0071585215
  0.0071213895    0.0070842258    0.0070470304    0.0070097881    0.0069719069
  0.0069339963    0.0068966563    0.0068587004    0.0068207189    0.0067821352
  0.0067441273    0.0067061224    0.0066675446    0.0066295378    0.0065904180
  0.0065518940    0.0065133839    0.0064743770    0.0064359617    0.0063975789
  0.0063581949    0.0063194166    0.0062801820    0.0062415415    0.0062024863
  0.0061635254    0.0061241828    0.0060849429    0.0060458351    0.0060063755
  0.0059670475    0.0059278694    0.0058883936    0.0058490719    0.0058094703
  0.0057700452    0.0057303771    0.0056908940    0.0056512079    0.0056117171
  0.0055724672    0.0055326050    0.0054929719    0.0054531970    0.0054132711
  0.0053736324    0.0053338711    0.0052936015    0.0052540643    0.0052140403
  0.0051739573    0.0051338479    0.0050940897    0.0050542936    0.0050141394
  0.0049740041    0.0049335581    0.0048931662    0.0048535437    0.0048129350
  0.0047727898    0.0047324093    0.0046918475    0.0046517272    0.0046111444
  0.0045707403    0.0045308283    0.0044895675    0.0044497798    0.0044087116
  0.0043679348    0.0043271336    0.0042863352    0.0042458534    0.0042051369
  0.0041639583    0.0041228883    0.0040816633    0.0040601660    0.0040601807
  0.0040601807    0.0040601807    0.0040601807    0.0040601807    0.0040601807
  0.0040601807    0.0040601807    0.0040601807    0.0040601807    0.0040601807
  0.0040601807    0.0040601807    0.0040601807    0.0040601807    0.0040601807
  0.0040601807    0.0040601807    0.0040601807    0.0040601807    0.0040601807
  0.0040601807    0.0040601807    0.0040601807    0.0040601807    0.0040601807
  0.0040601807    0.0040601807    0.0040601807    0.0040601807    0.0040601807
  0.0040601807    0.0040601807    0.0040601807    0.0040601807    0.0040601807
  0.0040601807    0.0040601807    0.0040601807    0.0040601807    0.0040601807
  0.0040601807    0.0040601807    0.0040601807    0.0040601807    0.0040601807
  0.0040601807    0.0040601807    0.0040601807    0.0040601807    0.0040601807
  0.0040601807    0.0040601807    0.0040601807    0.0040601807    0.0040601807
  0.0040601807    0.0040601807    0.0040601807    0.0040601807    0.0040601807
  0.0040601807    0.0040601807    0.0040601807    0.0040601807    0.0040601807
  0.0040601807    0.0040601807    0.0040601807    0.0040601807    0.0040601807
  0.0040601807    0.0040601807    0.0040601807    0.0040601807    0.0040601807
  0.0080052840    0.0080032955    0.0079972681    0.0079862564    0.0079723283
  0.0079551830    0.0079345189    0.0079115761    0.0078868442    0.0078601002
  0.0078319019    0.0078028355    0.0077720404    0.0077401577    0.0077078202
  0.0076749629    0.0076415317    0.0076074833    0.0075727971    0.0075374427
  0.0075020935    0.0074667260    0.0074306555    0.0073945368    0.0073577147
  0.0073214971    0.0072845684    0.0072475819    0.0072105310    0.0071727911
  0.0071356245    0.0070977849    0.0070605151    0.0070225751    0.0069845986
  0.0069465830    0.0069085396    0.0068704733    0.0068323712    0.0067942659
  0.0067555682    0.0067174426    0.0066787499    0.0066400840    0.0066019815
  0.0065628149    0.0065236830    0.0064851350    0.0064466239    0.0064076549
  0.0063687415    0.0063293897    0.0062906315    0.0062519557    0.0062123725
  0.0061733966    0.0061340462    0.0060948133    0.0060557023    0.0060167527
  0.0059774530    0.0059378449    0.0058984107    0.0058591411    0.0058196016
  0.0057802579    0.0057406705    0.0057012942    0.0056617021    0.0056219047
  0.0055827672    0.0055430211    0.0055027158    0.0054634980    0.0054233504
  0.0053838681    0.0053438953    0.0053042332    0.0052644745    0.0052243029
  0.0051848275    0.0051445577    0.0051042977    0.0050640368    0.0050245188
  0.0049846642    0.0049445037    0.0049043909    0.0048636792    0.0048240960
  0.0047839254    0.0047428923    0.0047029930    0.0046622654    0.0046220483
  0.0045816840    0.0045409372    0.0045004005    0.0044600841    0.0044194523
  0.0043785253    0.0043375817    0.0042969607    0.0042560902    0.0042155859
  0.0041743433    0.0041675284    0.0041675434    0.0041675434    0.0041675434
  0.0041675434    0.0041675434    0.0041675434    0.0041675434    0.0041675434
  0.0041675434    0.0041675434    0.0041675434    0.0041675434    0.0041675434
  0.0041675434    0.0041675434    0.0041675434    0.0041675434    0.0041675434
  0.0041675434    0.0041675434    0.0041675434    0.0041675434    0.0041675434
  0.0041675434    0.0041675434    0.0041675434    0.0041675434    0.0041675434
  0.0041675434    0.0041675434    0.0041675434    0.0041675434    0.0041675434
  0.0041675434    0.0041675434    0.0041675434    0.0041675434    0.0041675434
  0.0041675434    0.0041675434    0.0041675434    0.0041675434    0.0041675434
  0.0041675434    0.0041675434    0.0041675434    0.0041675434    0.0041675434
  0.0041675434    0.0041675434    0.0041675434    0.0041675434    0.0041675434
  0.0041675434    0.0041675434    0.0041675434    0.0041675434    0.0041675434
  0.0041675434    0.0041675434    0.0041675434    0.0041675434    0.0041675434
  0.0041675434    0.0041675434    0.0041675434    0.0041675434    0.0041675434
  0.0041675434    0.0041675434    0.0041675434    0.0041675434    0.0041675434
  0.0081914636    0.0081901105    0.0081836172    0.0081734213    0.0081600871
  0.0081433454    0.0081237046    0.0081016721    0.0080777761    0.0080517991
  0.0080243250    0.0079952072    0.0079658087    0.0079345486    0.0079028175
  0.0078698262    0.0078369659    0.0078034649    0.0077693017    0.0077344393
  0.0076995703    0.0076646623    0.0076290212    0.0075926391    0.0075568652
  0.0075203442    0.0074837516    0.0074470742    0.0074103137    0.0073734716
  0.0073359035    0.0072988924    0.0072611658    0.0072240041    0.0071861400
  0.0071482243    0.0071108497    0.0070728139    0.0070347321    0.0069966051
  0.0069584364    0.0069202440    0.0068820133    0.0068437672    0.0068055199
  0.0067666902    0.0067284201    0.0066896168    0.0066508213    0.0066126070
  0.0065738661    0.0065346434    0.0064959924    0.0064568874    0.0064183449
  0.0063793654    0.0063399548    0.0063011595    0.0062624206    0.0062228260
  0.0061838101    0.0061449337    0.0061056968    0.0060656401    0.0060266948
  0.0059878867    0.0059483073    0.0059089116    0.0058692549    0.0058302326
  0.0057909485    0.0057510141    0.0057117216    0.0056718035    0.0056325364
  0.0055926684    0.0055526623    0.0055133403    0.0054734620    0.0054342575
  0.0053945447    0.0053543782    0.0053148886    0.0052749723    0.0052349992
  0.0051953618    0.0051553321    0.0051153095    0.0050753073    0.0050353137
  0.0049957164    0.0049551367    0.0049149923    0.0048749202    0.0048346347
  0.0047944320    0.0047540658    0.0047135402    0.0046731861    0.0046326937
  0.0045926962    0.0045520342    0.0045112667    0.0044705108    0.0044302607
  0.0043897422    0.0043489438    0.0043076406    0.0042748847    0.0042749001
  0.0042749001    0.0042749001    0.0042749001    0.0042749001    0.0042749001
  0.0042749001    0.0042749001    0.0042749001    0.0042749001    0.0042749001
  0.0042749001    0.0042749001    0.0042749001    0.0042749001    0.0042749001
  0.0042749001    0.0042749001    0.0042749001    0.0042749001    0.0042749001
  0.0042749001    0.0042749001    0.0042749001    0.0042749001    0.0042749001
  0.0042749001    0.0042749001    0.0042749001    0.0042749001    0.0042749001
  0.0042749001    0.0042749001    0.0042749001    0.0042749001    0.0042749001
  0.0042749001    0.0042749001    0.0042749001    0.0042749001    0.0042749001
  0.0042749001    0.0042749001    0.0042749001    0.0042749001    0.0042749001
  0.0042749001    0.0042749001    0.0042749001    0.0042749001    0.0042749001
  0.0042749001    0.0042749001    0.0042749001    0.0042749001    0.0042749001
  0.0042749001    0.0042749001    0.0042749001    0.0042749001    0.0042749001
  0.0042749001    0.0042749001    0.0042749001    0.0042749001    0.0042749001
  0.0042749001    0.0042749001    0.0042749001    0.0042749001    0.0042749001
  0.0083775403    0.0083752410    0.0083699156    0.0083606205    0.0083471623
  0.0083309130    0.0083124094    0.0082913998    0.0082676598    0.0082425571
  0.0082159041    0.0081875605    0.0081581684    0.0081276224    0.0080965951
  0.0080650090    0.0080320699    0.0079992056    0.0079649289    0.0079306509
  0.0078963534    0.0078620009    0.0078261804    0.0077909858    0.0077550014
  0.0077189367    0.0076827648    0.0076464951    0.0076101073    0.0075729602
  0.0075363612    0.0074990048    0.0074622033    0.0074246494    0.0073876421
  0.0073499048    0.0073120848    0.0072741772    0.0072368182    0.0071987698
  0.0071612647    0.0071224926    0.0070848624    0.0070465854    0.0070082758
  0.0069699247    0.0069315501    0.0068931596    0.0068547487    0.0068163273
  0.0067779076    0.0067395034    0.0067005499    0.0066616402    0.0066227465
  0.0065844361    0.0065451135    0.0065063682    0.0064676891    0.0064285563
  0.0063900034    0.0063505431    0.0063116805    0.0062724167    0.0062332603
  0.0061942408    0.0061548645    0.0061160869    0.0060765133    0.0060371140
  0.0059983086    0.0059587774    0.0059189840    0.0058798144    0.0058408465
  0.0058012052    0.0057617588    0.0057221445    0.0056827502    0.0056431594
  0.0056030259    0.0055639566    0.0055243378    0.0054846124    0.0054447711
  0.0054048518    0.0053652377    0.0053251751    0.0052854588    0.0052460599
  0.0052059172    0.0051664573    0.0051259752    0.0050865424    0.0050461264
  0.0050060989    0.0049661494    0.0049259376    0.0048861639    0.0048455105
  0.0048053346    0.0047649703    0.0047244488    0.0046847263    0.0046436828
  0.0046037521    0.0045631215    0.0045221828    0.0044817859    0.0044408301
  0.0044006938    0.0043827403    0.0043827561    0.0043827561    0.0043827561
  0.0043827561    0.0043827561    0.0043827561    0.0043827561    0.0043827561
  0.0043827561    0.0043827561    0.0043827561    0.0043827561    0.0043827561
  0.0043827561    0.0043827561    0.0043827561    0.0043827561    0.0043827561
  0.0043827561    0.0043827561    0.0043827561    0.0043827561    0.0043827561
  0.0043827561    0.0043827561    0.0043827561    0.0043827561    0.0043827561
  0.0043827561    0.0043827561    0.0043827561    0.0043827561    0.0043827561
  0.0043827561    0.0043827561    0.0043827561    0.0043827561    0.0043827561
  0.0043827561    0.0043827561    0.0043827561    0.0043827561    0.0043827561
  0.0043827561    0.0043827561    0.0043827561    0.0043827561    0.0043827561
  0.0043827561    0.0043827561    0.0043827561    0.0043827561    0.0043827561
  0.0043827561    0.0043827561    0.0043827561    0.0043827561    0.0043827561
  0.0043827561    0.0043827561    0.0043827561    0.0043827561    0.0043827561
  0.0043827561    0.0043827561    0.0043827561    0.0043827561    0.0043827561
  0.0085625145    0.0085608937    0.0085551644    0.0085460359    0.0085341501
  0.0085184748    0.0085004146    0.0084797359    0.0084570307    0.0084328994
  0.0084063820    0.0083789095    0.0083503579    0.0083206195    0.0082896194
  0.0082588038    0.0082266009    0.0081937221    0.0081601250    0.0081265305
  0.0080928921    0.0080577411    0.0080232332    0.0079879252    0.0079525075
  0.0079169792    0.0078813283    0.0078448639    0.0078082800    0.0077722472
  0.0077354097    0.0076991114    0.0076620128    0.0076248016    0.0075874730
  0.0075506767    0.0075131071    0.0074754367    0.0074382990    0.0074004324
  0.0073624704    0.0073244198    0.0072869015    0.0072486987    0.0072104312
  0.0071726972    0.0071348964    0.0070964670    0.0070579859    0.0070200482
  0.0069814903    0.0069429311    0.0069043574    0.0068663182    0.0068277305
  0.0067891359    0.0067500249    0.0067114843    0.0066724354    0.0066339424
  0.0065949849    0.0065560718    0.0065172299    0.0064784343    0.0064397315
  0.0064006042    0.0063615691    0.0063221581    0.0062833336    0.0062441537
  0.0062046111    0.0061661498    0.0061264341    0.0060873341    0.0060479289
  0.0060087074    0.0059696445    0.0059298953    0.0058907567    0.0058514134
  0.0058118352    0.0057724775    0.0057329481    0.0056936450    0.0056537642
  0.0056145452    0.0055748027    0.0055353092    0.0054957355    0.0054560465
  0.0054162825    0.0053768417    0.0053365901    0.0052970364    0.0052567526
  0.0052175311    0.0051772420    0.0051376608    0.0050974307    0.0050572725
  0.0050171724    0.0049771445    0.0049372027    0.0048973904    0.0048570270
  0.0048165195    0.0047764812    0.0047362779    0.0046956633    0.0046552613
  0.0046147887    0.0045742451    0.0045330946    0.0044927904    0.0044903862
  0.0044897700    0.0044897700    0.0044897700    0.0044897700    0.0044897700
  0.0044897700    0.0044897700    0.0044897700    0.0044897700    0.0044897700
  0.0044897700    0.0044897700    0.0044897700    0.0044897700    0.0044897700
  0.0044897700    0.0044897700    0.0044897700    0.0044897700    0.0044897700
  0.0044897700    0.0044897700    0.0044897700    0.0044897700    0.0044897700
  0.0044897700    0.0044897700    0.0044897700    0.0044897700    0.0044897700
  0.0044897700    0.0044897700    0.0044897700    0.0044897700    0.0044897700
  0.0044897700    0.0044897700    0.0044897700    0.0044897700    0.0044897700
  0.0044897700    0.0044897700    0.0044897700    0.0044897700    0.0044897700
  0.0044897700    0.0044897700    0.0044897700    0.0044897700    0.0044897700
  0.0044897700    0.0044897700    0.0044897700    0.0044897700    0.0044897700
  0.0044897700    0.0044897700    0.0044897700    0.0044897700    0.0044897700
  0.0044897700    0.0044897700    0.0044897700    0.0044897700    0.0044897700
  0.0087478480    0.0087460998    0.0087408191    0.0087319040    0.0087200374
  0.0087050260    0.0086874910    0.0086680451    0.0086456637    0.0086218008
  0.0085962902    0.0085697906    0.0085413802    0.0085125448    0.0084824117
  0.0084516861    0.0084203078    0.0083874681    0.0083546510    0.0083218188
  0.0082881909    0.0082537468    0.0082192153    0.0081845771    0.0081498169
  0.0081142072    0.0080784556    0.0080425736    0.0080065432    0.0079703597
  0.0079340332    0.0078975546    0.0078609280    0.0078241445    0.0077872272
  0.0077501662    0.0077129641    0.0076762839    0.0076388161    0.0076012141
  0.0075635049    0.0075263195    0.0074883813    0.0074503427    0.0074128358
  0.0073752236    0.0073369189    0.0072991341    0.0072606859    0.0072221781
  0.0071841917    0.0071461608    0.0071080721    0.0070693772    0.0070312152
  0.0069924660    0.0069542626    0.0069154948    0.0068772741    0.0068385153
  0.0067992277    0.0067610236    0.0067223269    0.0066831489    0.0066445343
  0.0066059666    0.0065669346    0.0065284864    0.0064891003    0.0064503078
  0.0064116053    0.0063724930    0.0063330246    0.0062941620    0.0062554055
  0.0062158273    0.0061764143    0.0061376246    0.0060985057    0.0060591165
  0.0060198931    0.0059804182    0.0059411385    0.0059020517    0.0058623405
  0.0058232546    0.0057835516    0.0057444931    0.0057044537    0.0056647027
  0.0056255954    0.0055855792    0.0055462136    0.0055071665    0.0054672291
  0.0054272639    0.0053876056    0.0053475457    0.0053081997    0.0052688099
  0.0052283750    0.0051889898    0.0051486276    0.0051089787    0.0050686973
  0.0050291636    0.0049887709    0.0049484433    0.0049085847    0.0048678997
  0.0048279793    0.0047876204    0.0047471473    0.0047071561    0.0046665060
  0.0046257724    0.0045977053    0.0045977218    0.0045977218    0.0045977218
  0.0045977218    0.0045977218    0.0045977218    0.0045977218    0.0045977218
  0.0045977218    0.0045977218    0.0045977218    0.0045977218    0.0045977218
  0.0045977218    0.0045977218    0.0045977218    0.0045977218    0.0045977218
  0.0045977218    0.0045977218    0.0045977218    0.0045977218    0.0045977218
  0.0045977218    0.0045977218    0.0045977218    0.0045977218    0.0045977218
  0.0045977218    0.0045977218    0.0045977218    0.0045977218    0.0045977218
  0.0045977218    0.0045977218    0.0045977218    0.0045977218    0.0045977218
  0.0045977218    0.0045977218    0.0045977218    0.0045977218    0.0045977218
  0.0045977218    0.0045977218    0.0045977218    0.0045977218    0.0045977218
  0.0045977218    0.0045977218    0.0045977218    0.0045977218    0.0045977218
  0.0045977218    0.0045977218    0.0045977218    0.0045977218    0.0045977218
  0.0045977218    0.0045977218    0.0045977218    0.0045977218    0.0045977218
  0.0089316932    0.0089298226    0.0089250370    0.0089163881    0.0089054457
  0.0088911817    0.0088742560    0.0088553138    0.0088333324    0.0088106388
  0.0087854112    0.0087591653    0.0087317742    0.0087039406    0.0086739664
  0.0086441816    0.0086129359    0.0085809745    0.0085490287    0.0085162854
  0.0084827189    0.0084490702    0.0084153232    0.0083806995    0.0083459516
  0.0083110482    0.0082752672    0.0082400495    0.0082046691    0.0081683974
  0.0081326689    0.0080960622    0.0080599927    0.0080230531    0.0079866362
  0.0079500496    0.0079126169    0.0078757095    0.0078386419    0.0078014272
  0.0077640711    0.0077265583    0.0076895678    0.0076517912    0.0076139073
  0.0075765248    0.0075383989    0.0075007897    0.0074624666    0.0074252761
  0.0073867682    0.0073488034    0.0073107484    0.0072720374    0.0072344365
  0.0071962028    0.0071573437    0.0071195917    0.0070812275    0.0070422931
  0.0070038801    0.0069649276    0.0069265218    0.0068880976    0.0068491679
  0.0068107845    0.0067718966    0.0067330526    0.0066942481    0.0066560033
  0.0066172973    0.0065781638    0.0065391048    0.0065001375    0.0064612375
  0.0064224438    0.0063832905    0.0063442286    0.0063048480    0.0062660325
  0.0062273678    0.0061874847    0.0061486614    0.0061095516    0.0060706095
  0.0060309691    0.0059915168    0.0059526956    0.0059132189    0.0058735545
  0.0058345228    0.0057953126    0.0057551353    0.0057159875    0.0056767256
  0.0056373129    0.0055977928    0.0055577958    0.0055181170    0.0054787269
  0.0054389157    0.0053990513    0.0053595056    0.0053196354    0.0052797310
  0.0052401748    0.0052000008    0.0051601766    0.0051204106    0.0050803750
  0.0050404409    0.0049999616    0.0049602259    0.0049196804    0.0048798953
  0.0048396864    0.0047990069    0.0047588232    0.0047185547    0.0047052375
  0.0047052544    0.0047052544    0.0047052544    0.0047052544    0.0047052544
  0.0047052544    0.0047052544    0.0047052544    0.0047052544    0.0047052544
  0.0047052544    0.0047052544    0.0047052544    0.0047052544    0.0047052544
  0.0047052544    0.0047052544    0.0047052544    0.0047052544    0.0047052544
  0.0047052544    0.0047052544    0.0047052544    0.0047052544    0.0047052544
  0.0047052544    0.0047052544    0.0047052544    0.0047052544    0.0047052544
  0.0047052544    0.0047052544    0.0047052544    0.0047052544    0.0047052544
  0.0047052544    0.0047052544    0.0047052544    0.0047052544    0.0047052544
  0.0047052544    0.0047052544    0.0047052544    0.0047052544    0.0047052544
  0.0047052544    0.0047052544    0.0047052544    0.0047052544    0.0047052544
  0.0047052544    0.0047052544    0.0047052544    0.0047052544    0.0047052544
  0.0047052544    0.0047052544    0.0047052544    0.0047052544    0.0047052544
  0.0091155722    0.0091135824    0.0091093337    0.0091009968    0.0090901934
  0.0090767604    0.0090605252    0.0090413123    0.0090206608    0.0089983957
  0.0089743630    0.0089492661    0.0089221551    0.0088945878    0.0088656498
  0.0088352793    0.0088050287    0.0087740384    0.0087422603    0.0087096585
  0.0086770027    0.0086434694    0.0086098307    0.0085752875    0.0085413640
  0.0085065248    0.0084722560    0.0084363212    0.0084016861    0.0083653874
  0.0083296387    0.0082936926    0.0082582722    0.0082212342    0.0081854174
  0.0081487026    0.0081118166    0.0080754268    0.0080381771    0.0080014249
  0.0079645068    0.0079267512    0.0078894997    0.0078520908    0.0078151915
  0.0077774853    0.0077396359    0.0077022993    0.0076648264    0.0076266057
  0.0075889026    0.0075504630    0.0075125461    0.0074751376    0.0074370202
  0.0073982313    0.0073605569    0.0073228161    0.0072838429    0.0072453907
  0.0072074676    0.0071689442    0.0071303780    0.0070923564    0.0070537511
  0.0070151204    0.0069765151    0.0069384283    0.0068992879    0.0068601918
  0.0068221518    0.0067831019    0.0067441060    0.0067056611    0.0066672949
  0.0066284537    0.0065896983    0.0065505295    0.0065109850    0.0064724716
  0.0064331443    0.0063943688    0.0063552580    0.0063162914    0.0062774443
  0.0062382885    0.0061992857    0.0061604350    0.0061204365    0.0060815030
  0.0060427306    0.0060028995    0.0059636723    0.0059246798    0.0058854720
  0.0058456753    0.0058069163    0.0057668347    0.0057273898    0.0056878025
  0.0056488936    0.0056091178    0.0055696266    0.0055300785    0.0054904315
  0.0054504042    0.0054107046    0.0053713617    0.0053312960    0.0052915585
  0.0052522092    0.0052119031    0.0051719355    0.0051323993    0.0050919585
  0.0050519288    0.0050116972    0.0049722098    0.0049316244    0.0048915108
  0.0048509413    0.0048129021    0.0048129194    0.0048129194    0.0048129194
  0.0048129194    0.0048129194    0.0048129194    0.0048129194    0.0048129194
  0.0048129194    0.0048129194    0.0048129194    0.0048129194    0.0048129194
  0.0048129194    0.0048129194    0.0048129194    0.0048129194    0.0048129194
  0.0048129194    0.0048129194    0.0048129194    0.0048129194    0.0048129194
  0.0048129194    0.0048129194    0.0048129194    0.0048129194    0.0048129194
  0.0048129194    0.0048129194    0.0048129194    0.0048129194    0.0048129194
  0.0048129194    0.0048129194    0.0048129194    0.0048129194    0.0048129194
  0.0048129194    0.0048129194    0.0048129194    0.0048129194    0.0048129194
  0.0048129194    0.0048129194    0.0048129194    0.0048129194    0.0048129194
  0.0048129194    0.0048129194    0.0048129194    0.0048129194    0.0048129194
  0.0048129194    0.0048129194    0.0048129194    0.0048129194    0.0048129194
