  0.0000000000    0.0036000000
  0.0000500000    0.0006000000    299    19
  0.0000000209    0.1800644726    0.2356904119    0.2694990128    0.2942346007
  0.3139736205    0.3305470556    0.3449322730    0.3577175707    0.3692809194
  0.3798830062    0.3897085816    0.3988959998    0.4075489014    0.4157492310
  0.4235625356    0.4310398430    0.4382265478    0.4451569468    0.4518612474
  0.4583662778    0.4646934420    0.4708628505    0.4768900245    0.4827914864
  0.4885784596    0.4942648798    0.4998602599    0.5053745717    0.5108169526
  0.5161946207    0.5215165883    0.5267892808    0.5320189983    0.5372126251
  0.5423760027    0.5475150138    0.5526361674    0.5577423006    0.5628420502
  0.5679390043    0.5730383784    0.5781468898    0.5832692116    0.5884115189
  0.5935796946    0.5987780362    0.6040159732    0.6092985123    0.6146339983
  0.6200295657    0.6254937261    0.6310362846    0.6366688818    0.6424004465
  0.6482462913    0.6542201012    0.6603409022    0.6666249663    0.6730977029
  0.6797867328    0.6867247254    0.6939491898    0.6999999791    0.7000000000
  0.7000000000    0.7000000000    0.7000000000    0.7000000000    0.7000000000
  0.7000000000    0.7000000000    0.7000000000    0.7000000000    0.7000000000
  0.7000000000    0.7000000000    0.7000000000    0.7000000000    0.7000000000
  0.7000000000    0.7000000000    0.7000000000    0.7000000000    0.7000000000
  0.7000000000    0.7000000000    0.7000000000    0.7000000000    0.7000000000
  0.7000000000    0.7000000000    0.7000000000    0.7000000000    0.7000000000
  0.7000000000    0.7000000000    0.7000000000    0.7000000000    0.7000000000
  0.7000000000    0.7000000000    0.7000000000    0.7000000000    0.7000000000
  0.7000000000    0.7000000000    0.7000000000    0.7000000000    0.7000000000
  0.7000000000    0.7000000000    0.7000000000    0.7000000000    0.7000000000
  0.7000000000    0.7000000000    0.7000000000    0.7000000000    0.7000000000
  0.7000000000    0.7000000000    0.7000000000    0.7000000000    0.7000000000
  0.7000000000    0.7000000000    0.7000000000    0.7000000000    0.7000000000
  0.7000000000    0.7000000000    0.7000000000    0.7000000000    0.7000000000
  0.7000000000    0.7000000000    0.7000000000    0.7000000000    0.7000000000
  0.7000000000    0.7000000000    0.7000000000    0.7000000000    0.7000000000
  0.7000000000    0.7000000000    0.7000000000    0.7000000000    0.7000000000
  0.7000000000    0.7000000000    0.7000000000    0.7000000000    0.7000000000
  0.7000000000    0.7000000000    0.7000000000    0.7000000000    0.7000000000
  0.7000000000    0.7000000000    0.7000000000    0.7000000000    0.7000000000
  0.7000000000    0.7000000000    0.7000000000    0.7000000000    0.7000000000
  0.7000000000    0.7000000000    0.7000000000    0.7000000000    0.7000000000
  0.7000000000    0.7000000000    0.7000000000    0.7000000000    0.7000000000
  0.7000000000    0.7000000000    0.7000000000    0.7000000000    0.7000000000
  0.7000000000    0.7000000000    0.7000000000    0.7000000000    0.7000000000
  0.7000000000    0.7000000000    0.7000000000    0.7000000000    0.7000000000
  0.7000000000    0.7000000000    0.7000000000    0.7000000000    0.7000000000
  0.7000000000    0.7000000000    0.7000000000    0.7000000000    0.7000000000
  0.7000000000    0.7000000000    0.7000000000    0.7000000000    0.7000000000
  0.7000000000    0.7000000000    0.7000000000    0.7000000000    0.7000000000
  0.7000000000    0.7000000000    0.7000000000    0.7000000000    0.7000000000
  0.7000000000    0.7000000000    0.7000000000    0.7000000000    0.7000000000
  0.7000000000    0.7000000000    0.7000000000    0.7000000000    0.7000000000
  0.7000000000    0.7000000000    0.7000000000    0.7000000000    0.7000000000
  0.7000000000    0.7000000000    0.7000000000    0.7000000000    0.7000000000
  0.7000000000    0.7000000000    0.7000000000    0.7000000000    0.7000000000
  0.7000000000    0.7000000000    0.7000000000    0.7000000000    0.7000000000
  0.7000000000    0.7000000000    0.7000000000    0.7000000000    0.7000000000
  0.7000000000    0.7000000000    0.7000000000    0.7000000000    0.7000000000
  0.7000000000    0.7000000000    0.7000000000    0.7000000000    0.7000000000
  0.7000000000    0.7000000000    0.7000000000    0.7000000000    0.7000000000
  0.7000000000    0.7000000000    0.7000000000    0.7000000000    0.7000000000
  0.7000000000    0.7000000000    0.7000000000    0.7000000000    0.7000000000
  0.7000000000    0.7000000000    0.7000000000    0.7000000000    0.7000000000
  0.7000000000    0.7000000000    0.7000000000    0.7000000000    0.7000000000
  0.7000000000    0.7000000000    0.7000000000    0.7000000000    0.7000000000
  0.7000000000    0.7000000000    0.7000000000    0.7000000000    0.7000000000
  0.0000000209    0.1522525042    0.2083889693    0.2426982909    0.2677680820
  0.2877258569    0.3044346422    0.3188968807    0.3317123860    0.3432706863
  0.3538374335    0.3636030525    0.3727077752    0.3812594563    0.3893416256
  0.3970200390    0.4043483108    0.4113715857    0.4181251198    0.4246407896
  0.4309438795    0.4370567113    0.4429995209    0.4487889141    0.4544389099
  0.4599639446    0.4653746992    0.4706818134    0.4758947581    0.4810215026
  0.4860714346    0.4910493940    0.4959639341    0.5008197695    0.5056223243
  0.5103780240    0.5150913745    0.5197655469    0.5244073421    0.5290189296
  0.5336055249    0.5381696314    0.5427166313    0.5472495288    0.5517712444
  0.5562859505    0.5607966512    0.5653081030    0.5698219746    0.5743427306
  0.5788745433    0.5834192067    0.5879833132    0.5925687402    0.5971791595
  0.6018201619    0.6064959198    0.6112116069    0.6159701854    0.6207791656
  0.6256431371    0.6305704862    0.6355665952    0.6406396419    0.6457970947
  0.6510505110    0.6564086527    0.6618843704    0.6674910575    0.6732436925
  0.6791622609    0.6852684587    0.6915846497    0.6981414169    0.6999999791
  0.7000000000    0.7000000000    0.7000000000    0.7000000000    0.7000000000
  0.7000000000    0.7000000000    0.7000000000    0.7000000000    0.7000000000
  0.7000000000    0.7000000000    0.7000000000    0.7000000000    0.7000000000
  0.7000000000    0.7000000000    0.7000000000    0.7000000000    0.7000000000
  0.7000000000    0.7000000000    0.7000000000    0.7000000000    0.7000000000
  0.7000000000    0.7000000000    0.7000000000    0.7000000000    0.7000000000
  0.7000000000    0.7000000000    0.7000000000    0.7000000000    0.7000000000
  0.7000000000    0.7000000000    0.7000000000    0.7000000000    0.7000000000
  0.7000000000    0.7000000000    0.7000000000    0.7000000000    0.7000000000
  0.7000000000    0.7000000000    0.7000000000    0.7000000000    0.7000000000
  0.7000000000    0.7000000000    0.7000000000    0.7000000000    0.7000000000
  0.7000000000    0.7000000000    0.7000000000    0.7000000000    0.7000000000
  0.7000000000    0.7000000000    0.7000000000    0.7000000000    0.7000000000
  0.7000000000    0.7000000000    0.7000000000    0.7000000000    0.7000000000
  0.7000000000    0.7000000000    0.7000000000    0.7000000000    0.7000000000
  0.7000000000    0.7000000000    0.7000000000    0.7000000000    0.7000000000
  0.7000000000    0.7000000000    0.7000000000    0.7000000000    0.7000000000
  0.7000000000    0.7000000000    0.7000000000    0.7000000000    0.7000000000
  0.7000000000    0.7000000000    0.7000000000    0.7000000000    0.7000000000
  0.7000000000    0.7000000000    0.7000000000    0.7000000000    0.7000000000
  0.7000000000    0.7000000000    0.7000000000    0.7000000000    0.7000000000
  0.7000000000    0.7000000000    0.7000000000    0.7000000000    0.7000000000
  0.7000000000    0.7000000000    0.7000000000    0.7000000000    0.7000000000
  0.7000000000    0.7000000000    0.7000000000    0.7000000000    0.7000000000
  0.7000000000    0.7000000000    0.7000000000    0.7000000000    0.7000000000
  0.7000000000    0.7000000000    0.7000000000    0.7000000000    0.7000000000
  0.7000000000    0.7000000000    0.7000000000    0.7000000000    0.7000000000
  0.7000000000    0.7000000000    0.7000000000    0.7000000000    0.7000000000
  0.7000000000    0.7000000000    0.7000000000    0.7000000000    0.7000000000
  0.7000000000    0.7000000000    0.7000000000    0.7000000000    0.7000000000
  0.7000000000    0.7000000000    0.7000000000    0.7000000000    0.7000000000
  0.7000000000    0.7000000000    0.7000000000    0.7000000000    0.7000000000
  0.7000000000    0.7000000000    0.7000000000    0.7000000000    0.7000000000
  0.7000000000    0.7000000000    0.7000000000    0.7000000000    0.7000000000
  0.7000000000    0.7000000000    0.7000000000    0.7000000000    0.7000000000
  0.7000000000    0.7000000000    0.7000000000    0.7000000000    0.7000000000
  0.7000000000    0.7000000000    0.7000000000    0.7000000000    0.7000000000
  0.7000000000    0.7000000000    0.7000000000    0.7000000000    0.7000000000
  0.7000000000    0.7000000000    0.7000000000    0.7000000000    0.7000000000
  0.7000000000    0.7000000000    0.7000000000    0.7000000000    0.7000000000
  0.7000000000    0.7000000000    0.7000000000    0.7000000000    0.7000000000
  0.7000000000    0.7000000000    0.7000000000    0.7000000000    0.7000000000
  0.7000000000    0.7000000000    0.7000000000    0.7000000000    0.7000000000
  0.7000000000    0.7000000000    0.7000000000    0.7000000000    0.7000000000
  0.7000000000    0.7000000000    0.7000000000    0.7000000000    0.7000000000
  0.0000000209    0.1284095436    0.1843247086    0.2189573437    0.2442980438
  0.2644510835    0.2812954277    0.2958460778    0.3087139040    0.3202953607
  0.3308596462    0.3406031102    0.3496678621    0.3581636339    0.3661764175
  0.3737729698    0.3810081571    0.3879275829    0.3945674628    0.4009592980
  0.4071302503    0.4131025583    0.4188959569    0.4245275527    0.4300117821
  0.4353629142    0.4405915469    0.4457091123    0.4507239133    0.4556452960
  0.4604796857    0.4652350515    0.4699179858    0.4745330781    0.4790865034
  0.4835830182    0.4880268782    0.4924230486    0.4967747420    0.5010862976
  0.5053613454    0.5096028060    0.5138137668    0.5179977745    0.5221571237
  0.5262949020    0.5304140717    0.5345170110    0.5386058897    0.5426846713
  0.5467533976    0.5508158654    0.5548746616    0.5589319140    0.5629900843
  0.5670515507    0.5711180657    0.5751935929    0.5792789251    0.5833777755
  0.5874920219    0.5916252524    0.5957800120    0.5999583453    0.6041635484
  0.6084008783    0.6126707524    0.6169795543    0.6213299960    0.6257260412
  0.6301718205    0.6346738845    0.6392360717    0.6438649744    0.6485660583
  0.6533478349    0.6582165629    0.6631829649    0.6682569712    0.6734465927
  0.6787671417    0.6842342228    0.6898634821    0.6956758648    0.6999999791
  0.7000000000    0.7000000000    0.7000000000    0.7000000000    0.7000000000
  0.7000000000    0.7000000000    0.7000000000    0.7000000000    0.7000000000
  0.7000000000    0.7000000000    0.7000000000    0.7000000000    0.7000000000
  0.7000000000    0.7000000000    0.7000000000    0.7000000000    0.7000000000
  0.7000000000    0.7000000000    0.7000000000    0.7000000000    0.7000000000
  0.7000000000    0.7000000000    0.7000000000    0.7000000000    0.7000000000
  0.7000000000    0.7000000000    0.7000000000    0.7000000000    0.7000000000
  0.7000000000    0.7000000000    0.7000000000    0.7000000000    0.7000000000
  0.7000000000    0.7000000000    0.7000000000    0.7000000000    0.7000000000
  0.7000000000    0.7000000000    0.7000000000    0.7000000000    0.7000000000
  0.7000000000    0.7000000000    0.7000000000    0.7000000000    0.7000000000
  0.7000000000    0.7000000000    0.7000000000    0.7000000000    0.7000000000
  0.7000000000    0.7000000000    0.7000000000    0.7000000000    0.7000000000
  0.7000000000    0.7000000000    0.7000000000    0.7000000000    0.7000000000
  0.7000000000    0.7000000000    0.7000000000    0.7000000000    0.7000000000
  0.7000000000    0.7000000000    0.7000000000    0.7000000000    0.7000000000
  0.7000000000    0.7000000000    0.7000000000    0.7000000000    0.7000000000
  0.7000000000    0.7000000000    0.7000000000    0.7000000000    0.7000000000
  0.7000000000    0.7000000000    0.7000000000    0.7000000000    0.7000000000
  0.7000000000    0.7000000000    0.7000000000    0.7000000000    0.7000000000
  0.7000000000    0.7000000000    0.7000000000    0.7000000000    0.7000000000
  0.7000000000    0.7000000000    0.7000000000    0.7000000000    0.7000000000
  0.7000000000    0.7000000000    0.7000000000    0.7000000000    0.7000000000
  0.7000000000    0.7000000000    0.7000000000    0.7000000000    0.7000000000
  0.7000000000    0.7000000000    0.7000000000    0.7000000000    0.7000000000
  0.7000000000    0.7000000000    0.7000000000    0.7000000000    0.7000000000
  0.7000000000    0.7000000000    0.7000000000    0.7000000000    0.7000000000
  0.7000000000    0.7000000000    0.7000000000    0.7000000000    0.7000000000
  0.7000000000    0.7000000000    0.7000000000    0.7000000000    0.7000000000
  0.7000000000    0.7000000000    0.7000000000    0.7000000000    0.7000000000
  0.7000000000    0.7000000000    0.7000000000    0.7000000000    0.7000000000
  0.7000000000    0.7000000000    0.7000000000    0.7000000000    0.7000000000
  0.7000000000    0.7000000000    0.7000000000    0.7000000000    0.7000000000
  0.7000000000    0.7000000000    0.7000000000    0.7000000000    0.7000000000
  0.7000000000    0.7000000000    0.7000000000    0.7000000000    0.7000000000
  0.7000000000    0.7000000000    0.7000000000    0.7000000000    0.7000000000
  0.7000000000    0.7000000000    0.7000000000    0.7000000000    0.7000000000
  0.7000000000    0.7000000000    0.7000000000    0.7000000000    0.7000000000
  0.7000000000    0.7000000000    0.7000000000    0.7000000000    0.7000000000
  0.7000000000    0.7000000000    0.7000000000    0.7000000000    0.7000000000
  0.7000000000    0.7000000000    0.7000000000    0.7000000000    0.7000000000
  0.7000000000    0.7000000000    0.7000000000    0.7000000000    0.7000000000
  0.7000000000    0.7000000000    0.7000000000    0.7000000000    0.7000000000
  0.0000000209    0.1081398457    0.1629714996    0.1976968855    0.2232197911
  0.2435302109    0.2604954273    0.2751328617    0.2880598515    0.2996760219
  0.3102564126    0.3199980408    0.3290467709    0.3375142127    0.3454867750
  0.3530330509    0.3602090746    0.3670601159    0.3736243516    0.3799332827
  0.3860141128    0.3918890387    0.3975792974    0.4031013280    0.4084704012
  0.4137001187    0.4188017875    0.4237861723    0.4286627859    0.4334396392
  0.4381250352    0.4427248985    0.4472467393    0.4516952723    0.4560757965
  0.4603937775    0.4646536797    0.4688591331    0.4730139762    0.4771223396
  0.4811869353    0.4852113932    0.4891985506    0.4931511194    0.4970720619
  0.5009632558    0.5048273712    0.5086669534    0.5124844223    0.5162806123
  0.5200587362    0.5238203794    0.5275680035    0.5313030273    0.5350263268
  0.5387410313    0.5424488515    0.5461503714    0.5498485118    0.5535438150
  0.5572390348    0.5609359235    0.5646352738    0.5683396310    0.5720506221
  0.5757688314    0.5794983894    0.5832389206    0.5869939715    0.5907643765
  0.5945531398    0.5983613461    0.6021927088    0.6060473531    0.6099297017
  0.6138419241    0.6177860230    0.6217657119    0.6257833272    0.6298439592
  0.6339488596    0.6381025761    0.6423101991    0.6465751499    0.6509038121
  0.6553005248    0.6597712547    0.6643231362    0.6689628452    0.6737008125
  0.6785443395    0.6835035235    0.6885921329    0.6938249797    0.6992132038
  0.6999999791    0.7000000000    0.7000000000    0.7000000000    0.7000000000
  0.7000000000    0.7000000000    0.7000000000    0.7000000000    0.7000000000
  0.7000000000    0.7000000000    0.7000000000    0.7000000000    0.7000000000
  0.7000000000    0.7000000000    0.7000000000    0.7000000000    0.7000000000
  0.7000000000    0.7000000000    0.7000000000    0.7000000000    0.7000000000
  0.7000000000    0.7000000000    0.7000000000    0.7000000000    0.7000000000
  0.7000000000    0.7000000000    0.7000000000    0.7000000000    0.7000000000
  0.7000000000    0.7000000000    0.7000000000    0.7000000000    0.7000000000
  0.7000000000    0.7000000000    0.7000000000    0.7000000000    0.7000000000
  0.7000000000    0.7000000000    0.7000000000    0.7000000000    0.7000000000
  0.7000000000    0.7000000000    0.7000000000    0.7000000000    0.7000000000
  0.7000000000    0.7000000000    0.7000000000    0.7000000000    0.7000000000
  0.7000000000    0.7000000000    0.7000000000    0.7000000000    0.7000000000
  0.7000000000    0.7000000000    0.7000000000    0.7000000000    0.7000000000
  0.7000000000    0.7000000000    0.7000000000    0.7000000000    0.7000000000
  0.7000000000    0.7000000000    0.7000000000    0.7000000000    0.7000000000
  0.7000000000    0.7000000000    0.7000000000    0.7000000000    0.7000000000
  0.7000000000    0.7000000000    0.7000000000    0.7000000000    0.7000000000
  0.7000000000    0.7000000000    0.7000000000    0.7000000000    0.7000000000
  0.7000000000    0.7000000000    0.7000000000    0.7000000000    0.7000000000
  0.7000000000    0.7000000000    0.7000000000    0.7000000000    0.7000000000
  0.7000000000    0.7000000000    0.7000000000    0.7000000000    0.7000000000
  0.7000000000    0.7000000000    0.7000000000    0.7000000000    0.7000000000
  0.7000000000    0.7000000000    0.7000000000    0.7000000000    0.7000000000
  0.7000000000    0.7000000000    0.7000000000    0.7000000000    0.7000000000
  0.7000000000    0.7000000000    0.7000000000    0.7000000000    0.7000000000
  0.7000000000    0.7000000000    0.7000000000    0.7000000000    0.7000000000
  0.7000000000    0.7000000000    0.7000000000    0.7000000000    0.7000000000
  0.7000000000    0.7000000000    0.7000000000    0.7000000000    0.7000000000
  0.7000000000    0.7000000000    0.7000000000    0.7000000000    0.7000000000
  0.7000000000    0.7000000000    0.7000000000    0.7000000000    0.7000000000
  0.7000000000    0.7000000000    0.7000000000    0.7000000000    0.7000000000
  0.7000000000    0.7000000000    0.7000000000    0.7000000000    0.7000000000
  0.7000000000    0.7000000000    0.7000000000    0.7000000000    0.7000000000
  0.7000000000    0.7000000000    0.7000000000    0.7000000000    0.7000000000
  0.7000000000    0.7000000000    0.7000000000    0.7000000000    0.7000000000
  0.7000000000    0.7000000000    0.7000000000    0.7000000000    0.7000000000
  0.7000000000    0.7000000000    0.7000000000    0.7000000000    0.7000000000
  0.7000000000    0.7000000000    0.7000000000    0.7000000000    0.7000000000
  0.7000000000    0.7000000000    0.7000000000    0.7000000000    0.7000000000
  0.7000000000    0.7000000000    0.7000000000    0.7000000000    0.7000000000
  0.0000000209    0.0911372036    0.1439976424    0.1785367340    0.2041282326
  0.2245421678    0.2416009694    0.2563143820    0.2692973644    0.2809516698
  0.2915553838    0.3013069838    0.3103540450    0.3188085526    0.3267593354
  0.3342754453    0.3414131671    0.3482191473    0.3547315627    0.3609831244
  0.3670002431    0.3728067428    0.3784231514    0.3838666588    0.3891523689
  0.3942940921    0.3993034691    0.4041908056    0.4089664489    0.4136386186
  0.4182146579    0.4227012008    0.4271059245    0.4314331681    0.4356883973
  0.4398766190    0.4440025061    0.4480697721    0.4520824641    0.4560441703
  0.4599583954    0.4638278097    0.4676548332    0.4714428455    0.4751938909
  0.4789115578    0.4825965136    0.4862515539    0.4898787230    0.4934804410
  0.4970575839    0.5006128639    0.5041474491    0.5076633841    0.5111611694
  0.5146432668    0.5181119293    0.5215669483    0.5250105768    0.5284438998
  0.5318685442    0.5352860123    0.5386968046    0.5421018392    0.5455044538
  0.5489048988    0.5523035914    0.5557031602    0.5591028541    0.5625061780
  0.5659141749    0.5693260938    0.5727452308    0.5761720449    0.5796088308
  0.5830555469    0.5865149051    0.5899875730    0.5934757203    0.5969804317
  0.6005037099    0.6040478915    0.6076126844    0.6112024277    0.6148176640
  0.6184608549    0.6221345037    0.6258405715    0.6295813948    0.6333608121
  0.6371805757    0.6410435647    0.6449542433    0.6489155740    0.6529326051
  0.6570069224    0.6611455768    0.6653538257    0.6696360081    0.6739993006
  0.6784502953    0.6829968780    0.6876499385    0.6924155265    0.6973072022
  0.6999999791    0.7000000000    0.7000000000    0.7000000000    0.7000000000
  0.7000000000    0.7000000000    0.7000000000    0.7000000000    0.7000000000
  0.7000000000    0.7000000000    0.7000000000    0.7000000000    0.7000000000
  0.7000000000    0.7000000000    0.7000000000    0.7000000000    0.7000000000
  0.7000000000    0.7000000000    0.7000000000    0.7000000000    0.7000000000
  0.7000000000    0.7000000000    0.7000000000    0.7000000000    0.7000000000
  0.7000000000    0.7000000000    0.7000000000    0.7000000000    0.7000000000
  0.7000000000    0.7000000000    0.7000000000    0.7000000000    0.7000000000
  0.7000000000    0.7000000000    0.7000000000    0.7000000000    0.7000000000
  0.7000000000    0.7000000000    0.7000000000    0.7000000000    0.7000000000
  0.7000000000    0.7000000000    0.7000000000    0.7000000000    0.7000000000
  0.7000000000    0.7000000000    0.7000000000    0.7000000000    0.7000000000
  0.7000000000    0.7000000000    0.7000000000    0.7000000000    0.7000000000
  0.7000000000    0.7000000000    0.7000000000    0.7000000000    0.7000000000
  0.7000000000    0.7000000000    0.7000000000    0.7000000000    0.7000000000
  0.7000000000    0.7000000000    0.7000000000    0.7000000000    0.7000000000
  0.7000000000    0.7000000000    0.7000000000    0.7000000000    0.7000000000
  0.7000000000    0.7000000000    0.7000000000    0.7000000000    0.7000000000
  0.7000000000    0.7000000000    0.7000000000    0.7000000000    0.7000000000
  0.7000000000    0.7000000000    0.7000000000    0.7000000000    0.7000000000
  0.7000000000    0.7000000000    0.7000000000    0.7000000000    0.7000000000
  0.7000000000    0.7000000000    0.7000000000    0.7000000000    0.7000000000
  0.7000000000    0.7000000000    0.7000000000    0.7000000000    0.7000000000
  0.7000000000    0.7000000000    0.7000000000    0.7000000000    0.7000000000
  0.7000000000    0.7000000000    0.7000000000    0.7000000000    0.7000000000
  0.7000000000    0.7000000000    0.7000000000    0.7000000000    0.7000000000
  0.7000000000    0.7000000000    0.7000000000    0.7000000000    0.7000000000
  0.7000000000    0.7000000000    0.7000000000    0.7000000000    0.7000000000
  0.7000000000    0.7000000000    0.7000000000    0.7000000000    0.7000000000
  0.7000000000    0.7000000000    0.7000000000    0.7000000000    0.7000000000
  0.7000000000    0.7000000000    0.7000000000    0.7000000000    0.7000000000
  0.7000000000    0.7000000000    0.7000000000    0.7000000000    0.7000000000
  0.7000000000    0.7000000000    0.7000000000    0.7000000000    0.7000000000
  0.7000000000    0.7000000000    0.7000000000    0.7000000000    0.7000000000
  0.7000000000    0.7000000000    0.7000000000    0.7000000000    0.7000000000
  0.7000000000    0.7000000000    0.7000000000    0.7000000000    0.7000000000
  0.7000000000    0.7000000000    0.7000000000    0.7000000000    0.7000000000
  0.7000000000    0.7000000000    0.7000000000    0.7000000000    0.7000000000
  0.7000000000    0.7000000000    0.7000000000    0.7000000000    0.7000000000
  0.0000000209    0.0770665795    0.1271832138    0.1612191230    0.1867421955
  0.2071911782    0.2243072242    0.2390757531    0.2521047980    0.2637947768
  0.2744229823    0.2841887265    0.2932407111    0.3016924649    0.3096319407
  0.3171301514    0.3242434651    0.3310191125    0.3374958545    0.3437067360
  0.3496786684    0.3554351836    0.3609976858    0.3663831145    0.3716073662
  0.3766832918    0.3816239506    0.3864391893    0.3911390632    0.3957318336
  0.4002256364    0.4046266884    0.4089427084    0.4131782442    0.4173388034
  0.4214295596    0.4254541844    0.4294176430    0.4333233982    0.4371752888
  0.4409757346    0.4447285742    0.4484363943    0.4521015316    0.4557266980
  0.4593149811    0.4628672570    0.4663857788    0.4698732167    0.4733315736
  0.4767618507    0.4801663011    0.4835457176    0.4869027704    0.4902385026
  0.4935539156    0.4968505114    0.5001296252    0.5033925921    0.5066406637
  0.5098745495    0.5130964190    0.5163063556    0.5195064038    0.5226961464
  0.5258784622    0.5290533513    0.5322216898    0.5353848547    0.5385431796
  0.5416988343    0.5448516935    0.5480033427    0.5511541158    0.5543064326
  0.5574586660    0.5606141955    0.5637739807    0.5669368118    0.5701059014
  0.5732808322    0.5764629811    0.5796545595    0.5828550667    0.5860666722
  0.5892910033    0.5925270587    0.5957778007    0.5990442723    0.6023276001
  0.6056292862    0.6089498311    0.6122928232    0.6156583458    0.6190480679
  0.6224636585    0.6259076625    0.6293815821    0.6328865021    0.6364272207
  0.6400038213    0.6436196834    0.6472776443    0.6509800822    0.6547304600
  0.6585317403    0.6623898894    0.6663076609    0.6702868491    0.6743356735
  0.6784580141    0.6826616317    0.6869514495    0.6913366467    0.6958227307
  0.6999999791    0.7000000000    0.7000000000    0.7000000000    0.7000000000
  0.7000000000    0.7000000000    0.7000000000    0.7000000000    0.7000000000
  0.7000000000    0.7000000000    0.7000000000    0.7000000000    0.7000000000
  0.7000000000    0.7000000000    0.7000000000    0.7000000000    0.7000000000
  0.7000000000    0.7000000000    0.7000000000    0.7000000000    0.7000000000
  0.7000000000    0.7000000000    0.7000000000    0.7000000000    0.7000000000
  0.7000000000    0.7000000000    0.7000000000    0.7000000000    0.7000000000
  0.7000000000    0.7000000000    0.7000000000    0.7000000000    0.7000000000
  0.7000000000    0.7000000000    0.7000000000    0.7000000000    0.7000000000
  0.7000000000    0.7000000000    0.7000000000    0.7000000000    0.7000000000
  0.7000000000    0.7000000000    0.7000000000    0.7000000000    0.7000000000
  0.7000000000    0.7000000000    0.7000000000    0.7000000000    0.7000000000
  0.7000000000    0.7000000000    0.7000000000    0.7000000000    0.7000000000
  0.7000000000    0.7000000000    0.7000000000    0.7000000000    0.7000000000
  0.7000000000    0.7000000000    0.7000000000    0.7000000000    0.7000000000
  0.7000000000    0.7000000000    0.7000000000    0.7000000000    0.7000000000
  0.7000000000    0.7000000000    0.7000000000    0.7000000000    0.7000000000
  0.7000000000    0.7000000000    0.7000000000    0.7000000000    0.7000000000
  0.7000000000    0.7000000000    0.7000000000    0.7000000000    0.7000000000
  0.7000000000    0.7000000000    0.7000000000    0.7000000000    0.7000000000
  0.7000000000    0.7000000000    0.7000000000    0.7000000000    0.7000000000
  0.7000000000    0.7000000000    0.7000000000    0.7000000000    0.7000000000
  0.7000000000    0.7000000000    0.7000000000    0.7000000000    0.7000000000
  0.7000000000    0.7000000000    0.7000000000    0.7000000000    0.7000000000
  0.7000000000    0.7000000000    0.7000000000    0.7000000000    0.7000000000
  0.7000000000    0.7000000000    0.7000000000    0.7000000000    0.7000000000
  0.7000000000    0.7000000000    0.7000000000    0.7000000000    0.7000000000
  0.7000000000    0.7000000000    0.7000000000    0.7000000000    0.7000000000
  0.7000000000    0.7000000000    0.7000000000    0.7000000000    0.7000000000
  0.7000000000    0.7000000000    0.7000000000    0.7000000000    0.7000000000
  0.7000000000    0.7000000000    0.7000000000    0.7000000000    0.7000000000
  0.7000000000    0.7000000000    0.7000000000    0.7000000000    0.7000000000
  0.7000000000    0.7000000000    0.7000000000    0.7000000000    0.7000000000
  0.7000000000    0.7000000000    0.7000000000    0.7000000000    0.7000000000
  0.7000000000    0.7000000000    0.7000000000    0.7000000000    0.7000000000
  0.7000000000    0.7000000000    0.7000000000    0.7000000000    0.7000000000
  0.7000000000    0.7000000000    0.7000000000    0.7000000000    0.7000000000
  0.0000000209    0.0655401558    0.1123609036    0.1455664784    0.1708635777
  0.1912656635    0.2083925992    0.2231887490    0.2362487108    0.2479649752
  0.2586136669    0.2683931381    0.2774528831    0.2859049290    0.2938396066
  0.3013272196    0.3084251791    0.3151805907    0.3216325909    0.3278139323
  0.3337525278    0.3394727021    0.3449949831    0.3503365189    0.3555139989
  0.3605404824    0.3654280275    0.3701877743    0.3748293191    0.3793611735
  0.3837914318    0.3881265610    0.3923737794    0.3965376765    0.4006250948
  0.4046400815    0.4085864335    0.4124697000    0.4162924260    0.4200584084
  0.4237713605    0.4274345368    0.4310495645    0.4346199065    0.4381483585
  0.4416364640    0.4450862259    0.4485009819    0.4518814415    0.4552301913
  0.4585476905    0.4618373603    0.4650994927    0.4683358401    0.4715480298
  0.4747371465    0.4779046506    0.4810520440    0.4841802031    0.4872894198
  0.4903825313    0.4934592038    0.4965211898    0.4995695740    0.5026039809
  0.5056269974    0.5086385816    0.5116397768    0.5146320015    0.5176152140
  0.5205907911    0.5235595256    0.5265213758    0.5294780523    0.5324312657
  0.5353793889    0.5383255512    0.5412680417    0.5442099065    0.5471508533
  0.5500914663    0.5530333728    0.5559761137    0.5589208156    0.5618688554
  0.5648207754    0.5677766174    0.5707386762    0.5737059921    0.5766812772
  0.5796636134    0.5826555878    0.5856557816    0.5886663228    0.5916892976
  0.5947240800    0.5977727145    0.6008349925    0.6039128751    0.6070074052
  0.6101192087    0.6132504970    0.6164014369    0.6195741564    0.6227699906
  0.6259893984    0.6292351753    0.6325085729    0.6358110934    0.6391442806
  0.6425115138    0.6459134191    0.6493512899    0.6528311759    0.6563526601
  0.6599204153    0.6635350257    0.6672013313    0.6709233373    0.6747035891
  0.6785477191    0.6824588567    0.6864460140    0.6905089408    0.6946585268
  0.6989000291    0.6999999791    0.7000000000    0.7000000000    0.7000000000
  0.7000000000    0.7000000000    0.7000000000    0.7000000000    0.7000000000
  0.7000000000    0.7000000000    0.7000000000    0.7000000000    0.7000000000
  0.7000000000    0.7000000000    0.7000000000    0.7000000000    0.7000000000
  0.7000000000    0.7000000000    0.7000000000    0.7000000000    0.7000000000
  0.7000000000    0.7000000000    0.7000000000    0.7000000000    0.7000000000
  0.7000000000    0.7000000000    0.7000000000    0.7000000000    0.7000000000
  0.7000000000    0.7000000000    0.7000000000    0.7000000000    0.7000000000
  0.7000000000    0.7000000000    0.7000000000    0.7000000000    0.7000000000
  0.7000000000    0.7000000000    0.7000000000    0.7000000000    0.7000000000
  0.7000000000    0.7000000000    0.7000000000    0.7000000000    0.7000000000
  0.7000000000    0.7000000000    0.7000000000    0.7000000000    0.7000000000
  0.7000000000    0.7000000000    0.7000000000    0.7000000000    0.7000000000
  0.7000000000    0.7000000000    0.7000000000    0.7000000000    0.7000000000
  0.7000000000    0.7000000000    0.7000000000    0.7000000000    0.7000000000
  0.7000000000    0.7000000000    0.7000000000    0.7000000000    0.7000000000
  0.7000000000    0.7000000000    0.7000000000    0.7000000000    0.7000000000
  0.7000000000    0.7000000000    0.7000000000    0.7000000000    0.7000000000
  0.7000000000    0.7000000000    0.7000000000    0.7000000000    0.7000000000
  0.7000000000    0.7000000000    0.7000000000    0.7000000000    0.7000000000
  0.7000000000    0.7000000000    0.7000000000    0.7000000000    0.7000000000
  0.7000000000    0.7000000000    0.7000000000    0.7000000000    0.7000000000
  0.7000000000    0.7000000000    0.7000000000    0.7000000000    0.7000000000
  0.7000000000    0.7000000000    0.7000000000    0.7000000000    0.7000000000
  0.7000000000    0.7000000000    0.7000000000    0.7000000000    0.7000000000
  0.7000000000    0.7000000000    0.7000000000    0.7000000000    0.7000000000
  0.7000000000    0.7000000000    0.7000000000    0.7000000000    0.7000000000
  0.7000000000    0.7000000000    0.7000000000    0.7000000000    0.7000000000
  0.7000000000    0.7000000000    0.7000000000    0.7000000000    0.7000000000
  0.7000000000    0.7000000000    0.7000000000    0.7000000000    0.7000000000
  0.7000000000    0.7000000000    0.7000000000    0.7000000000    0.7000000000
  0.7000000000    0.7000000000    0.7000000000    0.7000000000    0.7000000000
  0.7000000000    0.7000000000    0.7000000000    0.7000000000    0.7000000000
  0.7000000000    0.7000000000    0.7000000000    0.7000000000    0.7000000000
  0.7000000000    0.7000000000    0.7000000000    0.7000000000    0.7000000000
  0.0000000209    0.0561455816    0.0993807167    0.1314456612    0.1563490599
  0.1766101211    0.1936925381    0.2084830970    0.2215512782    0.2332812279
  0.2439426035    0.2537325054    0.2627977580    0.2712520152    0.2791844398
  0.2866655439    0.2937523216    0.3004933804    0.3069274813    0.3130871266
  0.3190015227    0.3246941179    0.3301855654    0.3354938477    0.3406346112
  0.3456222922    0.3504689902    0.3551848859    0.3597808689    0.3642649084
  0.3686452657    0.3729284495    0.3771207184    0.3812289149    0.3852577537
  0.3892124921    0.3930969685    0.3969162315    0.4006729096    0.4043714672
  0.4080149919    0.4116064042    0.4151483744    0.4186439067    0.4220947534
  0.4255036265    0.4288735718    0.4322054237    0.4355014354    0.4387631923
  0.4419928223    0.4451917022    0.4483617097    0.4515035957    0.4546195298
  0.4577101797    0.4607775897    0.4638217181    0.4668450266    0.4698473483
  0.4728305608    0.4757959157    0.4787436634    0.4816750139    0.4845910519
  0.4874919444    0.4903797776    0.4932535499    0.4961163074    0.4989675492
  0.5018071920    0.5046376556    0.5074583977    0.5102711707    0.5130759329
  0.5158729762    0.5186640948    0.5214490384    0.5242285997    0.5270034879
  0.5297744125    0.5325420827    0.5353071660    0.5380697876    0.5408301979
  0.5435903579    0.5463494748    0.5491095096    0.5518696696    0.5546322912
  0.5573952049    0.5601616651    0.5629316717    0.5657056838    0.5684837431
  0.5712667674    0.5740551740    0.5768502563    0.5796533078    0.5824633688
  0.5852817327    0.5881095260    0.5909480423    0.5937970728    0.5966569930
  0.5995293051    0.6024143010    0.6053156108    0.6082296461    0.6111604124
  0.6141079932    0.6170730978    0.6200578123    0.6230623037    0.6260886580
  0.6291373760    0.6322105020    0.6353072017    0.6384326905    0.6415852994
  0.6447676569    0.6479832679    0.6512310892    0.6545148343    0.6578369230
  0.6611982316    0.6646022230    0.6680518597    0.6715492696    0.6750981241
  0.6787025541    0.6823644787    0.6860889465    0.6898798376    0.6937437028
  0.6976855904    0.6999999791    0.7000000000    0.7000000000    0.7000000000
  0.7000000000    0.7000000000    0.7000000000    0.7000000000    0.7000000000
  0.7000000000    0.7000000000    0.7000000000    0.7000000000    0.7000000000
  0.7000000000    0.7000000000    0.7000000000    0.7000000000    0.7000000000
  0.7000000000    0.7000000000    0.7000000000    0.7000000000    0.7000000000
  0.7000000000    0.7000000000    0.7000000000    0.7000000000    0.7000000000
  0.7000000000    0.7000000000    0.7000000000    0.7000000000    0.7000000000
  0.7000000000    0.7000000000    0.7000000000    0.7000000000    0.7000000000
  0.7000000000    0.7000000000    0.7000000000    0.7000000000    0.7000000000
  0.7000000000    0.7000000000    0.7000000000    0.7000000000    0.7000000000
  0.7000000000    0.7000000000    0.7000000000    0.7000000000    0.7000000000
  0.7000000000    0.7000000000    0.7000000000    0.7000000000    0.7000000000
  0.7000000000    0.7000000000    0.7000000000    0.7000000000    0.7000000000
  0.7000000000    0.7000000000    0.7000000000    0.7000000000    0.7000000000
  0.7000000000    0.7000000000    0.7000000000    0.7000000000    0.7000000000
  0.7000000000    0.7000000000    0.7000000000    0.7000000000    0.7000000000
  0.7000000000    0.7000000000    0.7000000000    0.7000000000    0.7000000000
  0.7000000000    0.7000000000    0.7000000000    0.7000000000    0.7000000000
  0.7000000000    0.7000000000    0.7000000000    0.7000000000    0.7000000000
  0.7000000000    0.7000000000    0.7000000000    0.7000000000    0.7000000000
  0.7000000000    0.7000000000    0.7000000000    0.7000000000    0.7000000000
  0.7000000000    0.7000000000    0.7000000000    0.7000000000    0.7000000000
  0.7000000000    0.7000000000    0.7000000000    0.7000000000    0.7000000000
  0.7000000000    0.7000000000    0.7000000000    0.7000000000    0.7000000000
  0.7000000000    0.7000000000    0.7000000000    0.7000000000    0.7000000000
  0.7000000000    0.7000000000    0.7000000000    0.7000000000    0.7000000000
  0.7000000000    0.7000000000    0.7000000000    0.7000000000    0.7000000000
  0.7000000000    0.7000000000    0.7000000000    0.7000000000    0.7000000000
  0.7000000000    0.7000000000    0.7000000000    0.7000000000    0.7000000000
  0.7000000000    0.7000000000    0.7000000000    0.7000000000    0.7000000000
  0.7000000000    0.7000000000    0.7000000000    0.7000000000    0.7000000000
  0.7000000000    0.7000000000    0.7000000000    0.7000000000    0.7000000000
  0.7000000000    0.7000000000    0.7000000000    0.7000000000    0.7000000000
  0.0000000209    0.0484895319    0.0880844384    0.1187502354    0.1430899531
  0.1631086022    0.1800839156    0.1948287457    0.2078801125    0.2196055561
  0.2302682251    0.2400608808    0.2491278023    0.2575824350    0.2655121475
  0.2729879111    0.2800667614    0.2867967635    0.2932173878    0.2993605942
  0.3052558810    0.3109266967    0.3163939446    0.3216762751    0.3267889172
  0.3317457646    0.3365596682    0.3412415177    0.3458004922    0.3502463967
  0.3545859486    0.3588273257    0.3629763275    0.3670387954    0.3710205704
  0.3749264508    0.3787608594    0.3825283855    0.3862316161    0.3898757249
  0.3934627146    0.3969960898    0.4004785627    0.4039132208    0.4073023587
  0.4106476456    0.4139516681    0.4172168463    0.4204444319    0.4236366361
  0.4267955452    0.4299215347    0.4330170661    0.4360834330    0.4391218454
  0.4421334296    0.4451203555    0.4480825394    0.4510214835    0.4539391488
  0.4568348259    0.4597113520    0.4625685602    0.4654075772    0.4682291538
  0.4710349172    0.4738244504    0.4765989214    0.4793593317    0.4821071833
  0.4848410159    0.4875637501    0.4902748436    0.4929747134    0.4956647784
  0.4983458310    0.5010173291    0.5036810249    0.5063367099    0.5089857191
  0.5116273433    0.5142627925    0.5168927759    0.5195180446    0.5221388072
  0.5247543126    0.5273680657    0.5299773544    0.5325847656    0.5351899236
  0.5377934963    0.5403955251    0.5429984719    0.5455992073    0.5482019454
  0.5508044749    0.5534087151    0.5560146660    0.5586228698    0.5612337857
  0.5638487905    0.5664669663    0.5690892726    0.5717173785    0.5743495315
  0.5769883603    0.5796334058    0.5822858363    0.5849451929    0.5876140207
  0.5902904421    0.5929761678    0.5956731170    0.5983803302    0.6010989755
  0.6038297206    0.6065732330    0.6093305975    0.6121020228    0.6148885518
  0.6176923960    0.6205117196    0.6233498603    0.6262066096    0.6290820509
  0.6319799393    0.6348998159    0.6378422230    0.6408098727    0.6438023895
  0.6468224853    0.6498728305    0.6529520482    0.6560636014    0.6592091173
  0.6623895556    0.6656088382    0.6688670486    0.6721690685    0.6755143970
  0.6789100856    0.6823551327    0.6858533353    0.6894098252    0.6930274397
  0.6967117280    0.6999999791    0.7000000000    0.7000000000    0.7000000000
  0.7000000000    0.7000000000    0.7000000000    0.7000000000    0.7000000000
  0.7000000000    0.7000000000    0.7000000000    0.7000000000    0.7000000000
  0.7000000000    0.7000000000    0.7000000000    0.7000000000    0.7000000000
  0.7000000000    0.7000000000    0.7000000000    0.7000000000    0.7000000000
  0.7000000000    0.7000000000    0.7000000000    0.7000000000    0.7000000000
  0.7000000000    0.7000000000    0.7000000000    0.7000000000    0.7000000000
  0.7000000000    0.7000000000    0.7000000000    0.7000000000    0.7000000000
  0.7000000000    0.7000000000    0.7000000000    0.7000000000    0.7000000000
  0.7000000000    0.7000000000    0.7000000000    0.7000000000    0.7000000000
  0.7000000000    0.7000000000    0.7000000000    0.7000000000    0.7000000000
  0.7000000000    0.7000000000    0.7000000000    0.7000000000    0.7000000000
  0.7000000000    0.7000000000    0.7000000000    0.7000000000    0.7000000000
  0.7000000000    0.7000000000    0.7000000000    0.7000000000    0.7000000000
  0.7000000000    0.7000000000    0.7000000000    0.7000000000    0.7000000000
  0.7000000000    0.7000000000    0.7000000000    0.7000000000    0.7000000000
  0.7000000000    0.7000000000    0.7000000000    0.7000000000    0.7000000000
  0.7000000000    0.7000000000    0.7000000000    0.7000000000    0.7000000000
  0.7000000000    0.7000000000    0.7000000000    0.7000000000    0.7000000000
  0.7000000000    0.7000000000    0.7000000000    0.7000000000    0.7000000000
  0.7000000000    0.7000000000    0.7000000000    0.7000000000    0.7000000000
  0.7000000000    0.7000000000    0.7000000000    0.7000000000    0.7000000000
  0.7000000000    0.7000000000    0.7000000000    0.7000000000    0.7000000000
  0.7000000000    0.7000000000    0.7000000000    0.7000000000    0.7000000000
  0.7000000000    0.7000000000    0.7000000000    0.7000000000    0.7000000000
  0.7000000000    0.7000000000    0.7000000000    0.7000000000    0.7000000000
  0.7000000000    0.7000000000    0.7000000000    0.7000000000    0.7000000000
  0.7000000000    0.7000000000    0.7000000000    0.7000000000    0.7000000000
  0.7000000000    0.7000000000    0.7000000000    0.7000000000    0.7000000000
  0.7000000000    0.7000000000    0.7000000000    0.7000000000    0.7000000000
  0.7000000000    0.7000000000    0.7000000000    0.7000000000    0.7000000000
  0.0000000209    0.0422282904    0.0783037573    0.1073816091    0.1310000151
  0.1506724030    0.1674732715    0.1821272701    0.1951305717    0.2068311900
  0.2174808413    0.2272654444    0.2363281935    0.2447781116    0.2527035266
  0.2601730317    0.2672445387    0.2739647776    0.2803737611    0.2865035325
  0.2923835069    0.2980367571    0.3034847707    0.3087456971    0.3138348907
  0.3187674552    0.3235545725    0.3282078415    0.3327376515    0.3371515542
  0.3414586455    0.3456654340    0.3497783870    0.3538039297    0.3577474028
  0.3616136879    0.3654066235    0.3691314667    0.3727908880    0.3763894767
  0.3799303621    0.3834160477    0.3868497878    0.3902347118    0.3935721129
  0.3968647033    0.4001156956    0.4033259243    0.4064971834    0.4096322268
  0.4127321810    0.4157984227    0.4188335389    0.4218376964    0.4248127311
  0.4277597696    0.4306804389    0.4335752815    0.4364463419    0.4392940372
  0.4421197027    0.4449231714    0.4477068216    0.4504708618    0.4532164603
  0.4559443682    0.4586546689    0.4613490313    0.4640274972    0.4666916102
  0.4693404108    0.4719768614    0.4745994598    0.4772101671    0.4798088580
  0.4823969513    0.4849738628    0.4875409275    0.4900985211    0.4926473945
  0.4951873809    0.4977198154    0.5002439469    0.5027610272    0.5052722663
  0.5077769130    0.5102757603    0.5127693921    0.5152580589    0.5177429289
  0.5202236265    0.5227003604    0.5251737565    0.5276448578    0.5301134139
  0.5325803846    0.5350454777    0.5375096530    0.5399730772    0.5424358338
  0.5448984236    0.5473618060    0.5498256475    0.5522917420    0.5547588378
  0.5572278112    0.5596995801    0.5621742278    0.5646516711    0.5671333283
  0.5696186572    0.5721090347    0.5746044189    0.5771051437    0.5796120852
  0.5821243256    0.5846444100    0.5871717960    0.5897064000    0.5922503084
  0.5948025614    0.5973642439    0.5999361902    0.6025186092    0.6051117927
  0.6077172846    0.6103357524    0.6129661530    0.6156095296    0.6182694286
  0.6209439307    0.6236336619    0.6263412088    0.6290650696    0.6318090409
  0.6345711619    0.6373551458    0.6401590317    0.6429864496    0.6458370239
  0.6487122983    0.6516145676    0.6545441240    0.6575020939    0.6604902297
  0.6635107011    0.6665666789    0.6696556598    0.6727830261    0.6759517819
  0.6791611761    0.6824152559    0.6857167333    0.6890676945    0.6924729377
  0.6959331304    0.6994561583    0.6999999791    0.7000000000    0.7000000000
  0.7000000000    0.7000000000    0.7000000000    0.7000000000    0.7000000000
  0.7000000000    0.7000000000    0.7000000000    0.7000000000    0.7000000000
  0.7000000000    0.7000000000    0.7000000000    0.7000000000    0.7000000000
  0.7000000000    0.7000000000    0.7000000000    0.7000000000    0.7000000000
  0.7000000000    0.7000000000    0.7000000000    0.7000000000    0.7000000000
  0.7000000000    0.7000000000    0.7000000000    0.7000000000    0.7000000000
  0.7000000000    0.7000000000    0.7000000000    0.7000000000    0.7000000000
  0.7000000000    0.7000000000    0.7000000000    0.7000000000    0.7000000000
  0.7000000000    0.7000000000    0.7000000000    0.7000000000    0.7000000000
  0.7000000000    0.7000000000    0.7000000000    0.7000000000    0.7000000000
  0.7000000000    0.7000000000    0.7000000000    0.7000000000    0.7000000000
  0.7000000000    0.7000000000    0.7000000000    0.7000000000    0.7000000000
  0.7000000000    0.7000000000    0.7000000000    0.7000000000    0.7000000000
  0.7000000000    0.7000000000    0.7000000000    0.7000000000    0.7000000000
  0.7000000000    0.7000000000    0.7000000000    0.7000000000    0.7000000000
  0.7000000000    0.7000000000    0.7000000000    0.7000000000    0.7000000000
  0.7000000000    0.7000000000    0.7000000000    0.7000000000    0.7000000000
  0.7000000000    0.7000000000    0.7000000000    0.7000000000    0.7000000000
  0.7000000000    0.7000000000    0.7000000000    0.7000000000    0.7000000000
  0.7000000000    0.7000000000    0.7000000000    0.7000000000    0.7000000000
  0.7000000000    0.7000000000    0.7000000000    0.7000000000    0.7000000000
  0.7000000000    0.7000000000    0.7000000000    0.7000000000    0.7000000000
  0.7000000000    0.7000000000    0.7000000000    0.7000000000    0.7000000000
  0.7000000000    0.7000000000    0.7000000000    0.7000000000    0.7000000000
  0.7000000000    0.7000000000    0.7000000000    0.7000000000    0.7000000000
  0.7000000000    0.7000000000    0.7000000000    0.7000000000    0.7000000000
  0.7000000000    0.7000000000    0.7000000000    0.7000000000    0.7000000000
  0.7000000000    0.7000000000    0.7000000000    0.7000000000    0.7000000000
  0.0000000209    0.0370767206    0.0698632270    0.0972416490    0.1200043112
  0.1392290086    0.1557849616    0.1703001469    0.1832220882    0.1948739320
  0.2054930419    0.2152578682    0.2243065983    0.2327463359    0.2406625718
  0.2481234401    0.2551857263    0.2618963271    0.2682944626    0.2744120508
  0.2802785486    0.2859168619    0.2913485616    0.2965912551    0.3016614646
  0.3065732092    0.3113383383    0.3159684092    0.3204727679    0.3248613030
  0.3291403145    0.3333186477    0.3374022275    0.3413969368    0.3453081995
  0.3491408974    0.3528995365    0.3565882474    0.3602119535    0.3637724906
  0.3672747821    0.3707207054    0.3741141409    0.3774565905    0.3807510167
  0.3840001732    0.3872056454    0.3903699368    0.3934948415    0.3965821534
  0.3996334165    0.4026501328    0.4056338042    0.4085862249    0.4115087301
  0.4144019455    0.4172680408    0.4201070577    0.4229215831    0.4257109493
  0.4284776598    0.4312215060    0.4339443654    0.4366459876    0.4393285841
  0.4419919044    0.4446375340    0.4472651809    0.4498763889    0.4524717420
  0.4550512820    0.4576160103    0.4601674706    0.4627040774    0.4652287930
  0.4677410752    0.4702407569    0.4727292567    0.4752074510    0.4776752144
  0.4801327974    0.4825810760    0.4850203425    0.4874508888    0.4898735076
  0.4922888666    0.4946967572    0.4970974714    0.4994920939    0.5018804997
  0.5042632312    0.5066405803    0.5090131313    0.5113801330    0.5137441725
  0.5161039144    0.5184604853    0.5208135098    0.5231636137    0.5255113810
  0.5278573543    0.5302002817    0.5325430423    0.5348847598    0.5372246414
  0.5395645648    0.5419041127    0.5442434102    0.5465847105    0.5489258021
  0.5512681454    0.5536116570    0.5559573799    0.5583052307    0.5606557518
  0.5630088598    0.5653654724    0.5677251726    0.5700896710    0.5724575907
  0.5748307258    0.5772080749    0.5795927256    0.5819810897    0.5843770474
  0.5867791802    0.5891879052    0.5916048080    0.5940289289    0.5964623541
  0.5989036232    0.6013544053    0.6038157433    0.6062867194    0.6087683767
  0.6112615079    0.6137670726    0.6162845284    0.6188153774    0.6213601619
  0.6239182979    0.6264924556    0.6290823430    0.6316885024    0.6343123108
  0.6369531006    0.6396145016    0.6422950953    0.6449952573    0.6477170736
  0.6504636317    0.6532330543    0.6560275525    0.6588482529    0.6616959065
  0.6645734340    0.6674810439    0.6704204470    0.6733937293    0.6764024764
  0.6794482321    0.6825340837    0.6856609911    0.6888322502    0.6920487791
  0.6953158349    0.6986359626    0.6999999791    0.7000000000    0.7000000000
  0.7000000000    0.7000000000    0.7000000000    0.7000000000    0.7000000000
  0.7000000000    0.7000000000    0.7000000000    0.7000000000    0.7000000000
  0.7000000000    0.7000000000    0.7000000000    0.7000000000    0.7000000000
  0.7000000000    0.7000000000    0.7000000000    0.7000000000    0.7000000000
  0.7000000000    0.7000000000    0.7000000000    0.7000000000    0.7000000000
  0.7000000000    0.7000000000    0.7000000000    0.7000000000    0.7000000000
  0.7000000000    0.7000000000    0.7000000000    0.7000000000    0.7000000000
  0.7000000000    0.7000000000    0.7000000000    0.7000000000    0.7000000000
  0.7000000000    0.7000000000    0.7000000000    0.7000000000    0.7000000000
  0.7000000000    0.7000000000    0.7000000000    0.7000000000    0.7000000000
  0.7000000000    0.7000000000    0.7000000000    0.7000000000    0.7000000000
  0.7000000000    0.7000000000    0.7000000000    0.7000000000    0.7000000000
  0.7000000000    0.7000000000    0.7000000000    0.7000000000    0.7000000000
  0.7000000000    0.7000000000    0.7000000000    0.7000000000    0.7000000000
  0.7000000000    0.7000000000    0.7000000000    0.7000000000    0.7000000000
  0.7000000000    0.7000000000    0.7000000000    0.7000000000    0.7000000000
  0.7000000000    0.7000000000    0.7000000000    0.7000000000    0.7000000000
  0.7000000000    0.7000000000    0.7000000000    0.7000000000    0.7000000000
  0.7000000000    0.7000000000    0.7000000000    0.7000000000    0.7000000000
  0.7000000000    0.7000000000    0.7000000000    0.7000000000    0.7000000000
  0.7000000000    0.7000000000    0.7000000000    0.7000000000    0.7000000000
  0.7000000000    0.7000000000    0.7000000000    0.7000000000    0.7000000000
  0.7000000000    0.7000000000    0.7000000000    0.7000000000    0.7000000000
  0.7000000000    0.7000000000    0.7000000000    0.7000000000    0.7000000000
  0.7000000000    0.7000000000    0.7000000000    0.7000000000    0.7000000000
  0.7000000000    0.7000000000    0.7000000000    0.7000000000    0.7000000000
  0.0000000209    0.0328063875    0.0625905305    0.0882284671    0.1100309938
  0.1287170023    0.1449595302    0.1592861682    0.1720898658    0.1836661488
  0.1942351907    0.2039661795    0.2129902929    0.2214117974    0.2293126374
  0.2367609054    0.2438117176    0.2505108029    0.2568969220    0.2630023688
  0.2688558072    0.2744806856    0.2798972815    0.2851243287    0.2901778489
  0.2950718194    0.2998180896    0.3044282585    0.3089116722    0.3132771343
  0.3175338656    0.3216878325    0.3257455856    0.3297142178    0.3335979849
  0.3374029785    0.3411320359    0.3447915405    0.3483836621    0.3519124895
  0.3553819031    0.3587942809    0.3621525019    0.3654596955    0.3687183231
  0.3719306380    0.3750981838    0.3782235056    0.3813090235    0.3843553632
  0.3873652369    0.3903402299    0.3932806343    0.3961894542    0.3990669399
  0.4019153029    0.4047346264    0.4075271219    0.4102932483    0.4130344659
  0.4157511920    0.4184448034    0.4211161762    0.4237665623    0.4263957113
  0.4290053755    0.4315961391    0.4341682523    0.4367227584    0.4392602414
  0.4417818278    0.4442880183    0.4467782289    0.4492545873    0.4517170101
  0.4541658729    0.4566021353    0.4590257138    0.4614374846    0.4638378233
  0.4662275642    0.4686065406    0.4709760875    0.4733349949    0.4756850570
  0.4780270249    0.4803596884    0.4826848418    0.4850016505    0.4873118669
  0.4896146983    0.4919113964    0.4942016274    0.4964860588    0.4987644404
  0.5010378152    0.5033064753    0.5055704623    0.5078295261    0.5100851685
  0.5123366386    0.5145854384    0.5168307334    0.5190726906    0.5213123113
  0.5235501796    0.5257859200    0.5280195743    0.5302517682    0.5324834198
  0.5347137362    0.5369440943    0.5391737014    0.5414034337    0.5436334163
  0.5458636492    0.5480946749    0.5503268689    0.5525607735    0.5547959298
  0.5570332974    0.5592723340    0.5615149170    0.5637592107    0.5660074264
  0.5682591051    0.5705138296    0.5727732271    0.5750365049    0.5773048311
  0.5795773298    0.5818557113    0.5841403097    0.5864302069    0.5887266546
  0.5910295278    0.5933404535    0.5956585139    0.5979832083    0.6003173321
  0.6026595503    0.6050110310    0.6073715657    0.6097427815    0.6121248871
  0.6145168811    0.6169207662    0.6193358749    0.6217640847    0.6242056459
  0.6266591400    0.6291284055    0.6316123575    0.6341119975    0.6366259485
  0.6391574651    0.6417074651    0.6442753226    0.6468629986    0.6494698673
  0.6520975143    0.6547471493    0.6574195236    0.6601161808    0.6628389984
  0.6655853063    0.6683624893    0.6711659998    0.6740005523    0.6768655628
  0.6797660798    0.6827010185    0.6856727153    0.6886837155    0.6917358547
  0.6948300928    0.6979710191    0.6999999791    0.7000000000    0.7000000000
  0.7000000000    0.7000000000    0.7000000000    0.7000000000    0.7000000000
  0.7000000000    0.7000000000    0.7000000000    0.7000000000    0.7000000000
  0.7000000000    0.7000000000    0.7000000000    0.7000000000    0.7000000000
  0.7000000000    0.7000000000    0.7000000000    0.7000000000    0.7000000000
  0.7000000000    0.7000000000    0.7000000000    0.7000000000    0.7000000000
  0.7000000000    0.7000000000    0.7000000000    0.7000000000    0.7000000000
  0.7000000000    0.7000000000    0.7000000000    0.7000000000    0.7000000000
  0.7000000000    0.7000000000    0.7000000000    0.7000000000    0.7000000000
  0.7000000000    0.7000000000    0.7000000000    0.7000000000    0.7000000000
  0.7000000000    0.7000000000    0.7000000000    0.7000000000    0.7000000000
  0.7000000000    0.7000000000    0.7000000000    0.7000000000    0.7000000000
  0.7000000000    0.7000000000    0.7000000000    0.7000000000    0.7000000000
  0.7000000000    0.7000000000    0.7000000000    0.7000000000    0.7000000000
  0.7000000000    0.7000000000    0.7000000000    0.7000000000    0.7000000000
  0.7000000000    0.7000000000    0.7000000000    0.7000000000    0.7000000000
  0.7000000000    0.7000000000    0.7000000000    0.7000000000    0.7000000000
  0.7000000000    0.7000000000    0.7000000000    0.7000000000    0.7000000000
  0.7000000000    0.7000000000    0.7000000000    0.7000000000    0.7000000000
  0.7000000000    0.7000000000    0.7000000000    0.7000000000    0.7000000000
  0.7000000000    0.7000000000    0.7000000000    0.7000000000    0.7000000000
  0.7000000000    0.7000000000    0.7000000000    0.7000000000    0.7000000000
  0.7000000000    0.7000000000    0.7000000000    0.7000000000    0.7000000000
  0.7000000000    0.7000000000    0.7000000000    0.7000000000    0.7000000000
  0.7000000000    0.7000000000    0.7000000000    0.7000000000    0.7000000000
  0.0000000209    0.0292382568    0.0563208610    0.0802383810    0.1010099262
  0.1190797657    0.1349446982    0.1490324289    0.1616814584    0.1731535584
  0.1836511701    0.1933317155    0.2023189455    0.2107120365    0.2185913891
  0.2260211736    0.2330565900    0.2397411555    0.2461137563    0.2522061855
  0.2580462307    0.2636571318    0.2690602511    0.2742724448    0.2793108195
  0.2841881841    0.2889175147    0.2935098678    0.2979751319    0.3023216099
  0.3065578133    0.3106910437    0.3147271842    0.3186728269    0.3225333959
  0.3263138145    0.3300181299    0.3336515993    0.3372170180    0.3407190174
  0.3441597670    0.3475434393    0.3508722872    0.3541490227    0.3573765665
  0.3605566710    0.3636920482    0.3667841166    0.3698352963    0.3728473812
  0.3758219987    0.3787606925    0.3816648811    0.3845360249    0.3873753339
  0.3901851863    0.3929651231    0.3957172304    0.3984425932    0.4011416703
  0.4038164645    0.4064673096    0.4090950817    0.4117004901    0.4142843693
  0.4168484718    0.4193924218    0.4219174296    0.4244241208    0.4269135386
  0.4293853074    0.4318409294    0.4342804462    0.4367048591    0.4391151279
  0.4415107518    0.4438925654    0.4462616116    0.4486176819    0.4509616941
  0.4532940239    0.4556150049    0.4579249710    0.4602247566    0.4625146121
  0.4647944123    0.4670648247    0.4693257660    0.4715788633    0.4738239080
  0.4760606080    0.4782897562    0.4805115193    0.4827265650    0.4849351436
  0.4871374220    0.4893331081    0.4915237874    0.4937082082    0.4958884567
  0.4980627805    0.5002336830    0.5023993701    0.5045614272    0.5067190617
  0.5088737756    0.5110247344    0.5131725222    0.5153181821    0.5174608797
  0.5196016163    0.5217395574    0.5238766223    0.5260115176    0.5281456620
  0.5302777618    0.5324092776    0.5345402092    0.5366710991    0.5388015300
  0.5409315437    0.5430629760    0.5451940328    0.5473270506    0.5494597346
  0.5515948385    0.5537309855    0.5558678001    0.5580079108    0.5601495653
  0.5622940570    0.5644413859    0.5665915519    0.5687453896    0.5709020227
  0.5730627447    0.5752278894    0.5773966223    0.5795701534    0.5817488998
  0.5839327782    0.5861217469    0.5883170158    0.5905177087    0.5927253693
  0.5949395388    0.5971605927    0.5993887812    0.6016253561    0.6038697332
  0.6061217874    0.6083835632    0.6106548518    0.6129343599    0.6152247995
  0.6175255865    0.6198362201    0.6221593291    0.6244944125    0.6268416375
  0.6292008370    0.6315738469    0.6339612514    0.6363628000    0.6387794942
  0.6412122935    0.6436601132    0.6461254984    0.6486085325    0.6511108845
  0.6536322206    0.6561730415    0.6587348908    0.6613181859    0.6639256388
  0.6665567905    0.6692124337    0.6718946964    0.6746042877    0.6773417920
  0.6801089615    0.6829092592    0.6857403070    0.6886083633    0.6915110499
  0.6944533318    0.6974360019    0.6999999791    0.7000000000    0.7000000000
  0.7000000000    0.7000000000    0.7000000000    0.7000000000    0.7000000000
  0.7000000000    0.7000000000    0.7000000000    0.7000000000    0.7000000000
  0.7000000000    0.7000000000    0.7000000000    0.7000000000    0.7000000000
  0.7000000000    0.7000000000    0.7000000000    0.7000000000    0.7000000000
  0.7000000000    0.7000000000    0.7000000000    0.7000000000    0.7000000000
  0.7000000000    0.7000000000    0.7000000000    0.7000000000    0.7000000000
  0.7000000000    0.7000000000    0.7000000000    0.7000000000    0.7000000000
  0.7000000000    0.7000000000    0.7000000000    0.7000000000    0.7000000000
  0.7000000000    0.7000000000    0.7000000000    0.7000000000    0.7000000000
  0.7000000000    0.7000000000    0.7000000000    0.7000000000    0.7000000000
  0.7000000000    0.7000000000    0.7000000000    0.7000000000    0.7000000000
  0.7000000000    0.7000000000    0.7000000000    0.7000000000    0.7000000000
  0.7000000000    0.7000000000    0.7000000000    0.7000000000    0.7000000000
  0.7000000000    0.7000000000    0.7000000000    0.7000000000    0.7000000000
  0.7000000000    0.7000000000    0.7000000000    0.7000000000    0.7000000000
  0.7000000000    0.7000000000    0.7000000000    0.7000000000    0.7000000000
  0.7000000000    0.7000000000    0.7000000000    0.7000000000    0.7000000000
  0.7000000000    0.7000000000    0.7000000000    0.7000000000    0.7000000000
  0.7000000000    0.7000000000    0.7000000000    0.7000000000    0.7000000000
  0.7000000000    0.7000000000    0.7000000000    0.7000000000    0.7000000000
  0.7000000000    0.7000000000    0.7000000000    0.7000000000    0.7000000000
  0.7000000000    0.7000000000    0.7000000000    0.7000000000    0.7000000000
  0.0000000209    0.0262319714    0.0509069771    0.0731659561    0.0928705543
  0.1102628499    0.1256931096    0.1394951195    0.1519520134    0.1632912666
  0.1736950845    0.1833070785    0.1922441572    0.2005984455    0.2084473819
  0.2158528000    0.2228669792    0.2295336038    0.2358893901    0.2419668823
  0.2477921575    0.2533888310    0.2587773889    0.2639751464    0.2689985424
  0.2738614708    0.2785750300    0.2831508607    0.2875994772    0.2919284731
  0.2961470693    0.3002612323    0.3042788059    0.3082044631    0.3120442957
  0.3158033103    0.3194860131    0.3230966181    0.3266390055    0.3301167637
  0.3335337311    0.3368918687    0.3401951402    0.3434456319    0.3466463476
  0.3497990400    0.3529058784    0.3559694082    0.3589915484    0.3619728833
  0.3649168342    0.3678249031    0.3706969231    0.3735359401    0.3763427049
  0.3791184276    0.3818643183    0.3845814198    0.3872719854    0.3899352640
  0.3925733417    0.3951870948    0.3977773577    0.4003444225    0.4028895825
  0.4054140896    0.4079181522    0.4104024380    0.4128680319    0.4153151006
  0.4177446872    0.4201578766    0.4225536257    0.4249335200    0.4272990614
  0.4296485811    0.4319852084    0.4343066901    0.4366155714    0.4389111429
  0.4411943227    0.4434660286    0.4457265109    0.4479751021    0.4502126366
  0.4524404913    0.4546578318    0.4568655342    0.4590638071    0.4612534016
  0.4634346098    0.4656066805    0.4677712828    0.4699281245    0.4720769972
  0.4742190272    0.4763544232    0.4784828514    0.4806055218    0.4827221006
  0.4848327130    0.4869375259    0.4890372068    0.4911318809    0.4932221740
  0.4953077108    0.4973886579    0.4994660169    0.5015390366    0.5036087185
  0.5056751877    0.5077380687    0.5097984046    0.5118562788    0.5139108151
  0.5159630567    0.5180140048    0.5200623244    0.5221095175    0.5241541654
  0.5261982709    0.5282418758    0.5302840203    0.5323257893    0.5343666404
  0.5364076585    0.5384487599    0.5404896110    0.5425306290    0.5445732325
  0.5466151685    0.5486586899    0.5507033795    0.5527501136    0.5547975987
  0.5568467110    0.5588978678    0.5609519869    0.5630081087    0.5650663167
  0.5671286970    0.5691930801    0.5712611765    0.5733329862    0.5754084259
  0.5774870783    0.5795714468    0.5816589445    0.5837516576    0.5858499199
  0.5879520208    0.5900608391    0.5921750814    0.5942958742    0.5964223832
  0.5985552758    0.6006958038    0.6028434247    0.6049980551    0.6071612388
  0.6093316823    0.6115120560    0.6136994809    0.6158974200    0.6181049973
  0.6203208357    0.6225496501    0.6247868925    0.6270359427    0.6292975098
  0.6315698415    0.6338558584    0.6361546427    0.6384667367    0.6407931834
  0.6431349009    0.6454905123    0.6478624791    0.6502513438    0.6526572317
  0.6550802261    0.6575227886    0.6599826664    0.6624636978    0.6649663419
  0.6674913913    0.6700384289    0.6726089984    0.6752044767    0.6778263241
  0.6804737478    0.6831510037    0.6858583003    0.6885950953    0.6913669795
  0.6941708654    0.6970114261    0.6998890787    0.6999999791    0.7000000000
  0.7000000000    0.7000000000    0.7000000000    0.7000000000    0.7000000000
  0.7000000000    0.7000000000    0.7000000000    0.7000000000    0.7000000000
  0.7000000000    0.7000000000    0.7000000000    0.7000000000    0.7000000000
  0.7000000000    0.7000000000    0.7000000000    0.7000000000    0.7000000000
  0.7000000000    0.7000000000    0.7000000000    0.7000000000    0.7000000000
  0.7000000000    0.7000000000    0.7000000000    0.7000000000    0.7000000000
  0.7000000000    0.7000000000    0.7000000000    0.7000000000    0.7000000000
  0.7000000000    0.7000000000    0.7000000000    0.7000000000    0.7000000000
  0.7000000000    0.7000000000    0.7000000000    0.7000000000    0.7000000000
  0.7000000000    0.7000000000    0.7000000000    0.7000000000    0.7000000000
  0.7000000000    0.7000000000    0.7000000000    0.7000000000    0.7000000000
  0.7000000000    0.7000000000    0.7000000000    0.7000000000    0.7000000000
  0.7000000000    0.7000000000    0.7000000000    0.7000000000    0.7000000000
  0.7000000000    0.7000000000    0.7000000000    0.7000000000    0.7000000000
  0.7000000000    0.7000000000    0.7000000000    0.7000000000    0.7000000000
  0.7000000000    0.7000000000    0.7000000000    0.7000000000    0.7000000000
  0.7000000000    0.7000000000    0.7000000000    0.7000000000    0.7000000000
  0.7000000000    0.7000000000    0.7000000000    0.7000000000    0.7000000000
  0.7000000000    0.7000000000    0.7000000000    0.7000000000    0.7000000000
  0.7000000000    0.7000000000    0.7000000000    0.7000000000    0.7000000000
  0.0000000209    0.0236791760    0.0462186605    0.0669093043    0.0855394453
  0.1022130579    0.1171606213    0.1306341439    0.1428628951    0.1540406793
  0.1643272132    0.1738535494    0.1827245384    0.1910287172    0.1988375574
  0.2062106818    0.2131977826    0.2198416263    0.2261780530    0.2322369367
  0.2380456060    0.2436260909    0.2489998370    0.2541826576    0.2591908246
  0.2640386909    0.2687373549    0.2732983321    0.2777308434    0.2820443183
  0.2862460583    0.2903433651    0.2943433315    0.2982512981    0.3020727724
  0.3058126777    0.3094761878    0.3130669326    0.3165887922    0.3200453132
  0.3234404594    0.3267772347    0.3300573915    0.3332847267    0.3364616603
  0.3395900279    0.3426725000    0.3457104951    0.3487071425    0.3516630262
  0.3545798153    0.3574602216    0.3603046209    0.3631149322    0.3658930749
  0.3686396748    0.3713559836    0.3740425438    0.3767020673    0.3793343872
  0.3819405466    0.3845219642    0.3870795161    0.3896134108    0.3921250254
  0.3946151108    0.3970848352    0.3995339066    0.4019634098    0.4043745130
  0.4067672998    0.4091423124    0.4115005940    0.4138426870    0.4161685497
  0.4184791833    0.4207750052    0.4230564743    0.4253245085    0.4275784820
  0.4298203140    0.4320488364    0.4342654258    0.4364698738    0.4386635572
  0.4408462673    0.4430188388    0.4451799780    0.4473320216    0.4494736761
  0.4516068190    0.4537305743    0.4558462352    0.4579524666    0.4600511044
  0.4621422321    0.4642256409    0.4663024575    0.4683714300    0.4704336852
  0.4724893898    0.4745397538    0.4765829414    0.4786210388    0.4806537122
  0.4826811284    0.4847034127    0.4867201895    0.4887330443    0.4907411426
  0.4927451104    0.4947454900    0.4967409462    0.4987339824    0.5007232636
  0.5027084142    0.5046918958    0.5066718727    0.5086489290    0.5106245250
  0.5125964075    0.5145669967    0.5165358335    0.5185025424    0.5204676658
  0.5224317461    0.5243952006    0.5263558179    0.5283173531    0.5302770525
  0.5322372943    0.5341966599    0.5361556917    0.5381143898    0.5400746316
  0.5420336634    0.5439942807    0.5459550649    0.5479170173    0.5498805135
  0.5518451780    0.5538105100    0.5557778865    0.5577473074    0.5597182721
  0.5616916567    0.5636670858    0.5656453520    0.5676259965    0.5696103543
  0.5715970486    0.5735873729    0.5755812854    0.5775787860    0.5795802087
  0.5815855533    0.5835956126    0.5856103450    0.5876297086    0.5896536618
  0.5916833311    0.5937187582    0.5957593590    0.5978060097    0.5998593777
  0.6019190043    0.6039843887    0.6060583681    0.6081383139    0.6102270633
  0.6123232812    0.6144280106    0.6165400416    0.6186616272    0.6207930177
  0.6229329199    0.6250832111    0.6272437662    0.6294144183    0.6315969616
  0.6337897271    0.6359945089    0.6382126838    0.6404432505    0.6426861256
  0.6449425608    0.6472151428    0.6495012850    0.6518026978    0.6541195482
  0.6564530879    0.6588042349    0.6611734480    0.6635600597    0.6659675747
  0.6683930308    0.6708409339    0.6733105749    0.6758019537    0.6783176571
  0.6808569342    0.6834233314    0.6860149711    0.6886360675    0.6912854105
  0.6939678401    0.6966799766    0.6994257838    0.6999999791    0.7000000000
  0.7000000000    0.7000000000    0.7000000000    0.7000000000    0.7000000000
  0.7000000000    0.7000000000    0.7000000000    0.7000000000    0.7000000000
  0.7000000000    0.7000000000    0.7000000000    0.7000000000    0.7000000000
  0.7000000000    0.7000000000    0.7000000000    0.7000000000    0.7000000000
  0.7000000000    0.7000000000    0.7000000000    0.7000000000    0.7000000000
  0.7000000000    0.7000000000    0.7000000000    0.7000000000    0.7000000000
  0.7000000000    0.7000000000    0.7000000000    0.7000000000    0.7000000000
  0.7000000000    0.7000000000    0.7000000000    0.7000000000    0.7000000000
  0.7000000000    0.7000000000    0.7000000000    0.7000000000    0.7000000000
  0.7000000000    0.7000000000    0.7000000000    0.7000000000    0.7000000000
  0.7000000000    0.7000000000    0.7000000000    0.7000000000    0.7000000000
  0.7000000000    0.7000000000    0.7000000000    0.7000000000    0.7000000000
  0.7000000000    0.7000000000    0.7000000000    0.7000000000    0.7000000000
  0.7000000000    0.7000000000    0.7000000000    0.7000000000    0.7000000000
  0.7000000000    0.7000000000    0.7000000000    0.7000000000    0.7000000000
  0.7000000000    0.7000000000    0.7000000000    0.7000000000    0.7000000000
  0.7000000000    0.7000000000    0.7000000000    0.7000000000    0.7000000000
  0.7000000000    0.7000000000    0.7000000000    0.7000000000    0.7000000000
  0.0000000209    0.0214946300    0.0421442598    0.0613725454    0.0789448768
  0.0948756903    0.1093041331    0.1224123687    0.1343799740    0.1453685850
  0.1555149287    0.1649356216    0.1737263769    0.1819677621    0.1897267014
  0.1970588952    0.2040128678    0.2106279641    0.2169393152    0.2229770869
  0.2287661880    0.2343286484    0.2396849543    0.2448524207    0.2498453170
  0.2546771616    0.2593607634    0.2639068872    0.2683241695    0.2726224571
  0.2768085092    0.2808901280    0.2848738223    0.2887649328    0.2925700098
  0.2962929338    0.2999388367    0.3035113066    0.3070148498    0.3104530543
  0.3138285905    0.3171451718    0.3204056770    0.3236121505    0.3267682225
  0.3298751026    0.3329355448    0.3359515101    0.3389249176    0.3418576032
  0.3447512358    0.3476073593    0.3504275173    0.3532130450    0.3559653193
  0.3586861759    0.3613761991    0.3640365154    0.3666687518    0.3692733675
  0.3718518645    0.3744051605    0.3769336313    0.3794385284    0.3819207281
  0.3843803972    0.3868193299    0.3892371505    0.3916355699    0.3940146714
  0.3963755816    0.3987177998    0.4010429531    0.4033510000    0.4056435257
  0.4079199046    0.4101806372    0.4124266416    0.4146589190    0.4168768018
  0.4190817088    0.4212729722    0.4234520108    0.4256186157    0.4277736634
  0.4299169034    0.4320492119    0.4341708809    0.4362821609    0.4383833438
  0.4404746801    0.4425564200    0.4446288139    0.4466926128    0.4487479836
  0.4507947177    0.4528334826    0.4548644871    0.4568878978    0.4589039654
  0.4609128147    0.4629151136    0.4649110705    0.4668998092    0.4688834995
  0.4708608061    0.4728318542    0.4747987717    0.4767591804    0.4787152499
  0.4806660622    0.4826117426    0.4845539182    0.4864911705    0.4884246260
  0.4903538674    0.4922794789    0.4942015857    0.4961202294    0.4980354935
  0.4999475449    0.5018573016    0.5037639707    0.5056680530    0.5075695902
  0.5094696671    0.5113669068    0.5132622689    0.5151558369    0.5170485705
  0.5189391762    0.5208276540    0.5227163404    0.5246039420    0.5264905006
  0.5283760160    0.5302609891    0.5321463794    0.5340308100    0.5359147817
  0.5378001720    0.5396851033    0.5415705353    0.5434556335    0.5453429848
  0.5472300440    0.5491185218    0.5510079592    0.5528984398    0.5547912151
  0.5566850334    0.5585806876    0.5604786366    0.5623780042    0.5642800838
  0.5661844164    0.5680918366    0.5700015098    0.5719142288    0.5738299936
  0.5757487625    0.5776722044    0.5795981497    0.5815287262    0.5834621400
  0.5854005188    0.5873433620    0.5892910451    0.5912431091    0.5932003051
  0.5951625913    0.5971311778    0.5991038948    0.6010827869    0.6030681044
  0.6050606817    0.6070587665    0.6090635270    0.6110756725    0.6130958706
  0.6151232868    0.6171578377    0.6192009419    0.6212529749    0.6233133942
  0.6253832430    0.6274620622    0.6295496851    0.6316487819    0.6337579757
  0.6358775169    0.6380092829    0.6401510626    0.6423059016    0.6444731325
  0.6466530472    0.6488454372    0.6510523885    0.6532725662    0.6555091828
  0.6577608198    0.6600273520    0.6623110741    0.6646121114    0.6669306308
  0.6692662984    0.6716233283    0.6739998430    0.6763955921    0.6788138717
  0.6812554330    0.6837191492    0.6862075239    0.6887233943    0.6912623793
  0.6938311130    0.6964274257    0.6990549475    0.6999999791    0.7000000000
  0.7000000000    0.7000000000    0.7000000000    0.7000000000    0.7000000000
  0.7000000000    0.7000000000    0.7000000000    0.7000000000    0.7000000000
  0.7000000000    0.7000000000    0.7000000000    0.7000000000    0.7000000000
  0.7000000000    0.7000000000    0.7000000000    0.7000000000    0.7000000000
  0.7000000000    0.7000000000    0.7000000000    0.7000000000    0.7000000000
  0.7000000000    0.7000000000    0.7000000000    0.7000000000    0.7000000000
  0.7000000000    0.7000000000    0.7000000000    0.7000000000    0.7000000000
  0.7000000000    0.7000000000    0.7000000000    0.7000000000    0.7000000000
  0.7000000000    0.7000000000    0.7000000000    0.7000000000    0.7000000000
  0.7000000000    0.7000000000    0.7000000000    0.7000000000    0.7000000000
  0.7000000000    0.7000000000    0.7000000000    0.7000000000    0.7000000000
  0.7000000000    0.7000000000    0.7000000000    0.7000000000    0.7000000000
  0.7000000000    0.7000000000    0.7000000000    0.7000000000    0.7000000000
  0.7000000000    0.7000000000    0.7000000000    0.7000000000    0.7000000000
  0.7000000000    0.7000000000    0.7000000000    0.7000000000    0.7000000000
  0.7000000000    0.7000000000    0.7000000000    0.7000000000    0.7000000000
  0.0000000209    0.0196115762    0.0385886878    0.0564672261    0.0730162114
  0.0881959230    0.1020800859    0.1147927016    0.1264707893    0.1372440666
  0.1472290665    0.1565252990    0.1652199656    0.1733853310    0.1810832292
  0.1883663565    0.1952793151    0.2018601567    0.2081419259    0.2141537040
  0.2199196070    0.2254616231    0.2307991534    0.2359485537    0.2409243435
  0.2457405001    0.2504084140    0.2549387664    0.2593411535    0.2636242539
  0.2677953273    0.2718615085    0.2758298486    0.2797056466    0.2834949106
  0.2872014374    0.2908309847    0.2943870574    0.2978742033    0.3012948006
  0.3046533555    0.3079517454    0.3111940593    0.3143822998    0.3175189704
  0.3206070334    0.3236474484    0.3266434699    0.3295963079    0.3325084656
  0.3353809863    0.3382154554    0.3410139591    0.3437773317    0.3465074927
  0.3492051095    0.3518719763    0.3545085937    0.3571166724    0.3596971720
  0.3622505099    0.3647787303    0.3672815830    0.3697604865    0.3722167343
  0.3746499926    0.3770615548    0.3794526309    0.3818233043    0.3841742843
  0.3865060717    0.3888198346    0.3911156148    0.3933943719    0.3956566900
  0.3979025275    0.4001328021    0.4023474723    0.4045480400    0.4067343384
  0.4089062840    0.4110652953    0.4132111639    0.4153448075    0.4174654752
  0.4195750862    0.4216724306    0.4237587601    0.4258349091    0.4278996259
  0.4299547046    0.4319998950    0.4340349466    0.4360611111    0.4380780965
  0.4400861114    0.4420864493    0.4440776914    0.4460616738    0.4480369776
  0.4500048548    0.4519664735    0.4539199978    0.4558675975    0.4578074366
  0.4597416431    0.4616693825    0.4635913223    0.4655075878    0.4674178034
  0.4693225950    0.4712230891    0.4731169492    0.4750072211    0.4768920690
  0.4787735373    0.4806497902    0.4825219125    0.4843899876    0.4862540990
  0.4881153315    0.4899722666    0.4918264896    0.4936766237    0.4955242127
  0.4973692566    0.4992108792    0.5010501653    0.5028871566    0.5047218531
  0.5065539211    0.5083843201    0.5102126330    0.5120389014    0.5138641268
  0.5156878918    0.5175097376    0.5193307072    0.5211507171    0.5229699343
  0.5247878164    0.5266054064    0.5284227043    0.5302387506    0.5320550472
  0.5338706344    0.5356878489    0.5375034779    0.5393193990    0.5411364883
  0.5429543287    0.5447720438    0.5465913862    0.5484110624    0.5502314895
  0.5520544618    0.5538773507    0.5557022840    0.5575288445    0.5593570739
  0.5611877650    0.5630196244    0.5648535281    0.5666907698    0.5685295135
  0.5703715950    0.5722155958    0.5740636855    0.5759144872    0.5777680844
  0.5796251863    0.5814858347    0.5833503634    0.5852187723    0.5870910197
  0.5889678568    0.5908488244    0.5927343398    0.5946251124    0.5965207666
  0.5984207183    0.6003266782    0.6022376448    0.6041548282    0.6060778111
  0.6080068022    0.6099430531    0.6118856460    0.6138340384    0.6157906502
  0.6177536875    0.6197243601    0.6217045039    0.6236911982    0.6256860286
  0.6276903719    0.6297033519    0.6317248434    0.6337563485    0.6357980341
  0.6378498584    0.6399119884    0.6419850916    0.6440690011    0.6461654693
  0.6482724935    0.6503936201    0.6525271803    0.6546737581    0.6568343133
  0.6590089709    0.6611997753    0.6634038895    0.6656248599    0.6678616434
  0.6701165766    0.6723883241    0.6746784300    0.6769873530    0.6793176383
  0.6816654474    0.6840372056    0.6864304513    0.6888476878    0.6912870795
  0.6937543005    0.6962460130    0.6987639278    0.6999999791    0.7000000000
  0.7000000000    0.7000000000    0.7000000000    0.7000000000    0.7000000000
  0.7000000000    0.7000000000    0.7000000000    0.7000000000    0.7000000000
  0.7000000000    0.7000000000    0.7000000000    0.7000000000    0.7000000000
  0.7000000000    0.7000000000    0.7000000000    0.7000000000    0.7000000000
  0.7000000000    0.7000000000    0.7000000000    0.7000000000    0.7000000000
  0.7000000000    0.7000000000    0.7000000000    0.7000000000    0.7000000000
  0.7000000000    0.7000000000    0.7000000000    0.7000000000    0.7000000000
  0.7000000000    0.7000000000    0.7000000000    0.7000000000    0.7000000000
  0.7000000000    0.7000000000    0.7000000000    0.7000000000    0.7000000000
  0.7000000000    0.7000000000    0.7000000000    0.7000000000    0.7000000000
  0.7000000000    0.7000000000    0.7000000000    0.7000000000    0.7000000000
  0.7000000000    0.7000000000    0.7000000000    0.7000000000    0.7000000000
  0.7000000000    0.7000000000    0.7000000000    0.7000000000    0.7000000000
  0.7000000000    0.7000000000    0.7000000000    0.7000000000    0.7000000000
  0.0000000209    0.0179775268    0.0354727536    0.0521129459    0.0676854402
  0.0821206838    0.0954463810    0.1077410132    0.1191048831    0.1296395451
  0.1394413382    0.1485963374    0.1571796447    0.1652560145    0.1728818566
  0.1801065296    0.1869705468    0.1935097069    0.1997567207    0.2057382077
  0.2114772409    0.2169958085    0.2223113924    0.2274406403    0.2323982388
  0.2371967465    0.2418478042    0.2463620514    0.2507488757    0.2550162882
  0.2591726333    0.2632237107    0.2671771973    0.2710383505    0.2748118848
  0.2785040170    0.2821179599    0.2856585950    0.2891297191    0.2925343364
  0.2958763272    0.2991587788    0.3023845285    0.3055557042    0.3086753100
  0.3117456824    0.3147684485    0.3177462369    0.3206809253    0.3235742658
  0.3264274687    0.3292426616    0.3320213050    0.3347648591    0.3374746591
  0.3401519567    0.3427973777    0.3454131752    0.3479999334    0.3505580276
  0.3530895859    0.3555949420    0.3580755979    0.3605312198    0.3629637271
  0.3653733283    0.3677607328    0.3701271921    0.3724733740    0.3747993618
  0.3771062821    0.3793941766    0.3816641718    0.3839162260    0.3861519247
  0.3883706838    0.3905735463    0.3927614301    0.3949337095    0.3970913440
  0.3992347509    0.4013648063    0.4034818858    0.4055853218    0.4076764494
  0.4097551435    0.4118221551    0.4138773173    0.4159219652    0.4179553479
  0.4199777156    0.4219903618    0.4239930362    0.4259859890    0.4279694289
  0.4299436063    0.4319092304    0.4338665515    0.4358146936    0.4377549499
  0.4396869451    0.4416123897    0.4435294479    0.4454392880    0.4473421186
  0.4492385656    0.4511277944    0.4530109316    0.4548881441    0.4567590564
  0.4586238354    0.4604831070    0.4623369545    0.4641855031    0.4660294205
  0.4678677887    0.4697017342    0.4715303391    0.4733551890    0.4751749068
  0.4769915789    0.4788028270    0.4806111962    0.4824157685    0.4842162102
  0.4860139400    0.4878076643    0.4895984262    0.4913862675    0.4931707710
  0.4949539393    0.4967329353    0.4985102206    0.5002844602    0.5020575732
  0.5038272232    0.5055958718    0.5073626012    0.5091269940    0.5108904690
  0.5126521498    0.5144116193    0.5161712557    0.5179292232    0.5196859807
  0.5214425296    0.5231970340    0.5249518305    0.5267055839    0.5284591705
  0.5302122563    0.5319661349    0.5337185532    0.5354714304    0.5372246832
  0.5389783531    0.5407320231    0.5424870700    0.5442416161    0.5459970802
  0.5477534622    0.5495111793    0.5512698144    0.5530302018    0.5547915071
  0.5565541476    0.5583185405    0.5600846857    0.5618521661    0.5636222333
  0.5653939694    0.5671683341    0.5689447850    0.5707233220    0.5725051969
  0.5742899925    0.5760768324    0.5778677613    0.5796606928    0.5814572126
  0.5832577795    0.5850619346    0.5868691355    0.5886810929    0.5904956788
  0.5923157305    0.5941399544    0.5959687263    0.5978015870    0.5996401638
  0.6014834970    0.6033315450    0.6051859349    0.6070457488    0.6089109033
  0.6107821912    0.6126590699    0.6145427078    0.6164338559    0.6183307618
  0.6202349693    0.6221468121    0.6240649968    0.6259921521    0.6279274434
  0.6298703283    0.6318223089    0.6337820500    0.6357510537    0.6377303213
  0.6397178084    0.6417164773    0.6437257856    0.6457436889    0.6477749854
  0.6498161286    0.6518692046    0.6539340883    0.6560124487    0.6581029922
  0.6602074295    0.6623240501    0.6644560248    0.6666034788    0.6687650770
  0.6709421128    0.6731357962    0.6753477126    0.6775760680    0.6798225313
  0.6820888549    0.6843733698    0.6866800398    0.6890074879    0.6913560480
  0.6937282234    0.6961228877    0.6985428780    0.6999999791    0.7000000000
  0.7000000000    0.7000000000    0.7000000000    0.7000000000    0.7000000000
  0.7000000000    0.7000000000    0.7000000000    0.7000000000    0.7000000000
  0.7000000000    0.7000000000    0.7000000000    0.7000000000    0.7000000000
  0.7000000000    0.7000000000    0.7000000000    0.7000000000    0.7000000000
  0.7000000000    0.7000000000    0.7000000000    0.7000000000    0.7000000000
  0.7000000000    0.7000000000    0.7000000000    0.7000000000    0.7000000000
  0.7000000000    0.7000000000    0.7000000000    0.7000000000    0.7000000000
  0.7000000000    0.7000000000    0.7000000000    0.7000000000    0.7000000000
  0.7000000000    0.7000000000    0.7000000000    0.7000000000    0.7000000000
  0.7000000000    0.7000000000    0.7000000000    0.7000000000    0.7000000000
  0.7000000000    0.7000000000    0.7000000000    0.7000000000    0.7000000000
  0.7000000000    0.7000000000    0.7000000000    0.7000000000    0.7000000000
  0.0000000209    0.0165505081    0.0327299505    0.0482396096    0.0628895611
  0.0765974432    0.0893593758    0.1012210876    0.1122510046    0.1225278169
  0.1321283787    0.1411244124    0.1495812565    0.1575560719    0.1650996774
  0.1722554654    0.1790625721    0.1855539590    0.1917597920    0.1977059811
  0.2034139723    0.2089047521    0.2141959280    0.2193023115    0.2242394239
  0.2290188640    0.2336520642    0.2381493300    0.2425194234    0.2467707306
  0.2509114295    0.2549479872    0.2588860363    0.2627320439    0.2664913088
  0.2701681286    0.2737675518    0.2772937506    0.2807493955    0.2841392010
  0.2874664217    0.2907336026    0.2939435393    0.2970989436    0.3002028197
  0.3032569200    0.3062634140    0.3092243880    0.3121422619    0.3150182873
  0.3178541750    0.3206520528    0.3234128803    0.3261380345    0.3288294762
  0.3314879149    0.3341150194    0.3367114991    0.3392783135    0.3418171316
  0.3443288714    0.3468139499    0.3492737442    0.3517085880    0.3541204005
  0.3565082222    0.3588745147    0.3612193614    0.3635423452    0.3658463031
  0.3681301922    0.3703951389    0.3726416856    0.3748709589    0.3770823330
  0.3792768925    0.3814555973    0.3836183637    0.3857656509    0.3878984183
  0.3900164992    0.3921203107    0.3942107290    0.3962880880    0.3983523041
  0.4004041284    0.4024439365    0.4044720203    0.4064881295    0.4084930986
  0.4104872197    0.4124712437    0.4144444197    0.4164079994    0.4183617324
  0.4203058273    0.4222410768    0.4241670638    0.4260846227    0.4279934198
  0.4298936218    0.4317869812    0.4336715788    0.4355486661    0.4374184102
  0.4392814785    0.4411374956    0.4429861277    0.4448285431    0.4466643661
  0.4484947652    0.4503183216    0.4521362454    0.4539485782    0.4557554871
  0.4575565964    0.4593530327    0.4611433774    0.4629297167    0.4647116750
  0.4664878756    0.4682608634    0.4700288028    0.4717932373    0.4735527486
  0.4753089219    0.4770608813    0.4788100868    0.4805552870    0.4822968990
  0.4840355903    0.4857709020    0.4875038356    0.4892335147    0.4909605235
  0.4926848620    0.4944066137    0.4961258203    0.4978429824    0.4995582253
  0.5012710899    0.5029820353    0.5046911865    0.5063985854    0.5081046492
  0.5098085850    0.5115117699    0.5132133275    0.5149142176    0.5166140229
  0.5183127433    0.5200103790    0.5217070132    0.5234031469    0.5250987381
  0.5267942876    0.5284893781    0.5301844269    0.5318786412    0.5335737318
  0.5352679878    0.5369627446    0.5386580020    0.5403533429    0.5420496434
  0.5437460274    0.5454438716    0.5471412987    0.5488410622    0.5505413681
  0.5522422165    0.5539444417    0.5556480855    0.5573531479    0.5590608805
  0.5607686549    0.5624787241    0.5641918391    0.5659049958    0.5676216573
  0.5693400294    0.5710610300    0.5727841169    0.5745097071    0.5762387186
  0.5779705673    0.5797049195    0.5814421088    0.5831833452    0.5849265426
  0.5866742045    0.5884257883    0.5901808769    0.5919390112    0.5937022775
  0.5954688817    0.5972404927    0.5990162343    0.6007972330    0.6025818616
  0.6043724567    0.6061669737    0.6079685837    0.6097735733    0.6115855306
  0.6134027451    0.6152259678    0.6170551151    0.6188908964    0.6207336873
  0.6225825697    0.6244390458    0.6263021976    0.6281728178    0.6300519079
  0.6319378406    0.6338320345    0.6357340306    0.6376452893    0.6395652682
  0.6414954275    0.6434340566    0.6453818232    0.6473401457    0.6493088156
  0.6512881666    0.6532787412    0.6552807897    0.6572941452    0.6593190163
  0.6613571137    0.6634078532    0.6654714435    0.6675495118    0.6696422666
  0.6717476219    0.6738697916    0.6760070235    0.6781624049    0.6803327650
  0.6825207740    0.6847264320    0.6869502395    0.6891958266    0.6914596468
  0.6937455803    0.6960509151    0.6983822435    0.6999999791    0.7000000000
  0.7000000000    0.7000000000    0.7000000000    0.7000000000    0.7000000000
  0.7000000000    0.7000000000    0.7000000000    0.7000000000    0.7000000000
  0.7000000000    0.7000000000    0.7000000000    0.7000000000    0.7000000000
  0.7000000000    0.7000000000    0.7000000000    0.7000000000    0.7000000000
  0.7000000000    0.7000000000    0.7000000000    0.7000000000    0.7000000000
  0.7000000000    0.7000000000    0.7000000000    0.7000000000    0.7000000000
  0.7000000000    0.7000000000    0.7000000000    0.7000000000    0.7000000000
  0.7000000000    0.7000000000    0.7000000000    0.7000000000    0.7000000000
  0.7000000000    0.7000000000    0.7000000000    0.7000000000    0.7000000000
  0.7000000000    0.7000000000    0.7000000000    0.7000000000    0.7000000000
  0.0000000209    0.0152968496    0.0303052038    0.0447845489    0.0585704535
  0.0715755910    0.0837783903    0.0951977938    0.1058805317    0.1158832222
  0.1252660304    0.1340881616    0.1424044818    0.1502652675    0.1577150375
  0.1647929281    0.1715348631    0.1779717177    0.1841300279    0.1900353700
  0.1957079798    0.2011667997    0.2064298123    0.2115112454    0.2164256185
  0.2211834043    0.2257970780    0.2302754432    0.2346282214    0.2388624221
  0.2429867655    0.2470075101    0.2509308726    0.2547619849    0.2585061044
  0.2621686548    0.2657534331    0.2692652375    0.2727066129    0.2760817319
  0.2793944329    0.2826471359    0.2858421355    0.2889831871    0.2920716673
  0.2951104552    0.2981022626    0.3010479659    0.3039500684    0.3068104059
  0.3096305639    0.3124116272    0.3151562661    0.3178652734    0.3205394417
  0.3231811494    0.3257905215    0.3283692271    0.3309189349    0.3334395200
  0.3359331101    0.3384000391    0.3408412248    0.3432574600    0.3456496209
  0.3480184168    0.3503651410    0.3526899189    0.3549934596    0.3572764307
  0.3595399171    0.3617839605    0.3640097290    0.3662177235    0.3684073180
  0.3705807656    0.3727367729    0.3748775095    0.3770028502    0.3791121274
  0.3812073439    0.3832883745    0.3853550524    0.3874088377    0.3894489795
  0.3914768547    0.3934917539    0.3954950541    0.3974864632    0.3994658560
  0.4014349848    0.4033925980    0.4053399891    0.4072769076    0.4092040628
  0.4111212462    0.4130291253    0.4149279505    0.4168179721    0.4186983138
  0.4205707282    0.4224348813    0.4242909819    0.4261386961    0.4279792339
  0.4298121780    0.4316383213    0.4334572047    0.4352685362    0.4370734423
  0.4388720900    0.4406640619    0.4424501091    0.4442302316    0.4460041374
  0.4477729112    0.4495357186    0.4512936026    0.4530457288    0.4547926813
  0.4565350860    0.4582730263    0.4600055844    0.4617343873    0.4634580165
  0.4651775151    0.4668935090    0.4686051220    0.4703128546    0.4720168322
  0.4737176389    0.4754142731    0.4771079034    0.4787980288    0.4804852337
  0.4821690589    0.4838501304    0.4855284065    0.4872040123    0.4888769895
  0.4905478805    0.4922162265    0.4938820690    0.4955454916    0.4972074956
  0.4988671631    0.5005249947    0.5021805316    0.5038353175    0.5054878920
  0.5071392566    0.5087894529    0.5104380637    0.5120850891    0.5137314469
  0.5153768033    0.5170211166    0.5186648875    0.5203081161    0.5219499677
  0.5235921949    0.5252330869    0.5268739790    0.5285148710    0.5301549286
  0.5317959458    0.5334356278    0.5350763112    0.5367170781    0.5383588463
  0.5399997801    0.5416417152    0.5432842344    0.5449277133    0.5465713173
  0.5482159227    0.5498615295    0.5515081376    0.5531561643    0.5548055679
  0.5564560145    0.5581082553    0.5597610384    0.5614164919    0.5630724460
  0.5647311121    0.5663919479    0.5680545360    0.5697188765    0.5713857621
  0.5730544001    0.5747260004    0.5764005214    0.5780775040    0.5797574073
  0.5814397305    0.5831253082    0.5848136812    0.5865056425    0.5882003158
  0.5898997873    0.5916015118    0.5933074921    0.5950177282    0.5967317194
  0.5984494656    0.6001717180    0.6018976003    0.6036291152    0.6053650111
  0.6071052045    0.6088508636    0.6106019050    0.6123570770    0.6141195506
  0.6158860296    0.6176584750    0.6194375545    0.6212220579    0.6230131119
  0.6248105496    0.6266155392    0.6284264535    0.6302442938    0.6320706040
  0.6339037150    0.6357435018    0.6375922173    0.6394493610    0.6413148493
  0.6431885153    0.6450722367    0.6469635099    0.6488657147    0.6507764310
  0.6526985377    0.6546292394    0.6565722078    0.6585246056    0.6604904383
  0.6624650747    0.6644542307    0.6664541095    0.6684693009    0.6704951733
  0.6725356072    0.6745903522    0.6766592413    0.6787446111    0.6808432907
  0.6829597443    0.6850923032    0.6872428030    0.6894092411    0.6915969998
  0.6938008636    0.6960267991    0.6982734710    0.6999999791    0.7000000000
  0.7000000000    0.7000000000    0.7000000000    0.7000000000    0.7000000000
  0.7000000000    0.7000000000    0.7000000000    0.7000000000    0.7000000000
  0.7000000000    0.7000000000    0.7000000000    0.7000000000    0.7000000000
  0.7000000000    0.7000000000    0.7000000000    0.7000000000    0.7000000000
  0.7000000000    0.7000000000    0.7000000000    0.7000000000    0.7000000000
  0.7000000000    0.7000000000    0.7000000000    0.7000000000    0.7000000000
  0.7000000000    0.7000000000    0.7000000000    0.7000000000    0.7000000000
  0.7000000000    0.7000000000    0.7000000000    0.7000000000    0.7000000000
