  0.0000000000    0.0036000000
  0.0000500000    0.0006000000    299    19
  0.0008408421    0.0008331137    0.0008237488    0.0008143139    0.0008048585
  0.0007953961    0.0007859199    0.0007764430    0.0007669567    0.0007574681
  0.0007479724    0.0007384740    0.0007289684    0.0007194605    0.0007099492
  0.0007004310    0.0006909138    0.0006813864    0.0006718571    0.0006623260
  0.0006527886    0.0006432482    0.0006337010    0.0006241535    0.0006145975
  0.0006050426    0.0005954792    0.0005859125    0.0005763412    0.0005667644
  0.0005571862    0.0005476000    0.0005380087    0.0005284137    0.0005188127
  0.0005092062    0.0004995934    0.0004899706    0.0004803482    0.0004707129
  0.0004610714    0.0004514239    0.0004417646    0.0004320964    0.0004224168
  0.0004127248    0.0004030256    0.0003933082    0.0003835771    0.0003738277
  0.0003640610    0.0003542749    0.0003444656    0.0003346273    0.0003247641
  0.0003148662    0.0003049316    0.0002949507    0.0002849245    0.0002748399
  0.0002646863    0.0002544520    0.0002441266    0.0002357424    0.0002357425
  0.0002357425    0.0002357425    0.0002357425    0.0002357425    0.0002357425
  0.0002357425    0.0002357425    0.0002357425    0.0002357425    0.0002357425
  0.0002357425    0.0002357425    0.0002357425    0.0002357425    0.0002357425
  0.0002357425    0.0002357425    0.0002357425    0.0002357425    0.0002357425
  0.0002357425    0.0002357425    0.0002357425    0.0002357425    0.0002357425
  0.0002357425    0.0002357425    0.0002357425    0.0002357425    0.0002357425
  0.0002357425    0.0002357425    0.0002357425    0.0002357425    0.0002357425
  0.0002357425    0.0002357425    0.0002357425    0.0002357425    0.0002357425
  0.0002357425    0.0002357425    0.0002357425    0.0002357425    0.0002357425
  0.0002357425    0.0002357425    0.0002357425    0.0002357425    0.0002357425
  0.0002357425    0.0002357425    0.0002357425    0.0002357425    0.0002357425
  0.0002357425    0.0002357425    0.0002357425    0.0002357425    0.0002357425
  0.0002357425    0.0002357425    0.0002357425    0.0002357425    0.0002357425
  0.0002357425    0.0002357425    0.0002357425    0.0002357425    0.0002357425
  0.0002357425    0.0002357425    0.0002357425    0.0002357425    0.0002357425
  0.0002357425    0.0002357425    0.0002357425    0.0002357425    0.0002357425
  0.0002357425    0.0002357425    0.0002357425    0.0002357425    0.0002357425
  0.0002357425    0.0002357425    0.0002357425    0.0002357425    0.0002357425
  0.0002357425    0.0002357425    0.0002357425    0.0002357425    0.0002357425
  0.0002357425    0.0002357425    0.0002357425    0.0002357425    0.0002357425
  0.0002357425    0.0002357425    0.0002357425    0.0002357425    0.0002357425
  0.0002357425    0.0002357425    0.0002357425    0.0002357425    0.0002357425
  0.0002357425    0.0002357425    0.0002357425    0.0002357425    0.0002357425
  0.0002357425    0.0002357425    0.0002357425    0.0002357425    0.0002357425
  0.0002357425    0.0002357425    0.0002357425    0.0002357425    0.0002357425
  0.0002357425    0.0002357425    0.0002357425    0.0002357425    0.0002357425
  0.0002357425    0.0002357425    0.0002357425    0.0002357425    0.0002357425
  0.0002357425    0.0002357425    0.0002357425    0.0002357425    0.0002357425
  0.0002357425    0.0002357425    0.0002357425    0.0002357425    0.0002357425
  0.0002357425    0.0002357425    0.0002357425    0.0002357425    0.0002357425
  0.0002357425    0.0002357425    0.0002357425    0.0002357425    0.0002357425
  0.0002357425    0.0002357425    0.0002357425    0.0002357425    0.0002357425
  0.0002357425    0.0002357425    0.0002357425    0.0002357425    0.0002357425
  0.0002357425    0.0002357425    0.0002357425    0.0002357425    0.0002357425
  0.0002357425    0.0002357425    0.0002357425    0.0002357425    0.0002357425
  0.0002357425    0.0002357425    0.0002357425    0.0002357425    0.0002357425
  0.0002357425    0.0002357425    0.0002357425    0.0002357425    0.0002357425
  0.0002357425    0.0002357425    0.0002357425    0.0002357425    0.0002357425
  0.0002357425    0.0002357425    0.0002357425    0.0002357425    0.0002357425
  0.0002357425    0.0002357425    0.0002357425    0.0002357425    0.0002357425
  0.0002357425    0.0002357425    0.0002357425    0.0002357425    0.0002357425
  0.0002357425    0.0002357425    0.0002357425    0.0002357425    0.0002357425
  0.0002357425    0.0002357425    0.0002357425    0.0002357425    0.0002357425
  0.0002357425    0.0002357425    0.0002357425    0.0002357425    0.0002357425
  0.0002357425    0.0002357425    0.0002357425    0.0002357425    0.0002357425
  0.0002357425    0.0002357425    0.0002357425    0.0002357425    0.0002357425
  0.0002357425    0.0002357425    0.0002357425    0.0002357425    0.0002357425
  0.0009801356    0.0009732388    0.0009640785    0.0009547720    0.0009454249
  0.0009360541    0.0009266749    0.0009172851    0.0009078910    0.0008984881
  0.0008890794    0.0008796646    0.0008702468    0.0008608225    0.0008513919
  0.0008419584    0.0008325223    0.0008230776    0.0008136313    0.0008041779
  0.0007947214    0.0007852627    0.0007757971    0.0007663260    0.0007568537
  0.0007473734    0.0007378897    0.0007284021    0.0007189098    0.0007094153
  0.0006999106    0.0006904066    0.0006808932    0.0006713765    0.0006618574
  0.0006523298    0.0006427955    0.0006332614    0.0006237153    0.0006141672
  0.0006046109    0.0005950521    0.0005854835    0.0005759075    0.0005663266
  0.0005567376    0.0005471422    0.0005375348    0.0005279221    0.0005183001
  0.0005086656    0.0004990256    0.0004893682    0.0004797001    0.0004700227
  0.0004603293    0.0004506204    0.0004408928    0.0004311529    0.0004213918
  0.0004116116    0.0004018043    0.0003919723    0.0003821116    0.0003722224
  0.0003622944    0.0003523293    0.0003423200    0.0003322614    0.0003221492
  0.0003119701    0.0003017147    0.0002913778    0.0002809442    0.0002780413
  0.0002780413    0.0002780413    0.0002780413    0.0002780413    0.0002780413
  0.0002780413    0.0002780413    0.0002780413    0.0002780413    0.0002780413
  0.0002780413    0.0002780413    0.0002780413    0.0002780413    0.0002780413
  0.0002780413    0.0002780413    0.0002780413    0.0002780413    0.0002780413
  0.0002780413    0.0002780413    0.0002780413    0.0002780413    0.0002780413
  0.0002780413    0.0002780413    0.0002780413    0.0002780413    0.0002780413
  0.0002780413    0.0002780413    0.0002780413    0.0002780413    0.0002780413
  0.0002780413    0.0002780413    0.0002780413    0.0002780413    0.0002780413
  0.0002780413    0.0002780413    0.0002780413    0.0002780413    0.0002780413
  0.0002780413    0.0002780413    0.0002780413    0.0002780413    0.0002780413
  0.0002780413    0.0002780413    0.0002780413    0.0002780413    0.0002780413
  0.0002780413    0.0002780413    0.0002780413    0.0002780413    0.0002780413
  0.0002780413    0.0002780413    0.0002780413    0.0002780413    0.0002780413
  0.0002780413    0.0002780413    0.0002780413    0.0002780413    0.0002780413
  0.0002780413    0.0002780413    0.0002780413    0.0002780413    0.0002780413
  0.0002780413    0.0002780413    0.0002780413    0.0002780413    0.0002780413
  0.0002780413    0.0002780413    0.0002780413    0.0002780413    0.0002780413
  0.0002780413    0.0002780413    0.0002780413    0.0002780413    0.0002780413
  0.0002780413    0.0002780413    0.0002780413    0.0002780413    0.0002780413
  0.0002780413    0.0002780413    0.0002780413    0.0002780413    0.0002780413
  0.0002780413    0.0002780413    0.0002780413    0.0002780413    0.0002780413
  0.0002780413    0.0002780413    0.0002780413    0.0002780413    0.0002780413
  0.0002780413    0.0002780413    0.0002780413    0.0002780413    0.0002780413
  0.0002780413    0.0002780413    0.0002780413    0.0002780413    0.0002780413
  0.0002780413    0.0002780413    0.0002780413    0.0002780413    0.0002780413
  0.0002780413    0.0002780413    0.0002780413    0.0002780413    0.0002780413
  0.0002780413    0.0002780413    0.0002780413    0.0002780413    0.0002780413
  0.0002780413    0.0002780413    0.0002780413    0.0002780413    0.0002780413
  0.0002780413    0.0002780413    0.0002780413    0.0002780413    0.0002780413
  0.0002780413    0.0002780413    0.0002780413    0.0002780413    0.0002780413
  0.0002780413    0.0002780413    0.0002780413    0.0002780413    0.0002780413
  0.0002780413    0.0002780413    0.0002780413    0.0002780413    0.0002780413
  0.0002780413    0.0002780413    0.0002780413    0.0002780413    0.0002780413
  0.0002780413    0.0002780413    0.0002780413    0.0002780413    0.0002780413
  0.0002780413    0.0002780413    0.0002780413    0.0002780413    0.0002780413
  0.0002780413    0.0002780413    0.0002780413    0.0002780413    0.0002780413
  0.0002780413    0.0002780413    0.0002780413    0.0002780413    0.0002780413
  0.0002780413    0.0002780413    0.0002780413    0.0002780413    0.0002780413
  0.0002780413    0.0002780413    0.0002780413    0.0002780413    0.0002780413
  0.0002780413    0.0002780413    0.0002780413    0.0002780413    0.0002780413
  0.0002780413    0.0002780413    0.0002780413    0.0002780413    0.0002780413
  0.0002780413    0.0002780413    0.0002780413    0.0002780413    0.0002780413
  0.0002780413    0.0002780413    0.0002780413    0.0002780413    0.0002780413
  0.0002780413    0.0002780413    0.0002780413    0.0002780413    0.0002780413
  0.0002780413    0.0002780413    0.0002780413    0.0002780413    0.0002780413
  0.0011181855    0.0011121591    0.0011032927    0.0010941412    0.0010849130
  0.0010756515    0.0010663700    0.0010570764    0.0010477719    0.0010384542
  0.0010291374    0.0010198077    0.0010104753    0.0010011389    0.0009917932
  0.0009824446    0.0009730920    0.0009637308    0.0009543674    0.0009450010
  0.0009356274    0.0009262496    0.0009168671    0.0009074798    0.0008980906
  0.0008886929    0.0008792933    0.0008698853    0.0008604761    0.0008510593
  0.0008416420    0.0008322186    0.0008227868    0.0008133538    0.0008039147
  0.0007944708    0.0007850236    0.0007755688    0.0007661113    0.0007566474
  0.0007471764    0.0007377010    0.0007282208    0.0007187334    0.0007092420
  0.0006997443    0.0006902391    0.0006807275    0.0006712112    0.0006616823
  0.0006521527    0.0006426154    0.0006330687    0.0006235138    0.0006139500
  0.0006043772    0.0005947976    0.0005852038    0.0005756035    0.0005659907
  0.0005563679    0.0005467309    0.0005370801    0.0005274184    0.0005177442
  0.0005080482    0.0004983412    0.0004886116    0.0004788625    0.0004690933
  0.0004593034    0.0004494849    0.0004396410    0.0004297668    0.0004198622
  0.0004099192    0.0003999397    0.0003899132    0.0003798350    0.0003697092
  0.0003595209    0.0003492603    0.0003389222    0.0003284926    0.0003208991
  0.0003208992    0.0003208992    0.0003208992    0.0003208992    0.0003208992
  0.0003208992    0.0003208992    0.0003208992    0.0003208992    0.0003208992
  0.0003208992    0.0003208992    0.0003208992    0.0003208992    0.0003208992
  0.0003208992    0.0003208992    0.0003208992    0.0003208992    0.0003208992
  0.0003208992    0.0003208992    0.0003208992    0.0003208992    0.0003208992
  0.0003208992    0.0003208992    0.0003208992    0.0003208992    0.0003208992
  0.0003208992    0.0003208992    0.0003208992    0.0003208992    0.0003208992
  0.0003208992    0.0003208992    0.0003208992    0.0003208992    0.0003208992
  0.0003208992    0.0003208992    0.0003208992    0.0003208992    0.0003208992
  0.0003208992    0.0003208992    0.0003208992    0.0003208992    0.0003208992
  0.0003208992    0.0003208992    0.0003208992    0.0003208992    0.0003208992
  0.0003208992    0.0003208992    0.0003208992    0.0003208992    0.0003208992
  0.0003208992    0.0003208992    0.0003208992    0.0003208992    0.0003208992
  0.0003208992    0.0003208992    0.0003208992    0.0003208992    0.0003208992
  0.0003208992    0.0003208992    0.0003208992    0.0003208992    0.0003208992
  0.0003208992    0.0003208992    0.0003208992    0.0003208992    0.0003208992
  0.0003208992    0.0003208992    0.0003208992    0.0003208992    0.0003208992
  0.0003208992    0.0003208992    0.0003208992    0.0003208992    0.0003208992
  0.0003208992    0.0003208992    0.0003208992    0.0003208992    0.0003208992
  0.0003208992    0.0003208992    0.0003208992    0.0003208992    0.0003208992
  0.0003208992    0.0003208992    0.0003208992    0.0003208992    0.0003208992
  0.0003208992    0.0003208992    0.0003208992    0.0003208992    0.0003208992
  0.0003208992    0.0003208992    0.0003208992    0.0003208992    0.0003208992
  0.0003208992    0.0003208992    0.0003208992    0.0003208992    0.0003208992
  0.0003208992    0.0003208992    0.0003208992    0.0003208992    0.0003208992
  0.0003208992    0.0003208992    0.0003208992    0.0003208992    0.0003208992
  0.0003208992    0.0003208992    0.0003208992    0.0003208992    0.0003208992
  0.0003208992    0.0003208992    0.0003208992    0.0003208992    0.0003208992
  0.0003208992    0.0003208992    0.0003208992    0.0003208992    0.0003208992
  0.0003208992    0.0003208992    0.0003208992    0.0003208992    0.0003208992
  0.0003208992    0.0003208992    0.0003208992    0.0003208992    0.0003208992
  0.0003208992    0.0003208992    0.0003208992    0.0003208992    0.0003208992
  0.0003208992    0.0003208992    0.0003208992    0.0003208992    0.0003208992
  0.0003208992    0.0003208992    0.0003208992    0.0003208992    0.0003208992
  0.0003208992    0.0003208992    0.0003208992    0.0003208992    0.0003208992
  0.0003208992    0.0003208992    0.0003208992    0.0003208992    0.0003208992
  0.0003208992    0.0003208992    0.0003208992    0.0003208992    0.0003208992
  0.0003208992    0.0003208992    0.0003208992    0.0003208992    0.0003208992
  0.0003208992    0.0003208992    0.0003208992    0.0003208992    0.0003208992
  0.0003208992    0.0003208992    0.0003208992    0.0003208992    0.0003208992
  0.0003208992    0.0003208992    0.0003208992    0.0003208992    0.0003208992
  0.0003208992    0.0003208992    0.0003208992    0.0003208992    0.0003208992
  0.0003208992    0.0003208992    0.0003208992    0.0003208992    0.0003208992
  0.0012550323    0.0012498546    0.0012413777    0.0012324297    0.0012233430
  0.0012141987    0.0012050198    0.0011958263    0.0011866134    0.0011773905
  0.0011681587    0.0011589197    0.0011496749    0.0011404220    0.0011311626
  0.0011218988    0.0011126285    0.0011033537    0.0010940723    0.0010847866
  0.0010754948    0.0010662032    0.0010569020    0.0010475978    0.0010382889
  0.0010289741    0.0010196559    0.0010103332    0.0010010048    0.0009916734
  0.0009823345    0.0009729946    0.0009636459    0.0009542949    0.0009449410
  0.0009355806    0.0009262133    0.0009168425    0.0009074681    0.0008980870
  0.0008887027    0.0008793124    0.0008699166    0.0008605160    0.0008511083
  0.0008416975    0.0008322817    0.0008228591    0.0008134282    0.0008039965
  0.0007945570    0.0007851118    0.0007756573    0.0007661961    0.0007567333
  0.0007472607    0.0007377791    0.0007282939    0.0007187985    0.0007092990
  0.0006997894    0.0006902692    0.0006807428    0.0006712056    0.0006616582
  0.0006521060    0.0006425369    0.0006329615    0.0006233713    0.0006137712
  0.0006041564    0.0005945306    0.0005848863    0.0005752326    0.0005655598
  0.0005558690    0.0005461617    0.0005364336    0.0005266866    0.0005169118
  0.0005071166    0.0004972969    0.0004874466    0.0004775680    0.0004676527
  0.0004577026    0.0004477136    0.0004376812    0.0004276028    0.0004174666
  0.0004072738    0.0003970192    0.0003866896    0.0003762738    0.0003657750
  0.0003642598    0.0003642599    0.0003642599    0.0003642599    0.0003642599
  0.0003642599    0.0003642599    0.0003642599    0.0003642599    0.0003642599
  0.0003642599    0.0003642599    0.0003642599    0.0003642599    0.0003642599
  0.0003642599    0.0003642599    0.0003642599    0.0003642599    0.0003642599
  0.0003642599    0.0003642599    0.0003642599    0.0003642599    0.0003642599
  0.0003642599    0.0003642599    0.0003642599    0.0003642599    0.0003642599
  0.0003642599    0.0003642599    0.0003642599    0.0003642599    0.0003642599
  0.0003642599    0.0003642599    0.0003642599    0.0003642599    0.0003642599
  0.0003642599    0.0003642599    0.0003642599    0.0003642599    0.0003642599
  0.0003642599    0.0003642599    0.0003642599    0.0003642599    0.0003642599
  0.0003642599    0.0003642599    0.0003642599    0.0003642599    0.0003642599
  0.0003642599    0.0003642599    0.0003642599    0.0003642599    0.0003642599
  0.0003642599    0.0003642599    0.0003642599    0.0003642599    0.0003642599
  0.0003642599    0.0003642599    0.0003642599    0.0003642599    0.0003642599
  0.0003642599    0.0003642599    0.0003642599    0.0003642599    0.0003642599
  0.0003642599    0.0003642599    0.0003642599    0.0003642599    0.0003642599
  0.0003642599    0.0003642599    0.0003642599    0.0003642599    0.0003642599
  0.0003642599    0.0003642599    0.0003642599    0.0003642599    0.0003642599
  0.0003642599    0.0003642599    0.0003642599    0.0003642599    0.0003642599
  0.0003642599    0.0003642599    0.0003642599    0.0003642599    0.0003642599
  0.0003642599    0.0003642599    0.0003642599    0.0003642599    0.0003642599
  0.0003642599    0.0003642599    0.0003642599    0.0003642599    0.0003642599
  0.0003642599    0.0003642599    0.0003642599    0.0003642599    0.0003642599
  0.0003642599    0.0003642599    0.0003642599    0.0003642599    0.0003642599
  0.0003642599    0.0003642599    0.0003642599    0.0003642599    0.0003642599
  0.0003642599    0.0003642599    0.0003642599    0.0003642599    0.0003642599
  0.0003642599    0.0003642599    0.0003642599    0.0003642599    0.0003642599
  0.0003642599    0.0003642599    0.0003642599    0.0003642599    0.0003642599
  0.0003642599    0.0003642599    0.0003642599    0.0003642599    0.0003642599
  0.0003642599    0.0003642599    0.0003642599    0.0003642599    0.0003642599
  0.0003642599    0.0003642599    0.0003642599    0.0003642599    0.0003642599
  0.0003642599    0.0003642599    0.0003642599    0.0003642599    0.0003642599
  0.0003642599    0.0003642599    0.0003642599    0.0003642599    0.0003642599
  0.0003642599    0.0003642599    0.0003642599    0.0003642599    0.0003642599
  0.0003642599    0.0003642599    0.0003642599    0.0003642599    0.0003642599
  0.0003642599    0.0003642599    0.0003642599    0.0003642599    0.0003642599
  0.0003642599    0.0003642599    0.0003642599    0.0003642599    0.0003642599
  0.0003642599    0.0003642599    0.0003642599    0.0003642599    0.0003642599
  0.0003642599    0.0003642599    0.0003642599    0.0003642599    0.0003642599
  0.0003642599    0.0003642599    0.0003642599    0.0003642599    0.0003642599
  0.0003642599    0.0003642599    0.0003642599    0.0003642599    0.0003642599
  0.0013907221    0.0013863222    0.0013783380    0.0013696431    0.0013607281
  0.0013517186    0.0013426579    0.0013335642    0.0013244500    0.0013153244
  0.0013061827    0.0012970305    0.0012878688    0.0012787037    0.0012695270
  0.0012603450    0.0012511591    0.0012419664    0.0012327684    0.0012235624
  0.0012143546    0.0012051422    0.0011959229    0.0011866982    0.0011774703
  0.0011682366    0.0011589993    0.0011497601    0.0011405129    0.0011312598
  0.0011220029    0.0011127444    0.0011034744    0.0010942033    0.0010849293
  0.0010756508    0.0010663664    0.0010570786    0.0010477861    0.0010384875
  0.0010291821    0.0010198725    0.0010105612    0.0010012440    0.0009919235
  0.0009825924    0.0009732605    0.0009639239    0.0009545825    0.0009452327
  0.0009358812    0.0009265214    0.0009171568    0.0009077846    0.0008984115
  0.0008890320    0.0008796406    0.0008702473    0.0008608473    0.0008514416
  0.0008420287    0.0008326073    0.0008231818    0.0008137539    0.0008043121
  0.0007948612    0.0007854064    0.0007759399    0.0007664720    0.0007569905
  0.0007474962    0.0007380002    0.0007284914    0.0007189738    0.0007094425
  0.0006999041    0.0006903525    0.0006807903    0.0006712144    0.0006616263
  0.0006520240    0.0006424036    0.0006327745    0.0006231238    0.0006134582
  0.0006037742    0.0005940700    0.0005843460    0.0005746017    0.0005648304
  0.0005550355    0.0005452159    0.0005353657    0.0005254843    0.0005155660
  0.0005056180    0.0004956282    0.0004855930    0.0004755137    0.0004653826
  0.0004551962    0.0004449493    0.0004346284    0.0004242390    0.0004137656
  0.0004080836    0.0004080837    0.0004080837    0.0004080837    0.0004080837
  0.0004080837    0.0004080837    0.0004080837    0.0004080837    0.0004080837
  0.0004080837    0.0004080837    0.0004080837    0.0004080837    0.0004080837
  0.0004080837    0.0004080837    0.0004080837    0.0004080837    0.0004080837
  0.0004080837    0.0004080837    0.0004080837    0.0004080837    0.0004080837
  0.0004080837    0.0004080837    0.0004080837    0.0004080837    0.0004080837
  0.0004080837    0.0004080837    0.0004080837    0.0004080837    0.0004080837
  0.0004080837    0.0004080837    0.0004080837    0.0004080837    0.0004080837
  0.0004080837    0.0004080837    0.0004080837    0.0004080837    0.0004080837
  0.0004080837    0.0004080837    0.0004080837    0.0004080837    0.0004080837
  0.0004080837    0.0004080837    0.0004080837    0.0004080837    0.0004080837
  0.0004080837    0.0004080837    0.0004080837    0.0004080837    0.0004080837
  0.0004080837    0.0004080837    0.0004080837    0.0004080837    0.0004080837
  0.0004080837    0.0004080837    0.0004080837    0.0004080837    0.0004080837
  0.0004080837    0.0004080837    0.0004080837    0.0004080837    0.0004080837
  0.0004080837    0.0004080837    0.0004080837    0.0004080837    0.0004080837
  0.0004080837    0.0004080837    0.0004080837    0.0004080837    0.0004080837
  0.0004080837    0.0004080837    0.0004080837    0.0004080837    0.0004080837
  0.0004080837    0.0004080837    0.0004080837    0.0004080837    0.0004080837
  0.0004080837    0.0004080837    0.0004080837    0.0004080837    0.0004080837
  0.0004080837    0.0004080837    0.0004080837    0.0004080837    0.0004080837
  0.0004080837    0.0004080837    0.0004080837    0.0004080837    0.0004080837
  0.0004080837    0.0004080837    0.0004080837    0.0004080837    0.0004080837
  0.0004080837    0.0004080837    0.0004080837    0.0004080837    0.0004080837
  0.0004080837    0.0004080837    0.0004080837    0.0004080837    0.0004080837
  0.0004080837    0.0004080837    0.0004080837    0.0004080837    0.0004080837
  0.0004080837    0.0004080837    0.0004080837    0.0004080837    0.0004080837
  0.0004080837    0.0004080837    0.0004080837    0.0004080837    0.0004080837
  0.0004080837    0.0004080837    0.0004080837    0.0004080837    0.0004080837
  0.0004080837    0.0004080837    0.0004080837    0.0004080837    0.0004080837
  0.0004080837    0.0004080837    0.0004080837    0.0004080837    0.0004080837
  0.0004080837    0.0004080837    0.0004080837    0.0004080837    0.0004080837
  0.0004080837    0.0004080837    0.0004080837    0.0004080837    0.0004080837
  0.0004080837    0.0004080837    0.0004080837    0.0004080837    0.0004080837
  0.0004080837    0.0004080837    0.0004080837    0.0004080837    0.0004080837
  0.0004080837    0.0004080837    0.0004080837    0.0004080837    0.0004080837
  0.0004080837    0.0004080837    0.0004080837    0.0004080837    0.0004080837
  0.0004080837    0.0004080837    0.0004080837    0.0004080837    0.0004080837
  0.0004080837    0.0004080837    0.0004080837    0.0004080837    0.0004080837
  0.0015253070    0.0015215941    0.0015141798    0.0015058013    0.0014970907
  0.0014882373    0.0014793056    0.0014703272    0.0014613182    0.0014522870
  0.0014432380    0.0014341763    0.0014251024    0.0014160171    0.0014069263
  0.0013978260    0.0013887224    0.0013796116    0.0013704949    0.0013613688
  0.0013522395    0.0013431084    0.0013339673    0.0013248224    0.0013156706
  0.0013065180    0.0012973569    0.0012881934    0.0012790248    0.0012698525
  0.0012606737    0.0012514947    0.0012423038    0.0012331117    0.0012239158
  0.0012147136    0.0012055112    0.0011963021    0.0011870881    0.0011778672
  0.0011686455    0.0011594167    0.0011501832    0.0011409469    0.0011317060
  0.0011224549    0.0011132038    0.0011039510    0.0010946912    0.0010854229
  0.0010761526    0.0010668752    0.0010575970    0.0010483096    0.0010390159
  0.0010297185    0.0010204168    0.0010111100    0.0010017977    0.0009924794
  0.0009831582    0.0009738273    0.0009644931    0.0009551493    0.0009458056
  0.0009364495    0.0009270880    0.0009177215    0.0009083476    0.0008989703
  0.0008895812    0.0008801878    0.0008707852    0.0008613781    0.0008519564
  0.0008425360    0.0008331023    0.0008236547    0.0008142064    0.0008047439
  0.0007952752    0.0007857981    0.0007763057    0.0007668063    0.0007572939
  0.0007477652    0.0007382314    0.0007286832    0.0007191204    0.0007095439
  0.0006999525    0.0006903494    0.0006807241    0.0006710832    0.0006614251
  0.0006517491    0.0006420516    0.0006323330    0.0006225962    0.0006128288
  0.0006030389    0.0005932214    0.0005833737    0.0005734964    0.0005635858
  0.0005536413    0.0005436511    0.0005336181    0.0005235487    0.0005134260
  0.0005032522    0.0004930157    0.0004827174    0.0004723453    0.0004619020
  0.0004523288    0.0004523290    0.0004523290    0.0004523290    0.0004523290
  0.0004523290    0.0004523290    0.0004523290    0.0004523290    0.0004523290
  0.0004523290    0.0004523290    0.0004523290    0.0004523290    0.0004523290
  0.0004523290    0.0004523290    0.0004523290    0.0004523290    0.0004523290
  0.0004523290    0.0004523290    0.0004523290    0.0004523290    0.0004523290
  0.0004523290    0.0004523290    0.0004523290    0.0004523290    0.0004523290
  0.0004523290    0.0004523290    0.0004523290    0.0004523290    0.0004523290
  0.0004523290    0.0004523290    0.0004523290    0.0004523290    0.0004523290
  0.0004523290    0.0004523290    0.0004523290    0.0004523290    0.0004523290
  0.0004523290    0.0004523290    0.0004523290    0.0004523290    0.0004523290
  0.0004523290    0.0004523290    0.0004523290    0.0004523290    0.0004523290
  0.0004523290    0.0004523290    0.0004523290    0.0004523290    0.0004523290
  0.0004523290    0.0004523290    0.0004523290    0.0004523290    0.0004523290
  0.0004523290    0.0004523290    0.0004523290    0.0004523290    0.0004523290
  0.0004523290    0.0004523290    0.0004523290    0.0004523290    0.0004523290
  0.0004523290    0.0004523290    0.0004523290    0.0004523290    0.0004523290
  0.0004523290    0.0004523290    0.0004523290    0.0004523290    0.0004523290
  0.0004523290    0.0004523290    0.0004523290    0.0004523290    0.0004523290
  0.0004523290    0.0004523290    0.0004523290    0.0004523290    0.0004523290
  0.0004523290    0.0004523290    0.0004523290    0.0004523290    0.0004523290
  0.0004523290    0.0004523290    0.0004523290    0.0004523290    0.0004523290
  0.0004523290    0.0004523290    0.0004523290    0.0004523290    0.0004523290
  0.0004523290    0.0004523290    0.0004523290    0.0004523290    0.0004523290
  0.0004523290    0.0004523290    0.0004523290    0.0004523290    0.0004523290
  0.0004523290    0.0004523290    0.0004523290    0.0004523290    0.0004523290
  0.0004523290    0.0004523290    0.0004523290    0.0004523290    0.0004523290
  0.0004523290    0.0004523290    0.0004523290    0.0004523290    0.0004523290
  0.0004523290    0.0004523290    0.0004523290    0.0004523290    0.0004523290
  0.0004523290    0.0004523290    0.0004523290    0.0004523290    0.0004523290
  0.0004523290    0.0004523290    0.0004523290    0.0004523290    0.0004523290
  0.0004523290    0.0004523290    0.0004523290    0.0004523290    0.0004523290
  0.0004523290    0.0004523290    0.0004523290    0.0004523290    0.0004523290
  0.0004523290    0.0004523290    0.0004523290    0.0004523290    0.0004523290
  0.0004523290    0.0004523290    0.0004523290    0.0004523290    0.0004523290
  0.0004523290    0.0004523290    0.0004523290    0.0004523290    0.0004523290
  0.0004523290    0.0004523290    0.0004523290    0.0004523290    0.0004523290
  0.0004523290    0.0004523290    0.0004523290    0.0004523290    0.0004523290
  0.0016588434    0.0016557099    0.0016489224    0.0016409092    0.0016324476
  0.0016237742    0.0016149876    0.0016061391    0.0015972371    0.0015883115
  0.0015793601    0.0015703931    0.0015614047    0.0015524117    0.0015434036
  0.0015343864    0.0015253609    0.0015163282    0.0015072890    0.0014982445
  0.0014891956    0.0014801382    0.0014710736    0.0014620080    0.0014529323
  0.0014438530    0.0014347713    0.0014256834    0.0014165906    0.0014074943
  0.0013983909    0.0013892867    0.0013801732    0.0013710618    0.0013619393
  0.0013528122    0.0013436865    0.0013345499    0.0013254131    0.0013162730
  0.0013071268    0.0012979715    0.0012888179    0.0012796587    0.0012704912
  0.0012613215    0.0012521515    0.0012429699    0.0012337874    0.0012245972
  0.0012154097    0.0012062101    0.0011970087    0.0011878036    0.0011785926
  0.0011693779    0.0011601576    0.0011509302    0.0011416978    0.0011324664
  0.0011232233    0.0011139782    0.0011047263    0.0010954663    0.0010862079
  0.0010769394    0.0010676667    0.0010583893    0.0010491028    0.0010398135
  0.0010305175    0.0010212142    0.0010119100    0.0010025980    0.0009932716
  0.0009839471    0.0009746086    0.0009652719    0.0009559220    0.0009465656
  0.0009372031    0.0009278296    0.0009184516    0.0009090675    0.0008996724
  0.0008902679    0.0008808583    0.0008714342    0.0008620054    0.0008525608
  0.0008431106    0.0008336441    0.0008241741    0.0008146932    0.0008051946
  0.0007956863    0.0007861624    0.0007766288    0.0007670802    0.0007575162
  0.0007479393    0.0007383429    0.0007287325    0.0007191026    0.0007094529
  0.0006997878    0.0006900991    0.0006803883    0.0006706551    0.0006608998
  0.0006511137    0.0006413026    0.0006314686    0.0006215936    0.0006116890
  0.0006017446    0.0005917679    0.0005817494    0.0005716851    0.0005615760
  0.0005514133    0.0005411988    0.0005309134    0.0005205737    0.0005101578
  0.0004996650    0.0004969679    0.0004969680    0.0004969680    0.0004969680
  0.0004969680    0.0004969680    0.0004969680    0.0004969680    0.0004969680
  0.0004969680    0.0004969680    0.0004969680    0.0004969680    0.0004969680
  0.0004969680    0.0004969680    0.0004969680    0.0004969680    0.0004969680
  0.0004969680    0.0004969680    0.0004969680    0.0004969680    0.0004969680
  0.0004969680    0.0004969680    0.0004969680    0.0004969680    0.0004969680
  0.0004969680    0.0004969680    0.0004969680    0.0004969680    0.0004969680
  0.0004969680    0.0004969680    0.0004969680    0.0004969680    0.0004969680
  0.0004969680    0.0004969680    0.0004969680    0.0004969680    0.0004969680
  0.0004969680    0.0004969680    0.0004969680    0.0004969680    0.0004969680
  0.0004969680    0.0004969680    0.0004969680    0.0004969680    0.0004969680
  0.0004969680    0.0004969680    0.0004969680    0.0004969680    0.0004969680
  0.0004969680    0.0004969680    0.0004969680    0.0004969680    0.0004969680
  0.0004969680    0.0004969680    0.0004969680    0.0004969680    0.0004969680
  0.0004969680    0.0004969680    0.0004969680    0.0004969680    0.0004969680
  0.0004969680    0.0004969680    0.0004969680    0.0004969680    0.0004969680
  0.0004969680    0.0004969680    0.0004969680    0.0004969680    0.0004969680
  0.0004969680    0.0004969680    0.0004969680    0.0004969680    0.0004969680
  0.0004969680    0.0004969680    0.0004969680    0.0004969680    0.0004969680
  0.0004969680    0.0004969680    0.0004969680    0.0004969680    0.0004969680
  0.0004969680    0.0004969680    0.0004969680    0.0004969680    0.0004969680
  0.0004969680    0.0004969680    0.0004969680    0.0004969680    0.0004969680
  0.0004969680    0.0004969680    0.0004969680    0.0004969680    0.0004969680
  0.0004969680    0.0004969680    0.0004969680    0.0004969680    0.0004969680
  0.0004969680    0.0004969680    0.0004969680    0.0004969680    0.0004969680
  0.0004969680    0.0004969680    0.0004969680    0.0004969680    0.0004969680
  0.0004969680    0.0004969680    0.0004969680    0.0004969680    0.0004969680
  0.0004969680    0.0004969680    0.0004969680    0.0004969680    0.0004969680
  0.0004969680    0.0004969680    0.0004969680    0.0004969680    0.0004969680
  0.0004969680    0.0004969680    0.0004969680    0.0004969680    0.0004969680
  0.0004969680    0.0004969680    0.0004969680    0.0004969680    0.0004969680
  0.0004969680    0.0004969680    0.0004969680    0.0004969680    0.0004969680
  0.0004969680    0.0004969680    0.0004969680    0.0004969680    0.0004969680
  0.0004969680    0.0004969680    0.0004969680    0.0004969680    0.0004969680
  0.0004969680    0.0004969680    0.0004969680    0.0004969680    0.0004969680
  0.0017913756    0.0017887260    0.0017825729    0.0017749923    0.0017668137
  0.0017583534    0.0017497347    0.0017410240    0.0017322510    0.0017234331
  0.0017145845    0.0017057092    0.0016968180    0.0016879104    0.0016789864
  0.0016700522    0.0016611139    0.0016521605    0.0016431986    0.0016342346
  0.0016252578    0.0016162750    0.0016072869    0.0015982945    0.0015892988
  0.0015802953    0.0015712849    0.0015622742    0.0015532535    0.0015442293
  0.0015351972    0.0015261638    0.0015171303    0.0015080871    0.0014990409
  0.0014899877    0.0014809337    0.0014718702    0.0014628084    0.0014537397
  0.0014446653    0.0014355866    0.0014265050    0.0014174169    0.0014083286
  0.0013992366    0.0013901329    0.0013810286    0.0013719203    0.0013628095
  0.0013536932    0.0013445729    0.0013354457    0.0013263178    0.0013171816
  0.0013080436    0.0012988966    0.0012897510    0.0012805956    0.0012714406
  0.0012622796    0.0012531101    0.0012439383    0.0012347619    0.0012255787
  0.0012163949    0.0012072005    0.0011980092    0.0011888037    0.0011795940
  0.0011703860    0.0011611667    0.0011519461    0.0011427149    0.0011334796
  0.0011242424    0.0011149950    0.0011057435    0.0010964868    0.0010872242
  0.0010779546    0.0010686778    0.0010593930    0.0010501029    0.0010408108
  0.0010315062    0.0010221990    0.0010128792    0.0010035568    0.0009942191
  0.0009848853    0.0009755372    0.0009661786    0.0009568101    0.0009474355
  0.0009380530    0.0009286636    0.0009192628    0.0009098467    0.0009004250
  0.0008909943    0.0008815506    0.0008720913    0.0008626211    0.0008531427
  0.0008436508    0.0008341486    0.0008246195    0.0008150889    0.0008055389
  0.0007959728    0.0007863933    0.0007767926    0.0007671761    0.0007575374
  0.0007478801    0.0007381992    0.0007285047    0.0007187766    0.0007090300
  0.0006992578    0.0006894512    0.0006796220    0.0006697602    0.0006598625
  0.0006499340    0.0006399676    0.0006299591    0.0006199091    0.0006098132
  0.0005996640    0.0005894662    0.0005792110    0.0005688967    0.0005585109
  0.0005480508    0.0005419738    0.0005419739    0.0005419739    0.0005419739
  0.0005419739    0.0005419739    0.0005419739    0.0005419739    0.0005419739
  0.0005419739    0.0005419739    0.0005419739    0.0005419739    0.0005419739
  0.0005419739    0.0005419739    0.0005419739    0.0005419739    0.0005419739
  0.0005419739    0.0005419739    0.0005419739    0.0005419739    0.0005419739
  0.0005419739    0.0005419739    0.0005419739    0.0005419739    0.0005419739
  0.0005419739    0.0005419739    0.0005419739    0.0005419739    0.0005419739
  0.0005419739    0.0005419739    0.0005419739    0.0005419739    0.0005419739
  0.0005419739    0.0005419739    0.0005419739    0.0005419739    0.0005419739
  0.0005419739    0.0005419739    0.0005419739    0.0005419739    0.0005419739
  0.0005419739    0.0005419739    0.0005419739    0.0005419739    0.0005419739
  0.0005419739    0.0005419739    0.0005419739    0.0005419739    0.0005419739
  0.0005419739    0.0005419739    0.0005419739    0.0005419739    0.0005419739
  0.0005419739    0.0005419739    0.0005419739    0.0005419739    0.0005419739
  0.0005419739    0.0005419739    0.0005419739    0.0005419739    0.0005419739
  0.0005419739    0.0005419739    0.0005419739    0.0005419739    0.0005419739
  0.0005419739    0.0005419739    0.0005419739    0.0005419739    0.0005419739
  0.0005419739    0.0005419739    0.0005419739    0.0005419739    0.0005419739
  0.0005419739    0.0005419739    0.0005419739    0.0005419739    0.0005419739
  0.0005419739    0.0005419739    0.0005419739    0.0005419739    0.0005419739
  0.0005419739    0.0005419739    0.0005419739    0.0005419739    0.0005419739
  0.0005419739    0.0005419739    0.0005419739    0.0005419739    0.0005419739
  0.0005419739    0.0005419739    0.0005419739    0.0005419739    0.0005419739
  0.0005419739    0.0005419739    0.0005419739    0.0005419739    0.0005419739
  0.0005419739    0.0005419739    0.0005419739    0.0005419739    0.0005419739
  0.0005419739    0.0005419739    0.0005419739    0.0005419739    0.0005419739
  0.0005419739    0.0005419739    0.0005419739    0.0005419739    0.0005419739
  0.0005419739    0.0005419739    0.0005419739    0.0005419739    0.0005419739
  0.0005419739    0.0005419739    0.0005419739    0.0005419739    0.0005419739
  0.0005419739    0.0005419739    0.0005419739    0.0005419739    0.0005419739
  0.0005419739    0.0005419739    0.0005419739    0.0005419739    0.0005419739
  0.0005419739    0.0005419739    0.0005419739    0.0005419739    0.0005419739
  0.0005419739    0.0005419739    0.0005419739    0.0005419739    0.0005419739
  0.0019229647    0.0019207091    0.0019151704    0.0019080588    0.0019002098
  0.0018919934    0.0018835671    0.0018750135    0.0018663726    0.0018576797
  0.0018489414    0.0018401671    0.0018313739    0.0018225541    0.0018137199
  0.0018048709    0.0017960135    0.0017871417    0.0017782559    0.0017693689
  0.0017604691    0.0017515631    0.0017426518    0.0017337299    0.0017248040
  0.0017158751    0.0017069380    0.0016979937    0.0016890488    0.0016800927
  0.0016711378    0.0016621736    0.0016532068    0.0016442383    0.0016352635
  0.0016262834    0.0016172991    0.0016083061    0.0015993164    0.0015903148
  0.0015813131    0.0015723072    0.0015632981    0.0015542817    0.0015452592
  0.0015362369    0.0015272109    0.0015181772    0.0015091421    0.0015001019
  0.0014910528    0.0014820061    0.0014729530    0.0014638950    0.0014548335
  0.0014457696    0.0014366953    0.0014276215    0.0014185448    0.0014094573
  0.0014003745    0.0013912793    0.0013821826    0.0013730812    0.0013639767
  0.0013548618    0.0013457469    0.0013366295    0.0013275066    0.0013183714
  0.0013092429    0.0013001014    0.0012909572    0.0012818120    0.0012726596
  0.0012634976    0.0012543363    0.0012451655    0.0012359909    0.0012268072
  0.0012176239    0.0012084354    0.0011992399    0.0011900361    0.0011808261
  0.0011716197    0.0011623933    0.0011531712    0.0011439379    0.0011346993
  0.0011254547    0.0011162062    0.0011069396    0.0010976814    0.0010884039
  0.0010791266    0.0010698394    0.0010605449    0.0010512432    0.0010419341
  0.0010326113    0.0010232844    0.0010139507    0.0010046010    0.0009952512
  0.0009858869    0.0009765151    0.0009671304    0.0009577398    0.0009483306
  0.0009389179    0.0009294951    0.0009200527    0.0009106008    0.0009011362
  0.0008916586    0.0008821677    0.0008726610    0.0008631414    0.0008536070
  0.0008440488    0.0008344828    0.0008248930    0.0008152865    0.0008056673
  0.0007960198    0.0007863509    0.0007766641    0.0007669495    0.0007572154
  0.0007474536    0.0007376567    0.0007278377    0.0007179870    0.0007081025
  0.0006981873    0.0006882304    0.0006782401    0.0006682017    0.0006581262
  0.0006479920    0.0006378137    0.0006275850    0.0006172950    0.0006069440
  0.0005965216    0.0005873221    0.0005873222    0.0005873222    0.0005873222
  0.0005873222    0.0005873222    0.0005873222    0.0005873222    0.0005873222
  0.0005873222    0.0005873222    0.0005873222    0.0005873222    0.0005873222
  0.0005873222    0.0005873222    0.0005873222    0.0005873222    0.0005873222
  0.0005873222    0.0005873222    0.0005873222    0.0005873222    0.0005873222
  0.0005873222    0.0005873222    0.0005873222    0.0005873222    0.0005873222
  0.0005873222    0.0005873222    0.0005873222    0.0005873222    0.0005873222
  0.0005873222    0.0005873222    0.0005873222    0.0005873222    0.0005873222
  0.0005873222    0.0005873222    0.0005873222    0.0005873222    0.0005873222
  0.0005873222    0.0005873222    0.0005873222    0.0005873222    0.0005873222
  0.0005873222    0.0005873222    0.0005873222    0.0005873222    0.0005873222
  0.0005873222    0.0005873222    0.0005873222    0.0005873222    0.0005873222
  0.0005873222    0.0005873222    0.0005873222    0.0005873222    0.0005873222
  0.0005873222    0.0005873222    0.0005873222    0.0005873222    0.0005873222
  0.0005873222    0.0005873222    0.0005873222    0.0005873222    0.0005873222
  0.0005873222    0.0005873222    0.0005873222    0.0005873222    0.0005873222
  0.0005873222    0.0005873222    0.0005873222    0.0005873222    0.0005873222
  0.0005873222    0.0005873222    0.0005873222    0.0005873222    0.0005873222
  0.0005873222    0.0005873222    0.0005873222    0.0005873222    0.0005873222
  0.0005873222    0.0005873222    0.0005873222    0.0005873222    0.0005873222
  0.0005873222    0.0005873222    0.0005873222    0.0005873222    0.0005873222
  0.0005873222    0.0005873222    0.0005873222    0.0005873222    0.0005873222
  0.0005873222    0.0005873222    0.0005873222    0.0005873222    0.0005873222
  0.0005873222    0.0005873222    0.0005873222    0.0005873222    0.0005873222
  0.0005873222    0.0005873222    0.0005873222    0.0005873222    0.0005873222
  0.0005873222    0.0005873222    0.0005873222    0.0005873222    0.0005873222
  0.0005873222    0.0005873222    0.0005873222    0.0005873222    0.0005873222
  0.0005873222    0.0005873222    0.0005873222    0.0005873222    0.0005873222
  0.0005873222    0.0005873222    0.0005873222    0.0005873222    0.0005873222
  0.0005873222    0.0005873222    0.0005873222    0.0005873222    0.0005873222
  0.0005873222    0.0005873222    0.0005873222    0.0005873222    0.0005873222
  0.0020536433    0.0020517133    0.0020467538    0.0020401313    0.0020326482
  0.0020247059    0.0020164939    0.0020081196    0.0019996341    0.0019910714
  0.0019824502    0.0019737925    0.0019650949    0.0019563756    0.0019476265
  0.0019388671    0.0019300901    0.0019213023    0.0019124969    0.0019036875
  0.0018948613    0.0018860318    0.0018771930    0.0018683454    0.0018594961
  0.0018506330    0.0018417694    0.0018328997    0.0018240185    0.0018151388
  0.0018062492    0.0017973565    0.0017884616    0.0017795592    0.0017706501
  0.0017617353    0.0017528215    0.0017438978    0.0017349769    0.0017260479
  0.0017171117    0.0017081751    0.0016992333    0.0016902816    0.0016813323
  0.0016723806    0.0016634165    0.0016544521    0.0016454884    0.0016365154
  0.0016275398    0.0016185623    0.0016095737    0.0016005856    0.0015915938
  0.0015825993    0.0015735981    0.0015645966    0.0015555856    0.0015465717
  0.0015375507    0.0015285341    0.0015195080    0.0015104788    0.0015014426
  0.0014924010    0.0014833600    0.0014743115    0.0014652614    0.0014562018
  0.0014471481    0.0014380783    0.0014290125    0.0014199384    0.0014108620
  0.0014017757    0.0013926902    0.0013835981    0.0013745012    0.0013653963
  0.0013562897    0.0013471745    0.0013380609    0.0013289420    0.0013198113
  0.0013106788    0.0013015426    0.0012924000    0.0012832532    0.0012740961
  0.0012649346    0.0012557707    0.0012466025    0.0012374242    0.0012282422
  0.0012190507    0.0012098560    0.0012006524    0.0011914428    0.0011822294
  0.0011730107    0.0011637821    0.0011545498    0.0011453022    0.0011360527
  0.0011267966    0.0011175299    0.0011082560    0.0010989770    0.0010896865
  0.0010803904    0.0010710825    0.0010617659    0.0010524404    0.0010431033
  0.0010337641    0.0010244083    0.0010150422    0.0010056695    0.0009962796
  0.0009868822    0.0009774722    0.0009680488    0.0009586131    0.0009491666
  0.0009397032    0.0009302225    0.0009207342    0.0009112350    0.0009017075
  0.0008921671    0.0008826141    0.0008730370    0.0008634488    0.0008538320
  0.0008442019    0.0008345424    0.0008248689    0.0008151662    0.0008054417
  0.0007956922    0.0007859105    0.0007761008    0.0007662638    0.0007563959
  0.0007464929    0.0007365455    0.0007265732    0.0007165568    0.0007064897
  0.0006963839    0.0006862293    0.0006760214    0.0006657613    0.0006554375
  0.0006450574    0.0006345990    0.0006329929    0.0006329930    0.0006329930
  0.0006329930    0.0006329930    0.0006329930    0.0006329930    0.0006329930
  0.0006329930    0.0006329930    0.0006329930    0.0006329930    0.0006329930
  0.0006329930    0.0006329930    0.0006329930    0.0006329930    0.0006329930
  0.0006329930    0.0006329930    0.0006329930    0.0006329930    0.0006329930
  0.0006329930    0.0006329930    0.0006329930    0.0006329930    0.0006329930
  0.0006329930    0.0006329930    0.0006329930    0.0006329930    0.0006329930
  0.0006329930    0.0006329930    0.0006329930    0.0006329930    0.0006329930
  0.0006329930    0.0006329930    0.0006329930    0.0006329930    0.0006329930
  0.0006329930    0.0006329930    0.0006329930    0.0006329930    0.0006329930
  0.0006329930    0.0006329930    0.0006329930    0.0006329930    0.0006329930
  0.0006329930    0.0006329930    0.0006329930    0.0006329930    0.0006329930
  0.0006329930    0.0006329930    0.0006329930    0.0006329930    0.0006329930
  0.0006329930    0.0006329930    0.0006329930    0.0006329930    0.0006329930
  0.0006329930    0.0006329930    0.0006329930    0.0006329930    0.0006329930
  0.0006329930    0.0006329930    0.0006329930    0.0006329930    0.0006329930
  0.0006329930    0.0006329930    0.0006329930    0.0006329930    0.0006329930
  0.0006329930    0.0006329930    0.0006329930    0.0006329930    0.0006329930
  0.0006329930    0.0006329930    0.0006329930    0.0006329930    0.0006329930
  0.0006329930    0.0006329930    0.0006329930    0.0006329930    0.0006329930
  0.0006329930    0.0006329930    0.0006329930    0.0006329930    0.0006329930
  0.0006329930    0.0006329930    0.0006329930    0.0006329930    0.0006329930
  0.0006329930    0.0006329930    0.0006329930    0.0006329930    0.0006329930
  0.0006329930    0.0006329930    0.0006329930    0.0006329930    0.0006329930
  0.0006329930    0.0006329930    0.0006329930    0.0006329930    0.0006329930
  0.0006329930    0.0006329930    0.0006329930    0.0006329930    0.0006329930
  0.0006329930    0.0006329930    0.0006329930    0.0006329930    0.0006329930
  0.0006329930    0.0006329930    0.0006329930    0.0006329930    0.0006329930
  0.0006329930    0.0006329930    0.0006329930    0.0006329930    0.0006329930
  0.0021834599    0.0021817947    0.0021773721    0.0021712369    0.0021641424
  0.0021565101    0.0021485454    0.0021403684    0.0021320499    0.0021236293
  0.0021151386    0.0021065991    0.0020980131    0.0020893918    0.0020807402
  0.0020720712    0.0020633838    0.0020546776    0.0020459522    0.0020372216
  0.0020284721    0.0020197176    0.0020109516    0.0020021813    0.0019934003
  0.0019846092    0.0019758152    0.0019670121    0.0019582073    0.0019493881
  0.0019405748    0.0019317485    0.0019229165    0.0019140792    0.0019052377
  0.0018963925    0.0018875443    0.0018786938    0.0018698293    0.0018609704
  0.0018520991    0.0018432286    0.0018343474    0.0018254686    0.0018165870
  0.0018076971    0.0017988060    0.0017899086    0.0017810057    0.0017720984
  0.0017631874    0.0017542736    0.0017453580    0.0017364356    0.0017275077
  0.0017185806    0.0017096441    0.0017007105    0.0016917640    0.0016828222
  0.0016738696    0.0016649181    0.0016559580    0.0016470013    0.0016380326
  0.0016290641    0.0016200860    0.0016111102    0.0016021271    0.0015931381
  0.0015841494    0.0015751570    0.0015661522    0.0015571562    0.0015481452
  0.0015391306    0.0015301183    0.0015210999    0.0015120721    0.0015030409
  0.0014940075    0.0014849688    0.0014759260    0.0014668805    0.0014578294
  0.0014487692    0.0014397061    0.0014306417    0.0014215682    0.0014124923
  0.0014034104    0.0013943247    0.0013852320    0.0013761427    0.0013670374
  0.0013579304    0.0013488151    0.0013396973    0.0013305748    0.0013214454
  0.0013123067    0.0013031729    0.0012940220    0.0012848639    0.0012757086
  0.0012665424    0.0012573712    0.0012481974    0.0012390043    0.0012298126
  0.0012206140    0.0012114101    0.0012021967    0.0011929757    0.0011837465
  0.0011745113    0.0011652658    0.0011560163    0.0011467518    0.0011374850
  0.0011282057    0.0011189228    0.0011096173    0.0011003175    0.0010909981
  0.0010816715    0.0010723381    0.0010629888    0.0010536329    0.0010442596
  0.0010348806    0.0010254887    0.0010160785    0.0010066600    0.0009972283
  0.0009877827    0.0009783187    0.0009688435    0.0009593515    0.0009498415
  0.0009403210    0.0009307774    0.0009212158    0.0009116362    0.0009020346
  0.0008924192    0.0008827717    0.0008731062    0.0008634232    0.0008537163
  0.0008439719    0.0008342068    0.0008244122    0.0008145876    0.0008047351
  0.0007948445    0.0007849203    0.0007749596    0.0007649588    0.0007549162
  0.0007448308    0.0007346962    0.0007245139    0.0007142775    0.0007039908
  0.0006936387    0.0006832192    0.0006789707    0.0006789709    0.0006789709
  0.0006789709    0.0006789709    0.0006789709    0.0006789709    0.0006789709
  0.0006789709    0.0006789709    0.0006789709    0.0006789709    0.0006789709
  0.0006789709    0.0006789709    0.0006789709    0.0006789709    0.0006789709
  0.0006789709    0.0006789709    0.0006789709    0.0006789709    0.0006789709
  0.0006789709    0.0006789709    0.0006789709    0.0006789709    0.0006789709
  0.0006789709    0.0006789709    0.0006789709    0.0006789709    0.0006789709
  0.0006789709    0.0006789709    0.0006789709    0.0006789709    0.0006789709
  0.0006789709    0.0006789709    0.0006789709    0.0006789709    0.0006789709
  0.0006789709    0.0006789709    0.0006789709    0.0006789709    0.0006789709
  0.0006789709    0.0006789709    0.0006789709    0.0006789709    0.0006789709
  0.0006789709    0.0006789709    0.0006789709    0.0006789709    0.0006789709
  0.0006789709    0.0006789709    0.0006789709    0.0006789709    0.0006789709
  0.0006789709    0.0006789709    0.0006789709    0.0006789709    0.0006789709
  0.0006789709    0.0006789709    0.0006789709    0.0006789709    0.0006789709
  0.0006789709    0.0006789709    0.0006789709    0.0006789709    0.0006789709
  0.0006789709    0.0006789709    0.0006789709    0.0006789709    0.0006789709
  0.0006789709    0.0006789709    0.0006789709    0.0006789709    0.0006789709
  0.0006789709    0.0006789709    0.0006789709    0.0006789709    0.0006789709
  0.0006789709    0.0006789709    0.0006789709    0.0006789709    0.0006789709
  0.0006789709    0.0006789709    0.0006789709    0.0006789709    0.0006789709
  0.0006789709    0.0006789709    0.0006789709    0.0006789709    0.0006789709
  0.0006789709    0.0006789709    0.0006789709    0.0006789709    0.0006789709
  0.0006789709    0.0006789709    0.0006789709    0.0006789709    0.0006789709
  0.0006789709    0.0006789709    0.0006789709    0.0006789709    0.0006789709
  0.0006789709    0.0006789709    0.0006789709    0.0006789709    0.0006789709
  0.0006789709    0.0006789709    0.0006789709    0.0006789709    0.0006789709
  0.0023124619    0.0023110108    0.0023070533    0.0023014126    0.0022947257
  0.0022874206    0.0022797235    0.0022717618    0.0022636358    0.0022553753
  0.0022470267    0.0022386105    0.0022301430    0.0022216271    0.0022130825
  0.0022045069    0.0021959065    0.0021872878    0.0021786499    0.0021699999
  0.0021613305    0.0021526488    0.0021439623    0.0021352638    0.0021265537
  0.0021178323    0.0021091072    0.0021003716    0.0020916332    0.0020828921
  0.0020741353    0.0020653770    0.0020566178    0.0020478445    0.0020390715
  0.0020302857    0.0020215081    0.0020127122    0.0020039190    0.0019951224
  0.0019863164    0.0019775084    0.0019686989    0.0019598822    0.0019510590
  0.0019422301    0.0019334026    0.0019245707    0.0019157291    0.0019068910
  0.0018980446    0.0018891908    0.0018803427    0.0018714826    0.0018626237
  0.0018537544    0.0018448878    0.0018360128    0.0018271361    0.0018182526
  0.0018093692    0.0018004806    0.0017915881    0.0017826866    0.0017737886
  0.0017648837    0.0017559724    0.0017470618    0.0017381469    0.0017292287
  0.0017203029    0.0017113704    0.0017024428    0.0016935054    0.0016845643
  0.0016756206    0.0016666699    0.0016577188    0.0016487630    0.0016398037
  0.0016308368    0.0016218686    0.0016128901    0.0016039176    0.0015949371
  0.0015859449    0.0015769571    0.0015679604    0.0015589653    0.0015499589
  0.0015409519    0.0015319364    0.0015229182    0.0015138940    0.0015048700
  0.0014958378    0.0014867996    0.0014777562    0.0014687140    0.0014596605
  0.0014506067    0.0014415405    0.0014324722    0.0014234037    0.0014143277
  0.0014052417    0.0013961516    0.0013870589    0.0013779615    0.0013688525
  0.0013597423    0.0013506201    0.0013414963    0.0013323642    0.0013232262
  0.0013140841    0.0013049361    0.0012957800    0.0012866144    0.0012774451
  0.0012682670    0.0012590854    0.0012498885    0.0012406927    0.0012314825
  0.0012222639    0.0012130430    0.0012038079    0.0011945685    0.0011853168
  0.0011760621    0.0011667942    0.0011575123    0.0011482258    0.0011389280
  0.0011296217    0.0011202974    0.0011109647    0.0011016296    0.0010922739
  0.0010829102    0.0010735332    0.0010641458    0.0010547408    0.0010453187
  0.0010358887    0.0010264416    0.0010169834    0.0010075047    0.0009980076
  0.0009885042    0.0009789730    0.0009694235    0.0009598534    0.0009502753
  0.0009406715    0.0009310403    0.0009213902    0.0009117119    0.0009020144
  0.0008922919    0.0008825420    0.0008727642    0.0008629546    0.0008531079
  0.0008432442    0.0008333269    0.0008233875    0.0008134057    0.0008033901
  0.0007933214    0.0007832108    0.0007730537    0.0007628439    0.0007525806
  0.0007422660    0.0007318869    0.0007252326    0.0007252327    0.0007252327
  0.0007252327    0.0007252327    0.0007252327    0.0007252327    0.0007252327
  0.0007252327    0.0007252327    0.0007252327    0.0007252327    0.0007252327
  0.0007252327    0.0007252327    0.0007252327    0.0007252327    0.0007252327
  0.0007252327    0.0007252327    0.0007252327    0.0007252327    0.0007252327
  0.0007252327    0.0007252327    0.0007252327    0.0007252327    0.0007252327
  0.0007252327    0.0007252327    0.0007252327    0.0007252327    0.0007252327
  0.0007252327    0.0007252327    0.0007252327    0.0007252327    0.0007252327
  0.0007252327    0.0007252327    0.0007252327    0.0007252327    0.0007252327
  0.0007252327    0.0007252327    0.0007252327    0.0007252327    0.0007252327
  0.0007252327    0.0007252327    0.0007252327    0.0007252327    0.0007252327
  0.0007252327    0.0007252327    0.0007252327    0.0007252327    0.0007252327
  0.0007252327    0.0007252327    0.0007252327    0.0007252327    0.0007252327
  0.0007252327    0.0007252327    0.0007252327    0.0007252327    0.0007252327
  0.0007252327    0.0007252327    0.0007252327    0.0007252327    0.0007252327
  0.0007252327    0.0007252327    0.0007252327    0.0007252327    0.0007252327
  0.0007252327    0.0007252327    0.0007252327    0.0007252327    0.0007252327
  0.0007252327    0.0007252327    0.0007252327    0.0007252327    0.0007252327
  0.0007252327    0.0007252327    0.0007252327    0.0007252327    0.0007252327
  0.0007252327    0.0007252327    0.0007252327    0.0007252327    0.0007252327
  0.0007252327    0.0007252327    0.0007252327    0.0007252327    0.0007252327
  0.0007252327    0.0007252327    0.0007252327    0.0007252327    0.0007252327
  0.0007252327    0.0007252327    0.0007252327    0.0007252327    0.0007252327
  0.0007252327    0.0007252327    0.0007252327    0.0007252327    0.0007252327
  0.0007252327    0.0007252327    0.0007252327    0.0007252327    0.0007252327
  0.0024406734    0.0024393961    0.0024358674    0.0024306827    0.0024244216
  0.0024174584    0.0024100461    0.0024023301    0.0023944025    0.0023863235
  0.0023781308    0.0023698518    0.0023615102    0.0023531158    0.0023446724
  0.0023362008    0.0023276909    0.0023191648    0.0023106136    0.0023020443
  0.0022934564    0.0022848575    0.0022762397    0.0022676182    0.0022589780
  0.0022503345    0.0022416802    0.0022330154    0.0022243407    0.0022156636
  0.0022069773    0.0021982822    0.0021895860    0.0021808820    0.0021721706
  0.0021634523    0.0021547349    0.0021460046    0.0021372762    0.0021285362
  0.0021197990    0.0021110513    0.0021023008    0.0020935480    0.0020847866
  0.0020760241    0.0020672544    0.0020584848    0.0020497092    0.0020409284
  0.0020321430    0.0020233537    0.0020145611    0.0020057660    0.0019969689
  0.0019881578    0.0019793528    0.0019705415    0.0019617247    0.0019529096
  0.0019440843    0.0019352559    0.0019264252    0.0019175927    0.0019087593
  0.0018999137    0.0018910687    0.0018822192    0.0018733661    0.0018645040
  0.0018556459    0.0018467806    0.0018379149    0.0018290438    0.0018201625
  0.0018112835    0.0018024016    0.0017935125    0.0017846225    0.0017757268
  0.0017668267    0.0017579229    0.0017490165    0.0017401031    0.0017311834
  0.0017222642    0.0017133407    0.0017044197    0.0016954860    0.0016865462
  0.0016776064    0.0016686628    0.0016597162    0.0016507626    0.0016418034
  0.0016328397    0.0016238775    0.0016149032    0.0016059326    0.0015969477
  0.0015879690    0.0015789737    0.0015699820    0.0015609810    0.0015519818
  0.0015429712    0.0015339602    0.0015249452    0.0015159188    0.0015068914
  0.0014978554    0.0014888212    0.0014797724    0.0014707240    0.0014616643
  0.0014526077    0.0014435432    0.0014344720    0.0014253918    0.0014163085
  0.0014072237    0.0013981226    0.0013890233    0.0013799076    0.0013707971
  0.0013616700    0.0013525398    0.0013434125    0.0013342666    0.0013251196
  0.0013159621    0.0013067962    0.0012976241    0.0012884404    0.0012792549
  0.0012700588    0.0012608506    0.0012516402    0.0012424189    0.0012331861
  0.0012239442    0.0012146956    0.0012054330    0.0011961657    0.0011868830
  0.0011775911    0.0011682899    0.0011589786    0.0011496513    0.0011403138
  0.0011309689    0.0011216054    0.0011122261    0.0011028436    0.0010934405
  0.0010840232    0.0010745985    0.0010651499    0.0010556848    0.0010462039
  0.0010367114    0.0010271980    0.0010176630    0.0010081106    0.0009985377
  0.0009889419    0.0009793323    0.0009696971    0.0009600389    0.0009503514
  0.0009406400    0.0009309060    0.0009211435    0.0009113542    0.0009015273
  0.0008916690    0.0008817804    0.0008718533    0.0008618896    0.0008518905
  0.0008418521    0.0008317613    0.0008216369    0.0008114514    0.0008012250
  0.0007909373    0.0007805930    0.0007717672    0.0007717674    0.0007717674
  0.0007717674    0.0007717674    0.0007717674    0.0007717674    0.0007717674
  0.0007717674    0.0007717674    0.0007717674    0.0007717674    0.0007717674
  0.0007717674    0.0007717674    0.0007717674    0.0007717674    0.0007717674
  0.0007717674    0.0007717674    0.0007717674    0.0007717674    0.0007717674
  0.0007717674    0.0007717674    0.0007717674    0.0007717674    0.0007717674
  0.0007717674    0.0007717674    0.0007717674    0.0007717674    0.0007717674
  0.0007717674    0.0007717674    0.0007717674    0.0007717674    0.0007717674
  0.0007717674    0.0007717674    0.0007717674    0.0007717674    0.0007717674
  0.0007717674    0.0007717674    0.0007717674    0.0007717674    0.0007717674
  0.0007717674    0.0007717674    0.0007717674    0.0007717674    0.0007717674
  0.0007717674    0.0007717674    0.0007717674    0.0007717674    0.0007717674
  0.0007717674    0.0007717674    0.0007717674    0.0007717674    0.0007717674
  0.0007717674    0.0007717674    0.0007717674    0.0007717674    0.0007717674
  0.0007717674    0.0007717674    0.0007717674    0.0007717674    0.0007717674
  0.0007717674    0.0007717674    0.0007717674    0.0007717674    0.0007717674
  0.0007717674    0.0007717674    0.0007717674    0.0007717674    0.0007717674
  0.0007717674    0.0007717674    0.0007717674    0.0007717674    0.0007717674
  0.0007717674    0.0007717674    0.0007717674    0.0007717674    0.0007717674
  0.0007717674    0.0007717674    0.0007717674    0.0007717674    0.0007717674
  0.0007717674    0.0007717674    0.0007717674    0.0007717674    0.0007717674
  0.0007717674    0.0007717674    0.0007717674    0.0007717674    0.0007717674
  0.0007717674    0.0007717674    0.0007717674    0.0007717674    0.0007717674
  0.0025681318    0.0025670146    0.0025638464    0.0025590959    0.0025532452
  0.0025466475    0.0025395369    0.0025320804    0.0025243709    0.0025164849
  0.0025084591    0.0025003370    0.0024921249    0.0024838568    0.0024755275
  0.0024671579    0.0024587534    0.0024503200    0.0024418644    0.0024333773
  0.0024248742    0.0024163545    0.0024078178    0.0023992719    0.0023907089
  0.0023821288    0.0023735473    0.0023649567    0.0023563496    0.0023477416
  0.0023391177    0.0023304935    0.0023218542    0.0023132153    0.0023045695
  0.0022959175    0.0022872595    0.0022785960    0.0022699275    0.0022612545
  0.0022525701    0.0022438894    0.0022351985    0.0022265050    0.0022178023
  0.0022090981    0.0022003930    0.0021916804    0.0021829609    0.0021742489
  0.0021655243    0.0021567875    0.0021480600    0.0021393216    0.0021305799
  0.0021218354    0.0021130888    0.0021043405    0.0020955780    0.0020868219
  0.0020780594    0.0020692914    0.0020605183    0.0020517475    0.0020429731
  0.0020341892    0.0020254032    0.0020166157    0.0020078208    0.0019990259
  0.0019902253    0.0019814134    0.0019726097    0.0019638025    0.0019549803
  0.0019461682    0.0019373369    0.0019285171    0.0019196857    0.0019108552
  0.0019020206    0.0018931771    0.0018843253    0.0018754776    0.0018666291
  0.0018577694    0.0018489104    0.0018400477    0.0018311818    0.0018223080
  0.0018134276    0.0018045525    0.0017956668    0.0017867770    0.0017778899
  0.0017689951    0.0017600938    0.0017511923    0.0017422811    0.0017333666
  0.0017244496    0.0017155311    0.0017066072    0.0016976788    0.0016887420
  0.0016798030    0.0016708629    0.0016619126    0.0016529635    0.0016440067
  0.0016350435    0.0016260799    0.0016171075    0.0016081277    0.0015991510
  0.0015901692    0.0015811744    0.0015721817    0.0015631789    0.0015541805
  0.0015451702    0.0015361494    0.0015271280    0.0015180993    0.0015090683
  0.0015000285    0.0014909809    0.0014819317    0.0014728779    0.0014638086
  0.0014547463    0.0014456716    0.0014365906    0.0014274966    0.0014184039
  0.0014093059    0.0014002001    0.0013910810    0.0013819578    0.0013728329
  0.0013636886    0.0013545460    0.0013453919    0.0013362288    0.0013270582
  0.0013178862    0.0013086930    0.0012995026    0.0012902993    0.0012810817
  0.0012718663    0.0012626311    0.0012533892    0.0012441325    0.0012348708
  0.0012255992    0.0012163114    0.0012070130    0.0011977068    0.0011883830
  0.0011790542    0.0011697011    0.0011603488    0.0011509726    0.0011415822
  0.0011321896    0.0011227630    0.0011133381    0.0011038919    0.0010944232
  0.0010849469    0.0010754443    0.0010659254    0.0010563884    0.0010468303
  0.0010372474    0.0010276518    0.0010180302    0.0010083827    0.0009987116
  0.0009890194    0.0009792950    0.0009695554    0.0009597799    0.0009499706
  0.0009401270    0.0009302550    0.0009203504    0.0009104087    0.0009004265
  0.0008904136    0.0008803504    0.0008702410    0.0008600937    0.0008498840
  0.0008396350    0.0008293271    0.0008189649    0.0008185676    0.0008185679
  0.0008185679    0.0008185679    0.0008185679    0.0008185679    0.0008185679
  0.0008185679    0.0008185679    0.0008185679    0.0008185679    0.0008185679
  0.0008185679    0.0008185679    0.0008185679    0.0008185679    0.0008185679
  0.0008185679    0.0008185679    0.0008185679    0.0008185679    0.0008185679
  0.0008185679    0.0008185679    0.0008185679    0.0008185679    0.0008185679
  0.0008185679    0.0008185679    0.0008185679    0.0008185679    0.0008185679
  0.0008185679    0.0008185679    0.0008185679    0.0008185679    0.0008185679
  0.0008185679    0.0008185679    0.0008185679    0.0008185679    0.0008185679
  0.0008185679    0.0008185679    0.0008185679    0.0008185679    0.0008185679
  0.0008185679    0.0008185679    0.0008185679    0.0008185679    0.0008185679
  0.0008185679    0.0008185679    0.0008185679    0.0008185679    0.0008185679
  0.0008185679    0.0008185679    0.0008185679    0.0008185679    0.0008185679
  0.0008185679    0.0008185679    0.0008185679    0.0008185679    0.0008185679
  0.0008185679    0.0008185679    0.0008185679    0.0008185679    0.0008185679
  0.0008185679    0.0008185679    0.0008185679    0.0008185679    0.0008185679
  0.0008185679    0.0008185679    0.0008185679    0.0008185679    0.0008185679
  0.0008185679    0.0008185679    0.0008185679    0.0008185679    0.0008185679
  0.0008185679    0.0008185679    0.0008185679    0.0008185679    0.0008185679
  0.0008185679    0.0008185679    0.0008185679    0.0008185679    0.0008185679
  0.0008185679    0.0008185679    0.0008185679    0.0008185679    0.0008185679
  0.0026948817    0.0026938818    0.0026910356    0.0026866916    0.0026812427
  0.0026750016    0.0026682116    0.0026610296    0.0026535590    0.0026458772
  0.0026380376    0.0026300660    0.0026220110    0.0026138721    0.0026056687
  0.0025974131    0.0025891190    0.0025807835    0.0025724132    0.0025640235
  0.0025556048    0.0025471731    0.0025387109    0.0025302430    0.0025217607
  0.0025132556    0.0025047441    0.0024962180    0.0024876857    0.0024791390
  0.0024705863    0.0024620279    0.0024534558    0.0024448785    0.0024362963
  0.0024277094    0.0024191103    0.0024105073    0.0024019008    0.0023932910
  0.0023846708    0.0023760406    0.0023674161    0.0023587825    0.0023501402
  0.0023414974    0.0023328470    0.0023241967    0.0023155325    0.0023068696
  0.0022982084    0.0022895347    0.0022808637    0.0022721886    0.0022635027
  0.0022548138    0.0022461225    0.0022374364    0.0022287347    0.0022200321
  0.0022113293    0.0022026197    0.0021939042    0.0021851899    0.0021764707
  0.0021677472    0.0021590132    0.0021502830    0.0021415502    0.0021328088
  0.0021240663    0.0021153232    0.0021065733    0.0020978177    0.0020890633
  0.0020803043    0.0020715414    0.0020627753    0.0020540003    0.0020452297
  0.0020364454    0.0020276670    0.0020188826    0.0020100989    0.0020013046
  0.0019925064    0.0019836993    0.0019749020    0.0019660910    0.0019572850
  0.0019484674    0.0019396504    0.0019308232    0.0019220040    0.0019131765
  0.0019043409    0.0018955045    0.0018866562    0.0018778143    0.0018689681
  0.0018601183    0.0018512550    0.0018424013    0.0018335357    0.0018246647
  0.0018157895    0.0018069109    0.0017980351    0.0017891471    0.0017802586
  0.0017713653    0.0017624630    0.0017535681    0.0017446558    0.0017357428
  0.0017268351    0.0017179085    0.0017089841    0.0017000582    0.0016911168
  0.0016821859    0.0016732420    0.0016642911    0.0016553393    0.0016463830
  0.0016374189    0.0016284430    0.0016194803    0.0016104948    0.0016015154
  0.0015925209    0.0015835258    0.0015745271    0.0015655259    0.0015565064
  0.0015474959    0.0015384699    0.0015294426    0.0015204072    0.0015113607
  0.0015023093    0.0014932582    0.0014841968    0.0014751268    0.0014660535
  0.0014569704    0.0014478839    0.0014387872    0.0014296860    0.0014205706
  0.0014114543    0.0014023274    0.0013931918    0.0013840496    0.0013748986
  0.0013657411    0.0013565716    0.0013473923    0.0013382054    0.0013290131
  0.0013198064    0.0013105883    0.0013013639    0.0012921293    0.0012828796
  0.0012736209    0.0012643588    0.0012550730    0.0012457853    0.0012364763
  0.0012271582    0.0012178237    0.0012084861    0.0011991290    0.0011897522
  0.0011803684    0.0011709656    0.0011615473    0.0011521165    0.0011426619
  0.0011331990    0.0011237171    0.0011142087    0.0011046828    0.0010951443
  0.0010855851    0.0010759921    0.0010663847    0.0010567543    0.0010471031
  0.0010374254    0.0010277190    0.0010179839    0.0010082274    0.0009984317
  0.0009886183    0.0009787627    0.0009688735    0.0009589544    0.0009489942
  0.0009390020    0.0009289606    0.0009188858    0.0009087581    0.0008985894
  0.0008883580    0.0008780884    0.0008677631    0.0008656124    0.0008656126
  0.0008656126    0.0008656126    0.0008656126    0.0008656126    0.0008656126
  0.0008656126    0.0008656126    0.0008656126    0.0008656126    0.0008656126
  0.0008656126    0.0008656126    0.0008656126    0.0008656126    0.0008656126
  0.0008656126    0.0008656126    0.0008656126    0.0008656126    0.0008656126
  0.0008656126    0.0008656126    0.0008656126    0.0008656126    0.0008656126
  0.0008656126    0.0008656126    0.0008656126    0.0008656126    0.0008656126
  0.0008656126    0.0008656126    0.0008656126    0.0008656126    0.0008656126
  0.0008656126    0.0008656126    0.0008656126    0.0008656126    0.0008656126
  0.0008656126    0.0008656126    0.0008656126    0.0008656126    0.0008656126
  0.0008656126    0.0008656126    0.0008656126    0.0008656126    0.0008656126
  0.0008656126    0.0008656126    0.0008656126    0.0008656126    0.0008656126
  0.0008656126    0.0008656126    0.0008656126    0.0008656126    0.0008656126
  0.0008656126    0.0008656126    0.0008656126    0.0008656126    0.0008656126
  0.0008656126    0.0008656126    0.0008656126    0.0008656126    0.0008656126
  0.0008656126    0.0008656126    0.0008656126    0.0008656126    0.0008656126
  0.0008656126    0.0008656126    0.0008656126    0.0008656126    0.0008656126
  0.0008656126    0.0008656126    0.0008656126    0.0008656126    0.0008656126
  0.0008656126    0.0008656126    0.0008656126    0.0008656126    0.0008656126
  0.0028209348    0.0028200445    0.0028174727    0.0028135024    0.0028084372
  0.0028025540    0.0027960892    0.0027891903    0.0027819739    0.0027745091
  0.0027668683    0.0027590762    0.0027511730    0.0027431748    0.0027351009
  0.0027269723    0.0027187843    0.0027105605    0.0027022981    0.0026939950
  0.0026856676    0.0026773233    0.0026689524    0.0026605543    0.0026521460
  0.0026437269    0.0026352883    0.0026268300    0.0026183692    0.0026098888
  0.0026014058    0.0025929119    0.0025844073    0.0025759005    0.0025673750
  0.0025588479    0.0025503110    0.0025417729    0.0025332257    0.0025246698
  0.0025161135    0.0025075492    0.0024989773    0.0024904061    0.0024818200
  0.0024732355    0.0024646450    0.0024560488    0.0024474474    0.0024388413
  0.0024302310    0.0024216168    0.0024129993    0.0024043787    0.0023957557
  0.0023871231    0.0023784890    0.0023698538    0.0023612104    0.0023525670
  0.0023439164    0.0023352594    0.0023266039    0.0023179428    0.0023092768
  0.0023006136    0.0022919392    0.0022832688    0.0022745884    0.0022659058
  0.0022572144    0.0022485290    0.0022398360    0.0022311429    0.0022224366
  0.0022137314    0.0022050279    0.0021963196    0.0021876007    0.0021788853
  0.0021701603    0.0021614399    0.0021527114    0.0021439819    0.0021352456
  0.0021265095    0.0021177680    0.0021090217    0.0021002712    0.0020915173
  0.0020827605    0.0020740016    0.0020652413    0.0020564739    0.0020477002
  0.0020389272    0.0020301494    0.0020213676    0.0020125822    0.0020037945
  0.0019950048    0.0019862079    0.0019774049    0.0019686081    0.0019597949
  0.0019509838    0.0019421753    0.0019333474    0.0019245293    0.0019156994
  0.0019068696    0.0018980407    0.0018891971    0.0018803561    0.0018715077
  0.0018626581    0.0018538028    0.0018449430    0.0018360792    0.0018272124
  0.0018183441    0.0018094639    0.0018005839    0.0017916996    0.0017828118
  0.0017739118    0.0017650157    0.0017561142    0.0017472084    0.0017382894
  0.0017293735    0.0017204614    0.0017115295    0.0017025940    0.0016936562
  0.0016847169    0.0016757725    0.0016668150    0.0016578593    0.0016489022
  0.0016399266    0.0016309519    0.0016219703    0.0016129924    0.0016039920
  0.0015949980    0.0015859935    0.0015769842    0.0015679720    0.0015589449
  0.0015499178    0.0015408830    0.0015318381    0.0015227930    0.0015137367
  0.0015046750    0.0014956012    0.0014865255    0.0014774410    0.0014683496
  0.0014592531    0.0014501374    0.0014410238    0.0014318951    0.0014227679
  0.0014136256    0.0014044738    0.0013953107    0.0013861421    0.0013769626
  0.0013677742    0.0013585687    0.0013493657    0.0013401499    0.0013309196
  0.0013216710    0.0013124200    0.0013031587    0.0012938828    0.0012845879
  0.0012752838    0.0012659732    0.0012566449    0.0012472996    0.0012379430
  0.0012285682    0.0012191819    0.0012097865    0.0012003647    0.0011909281
  0.0011814770    0.0011720011    0.0011625171    0.0011530068    0.0011434758
  0.0011339260    0.0011243607    0.0011147676    0.0011051588    0.0010955152
  0.0010858484    0.0010761638    0.0010664472    0.0010567012    0.0010469288
  0.0010371343    0.0010272949    0.0010174250    0.0010075304    0.0009975938
  0.0009876149    0.0009776041    0.0009675502    0.0009574412    0.0009473071
  0.0009371128    0.0009268774    0.0009165833    0.0009128957    0.0009128959
  0.0009128959    0.0009128959    0.0009128959    0.0009128959    0.0009128959
  0.0009128959    0.0009128959    0.0009128959    0.0009128959    0.0009128959
  0.0009128959    0.0009128959    0.0009128959    0.0009128959    0.0009128959
  0.0009128959    0.0009128959    0.0009128959    0.0009128959    0.0009128959
  0.0009128959    0.0009128959    0.0009128959    0.0009128959    0.0009128959
  0.0009128959    0.0009128959    0.0009128959    0.0009128959    0.0009128959
  0.0009128959    0.0009128959    0.0009128959    0.0009128959    0.0009128959
  0.0009128959    0.0009128959    0.0009128959    0.0009128959    0.0009128959
  0.0009128959    0.0009128959    0.0009128959    0.0009128959    0.0009128959
  0.0009128959    0.0009128959    0.0009128959    0.0009128959    0.0009128959
  0.0009128959    0.0009128959    0.0009128959    0.0009128959    0.0009128959
  0.0009128959    0.0009128959    0.0009128959    0.0009128959    0.0009128959
  0.0009128959    0.0009128959    0.0009128959    0.0009128959    0.0009128959
  0.0009128959    0.0009128959    0.0009128959    0.0009128959    0.0009128959
  0.0009128959    0.0009128959    0.0009128959    0.0009128959    0.0009128959
  0.0009128959    0.0009128959    0.0009128959    0.0009128959    0.0009128959
  0.0029463337    0.0029455390    0.0029432067    0.0029395626    0.0029348627
  0.0029293420    0.0029232010    0.0029165979    0.0029096357    0.0029024049
  0.0028949596    0.0028873625    0.0028796250    0.0028717820    0.0028638521
  0.0028558471    0.0028477801    0.0028396655    0.0028315094    0.0028233090
  0.0028150810    0.0028068236    0.0027985358    0.0027902256    0.0027819013
  0.0027735534    0.0027651905    0.0027568123    0.0027484185    0.0027400092
  0.0027315930    0.0027231701    0.0027147315    0.0027062863    0.0026978258
  0.0026893676    0.0026808947    0.0026724156    0.0026639224    0.0026554322
  0.0026469283    0.0026384280    0.0026299147    0.0026213970    0.0026128754
  0.0026043419    0.0025958133    0.0025872737    0.0025787314    0.0025701788
  0.0025616244    0.0025530685    0.0025445036    0.0025359380    0.0025273641
  0.0025187904    0.0025102094    0.0025016292    0.0024930425    0.0024844498
  0.0024758592    0.0024672558    0.0024586553    0.0024500508    0.0024414347
  0.0024328230    0.0024242085    0.0024155841    0.0024069578    0.0023983303
  0.0023897017    0.0023810652    0.0023724291    0.0023637859    0.0023551365
  0.0023464889    0.0023378359    0.0023291854    0.0023205237    0.0023118583
  0.0023031971    0.0022945264    0.0022858536    0.0022771725    0.0022684974
  0.0022598083    0.0022511265    0.0022424385    0.0022337382    0.0022250468
  0.0022163443    0.0022076383    0.0021989360    0.0021902247    0.0021815116
  0.0021727972    0.0021640694    0.0021553480    0.0021466146    0.0021378888
  0.0021291586    0.0021204120    0.0021116750    0.0021029230    0.0020941818
  0.0020854271    0.0020766719    0.0020679110    0.0020591451    0.0020503808
  0.0020416128    0.0020328301    0.0020240631    0.0020152768    0.0020064958
  0.0019976973    0.0019889055    0.0019801095    0.0019713102    0.0019625081
  0.0019536930    0.0019448824    0.0019360605    0.0019272449    0.0019184198
  0.0019095858    0.0019007548    0.0018919171    0.0018830734    0.0018742245
  0.0018653769    0.0018565207    0.0018476622    0.0018388022    0.0018299313
  0.0018210560    0.0018121819    0.0018033003    0.0017944114    0.0017855173
  0.0017766232    0.0017677207    0.0017588108    0.0017499039    0.0017409872
  0.0017320709    0.0017231325    0.0017142064    0.0017052747    0.0016963291
  0.0016873758    0.0016784252    0.0016694599    0.0016604952    0.0016515275
  0.0016425402    0.0016335618    0.0016245706    0.0016155728    0.0016065701
  0.0015975546    0.0015885411    0.0015795222    0.0015704870    0.0015614531
  0.0015524063    0.0015433597    0.0015342947    0.0015252248    0.0015161525
  0.0015070703    0.0014979806    0.0014888807    0.0014797727    0.0014706584
  0.0014615316    0.0014523978    0.0014432557    0.0014340990    0.0014249343
  0.0014157661    0.0014065830    0.0013973931    0.0013881883    0.0013789749
  0.0013697502    0.0013605073    0.0013512551    0.0013419987    0.0013327210
  0.0013234369    0.0013141398    0.0013048156    0.0012954893    0.0012861514
  0.0012767911    0.0012674178    0.0012580342    0.0012486314    0.0012392085
  0.0012297697    0.0012203142    0.0012108397    0.0012013494    0.0011918323
  0.0011823066    0.0011727470    0.0011631688    0.0011535703    0.0011439474
  0.0011343010    0.0011246198    0.0011149259    0.0011051986    0.0010954468
  0.0010856577    0.0010758440    0.0010659982    0.0010561207    0.0010461975
  0.0010362582    0.0010262636    0.0010162341    0.0010061580    0.0009960499
  0.0009858803    0.0009756723    0.0009654205    0.0009604077    0.0009604079
  0.0009604079    0.0009604079    0.0009604079    0.0009604079    0.0009604079
  0.0009604079    0.0009604079    0.0009604079    0.0009604079    0.0009604079
  0.0009604079    0.0009604079    0.0009604079    0.0009604079    0.0009604079
  0.0009604079    0.0009604079    0.0009604079    0.0009604079    0.0009604079
  0.0009604079    0.0009604079    0.0009604079    0.0009604079    0.0009604079
  0.0009604079    0.0009604079    0.0009604079    0.0009604079    0.0009604079
  0.0009604079    0.0009604079    0.0009604079    0.0009604079    0.0009604079
  0.0009604079    0.0009604079    0.0009604079    0.0009604079    0.0009604079
  0.0009604079    0.0009604079    0.0009604079    0.0009604079    0.0009604079
  0.0009604079    0.0009604079    0.0009604079    0.0009604079    0.0009604079
  0.0009604079    0.0009604079    0.0009604079    0.0009604079    0.0009604079
  0.0009604079    0.0009604079    0.0009604079    0.0009604079    0.0009604079
  0.0009604079    0.0009604079    0.0009604079    0.0009604079    0.0009604079
  0.0009604079    0.0009604079    0.0009604079    0.0009604079    0.0009604079
  0.0030711029    0.0030703840    0.0030682633    0.0030649235    0.0030605607
  0.0030553813    0.0030495568    0.0030432483    0.0030365548    0.0030295703
  0.0030223502    0.0030149387    0.0030073761    0.0029996973    0.0029919207
  0.0029840477    0.0029761109    0.0029681245    0.0029600749    0.0029519782
  0.0029438511    0.0029356821    0.0029274886    0.0029192694    0.0029110234
  0.0029027595    0.0028944767    0.0028861748    0.0028778533    0.0028695214
  0.0028611695    0.0028528161    0.0028444426    0.0028360584    0.0028276724
  0.0028192668    0.0028108595    0.0028024418    0.0027940140    0.0027855850
  0.0027771462    0.0027686979    0.0027602404    0.0027517826    0.0027433161
  0.0027348412    0.0027263668    0.0027178847    0.0027093952    0.0027008985
  0.0026924036    0.0026839023    0.0026753948    0.0026668817    0.0026583633
  0.0026498399    0.0026413202    0.0026327879    0.0026242520    0.0026157208
  0.0026071783    0.0025986331    0.0025900777    0.0025815284    0.0025729697
  0.0025644099    0.0025558495    0.0025472809    0.0025387046    0.0025301290
  0.0025215465    0.0025129655    0.0025043787    0.0024957942    0.0024871970
  0.0024786030    0.0024700051    0.0024613960    0.0024527914    0.0024441841
  0.0024355748    0.0024269563    0.0024183293    0.0024097091    0.0024010812
  0.0023924539    0.0023838199    0.0023751872    0.0023665420    0.0023578991
  0.0023492590    0.0023406079    0.0023319536    0.0023232966    0.0023146374
  0.0023059766    0.0022973077    0.0022886316    0.0022799622    0.0022712868
  0.0022626124    0.0022539195    0.0022452356    0.0022365477    0.0022278568
  0.0022191566    0.0022104610    0.0022017573    0.0021930464    0.0021843353
  0.0021756247    0.0021669088    0.0021581882    0.0021494634    0.0021407292
  0.0021319986    0.0021232600    0.0021145260    0.0021057791    0.0020970383
  0.0020882801    0.0020795353    0.0020707746    0.0020620107    0.0020532506
  0.0020444766    0.0020357076    0.0020269327    0.0020181524    0.0020093733
  0.0020005734    0.0019917876    0.0019829883    0.0019741934    0.0019653813
  0.0019565804    0.0019477642    0.0019389445    0.0019301276    0.0019212978
  0.0019124670    0.0019036414    0.0018947955    0.0018859513    0.0018771041
  0.0018682449    0.0018593951    0.0018505299    0.0018416658    0.0018327933
  0.0018239190    0.0018150283    0.0018061473    0.0017972575    0.0017883596
  0.0017794547    0.0017705490    0.0017616293    0.0017527152    0.0017437939
  0.0017348667    0.0017259298    0.0017169892    0.0017080367    0.0016990830
  0.0016901246    0.0016811581    0.0016721849    0.0016632109    0.0016542238
  0.0016452336    0.0016362336    0.0016272290    0.0016182211    0.0016091986
  0.0016001674    0.0015911375    0.0015820890    0.0015730447    0.0015639888
  0.0015549198    0.0015458432    0.0015367638    0.0015276681    0.0015185774
  0.0015094658    0.0015003467    0.0014912183    0.0014820859    0.0014729368
  0.0014637797    0.0014546164    0.0014454348    0.0014362440    0.0014270456
  0.0014178352    0.0014086176    0.0013993847    0.0013901324    0.0013808759
  0.0013716041    0.0013623162    0.0013530245    0.0013437079    0.0013343760
  0.0013250343    0.0013156729    0.0013063034    0.0012969164    0.0012875051
  0.0012780880    0.0012686436    0.0012591781    0.0012497091    0.0012402014
  0.0012306851    0.0012211456    0.0012115868    0.0012019978    0.0011923907
  0.0011827557    0.0011731071    0.0011634249    0.0011537104    0.0011439755
  0.0011342144    0.0011244212    0.0011145883    0.0011047295    0.0010948385
  0.0010849048    0.0010749436    0.0010649321    0.0010548832    0.0010447976
  0.0010346636    0.0010244911    0.0010142678    0.0010081413    0.0010081415
  0.0010081415    0.0010081415    0.0010081415    0.0010081415    0.0010081415
  0.0010081415    0.0010081415    0.0010081415    0.0010081415    0.0010081415
  0.0010081415    0.0010081415    0.0010081415    0.0010081415    0.0010081415
  0.0010081415    0.0010081415    0.0010081415    0.0010081415    0.0010081415
  0.0010081415    0.0010081415    0.0010081415    0.0010081415    0.0010081415
  0.0010081415    0.0010081415    0.0010081415    0.0010081415    0.0010081415
  0.0010081415    0.0010081415    0.0010081415    0.0010081415    0.0010081415
  0.0010081415    0.0010081415    0.0010081415    0.0010081415    0.0010081415
  0.0010081415    0.0010081415    0.0010081415    0.0010081415    0.0010081415
  0.0010081415    0.0010081415    0.0010081415    0.0010081415    0.0010081415
  0.0010081415    0.0010081415    0.0010081415    0.0010081415    0.0010081415
  0.0010081415    0.0010081415    0.0010081415    0.0010081415    0.0010081415
  0.0031952650    0.0031946071    0.0031926803    0.0031896017    0.0031855583
  0.0031807013    0.0031752012    0.0031691807    0.0031627668    0.0031560270
  0.0031490289    0.0031418279    0.0031344546    0.0031269440    0.0031193146
  0.0031115973    0.0031037947    0.0030959311    0.0030880018    0.0030800132
  0.0030719921    0.0030639261    0.0030558232    0.0030477015    0.0030395401
  0.0030313575    0.0030231530    0.0030149258    0.0030066852    0.0029984306
  0.0029901522    0.0029818595    0.0029735616    0.0029652490    0.0029569218
  0.0029485893    0.0029402421    0.0029318805    0.0029235230    0.0029151513
  0.0029067655    0.0028983751    0.0028899801    0.0028815810    0.0028731686
  0.0028647524    0.0028563325    0.0028479094    0.0028394741    0.0028310360
  0.0028225954    0.0028141436    0.0028056899    0.0027972345    0.0027887690
  0.0027803025    0.0027718264    0.0027633501    0.0027548735    0.0027463887
  0.0027378958    0.0027294039    0.0027209046    0.0027124070    0.0027038946
  0.0026953926    0.0026868768    0.0026783556    0.0026698459    0.0026613152
  0.0026527886    0.0026442583    0.0026357245    0.0026271798    0.0026186406
  0.0026100993    0.0026015482    0.0025929958    0.0025844426    0.0025758810
  0.0025673193    0.0025587581    0.0025501897    0.0025416147    0.0025330416
  0.0025244627    0.0025158787    0.0025072901    0.0024987047    0.0024901156
  0.0024815233    0.0024729206    0.0024643231    0.0024557164    0.0024471083
  0.0024384993    0.0024298828    0.0024212660    0.0024126428    0.0024040207
  0.0023954001    0.0023867604    0.0023781300    0.0023694958    0.0023608581
  0.0023522105    0.0023435605    0.0023349156    0.0023262625    0.0023176085
  0.0023089409    0.0023002803    0.0022916140    0.0022829424    0.0022742661
  0.0022655924    0.0022569089    0.0022482355    0.0022395466    0.0022308497
  0.0022221647    0.0022134598    0.0022047618    0.0021960519    0.0021873495
  0.0021786367    0.0021699266    0.0021612008    0.0021524794    0.0021437560
  0.0021350258    0.0021262954    0.0021175532    0.0021088121    0.0021000670
  0.0020913184    0.0020825670    0.0020738136    0.0020650528    0.0020562860
  0.0020475194    0.0020387477    0.0020299721    0.0020211936    0.0020124064
  0.0020036236    0.0019948285    0.0019860335    0.0019772282    0.0019684191
  0.0019596070    0.0019507924    0.0019419765    0.0019331550    0.0019243283
  0.0019154923    0.0019066534    0.0018978067    0.0018889644    0.0018801058
  0.0018712532    0.0018623919    0.0018535229    0.0018446524    0.0018357713
  0.0018268905    0.0018179968    0.0018091097    0.0018002022    0.0017912944
  0.0017823873    0.0017734721    0.0017645505    0.0017556236    0.0017466784
  0.0017377436    0.0017287982    0.0017198335    0.0017108828    0.0017019116
  0.0016929385    0.0016839567    0.0016749710    0.0016659785    0.0016569728
  0.0016479584    0.0016389421    0.0016299204    0.0016208820    0.0016118495
  0.0016027999    0.0015937382    0.0015846702    0.0015756015    0.0015665142
  0.0015574250    0.0015483203    0.0015392097    0.0015300828    0.0015209573
  0.0015118114    0.0015026664    0.0014934942    0.0014843297    0.0014751421
  0.0014659476    0.0014567411    0.0014475245    0.0014382926    0.0014290449
  0.0014197898    0.0014105160    0.0014012320    0.0013919343    0.0013826146
  0.0013732889    0.0013639458    0.0013545916    0.0013452162    0.0013358249
  0.0013264085    0.0013169816    0.0013075408    0.0012980773    0.0012885931
  0.0012790895    0.0012695629    0.0012600140    0.0012504460    0.0012408590
  0.0012312429    0.0012216035    0.0012119419    0.0012022480    0.0011925238
  0.0011827856    0.0011730065    0.0011632005    0.0011533500    0.0011434791
  0.0011335728    0.0011236323    0.0011136583    0.0011036302    0.0010935738
  0.0010834663    0.0010733300    0.0010631253    0.0010560762    0.0010560764
  0.0010560764    0.0010560764    0.0010560764    0.0010560764    0.0010560764
  0.0010560764    0.0010560764    0.0010560764    0.0010560764    0.0010560764
  0.0010560764    0.0010560764    0.0010560764    0.0010560764    0.0010560764
  0.0010560764    0.0010560764    0.0010560764    0.0010560764    0.0010560764
  0.0010560764    0.0010560764    0.0010560764    0.0010560764    0.0010560764
  0.0010560764    0.0010560764    0.0010560764    0.0010560764    0.0010560764
  0.0010560764    0.0010560764    0.0010560764    0.0010560764    0.0010560764
  0.0010560764    0.0010560764    0.0010560764    0.0010560764    0.0010560764
  0.0010560764    0.0010560764    0.0010560764    0.0010560764    0.0010560764
  0.0010560764    0.0010560764    0.0010560764    0.0010560764    0.0010560764
  0.0033188413    0.0033182364    0.0033164773    0.0033136481    0.0033098763
  0.0033053368    0.0033001328    0.0032944211    0.0032882732    0.0032817824
  0.0032750194    0.0032680306    0.0032608574    0.0032535251    0.0032460624
  0.0032385005    0.0032308416    0.0032230997    0.0032153006    0.0032074297
  0.0031995144    0.0031915621    0.0031835601    0.0031755271    0.0031674512
  0.0031593616    0.0031512371    0.0031430970    0.0031349304    0.0031267569
  0.0031185559    0.0031103372    0.0031021005    0.0030938554    0.0030856019
  0.0030773299    0.0030690492    0.0030607502    0.0030524522    0.0030441457
  0.0030358211    0.0030274880    0.0030191563    0.0030108069    0.0030024592
  0.0029941037    0.0029857313    0.0029773610    0.0029689836    0.0029605994
  0.0029522086    0.0029438206    0.0029354174    0.0029270084    0.0029186030
  0.0029101832    0.0029017676    0.0028933473    0.0028849136    0.0028764849
  0.0028680435    0.0028595987    0.0028511508    0.0028427001    0.0028342470
  0.0028257917    0.0028173258    0.0028088584    0.0028003899    0.0027919207
  0.0027834424    0.0027749638    0.0027664771    0.0027579825    0.0027494971
  0.0027409965    0.0027325055    0.0027240000    0.0027154886    0.0027069881
  0.0026984741    0.0026899554    0.0026814405    0.0026729136    0.0026643912
  0.0026558575    0.0026473291    0.0026387905    0.0026302497    0.0026217156
  0.0026131644    0.0026046205    0.0025960684    0.0025875166    0.0025789574
  0.0025703995    0.0025618351    0.0025532649    0.0025446896    0.0025361246
  0.0025275475    0.0025189664    0.0025103819    0.0025018019    0.0024932120
  0.0024846199    0.0024760192    0.0024674172    0.0024588221    0.0024502194
  0.0024416100    0.0024330012    0.0024243871    0.0024157673    0.0024071501
  0.0023985215    0.0023898965    0.0023812612    0.0023726304    0.0023639974
  0.0023553561    0.0023467071    0.0023380644    0.0023294084    0.0023207598
  0.0023121054    0.0023034397    0.0022947765    0.0022861095    0.0022774394
  0.0022687606    0.0022600859    0.0022514039    0.0022427211    0.0022340319
  0.0022253430    0.0022166492    0.0022079507    0.0021992484    0.0021905429
  0.0021818290    0.0021731130    0.0021643958    0.0021556780    0.0021469485
  0.0021382199    0.0021294867    0.0021207554    0.0021120097    0.0021032673
  0.0020945175    0.0020857611    0.0020770047    0.0020682489    0.0020594826
  0.0020507132    0.0020419409    0.0020331610    0.0020243743    0.0020155930
  0.0020067951    0.0019980042    0.0019892043    0.0019803963    0.0019715921
  0.0019627711    0.0019539603    0.0019451347    0.0019363056    0.0019274638
  0.0019186302    0.0019097856    0.0019009363    0.0018920777    0.0018832211
  0.0018743575    0.0018654879    0.0018566133    0.0018477297    0.0018388380
  0.0018299449    0.0018210410    0.0018121421    0.0018032254    0.0017943155
  0.0017853908    0.0017764563    0.0017675181    0.0017585774    0.0017496259
  0.0017406747    0.0017317110    0.0017227360    0.0017137555    0.0017047668
  0.0016957752    0.0016867735    0.0016777673    0.0016687492    0.0016597292
  0.0016506881    0.0016416521    0.0016326018    0.0016235391    0.0016144693
  0.0016053941    0.0015963070    0.0015872173    0.0015781072    0.0015689904
  0.0015598681    0.0015507306    0.0015415797    0.0015324283    0.0015232488
  0.0015140724    0.0015048828    0.0014956741    0.0014864596    0.0014772309
  0.0014679888    0.0014587259    0.0014494585    0.0014401773    0.0014308718
  0.0014215577    0.0014122365    0.0014028913    0.0013935277    0.0013841486
  0.0013747556    0.0013653365    0.0013559116    0.0013464565    0.0013369923
  0.0013274972    0.0013179950    0.0013084596    0.0012989136    0.0012893291
  0.0012797433    0.0012701136    0.0012604721    0.0012507864    0.0012410923
  0.0012313638    0.0012216044    0.0012118184    0.0012019919    0.0011921487
  0.0011822601    0.0011723408    0.0011623799    0.0011523945    0.0011423509
  0.0011322874    0.0011221660    0.0011119999    0.0011042200    0.0011042203
  0.0011042203    0.0011042203    0.0011042203    0.0011042203    0.0011042203
  0.0011042203    0.0011042203    0.0011042203    0.0011042203    0.0011042203
  0.0011042203    0.0011042203    0.0011042203    0.0011042203    0.0011042203
  0.0011042203    0.0011042203    0.0011042203    0.0011042203    0.0011042203
  0.0011042203    0.0011042203    0.0011042203    0.0011042203    0.0011042203
  0.0011042203    0.0011042203    0.0011042203    0.0011042203    0.0011042203
  0.0011042203    0.0011042203    0.0011042203    0.0011042203    0.0011042203
  0.0011042203    0.0011042203    0.0011042203    0.0011042203    0.0011042203
