  0.0000000000    0.0150000000
  0.0002500000    0.0010000000    179    30
  0.0000004292    0.0016243458    0.0032499790    0.0048781872    0.0065098286
  0.0081449032    0.0097834110    0.0114262104    0.0130741596    0.0147264004
  0.0163846493    0.0180480480    0.0197191715    0.0213971615    0.0230811596
  0.0247728825    0.0264749050    0.0281837940    0.0299021244    0.0316298962
  0.0333705425    0.0351189137    0.0368818760    0.0386577129    0.0404438496
  0.0422420025    0.0440573215    0.0458863735    0.0477334499    0.0495959759
  0.0514739513    0.0533742428    0.0552951336    0.0572349072    0.0592004299
  0.0611899853    0.0631975651    0.0652420521    0.0673114300    0.0694168568
  0.0715514660    0.0728440762    0.0728439893    0.0728439893    0.0728439893
  0.0728439893    0.0728439893    0.0728439893    0.0728439893    0.0728439893
  0.0728439893    0.0728439893    0.0728439893    0.0728439893    0.0728439893
  0.0728439893    0.0728439893    0.0728439893    0.0728439893    0.0728439893
  0.0728439893    0.0728439893    0.0728439893    0.0728439893    0.0728439893
  0.0728439893    0.0728439893    0.0728439893    0.0728439893    0.0728439893
  0.0728439893    0.0728439893    0.0728439893    0.0728439893    0.0728439893
  0.0728439893    0.0728439893    0.0728439893    0.0728439893    0.0728439893
  0.0728439893    0.0728439893    0.0728439893    0.0728439893    0.0728439893
  0.0728439893    0.0728439893    0.0728439893    0.0728439893    0.0728439893
  0.0728439893    0.0728439893    0.0728439893    0.0728439893    0.0728439893
  0.0728439893    0.0728439893    0.0728439893    0.0728439893    0.0728439893
  0.0728439893    0.0728439893    0.0728439893    0.0728439893    0.0728439893
  0.0728439893    0.0728439893    0.0728439893    0.0728439893    0.0728439893
  0.0728439893    0.0728439893    0.0728439893    0.0728439893    0.0728439893
  0.0728439893    0.0728439893    0.0728439893    0.0728439893    0.0728439893
  0.0728439893    0.0728439893    0.0728439893    0.0728439893    0.0728439893
  0.0728439893    0.0728439893    0.0728439893    0.0728439893    0.0728439893
  0.0728439893    0.0728439893    0.0728439893    0.0728439893    0.0728439893
  0.0728439893    0.0728439893    0.0728439893    0.0728439893    0.0728439893
  0.0728439893    0.0728439893    0.0728439893    0.0728439893    0.0728439893
  0.0728439893    0.0728439893    0.0728439893    0.0728439893    0.0728439893
  0.0728439893    0.0728439893    0.0728439893    0.0728439893    0.0728439893
  0.0728439893    0.0728439893    0.0728439893    0.0728439893    0.0728439893
  0.0728439893    0.0728439893    0.0728439893    0.0728439893    0.0728439893
  0.0728439893    0.0728439893    0.0728439893    0.0728439893    0.0728439893
  0.0728439893    0.0728439893    0.0728439893    0.0728439893    0.0728439893
  0.0728439893    0.0728439893    0.0728439893    0.0728439893    0.0728439893
  0.0000004292    0.0015436649    0.0030886173    0.0046370029    0.0061871052
  0.0077397823    0.0092958927    0.0108562946    0.0124192715    0.0139873981
  0.0155606747    0.0171391010    0.0187226772    0.0203114033    0.0219069958
  0.0235085964    0.0251170635    0.0267332554    0.0283563137    0.0299905300
  0.0316281796    0.0332795620    0.0349395275    0.0366080761    0.0382877827
  0.0399795055    0.0416841030    0.0433972836    0.0451259136    0.0468665600
  0.0486226559    0.0503942013    0.0521811962    0.0539836407    0.0558066845
  0.0576468945    0.0595034122    0.0613831043    0.0632868290    0.0652137280
  0.0671620846    0.0691464901    0.0711446285    0.0731822491    0.0738817692
  0.0738816671    0.0738816671    0.0738816671    0.0738816671    0.0738816671
  0.0738816671    0.0738816671    0.0738816671    0.0738816671    0.0738816671
  0.0738816671    0.0738816671    0.0738816671    0.0738816671    0.0738816671
  0.0738816671    0.0738816671    0.0738816671    0.0738816671    0.0738816671
  0.0738816671    0.0738816671    0.0738816671    0.0738816671    0.0738816671
  0.0738816671    0.0738816671    0.0738816671    0.0738816671    0.0738816671
  0.0738816671    0.0738816671    0.0738816671    0.0738816671    0.0738816671
  0.0738816671    0.0738816671    0.0738816671    0.0738816671    0.0738816671
  0.0738816671    0.0738816671    0.0738816671    0.0738816671    0.0738816671
  0.0738816671    0.0738816671    0.0738816671    0.0738816671    0.0738816671
  0.0738816671    0.0738816671    0.0738816671    0.0738816671    0.0738816671
  0.0738816671    0.0738816671    0.0738816671    0.0738816671    0.0738816671
  0.0738816671    0.0738816671    0.0738816671    0.0738816671    0.0738816671
  0.0738816671    0.0738816671    0.0738816671    0.0738816671    0.0738816671
  0.0738816671    0.0738816671    0.0738816671    0.0738816671    0.0738816671
  0.0738816671    0.0738816671    0.0738816671    0.0738816671    0.0738816671
  0.0738816671    0.0738816671    0.0738816671    0.0738816671    0.0738816671
  0.0738816671    0.0738816671    0.0738816671    0.0738816671    0.0738816671
  0.0738816671    0.0738816671    0.0738816671    0.0738816671    0.0738816671
  0.0738816671    0.0738816671    0.0738816671    0.0738816671    0.0738816671
  0.0738816671    0.0738816671    0.0738816671    0.0738816671    0.0738816671
  0.0738816671    0.0738816671    0.0738816671    0.0738816671    0.0738816671
  0.0738816671    0.0738816671    0.0738816671    0.0738816671    0.0738816671
  0.0738816671    0.0738816671    0.0738816671    0.0738816671    0.0738816671
  0.0738816671    0.0738816671    0.0738816671    0.0738816671    0.0738816671
  0.0738816671    0.0738816671    0.0738816671    0.0738816671    0.0738816671
  0.0738816671    0.0738816671    0.0738816671    0.0738816671    0.0738816671
  0.0000004292    0.0014724255    0.0029461384    0.0044215679    0.0058995724
  0.0073801517    0.0088624477    0.0103481770    0.0118381977    0.0133325100
  0.0148285389    0.0163314342    0.0178369045    0.0193483829    0.0208658695
  0.0223876476    0.0239154339    0.0254500866    0.0269907475    0.0285374165
  0.0300918102    0.0316556454    0.0332263470    0.0348056316    0.0363917828
  0.0379908085    0.0395975590    0.0412146091    0.0428436756    0.0444813251
  0.0461327076    0.0477943897    0.0494706631    0.0511572361    0.0528618336
  0.0545801640    0.0563139439    0.0580588818    0.0598278522    0.0616157055
  0.0634190083    0.0652480602    0.0670934200    0.0689619541    0.0708536625
  0.0727719784    0.0747229099    0.0748705387    0.0748705387    0.0748705387
  0.0748705387    0.0748705387    0.0748705387    0.0748705387    0.0748705387
  0.0748705387    0.0748705387    0.0748705387    0.0748705387    0.0748705387
  0.0748705387    0.0748705387    0.0748705387    0.0748705387    0.0748705387
  0.0748705387    0.0748705387    0.0748705387    0.0748705387    0.0748705387
  0.0748705387    0.0748705387    0.0748705387    0.0748705387    0.0748705387
  0.0748705387    0.0748705387    0.0748705387    0.0748705387    0.0748705387
  0.0748705387    0.0748705387    0.0748705387    0.0748705387    0.0748705387
  0.0748705387    0.0748705387    0.0748705387    0.0748705387    0.0748705387
  0.0748705387    0.0748705387    0.0748705387    0.0748705387    0.0748705387
  0.0748705387    0.0748705387    0.0748705387    0.0748705387    0.0748705387
  0.0748705387    0.0748705387    0.0748705387    0.0748705387    0.0748705387
  0.0748705387    0.0748705387    0.0748705387    0.0748705387    0.0748705387
  0.0748705387    0.0748705387    0.0748705387    0.0748705387    0.0748705387
  0.0748705387    0.0748705387    0.0748705387    0.0748705387    0.0748705387
  0.0748705387    0.0748705387    0.0748705387    0.0748705387    0.0748705387
  0.0748705387    0.0748705387    0.0748705387    0.0748705387    0.0748705387
  0.0748705387    0.0748705387    0.0748705387    0.0748705387    0.0748705387
  0.0748705387    0.0748705387    0.0748705387    0.0748705387    0.0748705387
  0.0748705387    0.0748705387    0.0748705387    0.0748705387    0.0748705387
  0.0748705387    0.0748705387    0.0748705387    0.0748705387    0.0748705387
  0.0748705387    0.0748705387    0.0748705387    0.0748705387    0.0748705387
  0.0748705387    0.0748705387    0.0748705387    0.0748705387    0.0748705387
  0.0748705387    0.0748705387    0.0748705387    0.0748705387    0.0748705387
  0.0748705387    0.0748705387    0.0748705387    0.0748705387    0.0748705387
  0.0748705387    0.0748705387    0.0748705387    0.0748705387    0.0748705387
  0.0748705387    0.0748705387    0.0748705387    0.0748705387    0.0748705387
  0.0000004292    0.0014080524    0.0028182507    0.0042293072    0.0056420803
  0.0070565701    0.0084744930    0.0098949909    0.0113180637    0.0127437115
  0.0141745090    0.0156087399    0.0170455456    0.0184883595    0.0199346066
  0.0213860035    0.0228416920    0.0243042469    0.0257702351    0.0272430897
  0.0287245274    0.0302085400    0.0317011356    0.0332005978    0.0347086430
  0.0362235546    0.0377479076    0.0392791271    0.0408215046    0.0423698902
  0.0439285755    0.0455001354    0.0470811367    0.0486732960    0.0502766132
  0.0518910885    0.0535210133    0.0551620960    0.0568134785    0.0584854603
  0.0601668835    0.0618723392    0.0635863781    0.0653218746    0.0670805454
  0.0688563824    0.0706459522    0.0724655628    0.0743074894    0.0758163929
  0.0758162381    0.0758162381    0.0758162381    0.0758162381    0.0758162381
  0.0758162381    0.0758162381    0.0758162381    0.0758162381    0.0758162381
  0.0758162381    0.0758162381    0.0758162381    0.0758162381    0.0758162381
  0.0758162381    0.0758162381    0.0758162381    0.0758162381    0.0758162381
  0.0758162381    0.0758162381    0.0758162381    0.0758162381    0.0758162381
  0.0758162381    0.0758162381    0.0758162381    0.0758162381    0.0758162381
  0.0758162381    0.0758162381    0.0758162381    0.0758162381    0.0758162381
  0.0758162381    0.0758162381    0.0758162381    0.0758162381    0.0758162381
  0.0758162381    0.0758162381    0.0758162381    0.0758162381    0.0758162381
  0.0758162381    0.0758162381    0.0758162381    0.0758162381    0.0758162381
  0.0758162381    0.0758162381    0.0758162381    0.0758162381    0.0758162381
  0.0758162381    0.0758162381    0.0758162381    0.0758162381    0.0758162381
  0.0758162381    0.0758162381    0.0758162381    0.0758162381    0.0758162381
  0.0758162381    0.0758162381    0.0758162381    0.0758162381    0.0758162381
  0.0758162381    0.0758162381    0.0758162381    0.0758162381    0.0758162381
  0.0758162381    0.0758162381    0.0758162381    0.0758162381    0.0758162381
  0.0758162381    0.0758162381    0.0758162381    0.0758162381    0.0758162381
  0.0758162381    0.0758162381    0.0758162381    0.0758162381    0.0758162381
  0.0758162381    0.0758162381    0.0758162381    0.0758162381    0.0758162381
  0.0758162381    0.0758162381    0.0758162381    0.0758162381    0.0758162381
  0.0758162381    0.0758162381    0.0758162381    0.0758162381    0.0758162381
  0.0758162381    0.0758162381    0.0758162381    0.0758162381    0.0758162381
  0.0758162381    0.0758162381    0.0758162381    0.0758162381    0.0758162381
  0.0758162381    0.0758162381    0.0758162381    0.0758162381    0.0758162381
  0.0758162381    0.0758162381    0.0758162381    0.0758162381    0.0758162381
  0.0758162381    0.0758162381    0.0758162381    0.0758162381    0.0758162381
  0.0000004292    0.0013505459    0.0027023792    0.0040550709    0.0054094791
  0.0067656040    0.0081243038    0.0094855785    0.0108494282    0.0122158527
  0.0135848522    0.0149572849    0.0163331509    0.0177133083    0.0190968990
  0.0204839230    0.0218760967    0.0232734203    0.0246750355    0.0260826588
  0.0274945736    0.0289116383    0.0303372860    0.0317672253    0.0332023144
  0.0346459866    0.0360948086    0.0375522137    0.0390164852    0.0404884815
  0.0419690609    0.0434607983    0.0449576855    0.0464665890    0.0479832172
  0.0495118618    0.0510473728    0.0525957584    0.0541553020    0.0557285786
  0.0573155880    0.0589128971    0.0605230808    0.0621452808    0.0637855053
  0.0654420376    0.0671140194    0.0688040257    0.0705137730    0.0722381115
  0.0739890575    0.0757528782    0.0767176151    0.0767176151    0.0767176151
  0.0767176151    0.0767176151    0.0767176151    0.0767176151    0.0767176151
  0.0767176151    0.0767176151    0.0767176151    0.0767176151    0.0767176151
  0.0767176151    0.0767176151    0.0767176151    0.0767176151    0.0767176151
  0.0767176151    0.0767176151    0.0767176151    0.0767176151    0.0767176151
  0.0767176151    0.0767176151    0.0767176151    0.0767176151    0.0767176151
  0.0767176151    0.0767176151    0.0767176151    0.0767176151    0.0767176151
  0.0767176151    0.0767176151    0.0767176151    0.0767176151    0.0767176151
  0.0767176151    0.0767176151    0.0767176151    0.0767176151    0.0767176151
  0.0767176151    0.0767176151    0.0767176151    0.0767176151    0.0767176151
  0.0767176151    0.0767176151    0.0767176151    0.0767176151    0.0767176151
  0.0767176151    0.0767176151    0.0767176151    0.0767176151    0.0767176151
  0.0767176151    0.0767176151    0.0767176151    0.0767176151    0.0767176151
  0.0767176151    0.0767176151    0.0767176151    0.0767176151    0.0767176151
  0.0767176151    0.0767176151    0.0767176151    0.0767176151    0.0767176151
  0.0767176151    0.0767176151    0.0767176151    0.0767176151    0.0767176151
  0.0767176151    0.0767176151    0.0767176151    0.0767176151    0.0767176151
  0.0767176151    0.0767176151    0.0767176151    0.0767176151    0.0767176151
  0.0767176151    0.0767176151    0.0767176151    0.0767176151    0.0767176151
  0.0767176151    0.0767176151    0.0767176151    0.0767176151    0.0767176151
  0.0767176151    0.0767176151    0.0767176151    0.0767176151    0.0767176151
  0.0767176151    0.0767176151    0.0767176151    0.0767176151    0.0767176151
  0.0767176151    0.0767176151    0.0767176151    0.0767176151    0.0767176151
  0.0767176151    0.0767176151    0.0767176151    0.0767176151    0.0767176151
  0.0767176151    0.0767176151    0.0767176151    0.0767176151    0.0767176151
  0.0767176151    0.0767176151    0.0767176151    0.0767176151    0.0767176151
  0.0000004292    0.0012981892    0.0025968075    0.0038971424    0.0051983356
  0.0065012455    0.0078067303    0.0091139317    0.0104237080    0.0117360592
  0.0130501270    0.0143676281    0.0156877041    0.0170120716    0.0183381557
  0.0196693897    0.0210040569    0.0223421574    0.0236845493    0.0250329494
  0.0263839245    0.0277409077    0.0291038990    0.0304703236    0.0318418980
  0.0332203388    0.0346065044    0.0359986782    0.0373934269    0.0388001919
  0.0402086735    0.0416291714    0.0430548191    0.0444873333    0.0459284306
  0.0473815441    0.0488415241    0.0503075123    0.0517880917    0.0532746792
  0.0547749996    0.0562847614    0.0578022480    0.0593386173    0.0608818531
  0.0624413967    0.0640103817    0.0655956745    0.0671912670    0.0688074589
  0.0704339504    0.0720801830    0.0737444401    0.0754318714    0.0771304607
  0.0775827885    0.0775832083    0.0775832083    0.0775832083    0.0775832083
  0.0775832083    0.0775832083    0.0775832083    0.0775832083    0.0775832083
  0.0775832083    0.0775832083    0.0775832083    0.0775832083    0.0775832083
  0.0775832083    0.0775832083    0.0775832083    0.0775832083    0.0775832083
  0.0775832083    0.0775832083    0.0775832083    0.0775832083    0.0775832083
  0.0775832083    0.0775832083    0.0775832083    0.0775832083    0.0775832083
  0.0775832083    0.0775832083    0.0775832083    0.0775832083    0.0775832083
  0.0775832083    0.0775832083    0.0775832083    0.0775832083    0.0775832083
  0.0775832083    0.0775832083    0.0775832083    0.0775832083    0.0775832083
  0.0775832083    0.0775832083    0.0775832083    0.0775832083    0.0775832083
  0.0775832083    0.0775832083    0.0775832083    0.0775832083    0.0775832083
  0.0775832083    0.0775832083    0.0775832083    0.0775832083    0.0775832083
  0.0775832083    0.0775832083    0.0775832083    0.0775832083    0.0775832083
  0.0775832083    0.0775832083    0.0775832083    0.0775832083    0.0775832083
  0.0775832083    0.0775832083    0.0775832083    0.0775832083    0.0775832083
  0.0775832083    0.0775832083    0.0775832083    0.0775832083    0.0775832083
  0.0775832083    0.0775832083    0.0775832083    0.0775832083    0.0775832083
  0.0775832083    0.0775832083    0.0775832083    0.0775832083    0.0775832083
  0.0775832083    0.0775832083    0.0775832083    0.0775832083    0.0775832083
  0.0775832083    0.0775832083    0.0775832083    0.0775832083    0.0775832083
  0.0775832083    0.0775832083    0.0775832083    0.0775832083    0.0775832083
  0.0775832083    0.0775832083    0.0775832083    0.0775832083    0.0775832083
  0.0775832083    0.0775832083    0.0775832083    0.0775832083    0.0775832083
  0.0775832083    0.0775832083    0.0775832083    0.0775832083    0.0775832083
  0.0775832083    0.0775832083    0.0775832083    0.0775832083    0.0775832083
  0.0000004292    0.0012501240    0.0025015354    0.0037529469    0.0050060749
  0.0062609196    0.0075174809    0.0087757587    0.0100357533    0.0112983227
  0.0125626087    0.0138294697    0.0150989056    0.0163734913    0.0176480770
  0.0189269543    0.0202101231    0.0214950085    0.0227850437    0.0240785122
  0.0253754139    0.0266791821    0.0279838085    0.0292944431    0.0306102276
  0.0319328785    0.0332589626    0.0345893383    0.0359265804    0.0372689724
  0.0386182308    0.0399717808    0.0413356304    0.0427037716    0.0440813541
  0.0454640865    0.0468554020    0.0482518673    0.0496603489    0.0510748386
  0.0524987698    0.0539321423    0.0553732395    0.0568289280    0.0582880497
  0.0597609043    0.0612440586    0.0627409458    0.0642481327    0.0657673359
  0.0673019886    0.0688486576    0.0704073429    0.0719823360    0.0735702038
  0.0751803875    0.0768017292    0.0784119129    0.0784122503    0.0784122503
  0.0784122503    0.0784122503    0.0784122503    0.0784122503    0.0784122503
  0.0784122503    0.0784122503    0.0784122503    0.0784122503    0.0784122503
  0.0784122503    0.0784122503    0.0784122503    0.0784122503    0.0784122503
  0.0784122503    0.0784122503    0.0784122503    0.0784122503    0.0784122503
  0.0784122503    0.0784122503    0.0784122503    0.0784122503    0.0784122503
  0.0784122503    0.0784122503    0.0784122503    0.0784122503    0.0784122503
  0.0784122503    0.0784122503    0.0784122503    0.0784122503    0.0784122503
  0.0784122503    0.0784122503    0.0784122503    0.0784122503    0.0784122503
  0.0784122503    0.0784122503    0.0784122503    0.0784122503    0.0784122503
  0.0784122503    0.0784122503    0.0784122503    0.0784122503    0.0784122503
  0.0784122503    0.0784122503    0.0784122503    0.0784122503    0.0784122503
  0.0784122503    0.0784122503    0.0784122503    0.0784122503    0.0784122503
  0.0784122503    0.0784122503    0.0784122503    0.0784122503    0.0784122503
  0.0784122503    0.0784122503    0.0784122503    0.0784122503    0.0784122503
  0.0784122503    0.0784122503    0.0784122503    0.0784122503    0.0784122503
  0.0784122503    0.0784122503    0.0784122503    0.0784122503    0.0784122503
  0.0784122503    0.0784122503    0.0784122503    0.0784122503    0.0784122503
  0.0784122503    0.0784122503    0.0784122503    0.0784122503    0.0784122503
  0.0784122503    0.0784122503    0.0784122503    0.0784122503    0.0784122503
  0.0784122503    0.0784122503    0.0784122503    0.0784122503    0.0784122503
  0.0784122503    0.0784122503    0.0784122503    0.0784122503    0.0784122503
  0.0784122503    0.0784122503    0.0784122503    0.0784122503    0.0784122503
  0.0784122503    0.0784122503    0.0784122503    0.0784122503    0.0784122503
  0.0784122503    0.0784122503    0.0784122503    0.0784122503    0.0784122503
  0.0000004292    0.0012063503    0.0024139881    0.0036216259    0.0048301220
  0.0060403347    0.0072522640    0.0084650517    0.0096812725    0.0108983517
  0.0121162891    0.0133385181    0.0145616055    0.0157881260    0.0170163631
  0.0182488918    0.0194848537    0.0207216740    0.0219619274    0.0232073307
  0.0244561672    0.0257075787    0.0269632816    0.0282232761    0.0294875622
  0.0307552814    0.0320298672    0.0333078861    0.0345893383    0.0358793736
  0.0371711254    0.0384706020    0.0397743702    0.0410858631    0.0424025059
  0.0437285900    0.0450546741    0.0463919163    0.0477368832    0.0490869999
  0.0504456997    0.0518121243    0.0531845570    0.0545664310    0.0559603214
  0.0573567867    0.0587626934    0.0601849079    0.0616157055    0.0630525112
  0.0645047665    0.0659621716    0.0674376011    0.0689173222    0.0704142094
  0.0719282627    0.0734517574    0.0749907017    0.0765459538    0.0781132221
  0.0792127132    0.0792127132    0.0792127132    0.0792127132    0.0792127132
  0.0792127132    0.0792127132    0.0792127132    0.0792127132    0.0792127132
  0.0792127132    0.0792127132    0.0792127132    0.0792127132    0.0792127132
  0.0792127132    0.0792127132    0.0792127132    0.0792127132    0.0792127132
  0.0792127132    0.0792127132    0.0792127132    0.0792127132    0.0792127132
  0.0792127132    0.0792127132    0.0792127132    0.0792127132    0.0792127132
  0.0792127132    0.0792127132    0.0792127132    0.0792127132    0.0792127132
  0.0792127132    0.0792127132    0.0792127132    0.0792127132    0.0792127132
  0.0792127132    0.0792127132    0.0792127132    0.0792127132    0.0792127132
  0.0792127132    0.0792127132    0.0792127132    0.0792127132    0.0792127132
  0.0792127132    0.0792127132    0.0792127132    0.0792127132    0.0792127132
  0.0792127132    0.0792127132    0.0792127132    0.0792127132    0.0792127132
  0.0792127132    0.0792127132    0.0792127132    0.0792127132    0.0792127132
  0.0792127132    0.0792127132    0.0792127132    0.0792127132    0.0792127132
  0.0792127132    0.0792127132    0.0792127132    0.0792127132    0.0792127132
  0.0792127132    0.0792127132    0.0792127132    0.0792127132    0.0792127132
  0.0792127132    0.0792127132    0.0792127132    0.0792127132    0.0792127132
  0.0792127132    0.0792127132    0.0792127132    0.0792127132    0.0792127132
  0.0792127132    0.0792127132    0.0792127132    0.0792127132    0.0792127132
  0.0792127132    0.0792127132    0.0792127132    0.0792127132    0.0792127132
  0.0792127132    0.0792127132    0.0792127132    0.0792127132    0.0792127132
  0.0792127132    0.0792127132    0.0792127132    0.0792127132    0.0792127132
  0.0792127132    0.0792127132    0.0792127132    0.0792127132    0.0792127132
  0.0792127132    0.0792127132    0.0792127132    0.0792127132    0.0792127132
  0.0000004292    0.0011660099    0.0023324490    0.0034997463    0.0046687603
  0.0058377743    0.0070085049    0.0081809521    0.0093542576    0.0105301380
  0.0117077351    0.0128861904    0.0140672207    0.0152516842    0.0164370060
  0.0176266193    0.0188179493    0.0200109959    0.0212083340    0.0224082470
  0.0236107349    0.0248166561    0.0260277271    0.0272413731    0.0284584522
  0.0296798229    0.0309054852    0.0321345806    0.0333688259    0.0346073627
  0.0358493328    0.0371007442    0.0383521557    0.0396112919    0.0408730030
  0.0421424389    0.0434161663    0.0446976185    0.0459859371    0.0472768307
  0.0485780239    0.0498852253    0.0511975765    0.0525193691    0.0538488865
  0.0551818371    0.0565259457    0.0578752041    0.0592407703    0.0606071949
  0.0619847775    0.0633735180    0.0647674084    0.0661758900    0.0675938129
  0.0690220356    0.0704622746    0.0719128132    0.0733805180    0.0748533726
  0.0763433933    0.0778462887    0.0793654919    0.0799817562    0.0799819969
  0.0799819969    0.0799819969    0.0799819969    0.0799819969    0.0799819969
  0.0799819969    0.0799819969    0.0799819969    0.0799819969    0.0799819969
  0.0799819969    0.0799819969    0.0799819969    0.0799819969    0.0799819969
  0.0799819969    0.0799819969    0.0799819969    0.0799819969    0.0799819969
  0.0799819969    0.0799819969    0.0799819969    0.0799819969    0.0799819969
  0.0799819969    0.0799819969    0.0799819969    0.0799819969    0.0799819969
  0.0799819969    0.0799819969    0.0799819969    0.0799819969    0.0799819969
  0.0799819969    0.0799819969    0.0799819969    0.0799819969    0.0799819969
  0.0799819969    0.0799819969    0.0799819969    0.0799819969    0.0799819969
  0.0799819969    0.0799819969    0.0799819969    0.0799819969    0.0799819969
  0.0799819969    0.0799819969    0.0799819969    0.0799819969    0.0799819969
  0.0799819969    0.0799819969    0.0799819969    0.0799819969    0.0799819969
  0.0799819969    0.0799819969    0.0799819969    0.0799819969    0.0799819969
  0.0799819969    0.0799819969    0.0799819969    0.0799819969    0.0799819969
  0.0799819969    0.0799819969    0.0799819969    0.0799819969    0.0799819969
  0.0799819969    0.0799819969    0.0799819969    0.0799819969    0.0799819969
  0.0799819969    0.0799819969    0.0799819969    0.0799819969    0.0799819969
  0.0799819969    0.0799819969    0.0799819969    0.0799819969    0.0799819969
  0.0799819969    0.0799819969    0.0799819969    0.0799819969    0.0799819969
  0.0799819969    0.0799819969    0.0799819969    0.0799819969    0.0799819969
  0.0799819969    0.0799819969    0.0799819969    0.0799819969    0.0799819969
  0.0799819969    0.0799819969    0.0799819969    0.0799819969    0.0799819969
  0.0799819969    0.0799819969    0.0799819969    0.0799819969    0.0799819969
  0.0000004292    0.0011291027    0.0022577763    0.0033881664    0.0045185566
  0.0056506634    0.0067836285    0.0079174519    0.0090529919    0.0101902485
  0.0113292217    0.0124690533    0.0136123180    0.0147555828    0.0159031391
  0.0170524120    0.0182025433    0.0193569660    0.0205122471    0.0216718197
  0.0228339672    0.0239986897    0.0251668453    0.0263375759    0.0275117397
  0.0286910534    0.0298712254    0.0310574055    0.0322470188    0.0334400654
  0.0346356869    0.0358381748    0.0370440960    0.0382568836    0.0394705296
  0.0406919003    0.0419175625    0.0431466579    0.0443851948    0.0456263065
  0.0468725681    0.0481265545    0.0493848324    0.0506525517    0.0519228458
  0.0532008648    0.0544848919    0.0557792187    0.0570795536    0.0583867550
  0.0597008228    0.0610243320    0.0623555660    0.0636962414    0.0650429249
  0.0663999081    0.0677731991    0.0691464901    0.0705343723    0.0719325542
  0.0733410358    0.0747641087    0.0761897564    0.0776385784    0.0790942669
  0.0805679798    0.0807276249    0.0807276249    0.0807276249    0.0807276249
  0.0807276249    0.0807276249    0.0807276249    0.0807276249    0.0807276249
  0.0807276249    0.0807276249    0.0807276249    0.0807276249    0.0807276249
  0.0807276249    0.0807276249    0.0807276249    0.0807276249    0.0807276249
  0.0807276249    0.0807276249    0.0807276249    0.0807276249    0.0807276249
  0.0807276249    0.0807276249    0.0807276249    0.0807276249    0.0807276249
  0.0807276249    0.0807276249    0.0807276249    0.0807276249    0.0807276249
  0.0807276249    0.0807276249    0.0807276249    0.0807276249    0.0807276249
  0.0807276249    0.0807276249    0.0807276249    0.0807276249    0.0807276249
  0.0807276249    0.0807276249    0.0807276249    0.0807276249    0.0807276249
  0.0807276249    0.0807276249    0.0807276249    0.0807276249    0.0807276249
  0.0807276249    0.0807276249    0.0807276249    0.0807276249    0.0807276249
  0.0807276249    0.0807276249    0.0807276249    0.0807276249    0.0807276249
  0.0807276249    0.0807276249    0.0807276249    0.0807276249    0.0807276249
  0.0807276249    0.0807276249    0.0807276249    0.0807276249    0.0807276249
  0.0807276249    0.0807276249    0.0807276249    0.0807276249    0.0807276249
  0.0807276249    0.0807276249    0.0807276249    0.0807276249    0.0807276249
  0.0807276249    0.0807276249    0.0807276249    0.0807276249    0.0807276249
  0.0807276249    0.0807276249    0.0807276249    0.0807276249    0.0807276249
  0.0807276249    0.0807276249    0.0807276249    0.0807276249    0.0807276249
  0.0807276249    0.0807276249    0.0807276249    0.0807276249    0.0807276249
  0.0807276249    0.0807276249    0.0807276249    0.0807276249    0.0807276249
  0.0807276249    0.0807276249    0.0807276249    0.0807276249    0.0807276249
  0.0000004292    0.0010939121    0.0021891117    0.0032843113    0.0043803692
  0.0054772854    0.0065750599    0.0076736927    0.0087740421    0.0098752499
  0.0109790325    0.0120836735    0.0131908894    0.0142981052    0.0154078960
  0.0165211201    0.0176343441    0.0187518597    0.0198693752    0.0209903240
  0.0221147060    0.0232408047    0.0243703365    0.0255033016    0.0266379833
  0.0277769566    0.0289185047    0.0300634861    0.0312110424    0.0323637486
  0.0335190296    0.0346777439    0.0358416080    0.0370097637    0.0381813526
  0.0393563747    0.0405382633    0.0417227268    0.0429131985    0.0441088200
  0.0453061581    0.0465120792    0.0477222919    0.0489402294    0.0501581669
  0.0513889790    0.0526240826    0.0538609028    0.0551054478    0.0563594341
  0.0576185703    0.0588837147    0.0601583004    0.0614388943    0.0627237797
  0.0640258312    0.0653287411    0.0666419506    0.0679646015    0.0692941189
  0.0706270695    0.0719754696    0.0733384609    0.0747066021    0.0760859013
  0.0774780750    0.0788805485    0.0802941799    0.0814468861    0.0814473152
  0.0814473152    0.0814473152    0.0814473152    0.0814473152    0.0814473152
  0.0814473152    0.0814473152    0.0814473152    0.0814473152    0.0814473152
  0.0814473152    0.0814473152    0.0814473152    0.0814473152    0.0814473152
  0.0814473152    0.0814473152    0.0814473152    0.0814473152    0.0814473152
  0.0814473152    0.0814473152    0.0814473152    0.0814473152    0.0814473152
  0.0814473152    0.0814473152    0.0814473152    0.0814473152    0.0814473152
  0.0814473152    0.0814473152    0.0814473152    0.0814473152    0.0814473152
  0.0814473152    0.0814473152    0.0814473152    0.0814473152    0.0814473152
  0.0814473152    0.0814473152    0.0814473152    0.0814473152    0.0814473152
  0.0814473152    0.0814473152    0.0814473152    0.0814473152    0.0814473152
  0.0814473152    0.0814473152    0.0814473152    0.0814473152    0.0814473152
  0.0814473152    0.0814473152    0.0814473152    0.0814473152    0.0814473152
  0.0814473152    0.0814473152    0.0814473152    0.0814473152    0.0814473152
  0.0814473152    0.0814473152    0.0814473152    0.0814473152    0.0814473152
  0.0814473152    0.0814473152    0.0814473152    0.0814473152    0.0814473152
  0.0814473152    0.0814473152    0.0814473152    0.0814473152    0.0814473152
  0.0814473152    0.0814473152    0.0814473152    0.0814473152    0.0814473152
  0.0814473152    0.0814473152    0.0814473152    0.0814473152    0.0814473152
  0.0814473152    0.0814473152    0.0814473152    0.0814473152    0.0814473152
  0.0814473152    0.0814473152    0.0814473152    0.0814473152    0.0814473152
  0.0814473152    0.0814473152    0.0814473152    0.0814473152    0.0814473152
  0.0814473152    0.0814473152    0.0814473152    0.0814473152    0.0814473152
  0.0000004292    0.0010621548    0.0021247387    0.0031881809    0.0042516232
  0.0053159237    0.0063810825    0.0074470997    0.0085148335    0.0095842838
  0.0106537342    0.0117249012    0.0127977848    0.0138723850    0.0149487019
  0.0160267353    0.0171073437    0.0181896687    0.0192728519    0.0203603268
  0.0214478016    0.0225404263    0.0236330509    0.0247282505    0.0258277416
  0.0269306660    0.0280335903    0.0291425228    0.0302531719    0.0313672543
  0.0324847698    0.0336048603    0.0347283840    0.0358561993    0.0369874477
  0.0381238461    0.0392636776    0.0404060841    0.0415536404    0.0427089214
  0.0438642025    0.0450254917    0.0461919308    0.0473635197    0.0485394001
  0.0497212887    0.0509083271    0.0520970821    0.0532961369    0.0545003414
  0.0557062626    0.0569224834    0.0581447124    0.0593720913    0.0606089115
  0.0618500233    0.0630945683    0.0643519878    0.0656171322    0.0668857098
  0.0681663036    0.0694520473    0.0707463741    0.0720535755    0.0733624935
  0.0746851444    0.0760146618    0.0773587704    0.0787097454    0.0800718784
  0.0814443111    0.0821429729    0.0821433667    0.0821433667    0.0821433667
  0.0821433667    0.0821433667    0.0821433667    0.0821433667    0.0821433667
  0.0821433667    0.0821433667    0.0821433667    0.0821433667    0.0821433667
  0.0821433667    0.0821433667    0.0821433667    0.0821433667    0.0821433667
  0.0821433667    0.0821433667    0.0821433667    0.0821433667    0.0821433667
  0.0821433667    0.0821433667    0.0821433667    0.0821433667    0.0821433667
  0.0821433667    0.0821433667    0.0821433667    0.0821433667    0.0821433667
  0.0821433667    0.0821433667    0.0821433667    0.0821433667    0.0821433667
  0.0821433667    0.0821433667    0.0821433667    0.0821433667    0.0821433667
  0.0821433667    0.0821433667    0.0821433667    0.0821433667    0.0821433667
  0.0821433667    0.0821433667    0.0821433667    0.0821433667    0.0821433667
  0.0821433667    0.0821433667    0.0821433667    0.0821433667    0.0821433667
  0.0821433667    0.0821433667    0.0821433667    0.0821433667    0.0821433667
  0.0821433667    0.0821433667    0.0821433667    0.0821433667    0.0821433667
  0.0821433667    0.0821433667    0.0821433667    0.0821433667    0.0821433667
  0.0821433667    0.0821433667    0.0821433667    0.0821433667    0.0821433667
  0.0821433667    0.0821433667    0.0821433667    0.0821433667    0.0821433667
  0.0821433667    0.0821433667    0.0821433667    0.0821433667    0.0821433667
  0.0821433667    0.0821433667    0.0821433667    0.0821433667    0.0821433667
  0.0821433667    0.0821433667    0.0821433667    0.0821433667    0.0821433667
  0.0821433667    0.0821433667    0.0821433667    0.0821433667    0.0821433667
  0.0821433667    0.0821433667    0.0821433667    0.0821433667    0.0821433667
  0.0000004292    0.0010321140    0.0020646572    0.0030980587    0.0041314602
  0.0051657200    0.0062008381    0.0072368145    0.0082727909    0.0093113422
  0.0103507519    0.0113910198    0.0124330044    0.0134758472    0.0145212650
  0.0155683994    0.0166163921    0.0176669598    0.0187175274    0.0197723866
  0.0208272457    0.0218863964    0.0229472637    0.0240089893    0.0250750065
  0.0261427402    0.0272139072    0.0282867908    0.0293631077    0.0304411411
  0.0315226078    0.0326083660    0.0336966991    0.0347876072    0.0358845234
  0.0369822979    0.0380826473    0.0391881466    0.0402970791    0.0414111614
  0.0425286770    0.0436513424    0.0447765827    0.0459052563    0.0470407963
  0.0481797695    0.0493238926    0.0504731655    0.0516258717    0.0527820110
  0.0539493084    0.0551183224    0.0562933445    0.0574743748    0.0586579800
  0.0598510265    0.0610492229    0.0622560024    0.0634653568    0.0646832943
  0.0659072399    0.0671406269    0.0683800220    0.0696237087    0.0708802700
  0.0721394062    0.0734148502    0.0746877193    0.0759777546    0.0772737980
  0.0785801411    0.0798942089    0.0812177181    0.0825566769    0.0828184605
  0.0828183375    0.0828183375    0.0828183375    0.0828183375    0.0828183375
  0.0828183375    0.0828183375    0.0828183375    0.0828183375    0.0828183375
  0.0828183375    0.0828183375    0.0828183375    0.0828183375    0.0828183375
  0.0828183375    0.0828183375    0.0828183375    0.0828183375    0.0828183375
  0.0828183375    0.0828183375    0.0828183375    0.0828183375    0.0828183375
  0.0828183375    0.0828183375    0.0828183375    0.0828183375    0.0828183375
  0.0828183375    0.0828183375    0.0828183375    0.0828183375    0.0828183375
  0.0828183375    0.0828183375    0.0828183375    0.0828183375    0.0828183375
  0.0828183375    0.0828183375    0.0828183375    0.0828183375    0.0828183375
  0.0828183375    0.0828183375    0.0828183375    0.0828183375    0.0828183375
  0.0828183375    0.0828183375    0.0828183375    0.0828183375    0.0828183375
  0.0828183375    0.0828183375    0.0828183375    0.0828183375    0.0828183375
  0.0828183375    0.0828183375    0.0828183375    0.0828183375    0.0828183375
  0.0828183375    0.0828183375    0.0828183375    0.0828183375    0.0828183375
  0.0828183375    0.0828183375    0.0828183375    0.0828183375    0.0828183375
  0.0828183375    0.0828183375    0.0828183375    0.0828183375    0.0828183375
  0.0828183375    0.0828183375    0.0828183375    0.0828183375    0.0828183375
  0.0828183375    0.0828183375    0.0828183375    0.0828183375    0.0828183375
  0.0828183375    0.0828183375    0.0828183375    0.0828183375    0.0828183375
  0.0828183375    0.0828183375    0.0828183375    0.0828183375    0.0828183375
  0.0828183375    0.0828183375    0.0828183375    0.0828183375    0.0828183375
  0.0000004292    0.0010046482    0.0020088673    0.0030139446    0.0040190220
  0.0050249577    0.0060317516    0.0070394039    0.0080479145    0.0090564251
  0.0100675106    0.0110785961    0.0120922565    0.0131059170    0.0141221523
  0.0151383877    0.0161580563    0.0171777248    0.0181999683    0.0192230701
  0.0202487469    0.0212769985    0.0223069668    0.0233386517    0.0243720531
  0.0254097462    0.0264474392    0.0274894238    0.0285322666    0.0295785427
  0.0306291103    0.0316805363    0.0327353954    0.0337919712    0.0348528385
  0.0359188557    0.0369857311    0.0380560398    0.0391297817    0.0402086735
  0.0412884235    0.0423733234    0.0434616566    0.0445525646    0.0456494808
  0.0467532635    0.0478561878    0.0489659786    0.0500792027    0.0512001514
  0.0523185253    0.0534497738    0.0545801640    0.0557165623    0.0568606853
  0.0580116749    0.0591618061    0.0603222370    0.0614878178    0.0626542568
  0.0638361454    0.0650171757    0.0662042141    0.0674006939    0.0686006069
  0.0698125362    0.0710253239    0.0722509861    0.0734800816    0.0747169018
  0.0759648800    0.0772222996    0.0784848690    0.0797534466    0.0810357571
  0.0823283672    0.0834716320    0.0834720612    0.0834720612    0.0834720612
  0.0834720612    0.0834720612    0.0834720612    0.0834720612    0.0834720612
  0.0834720612    0.0834720612    0.0834720612    0.0834720612    0.0834720612
  0.0834720612    0.0834720612    0.0834720612    0.0834720612    0.0834720612
  0.0834720612    0.0834720612    0.0834720612    0.0834720612    0.0834720612
  0.0834720612    0.0834720612    0.0834720612    0.0834720612    0.0834720612
  0.0834720612    0.0834720612    0.0834720612    0.0834720612    0.0834720612
  0.0834720612    0.0834720612    0.0834720612    0.0834720612    0.0834720612
  0.0834720612    0.0834720612    0.0834720612    0.0834720612    0.0834720612
  0.0834720612    0.0834720612    0.0834720612    0.0834720612    0.0834720612
  0.0834720612    0.0834720612    0.0834720612    0.0834720612    0.0834720612
  0.0834720612    0.0834720612    0.0834720612    0.0834720612    0.0834720612
  0.0834720612    0.0834720612    0.0834720612    0.0834720612    0.0834720612
  0.0834720612    0.0834720612    0.0834720612    0.0834720612    0.0834720612
  0.0834720612    0.0834720612    0.0834720612    0.0834720612    0.0834720612
  0.0834720612    0.0834720612    0.0834720612    0.0834720612    0.0834720612
  0.0834720612    0.0834720612    0.0834720612    0.0834720612    0.0834720612
  0.0834720612    0.0834720612    0.0834720612    0.0834720612    0.0834720612
  0.0834720612    0.0834720612    0.0834720612    0.0834720612    0.0834720612
  0.0834720612    0.0834720612    0.0834720612    0.0834720612    0.0834720612
  0.0834720612    0.0834720612    0.0834720612    0.0834720612    0.0834720612
  0.0000004292    0.0009780407    0.0019565105    0.0029349804    0.0039143085
  0.0048936367    0.0058738232    0.0068540096    0.0078359127    0.0088186741
  0.0098022938    0.0107867718    0.0117729664    0.0127600193    0.0137479305
  0.0147375584    0.0157280445    0.0167211056    0.0177150249    0.0187106609
  0.0197080135    0.0207070827    0.0217078686    0.0227103710    0.0237163067
  0.0247222424    0.0257333279    0.0267435551    0.0277580738    0.0287734509
  0.0297922611    0.0308136463    0.0318367481    0.0328641415    0.0338949680
  0.0349249363    0.0359600544    0.0369977474    0.0380414486    0.0390834332
  0.0401314259    0.0411845684    0.0422385693    0.0432960033    0.0443560123
  0.0454246044    0.0464906216    0.0475652218    0.0486423969    0.0497247219
  0.0508104801    0.0518988132    0.0529922962    0.0540917873    0.0551929951
  0.0563019276    0.0574142933    0.0585309505    0.0596544743    0.0607831478
  0.0619143963    0.0630550861    0.0641983509    0.0653476238    0.0665037632
  0.0676667690    0.0688340664    0.0700047970    0.0711841106    0.0723728657
  0.0735667706    0.0747692585    0.0759768963    0.0771982670    0.0784162045
  0.0796521664    0.0808907032    0.0821403980    0.0833935261    0.0841102123
  0.0841102123    0.0841102123    0.0841102123    0.0841102123    0.0841102123
  0.0841102123    0.0841102123    0.0841102123    0.0841102123    0.0841102123
  0.0841102123    0.0841102123    0.0841102123    0.0841102123    0.0841102123
  0.0841102123    0.0841102123    0.0841102123    0.0841102123    0.0841102123
  0.0841102123    0.0841102123    0.0841102123    0.0841102123    0.0841102123
  0.0841102123    0.0841102123    0.0841102123    0.0841102123    0.0841102123
  0.0841102123    0.0841102123    0.0841102123    0.0841102123    0.0841102123
  0.0841102123    0.0841102123    0.0841102123    0.0841102123    0.0841102123
  0.0841102123    0.0841102123    0.0841102123    0.0841102123    0.0841102123
  0.0841102123    0.0841102123    0.0841102123    0.0841102123    0.0841102123
  0.0841102123    0.0841102123    0.0841102123    0.0841102123    0.0841102123
  0.0841102123    0.0841102123    0.0841102123    0.0841102123    0.0841102123
  0.0841102123    0.0841102123    0.0841102123    0.0841102123    0.0841102123
  0.0841102123    0.0841102123    0.0841102123    0.0841102123    0.0841102123
  0.0841102123    0.0841102123    0.0841102123    0.0841102123    0.0841102123
  0.0841102123    0.0841102123    0.0841102123    0.0841102123    0.0841102123
  0.0841102123    0.0841102123    0.0841102123    0.0841102123    0.0841102123
  0.0841102123    0.0841102123    0.0841102123    0.0841102123    0.0841102123
  0.0841102123    0.0841102123    0.0841102123    0.0841102123    0.0841102123
  0.0841102123    0.0841102123    0.0841102123    0.0841102123    0.0841102123
  0.0000004292    0.0009531498    0.0019067287    0.0028603077    0.0038147449
  0.0047691822    0.0057244778    0.0066814899    0.0076376438    0.0085955143
  0.0095533848    0.0105129719    0.0114725590    0.0124347210    0.0133968830
  0.0143607616    0.0153254986    0.0162919521    0.0172601223    0.0182291508
  0.0191998959    0.0201723576    0.0211465359    0.0221232891    0.0231000423
  0.0240793705    0.0250612736    0.0260457516    0.0270319462    0.0280198574
  0.0290103436    0.0300025463    0.0309981823    0.0319946766    0.0329946041
  0.0339971066    0.0350030422    0.0360124111    0.0370226383    0.0380362988
  0.0390508175    0.0400730610    0.0410944462    0.0421201229    0.0431500912
  0.0441826344    0.0452211857    0.0462580204    0.0473051548    0.0483497143
  0.0493985653    0.0504568577    0.0515142918    0.0525760174    0.0536437511
  0.0547140598    0.0557895184    0.0568701267    0.0579533100    0.0590416431
  0.0601351261    0.0612354755    0.0623383999    0.0634464741    0.0645588398
  0.0656780720    0.0668024540    0.0679328442    0.0690701008    0.0702116489
  0.0713566303    0.0725136280    0.0736766338    0.0748370647    0.0760112286
  0.0771939754    0.0783792973    0.0795749187    0.0807731152    0.0819824696
  0.0832055569    0.0844286442    0.0847273350    0.0847273011    0.0847273011
  0.0847273011    0.0847273011    0.0847273011    0.0847273011    0.0847273011
  0.0847273011    0.0847273011    0.0847273011    0.0847273011    0.0847273011
  0.0847273011    0.0847273011    0.0847273011    0.0847273011    0.0847273011
  0.0847273011    0.0847273011    0.0847273011    0.0847273011    0.0847273011
  0.0847273011    0.0847273011    0.0847273011    0.0847273011    0.0847273011
  0.0847273011    0.0847273011    0.0847273011    0.0847273011    0.0847273011
  0.0847273011    0.0847273011    0.0847273011    0.0847273011    0.0847273011
  0.0847273011    0.0847273011    0.0847273011    0.0847273011    0.0847273011
  0.0847273011    0.0847273011    0.0847273011    0.0847273011    0.0847273011
  0.0847273011    0.0847273011    0.0847273011    0.0847273011    0.0847273011
  0.0847273011    0.0847273011    0.0847273011    0.0847273011    0.0847273011
  0.0847273011    0.0847273011    0.0847273011    0.0847273011    0.0847273011
  0.0847273011    0.0847273011    0.0847273011    0.0847273011    0.0847273011
  0.0847273011    0.0847273011    0.0847273011    0.0847273011    0.0847273011
  0.0847273011    0.0847273011    0.0847273011    0.0847273011    0.0847273011
  0.0847273011    0.0847273011    0.0847273011    0.0847273011    0.0847273011
  0.0847273011    0.0847273011    0.0847273011    0.0847273011    0.0847273011
  0.0847273011    0.0847273011    0.0847273011    0.0847273011    0.0847273011
  0.0847273011    0.0847273011    0.0847273011    0.0847273011    0.0847273011
  0.0000004292    0.0009299755    0.0018603802    0.0027907848    0.0037220478
  0.0046533108    0.0055854321    0.0065175533    0.0074505329    0.0083843708
  0.0093190670    0.0102546215    0.0111910343    0.0121283054    0.0130664349
  0.0140062809    0.0149469852    0.0158894062    0.0168326855    0.0177768230
  0.0187226772    0.0196711063    0.0206186771    0.0215705395    0.0225215435
  0.0234768391    0.0244321346    0.0253891468    0.0263487339    0.0273108959
  0.0282747746    0.0292412281    0.0302085400    0.0311792850    0.0321508884
  0.0331285000    0.0341061115    0.0350854397    0.0360673428    0.0370526791
  0.0380414486    0.0390319347    0.0400249958    0.0410214901    0.0420205593
  0.0430239201    0.0440281391    0.0450375080    0.0460494518    0.0470656872
  0.0480844975    0.0491067410    0.0501341343    0.0511632442    0.0521940708
  0.0532334805    0.0542737484    0.0553183079    0.0563688755    0.0574194431
  0.0584785938    0.0595411777    0.0606080532    0.0616792202    0.0627546787
  0.0638335705    0.0649184704    0.0660119534    0.0671062946    0.0682075024
  0.0693112850    0.0704210758    0.0715360165    0.0726612568    0.0737856388
  0.0749211788    0.0760653019    0.0772102833    0.0783664227    0.0795217037
  0.0806907177    0.0818640232    0.0830450535    0.0842329502    0.0853307247
  0.0853307247    0.0853307247    0.0853307247    0.0853307247    0.0853307247
  0.0853307247    0.0853307247    0.0853307247    0.0853307247    0.0853307247
  0.0853307247    0.0853307247    0.0853307247    0.0853307247    0.0853307247
  0.0853307247    0.0853307247    0.0853307247    0.0853307247    0.0853307247
  0.0853307247    0.0853307247    0.0853307247    0.0853307247    0.0853307247
  0.0853307247    0.0853307247    0.0853307247    0.0853307247    0.0853307247
  0.0853307247    0.0853307247    0.0853307247    0.0853307247    0.0853307247
  0.0853307247    0.0853307247    0.0853307247    0.0853307247    0.0853307247
  0.0853307247    0.0853307247    0.0853307247    0.0853307247    0.0853307247
  0.0853307247    0.0853307247    0.0853307247    0.0853307247    0.0853307247
  0.0853307247    0.0853307247    0.0853307247    0.0853307247    0.0853307247
  0.0853307247    0.0853307247    0.0853307247    0.0853307247    0.0853307247
  0.0853307247    0.0853307247    0.0853307247    0.0853307247    0.0853307247
  0.0853307247    0.0853307247    0.0853307247    0.0853307247    0.0853307247
  0.0853307247    0.0853307247    0.0853307247    0.0853307247    0.0853307247
  0.0853307247    0.0853307247    0.0853307247    0.0853307247    0.0853307247
  0.0853307247    0.0853307247    0.0853307247    0.0853307247    0.0853307247
  0.0853307247    0.0853307247    0.0853307247    0.0853307247    0.0853307247
  0.0853307247    0.0853307247    0.0853307247    0.0853307247    0.0853307247
  0.0000004292    0.0009085178    0.0018166065    0.0027255535    0.0036345005
  0.0045434475    0.0054532528    0.0063639164    0.0072745800    0.0081861019
  0.0090984821    0.0100108624    0.0109249592    0.0118399143    0.0127557278
  0.0136723995    0.0145899296    0.0155091763    0.0164292812    0.0173502445
  0.0182729244    0.0191964626    0.0201225758    0.0210495472    0.0219782352
  0.0229077816    0.0238407612    0.0247728825    0.0257075787    0.0266448498
  0.0275846958    0.0285245419    0.0294669628    0.0304128170    0.0313595295
  0.0323088169    0.0332598209    0.0342133999    0.0351712704    0.0361291409
  0.0370913029    0.0380543232    0.0390199184    0.0399898052    0.0409596920
  0.0419364452    0.0429131985    0.0438933849    0.0448752880    0.0458623409
  0.0468519688    0.0478433132    0.0488406658    0.0498380184    0.0508413792
  0.0518473148    0.0528566837    0.0538712025    0.0548865795    0.0559079647
  0.0569319248    0.0579610348    0.0589927197    0.0600269794    0.0610723972
  0.0621143818    0.0631666660    0.0642189503    0.0652755260    0.0663398266
  0.0674092770    0.0684770107    0.0695584774    0.0706399441    0.0717291355
  0.0728200436    0.0739221096    0.0750250340    0.0761322498    0.0772480488
  0.0783689976    0.0794959545    0.0806263447    0.0817713261    0.0829197407
  0.0840724468    0.0852294445    0.0859160900    0.0859160900    0.0859160900
  0.0859160900    0.0859160900    0.0859160900    0.0859160900    0.0859160900
  0.0859160900    0.0859160900    0.0859160900    0.0859160900    0.0859160900
  0.0859160900    0.0859160900    0.0859160900    0.0859160900    0.0859160900
  0.0859160900    0.0859160900    0.0859160900    0.0859160900    0.0859160900
  0.0859160900    0.0859160900    0.0859160900    0.0859160900    0.0859160900
  0.0859160900    0.0859160900    0.0859160900    0.0859160900    0.0859160900
  0.0859160900    0.0859160900    0.0859160900    0.0859160900    0.0859160900
  0.0859160900    0.0859160900    0.0859160900    0.0859160900    0.0859160900
  0.0859160900    0.0859160900    0.0859160900    0.0859160900    0.0859160900
  0.0859160900    0.0859160900    0.0859160900    0.0859160900    0.0859160900
  0.0859160900    0.0859160900    0.0859160900    0.0859160900    0.0859160900
  0.0859160900    0.0859160900    0.0859160900    0.0859160900    0.0859160900
  0.0859160900    0.0859160900    0.0859160900    0.0859160900    0.0859160900
  0.0859160900    0.0859160900    0.0859160900    0.0859160900    0.0859160900
  0.0859160900    0.0859160900    0.0859160900    0.0859160900    0.0859160900
  0.0859160900    0.0859160900    0.0859160900    0.0859160900    0.0859160900
  0.0859160900    0.0859160900    0.0859160900    0.0859160900    0.0859160900
  0.0859160900    0.0859160900    0.0859160900    0.0859160900    0.0859160900
  0.0000004292    0.0008879185    0.0017754078    0.0026628971    0.0035512447
  0.0044395924    0.0053287983    0.0062180042    0.0071080685    0.0079989910
  0.0088899136    0.0097808361    0.0106743336    0.0115678310    0.0124613285
  0.0133565426    0.0142534733    0.0151504040    0.0160481930    0.0169476986
  0.0178480625    0.0187501431    0.0196530819    0.0205577374    0.0214632511
  0.0223713398    0.0232802868    0.0241909504    0.0251033306    0.0260174274
  0.0269332409    0.0278507710    0.0287683010    0.0296901226    0.0306128025
  0.0315380573    0.0324667454    0.0333945751    0.0343275547    0.0352596760
  0.0361952305    0.0371333599    0.0380732059    0.0390164852    0.0399631977
  0.0409107685    0.0418617725    0.0428162098    0.0437715054    0.0447302341
  0.0456923962    0.0466579914    0.0476270199    0.0485960484    0.0495693684
  0.0505478382    0.0515297413    0.0525099277    0.0534986973    0.0544891834
  0.0554813862    0.0564787388    0.0574820995    0.0584871769    0.0594965458
  0.0605050564    0.0615221500    0.0625435352    0.0635709286    0.0645948887
  0.0656291485    0.0666685581    0.0677071095    0.0687559605    0.0698065281
  0.0708639622    0.0719188213    0.0729848385    0.0740551472    0.0751340389
  0.0762146473    0.0773021221    0.0783921719    0.0794882298    0.0805928707
  0.0817000866    0.0828176022    0.0839402676    0.0850689411    0.0862010479
  0.0864877224    0.0864881515    0.0864881516    0.0864881516    0.0864881516
  0.0864881516    0.0864881516    0.0864881516    0.0864881516    0.0864881516
  0.0864881516    0.0864881516    0.0864881516    0.0864881516    0.0864881516
  0.0864881516    0.0864881516    0.0864881516    0.0864881516    0.0864881516
  0.0864881516    0.0864881516    0.0864881516    0.0864881516    0.0864881516
  0.0864881516    0.0864881516    0.0864881516    0.0864881516    0.0864881516
  0.0864881516    0.0864881516    0.0864881516    0.0864881516    0.0864881516
  0.0864881516    0.0864881516    0.0864881516    0.0864881516    0.0864881516
  0.0864881516    0.0864881516    0.0864881516    0.0864881516    0.0864881516
  0.0864881516    0.0864881516    0.0864881516    0.0864881516    0.0864881516
  0.0864881516    0.0864881516    0.0864881516    0.0864881516    0.0864881516
  0.0864881516    0.0864881516    0.0864881516    0.0864881516    0.0864881516
  0.0864881516    0.0864881516    0.0864881516    0.0864881516    0.0864881516
  0.0864881516    0.0864881516    0.0864881516    0.0864881516    0.0864881516
  0.0864881516    0.0864881516    0.0864881516    0.0864881516    0.0864881516
  0.0864881516    0.0864881516    0.0864881516    0.0864881516    0.0864881516
  0.0864881516    0.0864881516    0.0864881516    0.0864881516    0.0864881516
  0.0864881516    0.0864881516    0.0864881516    0.0864881516    0.0864881516
  0.0000004292    0.0008681774    0.0017359257    0.0026045322    0.0034722805
  0.0043408871    0.0052103519    0.0060798168    0.0069501400    0.0078204632
  0.0086925030    0.0095636845    0.0104365826    0.0113103390    0.0121832371
  0.0130587101    0.0139341831    0.0148105145    0.0156885624    0.0165674686
  0.0174472332    0.0183278561    0.0192110538    0.0200942516    0.0209783077
  0.0218649387    0.0227507114    0.0236407757    0.0245316982    0.0254234791
  0.0263169765    0.0272121906    0.0281091213    0.0290069103    0.0299081326
  0.0308119297    0.0317148685    0.0326212406    0.0335284710    0.0344391346
  0.0353515148    0.0362664700    0.0371831417    0.0381006718    0.0390242100
  0.0399460316    0.0408721447    0.0418025494    0.0427329540    0.0436667919
  0.0446032047    0.0455413342    0.0464820385    0.0474270344    0.0483728886
  0.0493264675    0.0502791882    0.0512327671    0.0521914959    0.0531536579
  0.0541183949    0.0550874233    0.0560616016    0.0570383549    0.0580185413
  0.0589970112    0.0599874973    0.0609745502    0.0619684696    0.0629658222
  0.0639674664    0.0649699688    0.0659793377    0.0669921398    0.0680092335
  0.0690306187    0.0700571537    0.0710888386    0.0721239567    0.0731616497
  0.0742087841    0.0752516270    0.0763064861    0.0773699284    0.0784273624
  0.0794959545    0.0805757046    0.0816528797    0.0827412128    0.0838295460
  0.0849290371    0.0860293865    0.0870439053    0.0870441664    0.0870441664
  0.0870441664    0.0870441664    0.0870441664    0.0870441664    0.0870441664
  0.0870441664    0.0870441664    0.0870441664    0.0870441664    0.0870441664
  0.0870441664    0.0870441664    0.0870441664    0.0870441664    0.0870441664
  0.0870441664    0.0870441664    0.0870441664    0.0870441664    0.0870441664
  0.0870441664    0.0870441664    0.0870441664    0.0870441664    0.0870441664
  0.0870441664    0.0870441664    0.0870441664    0.0870441664    0.0870441664
  0.0870441664    0.0870441664    0.0870441664    0.0870441664    0.0870441664
  0.0870441664    0.0870441664    0.0870441664    0.0870441664    0.0870441664
  0.0870441664    0.0870441664    0.0870441664    0.0870441664    0.0870441664
  0.0870441664    0.0870441664    0.0870441664    0.0870441664    0.0870441664
  0.0870441664    0.0870441664    0.0870441664    0.0870441664    0.0870441664
  0.0870441664    0.0870441664    0.0870441664    0.0870441664    0.0870441664
  0.0870441664    0.0870441664    0.0870441664    0.0870441664    0.0870441664
  0.0870441664    0.0870441664    0.0870441664    0.0870441664    0.0870441664
  0.0870441664    0.0870441664    0.0870441664    0.0870441664    0.0870441664
  0.0870441664    0.0870441664    0.0870441664    0.0870441664    0.0870441664
  0.0870441664    0.0870441664    0.0870441664    0.0870441664    0.0870441664
  0.0000004292    0.0008492947    0.0016990185    0.0025487423    0.0033984661
  0.0042481899    0.0050987720    0.0059493542    0.0068007946    0.0076522350
  0.0085045338    0.0093568325    0.0102108479    0.0110648632    0.0119197369
  0.0127754688    0.0136312008    0.0144886494    0.0153469563    0.0162069798
  0.0170661449    0.0179278851    0.0187904835    0.0196539402    0.0205191135
  0.0213842869    0.0222520351    0.0231197834    0.0239901066    0.0248612881
  0.0257350445    0.0266088009    0.0274842739    0.0283614635    0.0292412281
  0.0301227093    0.0310050488    0.0318891048    0.0327757359    0.0336640835
  0.0345550060    0.0354450703    0.0363394260    0.0372363567    0.0381367207
  0.0390362263    0.0399391651    0.0408455372    0.0417527676    0.0426617146
  0.0435740948    0.0444890499    0.0454057217    0.0463241100    0.0472476482
  0.0481720448    0.0490998745    0.0500311375    0.0509666920    0.0518996716
  0.0528386593    0.0537836552    0.0547243595    0.0556753635    0.0566280842
  0.0575799465    0.0585412502    0.0594999790    0.0604638577    0.0614337444
  0.0624036312    0.0633760929    0.0643597126    0.0653433323    0.0663286686
  0.0673200130    0.0683104992    0.0693087101    0.0703094959    0.0713171482
  0.0723290920    0.0733436108    0.0743589878    0.0753846645    0.0764146328
  0.0774463177    0.0784857273    0.0795242786    0.0805714130    0.0816254139
  0.0826819897    0.0837488651    0.0848140240    0.0858894825    0.0869675159
  0.0875889301    0.0875893593    0.0875893593    0.0875893593    0.0875893593
  0.0875893593    0.0875893593    0.0875893593    0.0875893593    0.0875893593
  0.0875893593    0.0875893593    0.0875893593    0.0875893593    0.0875893593
  0.0875893593    0.0875893593    0.0875893593    0.0875893593    0.0875893593
  0.0875893593    0.0875893593    0.0875893593    0.0875893593    0.0875893593
  0.0875893593    0.0875893593    0.0875893593    0.0875893593    0.0875893593
  0.0875893593    0.0875893593    0.0875893593    0.0875893593    0.0875893593
  0.0875893593    0.0875893593    0.0875893593    0.0875893593    0.0875893593
  0.0875893593    0.0875893593    0.0875893593    0.0875893593    0.0875893593
  0.0875893593    0.0875893593    0.0875893593    0.0875893593    0.0875893593
  0.0875893593    0.0875893593    0.0875893593    0.0875893593    0.0875893593
  0.0875893593    0.0875893593    0.0875893593    0.0875893593    0.0875893593
  0.0875893593    0.0875893593    0.0875893593    0.0875893593    0.0875893593
  0.0875893593    0.0875893593    0.0875893593    0.0875893593    0.0875893593
  0.0875893593    0.0875893593    0.0875893593    0.0875893593    0.0875893593
  0.0875893593    0.0875893593    0.0875893593    0.0875893593    0.0875893593
  0.0875893593    0.0875893593    0.0875893593    0.0875893593    0.0875893593
  0.0000004292    0.0008312702    0.0016629696    0.0024955273    0.0033272266
  0.0041597843    0.0049923420    0.0058248997    0.0066583157    0.0074925900
  0.0083268642    0.0091619968    0.0099971294    0.0108331203    0.0116699696
  0.0125076771    0.0133453846    0.0141839504    0.0150233746    0.0158645153
  0.0167065144    0.0175493717    0.0183922291    0.0192376614    0.0200830936
  0.0209293842    0.0217765331    0.0226271152    0.0234776974    0.0243291378
  0.0251831532    0.0260363102    0.0268937588    0.0277512074    0.0286095142
  0.0294703960    0.0303329945    0.0311964512    0.0320624828    0.0329310894
  0.0337979794    0.0346700191    0.0355437756    0.0364192486    0.0372947216
  0.0381744862    0.0390551090    0.0399391651    0.0408232212    0.0417124271
  0.0425999165    0.0434934139    0.0443860531    0.0452847004    0.0461824894
  0.0470854282    0.0479892254    0.0488947392    0.0498036861    0.0507177830
  0.0516310215    0.0525476933    0.0534677982    0.0543887615    0.0553174496
  0.0562444210    0.0571748257    0.0581112385    0.0590476513    0.0599909306
  0.0609359264    0.0618843555    0.0628327847    0.0637855053    0.0647476673
  0.0657046795    0.0666694164    0.0676427364    0.0686151981    0.0695876598
  0.0705652714    0.0715506077    0.0725393772    0.0735315800    0.0745272160
  0.0755254269    0.0765279293    0.0775347233    0.0785501003    0.0795671940
  0.0805877209    0.0816151142    0.0826450825    0.0836844921    0.0847204685
  0.0857710361    0.0868233204    0.0878841877    0.0881210804    0.0881215096
  0.0881215096    0.0881215096    0.0881215096    0.0881215096    0.0881215096
  0.0881215096    0.0881215096    0.0881215096    0.0881215096    0.0881215096
  0.0881215096    0.0881215096    0.0881215096    0.0881215096    0.0881215096
  0.0881215096    0.0881215096    0.0881215096    0.0881215096    0.0881215096
  0.0881215096    0.0881215096    0.0881215096    0.0881215096    0.0881215096
  0.0881215096    0.0881215096    0.0881215096    0.0881215096    0.0881215096
  0.0881215096    0.0881215096    0.0881215096    0.0881215096    0.0881215096
  0.0881215096    0.0881215096    0.0881215096    0.0881215096    0.0881215096
  0.0881215096    0.0881215096    0.0881215096    0.0881215096    0.0881215096
  0.0881215096    0.0881215096    0.0881215096    0.0881215096    0.0881215096
  0.0881215096    0.0881215096    0.0881215096    0.0881215096    0.0881215096
  0.0881215096    0.0881215096    0.0881215096    0.0881215096    0.0881215096
  0.0881215096    0.0881215096    0.0881215096    0.0881215096    0.0881215096
  0.0881215096    0.0881215096    0.0881215096    0.0881215096    0.0881215096
  0.0881215096    0.0881215096    0.0881215096    0.0881215096    0.0881215096
  0.0881215096    0.0881215096    0.0881215096    0.0881215096    0.0881215096
  0.0000004292    0.0008149624    0.0016294956    0.0024448872    0.0032602787
  0.0040756702    0.0048910618    0.0057073116    0.0065235615    0.0073406696
  0.0081577778    0.0089748859    0.0097937107    0.0106125355    0.0114322186
  0.0122519016    0.0130724430    0.0138938427    0.0147161007    0.0155400753
  0.0163631916    0.0171888828    0.0180137157    0.0188411236    0.0196676731
  0.0204967976    0.0213276386    0.0221576214    0.0229893208    0.0238227367
  0.0246570110    0.0254947186    0.0263307095    0.0271701336    0.0280112743
  0.0288524151    0.0296935558    0.0305398464    0.0313869953    0.0322332859
  0.0330830097    0.0339335918    0.0347876072    0.0356416225    0.0364982128
  0.0373565197    0.0382174015    0.0390808582    0.0399443150    0.0408103466
  0.0416789532    0.0425484180    0.0434221745    0.0442967892    0.0451731205
  0.0460546017    0.0469352245    0.0478218555    0.0487050533    0.0495942593
  0.0504868984    0.0513821125    0.0522764683    0.0531776905    0.0540780544
  0.0549827099    0.0558907986    0.0567997456    0.0577121258    0.0586322308
  0.0595480442    0.0604698658    0.0613976955    0.0623255253    0.0632559299
  0.0641897678    0.0651261806    0.0660686016    0.0670110226    0.0679611683
  0.0689113140    0.0698631763    0.0708236217    0.0717892170    0.0727513790
  0.0737204075    0.0746971607    0.0756739140    0.0766515255    0.0776420116
  0.0786307812    0.0796186924    0.0806211948    0.0816219807    0.0826270580
  0.0836398602    0.0846569538    0.0856791973    0.0867065907    0.0877322674
  0.0886403561    0.0886402541    0.0886402541    0.0886402541    0.0886402541
  0.0886402541    0.0886402541    0.0886402541    0.0886402541    0.0886402541
  0.0886402541    0.0886402541    0.0886402541    0.0886402541    0.0886402541
  0.0886402541    0.0886402541    0.0886402541    0.0886402541    0.0886402541
  0.0886402541    0.0886402541    0.0886402541    0.0886402541    0.0886402541
  0.0886402541    0.0886402541    0.0886402541    0.0886402541    0.0886402541
  0.0886402541    0.0886402541    0.0886402541    0.0886402541    0.0886402541
  0.0886402541    0.0886402541    0.0886402541    0.0886402541    0.0886402541
  0.0886402541    0.0886402541    0.0886402541    0.0886402541    0.0886402541
  0.0886402541    0.0886402541    0.0886402541    0.0886402541    0.0886402541
  0.0886402541    0.0886402541    0.0886402541    0.0886402541    0.0886402541
  0.0886402541    0.0886402541    0.0886402541    0.0886402541    0.0886402541
  0.0886402541    0.0886402541    0.0886402541    0.0886402541    0.0886402541
  0.0886402541    0.0886402541    0.0886402541    0.0886402541    0.0886402541
  0.0886402541    0.0886402541    0.0886402541    0.0886402541    0.0886402541
  0.0886402541    0.0886402541    0.0886402541    0.0886402541    0.0886402541
  0.0000004292    0.0007986546    0.0015977383    0.0023968220    0.0031959057
  0.0039949894    0.0047949314    0.0055948734    0.0063948154    0.0071956158
  0.0079964161    0.0087980747    0.0095997334    0.0104022503    0.0112056255
  0.0120098591    0.0128132343    0.0136183262    0.0144234180    0.0152293682
  0.0160370350    0.0168447018    0.0176540852    0.0184634686    0.0192737103
  0.0200856686    0.0208984852    0.0217113018    0.0225258350    0.0233429432
  0.0241600513    0.0249771595    0.0257968426    0.0266173840    0.0274405003
  0.0282636166    0.0290875912    0.0299149990    0.0307415485    0.0315723896
  0.0324032307    0.0332349300    0.0340700626    0.0349051952    0.0357411861
  0.0365823269    0.0374226093    0.0382663250    0.0391091824    0.0399554729
  0.0408034801    0.0416549206    0.0425080776    0.0433620930    0.0442195415
  0.0450778484    0.0459378719    0.0468013287    0.0476665020    0.0485351086
  0.0494037151    0.0502774715    0.0511512280    0.0520292759    0.0529073238
  0.0537879467    0.0546737194    0.0555594921    0.0564495564    0.0573430538
  0.0582374096    0.0591351986    0.0600381374    0.0609402180    0.0618474483
  0.0627572536    0.0636704922    0.0645845890    0.0655012608    0.0664230824
  0.0673483372    0.0682787418    0.0692117214    0.0701421261    0.0710828304
  0.0720235348    0.0729693890    0.0739195347    0.0748696804    0.0758275509
  0.0767862797    0.0777450085    0.0787183285    0.0796830654    0.0806623936
  0.0816425800    0.0826270580    0.0836149693    0.0846037388    0.0855985165
  0.0866018772    0.0876086712    0.0886197567    0.0891476154    0.0891480446
  0.0891480446    0.0891480446    0.0891480446    0.0891480446    0.0891480446
  0.0891480446    0.0891480446    0.0891480446    0.0891480446    0.0891480446
  0.0891480446    0.0891480446    0.0891480446    0.0891480446    0.0891480446
  0.0891480446    0.0891480446    0.0891480446    0.0891480446    0.0891480446
  0.0891480446    0.0891480446    0.0891480446    0.0891480446    0.0891480446
  0.0891480446    0.0891480446    0.0891480446    0.0891480446    0.0891480446
  0.0891480446    0.0891480446    0.0891480446    0.0891480446    0.0891480446
  0.0891480446    0.0891480446    0.0891480446    0.0891480446    0.0891480446
  0.0891480446    0.0891480446    0.0891480446    0.0891480446    0.0891480446
  0.0891480446    0.0891480446    0.0891480446    0.0891480446    0.0891480446
  0.0891480446    0.0891480446    0.0891480446    0.0891480446    0.0891480446
  0.0891480446    0.0891480446    0.0891480446    0.0891480446    0.0891480446
  0.0891480446    0.0891480446    0.0891480446    0.0891480446    0.0891480446
  0.0891480446    0.0891480446    0.0891480446    0.0891480446    0.0891480446
  0.0891480446    0.0891480446    0.0891480446    0.0891480446    0.0891480446
  0.0000004292    0.0007832050    0.0015668392    0.0023513317    0.0031349659
  0.0039186001    0.0047030926    0.0054875851    0.0062720776    0.0070574284
  0.0078427792    0.0086289883    0.0094151974    0.0102022648    0.0109893322
  0.0117772579    0.0125651836    0.0133539677    0.0141444683    0.0149349689
  0.0157263279    0.0165176868    0.0173107624    0.0181038380    0.0188986301
  0.0196934223    0.0204899311    0.0212864399    0.0220846653    0.0228846073
  0.0236845493    0.0244862080    0.0252887249    0.0260921001    0.0268980503
  0.0277040005    0.0285116673    0.0293201923    0.0301304340    0.0309415340
  0.0317560673    0.0325697422    0.0333859921    0.0342039585    0.0350219250
  0.0358441830    0.0366681576    0.0374921322    0.0383169651    0.0391452312
  0.0399743557    0.0408077717    0.0416394711    0.0424728870    0.0433123112
  0.0441508770    0.0449928761    0.0458357334    0.0466803074    0.0475265980
  0.0483754635    0.0492286205    0.0500826359    0.0509383678    0.0517966747
  0.0526566982    0.0535210133    0.0543853283    0.0552539349    0.0561251163
  0.0569954395    0.0578709126    0.0587523937    0.0596304417    0.0605170727
  0.0614011288    0.0622903347    0.0631812572    0.0640747547    0.0649742603
  0.0658720493    0.0667767048    0.0676856518    0.0685963154    0.0695052624
  0.0704193592    0.0713386059    0.0722604275    0.0731891155    0.0741135120
  0.0750456333    0.0759863377    0.0769227505    0.0778677464    0.0788127422
  0.0797620296    0.0807181835    0.0816760540    0.0826347828    0.0836003780
  0.0845728397    0.0855478764    0.0865246296    0.0875065327    0.0884892941
  0.0894832134    0.0896454334    0.0896454334    0.0896454334    0.0896454334
  0.0896454334    0.0896454334    0.0896454334    0.0896454334    0.0896454334
  0.0896454334    0.0896454334    0.0896454334    0.0896454334    0.0896454334
  0.0896454334    0.0896454334    0.0896454334    0.0896454334    0.0896454334
  0.0896454334    0.0896454334    0.0896454334    0.0896454334    0.0896454334
  0.0896454334    0.0896454334    0.0896454334    0.0896454334    0.0896454334
  0.0896454334    0.0896454334    0.0896454334    0.0896454334    0.0896454334
  0.0896454334    0.0896454334    0.0896454334    0.0896454334    0.0896454334
  0.0896454334    0.0896454334    0.0896454334    0.0896454334    0.0896454334
  0.0896454334    0.0896454334    0.0896454334    0.0896454334    0.0896454334
  0.0896454334    0.0896454334    0.0896454334    0.0896454334    0.0896454334
  0.0896454334    0.0896454334    0.0896454334    0.0896454334    0.0896454334
  0.0896454334    0.0896454334    0.0896454334    0.0896454334    0.0896454334
  0.0896454334    0.0896454334    0.0896454334    0.0896454334    0.0896454334
  0.0896454334    0.0896454334    0.0896454334    0.0896454334    0.0896454334
  0.0000004292    0.0007686138    0.0015376568    0.0023066998    0.0030766010
  0.0038456440    0.0046155453    0.0053854465    0.0061553478    0.0069252491
  0.0076960087    0.0084676266    0.0092383862    0.0100108624    0.0107833385
  0.0115566730    0.0123300076    0.0131033421    0.0138783932    0.0146534443
  0.0154293537    0.0162052631    0.0169828892    0.0177613735    0.0185398579
  0.0193200588    0.0201011181    0.0208821774    0.0216640949    0.0224477291
  0.0232330799    0.0240175724    0.0248046398    0.0255917072    0.0263804913
  0.0271709919    0.0279614925    0.0287537098    0.0295476437    0.0303432941
  0.0311389446    0.0319371700    0.0327362537    0.0335361958    0.0343378544
  0.0351420879    0.0359463215    0.0367539883    0.0375625134    0.0383710384
  0.0391829967    0.0399975300    0.0408120632    0.0416300297    0.0424471378
  0.0432676792    0.0440916538    0.0449156284    0.0457396030    0.0465704441
  0.0473995686    0.0482304096    0.0490655422    0.0499058247    0.0507426739
  0.0515803814    0.0524249554    0.0532703876    0.0541192532    0.0549664021
  0.0558178425    0.0566744328    0.0575301647    0.0583919048    0.0592519283
  0.0601171017    0.0609865665    0.0618543148    0.0627272129    0.0635983944
  0.0644755840    0.0653587818    0.0662394047    0.0671260357    0.0680152416
  0.0689053059    0.0697996616    0.0706974506    0.0715986729    0.0725016117
  0.0734045506    0.0743186474    0.0752318859    0.0761476994    0.0770678043
  0.0779904842    0.0789174557    0.0798487186    0.0807825565    0.0817206860
  0.0826570988    0.0836038113    0.0845530987    0.0855075359    0.0864593983
  0.0874181271    0.0883820057    0.0893544674    0.0901320934    0.0901320934
  0.0901320934    0.0901320934    0.0901320934    0.0901320934    0.0901320934
  0.0901320934    0.0901320934    0.0901320934    0.0901320934    0.0901320934
  0.0901320934    0.0901320934    0.0901320934    0.0901320934    0.0901320934
  0.0901320934    0.0901320934    0.0901320934    0.0901320934    0.0901320934
  0.0901320934    0.0901320934    0.0901320934    0.0901320934    0.0901320934
  0.0901320934    0.0901320934    0.0901320934    0.0901320934    0.0901320934
  0.0901320934    0.0901320934    0.0901320934    0.0901320934    0.0901320934
  0.0901320934    0.0901320934    0.0901320934    0.0901320934    0.0901320934
  0.0901320934    0.0901320934    0.0901320934    0.0901320934    0.0901320934
  0.0901320934    0.0901320934    0.0901320934    0.0901320934    0.0901320934
  0.0901320934    0.0901320934    0.0901320934    0.0901320934    0.0901320934
  0.0901320934    0.0901320934    0.0901320934    0.0901320934    0.0901320934
  0.0901320934    0.0901320934    0.0901320934    0.0901320934    0.0901320934
  0.0901320934    0.0901320934    0.0901320934    0.0901320934    0.0901320934
  0.0000004292    0.0007548809    0.0015101910    0.0022655010    0.0030208111
  0.0037761211    0.0045314312    0.0052867413    0.0060429096    0.0067990780
  0.0075561047    0.0083131313    0.0090701580    0.0098280430    0.0105859280
  0.0113446712    0.0121042728    0.0128630161    0.0136243343    0.0143847942
  0.0151461124    0.0159065723    0.0166704655    0.0174335003    0.0181973934
  0.0189630032    0.0197286129    0.0204950809    0.0212615490    0.0220305920
  0.0227996349    0.0235703945    0.0243411541    0.0251136303    0.0258861065
  0.0266611576    0.0274370670    0.0282138348    0.0289906025    0.0297708035
  0.0305492878    0.0313337803    0.0321148396    0.0328993320    0.0336855412
  0.0344726086    0.0352613926    0.0360518932    0.0368432522    0.0376354694
  0.0384302616    0.0392259121    0.0400241375    0.0408249378    0.0416265965
  0.0424273968    0.0432342052    0.0440401554    0.0448478222    0.0456589222
  0.0464691639    0.0472845554    0.0480999470    0.0489187717    0.0497384548
  0.0505598545    0.0513846874    0.0522086620    0.0530386448    0.0538694859
  0.0546994686    0.0555346012    0.0563740253    0.0572125912    0.0580511570
  0.0588965893    0.0597420216    0.0605917454    0.0614414692    0.0622954845
  0.0631546497    0.0640095234    0.0648704052    0.0657347202    0.0666016102
  0.0674727917    0.0683431149    0.0692194462    0.0700966358    0.0709738255
  0.0718587399    0.0727410793    0.0736337185    0.0745212078    0.0754198551
  0.0763176441    0.0772180080    0.0781226635    0.0790273190    0.0799422741
  0.0808555126    0.0817739010    0.0826965809    0.0836158276    0.0845488071
  0.0854766369    0.0864121914    0.0873546124    0.0882953167    0.0892446041
  0.0901896000    0.0906101704    0.0906105995    0.0906105995    0.0906105995
  0.0906105995    0.0906105995    0.0906105995    0.0906105995    0.0906105995
  0.0906105995    0.0906105995    0.0906105995    0.0906105995    0.0906105995
  0.0906105995    0.0906105995    0.0906105995    0.0906105995    0.0906105995
  0.0906105995    0.0906105995    0.0906105995    0.0906105995    0.0906105995
  0.0906105995    0.0906105995    0.0906105995    0.0906105995    0.0906105995
  0.0906105995    0.0906105995    0.0906105995    0.0906105995    0.0906105995
  0.0906105995    0.0906105995    0.0906105995    0.0906105995    0.0906105995
  0.0906105995    0.0906105995    0.0906105995    0.0906105995    0.0906105995
  0.0906105995    0.0906105995    0.0906105995    0.0906105995    0.0906105995
  0.0906105995    0.0906105995    0.0906105995    0.0906105995    0.0906105995
  0.0906105995    0.0906105995    0.0906105995    0.0906105995    0.0906105995
  0.0906105995    0.0906105995    0.0906105995    0.0906105995    0.0906105995
  0.0906105995    0.0906105995    0.0906105995    0.0906105995    0.0906105995
  0.0000004292    0.0007420063    0.0014835835    0.0022251606    0.0029667377
  0.0037091732    0.0044507504    0.0051931858    0.0059356213    0.0066789150
  0.0074222088    0.0081655025    0.0089087963    0.0096529484    0.0103979588
  0.0111421108    0.0118879795    0.0126338482    0.0133805752    0.0141273022
  0.0148740292    0.0156233311    0.0163709164    0.0171210766    0.0178703785
  0.0186213970    0.0193724155    0.0201251507    0.0208787441    0.0216314793
  0.0223867893    0.0231412411    0.0238982677    0.0246561527    0.0254157543
  0.0261736393    0.0269349575    0.0276971340    0.0284584522    0.0292232037
  0.0299888134    0.0307561398    0.0315226078    0.0322925091    0.0330632687
  0.0338331699    0.0346047878    0.0353798389    0.0361566067    0.0369325161
  0.0377110004    0.0384920597    0.0392739773    0.0400550365    0.0408395290
  0.0416257381    0.0424153805    0.0432041645    0.0439972401    0.0447885990
  0.0455842495    0.0463807583    0.0471798420    0.0479789257    0.0487797260
  0.0495848179    0.0503907681    0.0512001514    0.0520086765    0.0528206348
  0.0536368847    0.0544488430    0.0552693844    0.0560890675    0.0569121838
  0.0577370167    0.0585618496    0.0593935490    0.0602226734    0.0610560894
  0.0618929386    0.0627306461    0.0635717869    0.0644137859    0.0652609348
  0.0661063671    0.0669586658    0.0678101063    0.0686658382    0.0695241451
  0.0703850269    0.0712467670    0.0721162319    0.0729839802    0.0738594532
  0.0747297764    0.0756095409    0.0764875889    0.0773725033    0.0782608509
  0.0791509151    0.0800435543    0.0809370518    0.0818339825    0.0827369213
  0.0836450100    0.0845522404    0.0854629040    0.0863804340    0.0872996807
  0.0882223606    0.0891484737    0.0900831699    0.0910135746    0.0910788059
  0.0910783768    0.0910783768    0.0910783768    0.0910783768    0.0910783768
  0.0910783768    0.0910783768    0.0910783768    0.0910783768    0.0910783768
  0.0910783768    0.0910783768    0.0910783768    0.0910783768    0.0910783768
  0.0910783768    0.0910783768    0.0910783768    0.0910783768    0.0910783768
  0.0910783768    0.0910783768    0.0910783768    0.0910783768    0.0910783768
  0.0910783768    0.0910783768    0.0910783768    0.0910783768    0.0910783768
  0.0910783768    0.0910783768    0.0910783768    0.0910783768    0.0910783768
  0.0910783768    0.0910783768    0.0910783768    0.0910783768    0.0910783768
  0.0910783768    0.0910783768    0.0910783768    0.0910783768    0.0910783768
  0.0910783768    0.0910783768    0.0910783768    0.0910783768    0.0910783768
  0.0910783768    0.0910783768    0.0910783768    0.0910783768    0.0910783768
  0.0910783768    0.0910783768    0.0910783768    0.0910783768    0.0910783768
  0.0910783768    0.0910783768    0.0910783768    0.0910783768    0.0910783768
  0.0000004292    0.0007291317    0.0014578342    0.0021865368    0.0029152393
  0.0036448002    0.0043743610    0.0051030636    0.0058334827    0.0065630436
  0.0072934628    0.0080238819    0.0087551594    0.0094855785    0.0102168560
  0.0109489918    0.0116811275    0.0124141216    0.0131471157    0.0138801098
  0.0146148205    0.0153495312    0.0160851002    0.0168206692    0.0175562382
  0.0182943821    0.0190325260    0.0197715282    0.0205105305    0.0212503910
  0.0219919682    0.0227335453    0.0234759808    0.0242192745    0.0249642849
  0.0257092953    0.0264560223    0.0272018909    0.0279511929    0.0287004948
  0.0294523716    0.0302025318    0.0309561253    0.0317114353    0.0324658871
  0.0332211971    0.0339799404    0.0347378254    0.0355000019    0.0362630367
  0.0370252132    0.0377891064    0.0385547161    0.0393229008    0.0400910854
  0.0408627033    0.0416334629    0.0424085140    0.0431818485    0.0439594746
  0.0447405338    0.0455181599    0.0463000774    0.0470854282    0.0478699207
  0.0486561298    0.0494457722    0.0502336979    0.0510284901    0.0518224239
  0.0526172161    0.0534162998    0.0542179585    0.0550196171    0.0558221340
  0.0566306591    0.0574400425    0.0582485676    0.0590605259    0.0598759174
  0.0606921673    0.0615127087    0.0623332500    0.0631555080    0.0639837742
  0.0648103237    0.0656420231    0.0664720058    0.0673105717    0.0681508541
  0.0689877033    0.0698339939    0.0706768513    0.0715214252    0.0723728657
  0.0732285976    0.0740834713    0.0749443531    0.0758026600    0.0766626835
  0.0775338650    0.0783998966    0.0792753696    0.0801482677    0.0810288906
  0.0819060802    0.0827935696    0.0836819172    0.0845702648    0.0854680538
  0.0863624096    0.0872627735    0.0881674290    0.0890712261    0.0899827480
  0.0908985615    0.0915354252    0.0915357105    0.0915357105    0.0915357105
  0.0915357105    0.0915357105    0.0915357105    0.0915357105    0.0915357105
  0.0915357105    0.0915357105    0.0915357105    0.0915357105    0.0915357105
  0.0915357105    0.0915357105    0.0915357105    0.0915357105    0.0915357105
  0.0915357105    0.0915357105    0.0915357105    0.0915357105    0.0915357105
  0.0915357105    0.0915357105    0.0915357105    0.0915357105    0.0915357105
  0.0915357105    0.0915357105    0.0915357105    0.0915357105    0.0915357105
  0.0915357105    0.0915357105    0.0915357105    0.0915357105    0.0915357105
  0.0915357105    0.0915357105    0.0915357105    0.0915357105    0.0915357105
  0.0915357105    0.0915357105    0.0915357105    0.0915357105    0.0915357105
  0.0915357105    0.0915357105    0.0915357105    0.0915357105    0.0915357105
  0.0915357105    0.0915357105    0.0915357105    0.0915357105    0.0915357105
  0.0915357105    0.0915357105    0.0915357105    0.0915357105    0.0915357105
  0.0000004292    0.0007162571    0.0014329433    0.0021496296    0.0028663158
  0.0035830021    0.0043005466    0.0050172329    0.0057347775    0.0064523220
  0.0071698666    0.0078882694    0.0086066723    0.0093250751    0.0100443363
  0.0107627392    0.0114828587    0.0122029781    0.0129230976    0.0136440754
  0.0143659115    0.0150877476    0.0158095837    0.0165331364    0.0172566891
  0.0179802418    0.0187063694    0.0194316387    0.0201569080    0.0208847523
  0.0216117382    0.0223412991    0.0230700016    0.0238004208    0.0245308399
  0.0252629757    0.0259968281    0.0267298222    0.0274645329    0.0282001019
  0.0289373875    0.0296755314    0.0304128170    0.0311535358    0.0318959713
  0.0326366901    0.0333817005    0.0341258526    0.0348725796    0.0356175900
  0.0363677502    0.0371170521    0.0378680706    0.0386225224    0.0393743992
  0.0401297092    0.0408884525    0.0416446209    0.0424042225    0.0431672573
  0.0439294338    0.0446959019    0.0454615116    0.0462279797    0.0469987392
  0.0477686405    0.0485419750    0.0493170261    0.0500929356    0.0508688450
  0.0516473293    0.0524301052    0.0532145977    0.0539999485    0.0547861576
  0.0555740833    0.0563663006    0.0571593761    0.0579558849    0.0587515354
  0.0595480442    0.0603531361    0.0611539364    0.0619590282    0.0627649784
  0.0635760784    0.0643888950    0.0651999950    0.0660171032    0.0668376446
  0.0676556110    0.0684778690    0.0693078518    0.0701335430    0.0709626675
  0.0717943668    0.0726286411    0.0734689236    0.0743100643    0.0751512051
  0.0759974957    0.0768463612    0.0776952267    0.0785501003    0.0794066906
  0.0802632809    0.0811275959    0.0819910526    0.0828562260    0.0837265491
  0.0845994473    0.0854783535    0.0863546848    0.0872395992    0.0881210804
  0.0890102863    0.0899046421    0.0907972813    0.0916942120    0.0919843197
  0.0919847402    0.0919847402    0.0919847402    0.0919847402    0.0919847402
  0.0919847402    0.0919847402    0.0919847402    0.0919847402    0.0919847402
  0.0919847402    0.0919847402    0.0919847402    0.0919847402    0.0919847402
  0.0919847402    0.0919847402    0.0919847402    0.0919847402    0.0919847402
  0.0919847402    0.0919847402    0.0919847402    0.0919847402    0.0919847402
  0.0919847402    0.0919847402    0.0919847402    0.0919847402    0.0919847402
  0.0919847402    0.0919847402    0.0919847402    0.0919847402    0.0919847402
  0.0919847402    0.0919847402    0.0919847402    0.0919847402    0.0919847402
  0.0919847402    0.0919847402    0.0919847402    0.0919847402    0.0919847402
  0.0919847402    0.0919847402    0.0919847402    0.0919847402    0.0919847402
  0.0919847402    0.0919847402    0.0919847402    0.0919847402    0.0919847402
  0.0919847402    0.0919847402    0.0919847402    0.0919847402    0.0919847402
  0.0000004292    0.0007050991    0.0014097691    0.0021144390    0.0028191090
  0.0035237789    0.0042293072    0.0049348354    0.0056403637    0.0063458920
  0.0070514202    0.0077578068    0.0084641933    0.0091705799    0.0098769665
  0.0105850697    0.0112923145    0.0120004177    0.0127085209    0.0134174824
  0.0141264439    0.0148362637    0.0155469418    0.0162576199    0.0169682980
  0.0176806927    0.0183922291    0.0191063404    0.0198187351    0.0205345631
  0.0212495327    0.0219653606    0.0226803303    0.0233995914    0.0241162777
  0.0248355389    0.0255556583    0.0262757778    0.0269984722    0.0277203083
  0.0284430027    0.0291691303    0.0298943996    0.0306213856    0.0313475132
  0.0320770741    0.0328074932    0.0335370541    0.0342691898    0.0350030422
  0.0357377529    0.0364750385    0.0372123241    0.0379487514    0.0386886120
  0.0394319057    0.0401726246    0.0409142017    0.0416626453    0.0424093723
  0.0431560993    0.0439062595    0.0446581364    0.0454091549    0.0461636066
  0.0469189167    0.0476768017    0.0484338284    0.0491960049    0.0499607563
  0.0507212162    0.0514885426    0.0522567272    0.0530249119    0.0537939548
  0.0545664310    0.0553397655    0.0561173916    0.0568993092    0.0576769352
  0.0584605694    0.0592433453    0.0600295544    0.0608174801    0.0616062641
  0.0623984814    0.0631915569    0.0639854908    0.0647888660    0.0655870914
  0.0663870335    0.0671947002    0.0680015087    0.0688083172    0.0696185589
  0.0704348087    0.0712467670    0.0720690250    0.0728895664    0.0737126827
  0.0745340824    0.0753640652    0.0761931896    0.0770257473    0.0778608799
  0.0787011623    0.0795414448    0.0803825855    0.0812305927    0.0820777416
  0.0829248905    0.0837823391    0.0846389294    0.0854946613    0.0863606930
  0.0872258663    0.0880944729    0.0889605045    0.0898376942    0.0907140255
  0.0915955067    0.0924254894    0.0924254894    0.0924254894    0.0924254894
  0.0924254894    0.0924254894    0.0924254894    0.0924254894    0.0924254894
  0.0924254894    0.0924254894    0.0924254894    0.0924254894    0.0924254894
  0.0924254894    0.0924254894    0.0924254894    0.0924254894    0.0924254894
  0.0924254894    0.0924254894    0.0924254894    0.0924254894    0.0924254894
  0.0924254894    0.0924254894    0.0924254894    0.0924254894    0.0924254894
  0.0924254894    0.0924254894    0.0924254894    0.0924254894    0.0924254894
  0.0924254894    0.0924254894    0.0924254894    0.0924254894    0.0924254894
  0.0924254894    0.0924254894    0.0924254894    0.0924254894    0.0924254894
  0.0924254894    0.0924254894    0.0924254894    0.0924254894    0.0924254894
  0.0924254894    0.0924254894    0.0924254894    0.0924254894    0.0924254894
  0.0924254894    0.0924254894    0.0924254894    0.0924254894    0.0924254894
