  0.0000000000    0.0036000000
  0.0000500000    0.0006000000    299    19
  0.0763883591    0.0761957169    0.0759649277    0.0757303238    0.0754938126
  0.0752534866    0.0750093460    0.0747632980    0.0745134354    0.0742597580
  0.0740041733    0.0737447739    0.0734815598    0.0732164383    0.0729455948
  0.0726709366    0.0723924637    0.0721101761    0.0718259811    0.0715360641
  0.0712404251    0.0709428787    0.0706377029    0.0703287125    0.0700159073
  0.0696992874    0.0693750381    0.0690469742    0.0687112808    0.0683698654
  0.0680246353    0.0676717758    0.0673131943    0.0669450760    0.0665731430
  0.0661916733    0.0658006668    0.0654039383    0.0649995804    0.0645875931
  0.0641622543    0.0637273788    0.0632848740    0.0628309250    0.0623636246
  0.0618810654    0.0616292953    0.0616292953    0.0616292953    0.0616292953
  0.0616292953    0.0616292953    0.0616292953    0.0616292953    0.0616292953
  0.0616292953    0.0616292953    0.0616292953    0.0616292953    0.0616292953
  0.0616292953    0.0616292953    0.0616292953    0.0616292953    0.0616292953
  0.0616292953    0.0616292953    0.0616292953    0.0616292953    0.0616292953
  0.0616292953    0.0616292953    0.0616292953    0.0616292953    0.0616292953
  0.0616292953    0.0616292953    0.0616292953    0.0616292953    0.0616292953
  0.0616292953    0.0616292953    0.0616292953    0.0616292953    0.0616292953
  0.0616292953    0.0616292953    0.0616292953    0.0616292953    0.0616292953
  0.0616292953    0.0616292953    0.0616292953    0.0616292953    0.0616292953
  0.0616292953    0.0616292953    0.0616292953    0.0616292953    0.0616292953
  0.0616292953    0.0616292953    0.0616292953    0.0616292953    0.0616292953
  0.0616292953    0.0616292953    0.0616292953    0.0616292953    0.0616292953
  0.0616292953    0.0616292953    0.0616292953    0.0616292953    0.0616292953
  0.0616292953    0.0616292953    0.0616292953    0.0616292953    0.0616292953
  0.0616292953    0.0616292953    0.0616292953    0.0616292953    0.0616292953
  0.0616292953    0.0616292953    0.0616292953    0.0616292953    0.0616292953
  0.0616292953    0.0616292953    0.0616292953    0.0616292953    0.0616292953
  0.0616292953    0.0616292953    0.0616292953    0.0616292953    0.0616292953
  0.0616292953    0.0616292953    0.0616292953    0.0616292953    0.0616292953
  0.0616292953    0.0616292953    0.0616292953    0.0616292953    0.0616292953
  0.0616292953    0.0616292953    0.0616292953    0.0616292953    0.0616292953
  0.0616292953    0.0616292953    0.0616292953    0.0616292953    0.0616292953
  0.0616292953    0.0616292953    0.0616292953    0.0616292953    0.0616292953
  0.0616292953    0.0616292953    0.0616292953    0.0616292953    0.0616292953
  0.0616292953    0.0616292953    0.0616292953    0.0616292953    0.0616292953
  0.0616292953    0.0616292953    0.0616292953    0.0616292953    0.0616292953
  0.0616292953    0.0616292953    0.0616292953    0.0616292953    0.0616292953
  0.0616292953    0.0616292953    0.0616292953    0.0616292953    0.0616292953
  0.0616292953    0.0616292953    0.0616292953    0.0616292953    0.0616292953
  0.0616292953    0.0616292953    0.0616292953    0.0616292953    0.0616292953
  0.0616292953    0.0616292953    0.0616292953    0.0616292953    0.0616292953
  0.0616292953    0.0616292953    0.0616292953    0.0616292953    0.0616292953
  0.0616292953    0.0616292953    0.0616292953    0.0616292953    0.0616292953
  0.0616292953    0.0616292953    0.0616292953    0.0616292953    0.0616292953
  0.0616292953    0.0616292953    0.0616292953    0.0616292953    0.0616292953
  0.0616292953    0.0616292953    0.0616292953    0.0616292953    0.0616292953
  0.0616292953    0.0616292953    0.0616292953    0.0616292953    0.0616292953
  0.0616292953    0.0616292953    0.0616292953    0.0616292953    0.0616292953
  0.0616292953    0.0616292953    0.0616292953    0.0616292953    0.0616292953
  0.0616292953    0.0616292953    0.0616292953    0.0616292953    0.0616292953
  0.0616292953    0.0616292953    0.0616292953    0.0616292953    0.0616292953
  0.0616292953    0.0616292953    0.0616292953    0.0616292953    0.0616292953
  0.0616292953    0.0616292953    0.0616292953    0.0616292953    0.0616292953
  0.0616292953    0.0616292953    0.0616292953    0.0616292953    0.0616292953
  0.0616292953    0.0616292953    0.0616292953    0.0616292953    0.0616292953
  0.0616292953    0.0616292953    0.0616292953    0.0616292953    0.0616292953
  0.0616292953    0.0616292953    0.0616292953    0.0616292953    0.0616292953
  0.0616292953    0.0616292953    0.0616292953    0.0616292953    0.0616292953
  0.0616292953    0.0616292953    0.0616292953    0.0616292953    0.0616292953
  0.0616292953    0.0616292953    0.0616292953    0.0616292953    0.0616292953
  0.0786314011    0.0784749985    0.0782728195    0.0780668259    0.0778589249
  0.0776472092    0.0774335861    0.0772180557    0.0770006180    0.0767793655
  0.0765562057    0.0763292313    0.0761022568    0.0758714676    0.0756368637
  0.0754003525    0.0751619339    0.0749197006    0.0746736526    0.0744256973
  0.0741758347    0.0739202499    0.0736627579    0.0734014511    0.0731382370
  0.0728693008    0.0725984573    0.0723237991    0.0720434189    0.0717630386
  0.0714769363    0.0711851120    0.0708875656    0.0705900192    0.0702848434
  0.0699777603    0.0696611404    0.0693445206    0.0690183640    0.0686922073
  0.0683546066    0.0680150986    0.0676698685    0.0673131943    0.0669546127
  0.0665884018    0.0662145615    0.0658369064    0.0654439926    0.0650491714
  0.0646448135    0.0642328262    0.0638055801    0.0633745193    0.0630331039
  0.0630331039    0.0630331039    0.0630331039    0.0630331039    0.0630331039
  0.0630331039    0.0630331039    0.0630331039    0.0630331039    0.0630331039
  0.0630331039    0.0630331039    0.0630331039    0.0630331039    0.0630331039
  0.0630331039    0.0630331039    0.0630331039    0.0630331039    0.0630331039
  0.0630331039    0.0630331039    0.0630331039    0.0630331039    0.0630331039
  0.0630331039    0.0630331039    0.0630331039    0.0630331039    0.0630331039
  0.0630331039    0.0630331039    0.0630331039    0.0630331039    0.0630331039
  0.0630331039    0.0630331039    0.0630331039    0.0630331039    0.0630331039
  0.0630331039    0.0630331039    0.0630331039    0.0630331039    0.0630331039
  0.0630331039    0.0630331039    0.0630331039    0.0630331039    0.0630331039
  0.0630331039    0.0630331039    0.0630331039    0.0630331039    0.0630331039
  0.0630331039    0.0630331039    0.0630331039    0.0630331039    0.0630331039
  0.0630331039    0.0630331039    0.0630331039    0.0630331039    0.0630331039
  0.0630331039    0.0630331039    0.0630331039    0.0630331039    0.0630331039
  0.0630331039    0.0630331039    0.0630331039    0.0630331039    0.0630331039
  0.0630331039    0.0630331039    0.0630331039    0.0630331039    0.0630331039
  0.0630331039    0.0630331039    0.0630331039    0.0630331039    0.0630331039
  0.0630331039    0.0630331039    0.0630331039    0.0630331039    0.0630331039
  0.0630331039    0.0630331039    0.0630331039    0.0630331039    0.0630331039
  0.0630331039    0.0630331039    0.0630331039    0.0630331039    0.0630331039
  0.0630331039    0.0630331039    0.0630331039    0.0630331039    0.0630331039
  0.0630331039    0.0630331039    0.0630331039    0.0630331039    0.0630331039
  0.0630331039    0.0630331039    0.0630331039    0.0630331039    0.0630331039
  0.0630331039    0.0630331039    0.0630331039    0.0630331039    0.0630331039
  0.0630331039    0.0630331039    0.0630331039    0.0630331039    0.0630331039
  0.0630331039    0.0630331039    0.0630331039    0.0630331039    0.0630331039
  0.0630331039    0.0630331039    0.0630331039    0.0630331039    0.0630331039
  0.0630331039    0.0630331039    0.0630331039    0.0630331039    0.0630331039
  0.0630331039    0.0630331039    0.0630331039    0.0630331039    0.0630331039
  0.0630331039    0.0630331039    0.0630331039    0.0630331039    0.0630331039
  0.0630331039    0.0630331039    0.0630331039    0.0630331039    0.0630331039
  0.0630331039    0.0630331039    0.0630331039    0.0630331039    0.0630331039
  0.0630331039    0.0630331039    0.0630331039    0.0630331039    0.0630331039
  0.0630331039    0.0630331039    0.0630331039    0.0630331039    0.0630331039
  0.0630331039    0.0630331039    0.0630331039    0.0630331039    0.0630331039
  0.0630331039    0.0630331039    0.0630331039    0.0630331039    0.0630331039
  0.0630331039    0.0630331039    0.0630331039    0.0630331039    0.0630331039
  0.0630331039    0.0630331039    0.0630331039    0.0630331039    0.0630331039
  0.0630331039    0.0630331039    0.0630331039    0.0630331039    0.0630331039
  0.0630331039    0.0630331039    0.0630331039    0.0630331039    0.0630331039
  0.0630331039    0.0630331039    0.0630331039    0.0630331039    0.0630331039
  0.0630331039    0.0630331039    0.0630331039    0.0630331039    0.0630331039
  0.0630331039    0.0630331039    0.0630331039    0.0630331039    0.0630331039
  0.0630331039    0.0630331039    0.0630331039    0.0630331039    0.0630331039
  0.0630331039    0.0630331039    0.0630331039    0.0630331039    0.0630331039
  0.0630331039    0.0630331039    0.0630331039    0.0630331039    0.0630331039
  0.0630331039    0.0630331039    0.0630331039    0.0630331039    0.0630331039
  0.0630331039    0.0630331039    0.0630331039    0.0630331039    0.0630331039
  0.0630331039    0.0630331039    0.0630331039    0.0630331039    0.0630331039
  0.0806112289    0.0804872513    0.0803098679    0.0801248550    0.0799398422
  0.0797510147    0.0795602798    0.0793676376    0.0791730881    0.0789766312
  0.0787782669    0.0785779953    0.0783758163    0.0781698227    0.0779638290
  0.0777559280    0.0775442123    0.0773324966    0.0771169662    0.0768995285
  0.0766801834    0.0764570236    0.0762319565    0.0760049820    0.0757761002
  0.0755434036    0.0753068924    0.0750703812    0.0748300552    0.0745859146
  0.0743417740    0.0740919113    0.0738401413    0.0735845566    0.0733251572
  0.0730657578    0.0728006363    0.0725297928    0.0722589493    0.0719842911
  0.0717039108    0.0714197159    0.0711336136    0.0708398819    0.0705442429
  0.0702447891    0.0699396133    0.0696325302    0.0693178177    0.0689992905
  0.0686750412    0.0683431625    0.0680093765    0.0676679611    0.0673227310
  0.0669698715    0.0666093826    0.0662431717    0.0658693314    0.0654878616
  0.0651025772    0.0647039413    0.0642995834    0.0642786026    0.0642786026
  0.0642786026    0.0642786026    0.0642786026    0.0642786026    0.0642786026
  0.0642786026    0.0642786026    0.0642786026    0.0642786026    0.0642786026
  0.0642786026    0.0642786026    0.0642786026    0.0642786026    0.0642786026
  0.0642786026    0.0642786026    0.0642786026    0.0642786026    0.0642786026
  0.0642786026    0.0642786026    0.0642786026    0.0642786026    0.0642786026
  0.0642786026    0.0642786026    0.0642786026    0.0642786026    0.0642786026
  0.0642786026    0.0642786026    0.0642786026    0.0642786026    0.0642786026
  0.0642786026    0.0642786026    0.0642786026    0.0642786026    0.0642786026
  0.0642786026    0.0642786026    0.0642786026    0.0642786026    0.0642786026
  0.0642786026    0.0642786026    0.0642786026    0.0642786026    0.0642786026
  0.0642786026    0.0642786026    0.0642786026    0.0642786026    0.0642786026
  0.0642786026    0.0642786026    0.0642786026    0.0642786026    0.0642786026
  0.0642786026    0.0642786026    0.0642786026    0.0642786026    0.0642786026
  0.0642786026    0.0642786026    0.0642786026    0.0642786026    0.0642786026
  0.0642786026    0.0642786026    0.0642786026    0.0642786026    0.0642786026
  0.0642786026    0.0642786026    0.0642786026    0.0642786026    0.0642786026
  0.0642786026    0.0642786026    0.0642786026    0.0642786026    0.0642786026
  0.0642786026    0.0642786026    0.0642786026    0.0642786026    0.0642786026
  0.0642786026    0.0642786026    0.0642786026    0.0642786026    0.0642786026
  0.0642786026    0.0642786026    0.0642786026    0.0642786026    0.0642786026
  0.0642786026    0.0642786026    0.0642786026    0.0642786026    0.0642786026
  0.0642786026    0.0642786026    0.0642786026    0.0642786026    0.0642786026
  0.0642786026    0.0642786026    0.0642786026    0.0642786026    0.0642786026
  0.0642786026    0.0642786026    0.0642786026    0.0642786026    0.0642786026
  0.0642786026    0.0642786026    0.0642786026    0.0642786026    0.0642786026
  0.0642786026    0.0642786026    0.0642786026    0.0642786026    0.0642786026
  0.0642786026    0.0642786026    0.0642786026    0.0642786026    0.0642786026
  0.0642786026    0.0642786026    0.0642786026    0.0642786026    0.0642786026
  0.0642786026    0.0642786026    0.0642786026    0.0642786026    0.0642786026
  0.0642786026    0.0642786026    0.0642786026    0.0642786026    0.0642786026
  0.0642786026    0.0642786026    0.0642786026    0.0642786026    0.0642786026
  0.0642786026    0.0642786026    0.0642786026    0.0642786026    0.0642786026
  0.0642786026    0.0642786026    0.0642786026    0.0642786026    0.0642786026
  0.0642786026    0.0642786026    0.0642786026    0.0642786026    0.0642786026
  0.0642786026    0.0642786026    0.0642786026    0.0642786026    0.0642786026
  0.0642786026    0.0642786026    0.0642786026    0.0642786026    0.0642786026
  0.0642786026    0.0642786026    0.0642786026    0.0642786026    0.0642786026
  0.0642786026    0.0642786026    0.0642786026    0.0642786026    0.0642786026
  0.0642786026    0.0642786026    0.0642786026    0.0642786026    0.0642786026
  0.0642786026    0.0642786026    0.0642786026    0.0642786026    0.0642786026
  0.0642786026    0.0642786026    0.0642786026    0.0642786026    0.0642786026
  0.0642786026    0.0642786026    0.0642786026    0.0642786026    0.0642786026
  0.0642786026    0.0642786026    0.0642786026    0.0642786026    0.0642786026
  0.0642786026    0.0642786026    0.0642786026    0.0642786026    0.0642786026
  0.0642786026    0.0642786026    0.0642786026    0.0642786026    0.0642786026
  0.0642786026    0.0642786026    0.0642786026    0.0642786026    0.0642786026
  0.0642786026    0.0642786026    0.0642786026    0.0642786026    0.0642786026
  0.0823888779    0.0822877884    0.0821313858    0.0819654465    0.0817975998
  0.0816278458    0.0814542770    0.0812807083    0.0811052322    0.0809278488
  0.0807485580    0.0805692673    0.0803861618    0.0802030563    0.0800180435
  0.0798292160    0.0796403885    0.0794496536    0.0792570114    0.0790643692
  0.0788679123    0.0786695480    0.0784692764    0.0782690048    0.0780649185
  0.0778589249    0.0776510239    0.0774412155    0.0772294998    0.0770158768
  0.0767984390    0.0765810013    0.0763597488    0.0761365891    0.0759115219
  0.0756826401    0.0754518509    0.0752191544    0.0749826431    0.0747442245
  0.0745038986    0.0742597580    0.0740118027    0.0737638474    0.0735101700
  0.0732545853    0.0729951859    0.0727338791    0.0724668503    0.0721979141
  0.0719251633    0.0716485977    0.0713701248    0.0710859299    0.0707998276
  0.0705060959    0.0702085495    0.0699071884    0.0696039200    0.0692949295
  0.0689802170    0.0686635971    0.0683374405    0.0680074692    0.0676717758
  0.0673322678    0.0669832230    0.0666322708    0.0662717819    0.0659055710
  0.0655336380    0.0654039383    0.0654020309    0.0654020309    0.0654020309
  0.0654020309    0.0654020309    0.0654020309    0.0654020309    0.0654020309
  0.0654020309    0.0654020309    0.0654020309    0.0654020309    0.0654020309
  0.0654020309    0.0654020309    0.0654020309    0.0654020309    0.0654020309
  0.0654020309    0.0654020309    0.0654020309    0.0654020309    0.0654020309
  0.0654020309    0.0654020309    0.0654020309    0.0654020309    0.0654020309
  0.0654020309    0.0654020309    0.0654020309    0.0654020309    0.0654020309
  0.0654020309    0.0654020309    0.0654020309    0.0654020309    0.0654020309
  0.0654020309    0.0654020309    0.0654020309    0.0654020309    0.0654020309
  0.0654020309    0.0654020309    0.0654020309    0.0654020309    0.0654020309
  0.0654020309    0.0654020309    0.0654020309    0.0654020309    0.0654020309
  0.0654020309    0.0654020309    0.0654020309    0.0654020309    0.0654020309
  0.0654020309    0.0654020309    0.0654020309    0.0654020309    0.0654020309
  0.0654020309    0.0654020309    0.0654020309    0.0654020309    0.0654020309
  0.0654020309    0.0654020309    0.0654020309    0.0654020309    0.0654020309
  0.0654020309    0.0654020309    0.0654020309    0.0654020309    0.0654020309
  0.0654020309    0.0654020309    0.0654020309    0.0654020309    0.0654020309
  0.0654020309    0.0654020309    0.0654020309    0.0654020309    0.0654020309
  0.0654020309    0.0654020309    0.0654020309    0.0654020309    0.0654020309
  0.0654020309    0.0654020309    0.0654020309    0.0654020309    0.0654020309
  0.0654020309    0.0654020309    0.0654020309    0.0654020309    0.0654020309
  0.0654020309    0.0654020309    0.0654020309    0.0654020309    0.0654020309
  0.0654020309    0.0654020309    0.0654020309    0.0654020309    0.0654020309
  0.0654020309    0.0654020309    0.0654020309    0.0654020309    0.0654020309
  0.0654020309    0.0654020309    0.0654020309    0.0654020309    0.0654020309
  0.0654020309    0.0654020309    0.0654020309    0.0654020309    0.0654020309
  0.0654020309    0.0654020309    0.0654020309    0.0654020309    0.0654020309
  0.0654020309    0.0654020309    0.0654020309    0.0654020309    0.0654020309
  0.0654020309    0.0654020309    0.0654020309    0.0654020309    0.0654020309
  0.0654020309    0.0654020309    0.0654020309    0.0654020309    0.0654020309
  0.0654020309    0.0654020309    0.0654020309    0.0654020309    0.0654020309
  0.0654020309    0.0654020309    0.0654020309    0.0654020309    0.0654020309
  0.0654020309    0.0654020309    0.0654020309    0.0654020309    0.0654020309
  0.0654020309    0.0654020309    0.0654020309    0.0654020309    0.0654020309
  0.0654020309    0.0654020309    0.0654020309    0.0654020309    0.0654020309
  0.0654020309    0.0654020309    0.0654020309    0.0654020309    0.0654020309
  0.0654020309    0.0654020309    0.0654020309    0.0654020309    0.0654020309
  0.0654020309    0.0654020309    0.0654020309    0.0654020309    0.0654020309
  0.0654020309    0.0654020309    0.0654020309    0.0654020309    0.0654020309
  0.0654020309    0.0654020309    0.0654020309    0.0654020309    0.0654020309
  0.0654020309    0.0654020309    0.0654020309    0.0654020309    0.0654020309
  0.0654020309    0.0654020309    0.0654020309    0.0654020309    0.0654020309
  0.0654020309    0.0654020309    0.0654020309    0.0654020309    0.0654020309
  0.0654020309    0.0654020309    0.0654020309    0.0654020309    0.0654020309
  0.0654020309    0.0654020309    0.0654020309    0.0654020309    0.0654020309
  0.0654020309    0.0654020309    0.0654020309    0.0654020309    0.0654020309
  0.0839986801    0.0839185715    0.0837812424    0.0836324692    0.0834779739
  0.0833234787    0.0831651688    0.0830068588    0.0828466415    0.0826845169
  0.0825223923    0.0823583603    0.0821905136    0.0820245743    0.0818548203
  0.0816850662    0.0815134048    0.0813417435    0.0811662674    0.0809907913
  0.0808134079    0.0806360245    0.0804548264    0.0802736282    0.0800905228
  0.0799036026    0.0797185898    0.0795297623    0.0793390274    0.0791482925
  0.0789537430    0.0787591934    0.0785627365    0.0783643723    0.0781621933
  0.0779600143    0.0777559280    0.0775499344    0.0773401260    0.0771303177
  0.0769166946    0.0767011642    0.0764837265    0.0762643814    0.0760431290
  0.0758199692    0.0755929947    0.0753641129    0.0751333237    0.0748987198
  0.0746622086    0.0744256973    0.0741815567    0.0739393234    0.0736894608
  0.0734395981    0.0731859207    0.0729303360    0.0726690292    0.0724096298
  0.0721426010    0.0718717575    0.0715990067    0.0713224411    0.0710420609
  0.0707578659    0.0704698563    0.0701780319    0.0698823929    0.0695791245
  0.0692777634    0.0689668655    0.0686521530    0.0683336258    0.0680074692
  0.0676794052    0.0673437119    0.0670042038    0.0666570663    0.0664281845
  0.0664281845    0.0664281845    0.0664281845    0.0664281845    0.0664281845
  0.0664281845    0.0664281845    0.0664281845    0.0664281845    0.0664281845
  0.0664281845    0.0664281845    0.0664281845    0.0664281845    0.0664281845
  0.0664281845    0.0664281845    0.0664281845    0.0664281845    0.0664281845
  0.0664281845    0.0664281845    0.0664281845    0.0664281845    0.0664281845
  0.0664281845    0.0664281845    0.0664281845    0.0664281845    0.0664281845
  0.0664281845    0.0664281845    0.0664281845    0.0664281845    0.0664281845
  0.0664281845    0.0664281845    0.0664281845    0.0664281845    0.0664281845
  0.0664281845    0.0664281845    0.0664281845    0.0664281845    0.0664281845
  0.0664281845    0.0664281845    0.0664281845    0.0664281845    0.0664281845
  0.0664281845    0.0664281845    0.0664281845    0.0664281845    0.0664281845
  0.0664281845    0.0664281845    0.0664281845    0.0664281845    0.0664281845
  0.0664281845    0.0664281845    0.0664281845    0.0664281845    0.0664281845
  0.0664281845    0.0664281845    0.0664281845    0.0664281845    0.0664281845
  0.0664281845    0.0664281845    0.0664281845    0.0664281845    0.0664281845
  0.0664281845    0.0664281845    0.0664281845    0.0664281845    0.0664281845
  0.0664281845    0.0664281845    0.0664281845    0.0664281845    0.0664281845
  0.0664281845    0.0664281845    0.0664281845    0.0664281845    0.0664281845
  0.0664281845    0.0664281845    0.0664281845    0.0664281845    0.0664281845
  0.0664281845    0.0664281845    0.0664281845    0.0664281845    0.0664281845
  0.0664281845    0.0664281845    0.0664281845    0.0664281845    0.0664281845
  0.0664281845    0.0664281845    0.0664281845    0.0664281845    0.0664281845
  0.0664281845    0.0664281845    0.0664281845    0.0664281845    0.0664281845
  0.0664281845    0.0664281845    0.0664281845    0.0664281845    0.0664281845
  0.0664281845    0.0664281845    0.0664281845    0.0664281845    0.0664281845
  0.0664281845    0.0664281845    0.0664281845    0.0664281845    0.0664281845
  0.0664281845    0.0664281845    0.0664281845    0.0664281845    0.0664281845
  0.0664281845    0.0664281845    0.0664281845    0.0664281845    0.0664281845
  0.0664281845    0.0664281845    0.0664281845    0.0664281845    0.0664281845
  0.0664281845    0.0664281845    0.0664281845    0.0664281845    0.0664281845
  0.0664281845    0.0664281845    0.0664281845    0.0664281845    0.0664281845
  0.0664281845    0.0664281845    0.0664281845    0.0664281845    0.0664281845
  0.0664281845    0.0664281845    0.0664281845    0.0664281845    0.0664281845
  0.0664281845    0.0664281845    0.0664281845    0.0664281845    0.0664281845
  0.0664281845    0.0664281845    0.0664281845    0.0664281845    0.0664281845
  0.0664281845    0.0664281845    0.0664281845    0.0664281845    0.0664281845
  0.0664281845    0.0664281845    0.0664281845    0.0664281845    0.0664281845
  0.0664281845    0.0664281845    0.0664281845    0.0664281845    0.0664281845
  0.0664281845    0.0664281845    0.0664281845    0.0664281845    0.0664281845
  0.0664281845    0.0664281845    0.0664281845    0.0664281845    0.0664281845
  0.0664281845    0.0664281845    0.0664281845    0.0664281845    0.0664281845
  0.0664281845    0.0664281845    0.0664281845    0.0664281845    0.0664281845
  0.0664281845    0.0664281845    0.0664281845    0.0664281845    0.0664281845
  0.0664281845    0.0664281845    0.0664281845    0.0664281845    0.0664281845
  0.0854730606    0.0854101181    0.0852880478    0.0851526260    0.0850133896
  0.0848703384    0.0847272873    0.0845804214    0.0844335556    0.0842847824
  0.0841341019    0.0839834213    0.0838308334    0.0836763382    0.0835218430
  0.0833654404    0.0832090378    0.0830507278    0.0828924179    0.0827302933
  0.0825681686    0.0824060440    0.0822401047    0.0820760727    0.0819082260
  0.0817403793    0.0815706253    0.0813989639    0.0812253952    0.0810518265
  0.0808763504    0.0806989670    0.0805215836    0.0803422928    0.0801610947
  0.0799779892    0.0797929764    0.0796079636    0.0794191360    0.0792303085
  0.0790414810    0.0788469315    0.0786523819    0.0784559250    0.0782594681
  0.0780591965    0.0778570175    0.0776548386    0.0774488449    0.0772409439
  0.0770311356    0.0768213272    0.0766077042    0.0763921738    0.0761747360
  0.0759553909    0.0757322311    0.0755071640    0.0752801895    0.0750494003
  0.0748205185    0.0745840073    0.0743474960    0.0741090775    0.0738668442
  0.0736207962    0.0733747482    0.0731229782    0.0728693008    0.0726118088
  0.0723524094    0.0720891953    0.0718221664    0.0715532303    0.0712804794
  0.0710020065    0.0707235336    0.0704374313    0.0701475143    0.0698595047
  0.0695619583    0.0692625046    0.0689535141    0.0686464310    0.0683317184
  0.0680150986    0.0676851273    0.0673704147    0.0673704147    0.0673704147
  0.0673704147    0.0673704147    0.0673704147    0.0673704147    0.0673704147
  0.0673704147    0.0673704147    0.0673704147    0.0673704147    0.0673704147
  0.0673704147    0.0673704147    0.0673704147    0.0673704147    0.0673704147
  0.0673704147    0.0673704147    0.0673704147    0.0673704147    0.0673704147
  0.0673704147    0.0673704147    0.0673704147    0.0673704147    0.0673704147
  0.0673704147    0.0673704147    0.0673704147    0.0673704147    0.0673704147
  0.0673704147    0.0673704147    0.0673704147    0.0673704147    0.0673704147
  0.0673704147    0.0673704147    0.0673704147    0.0673704147    0.0673704147
  0.0673704147    0.0673704147    0.0673704147    0.0673704147    0.0673704147
  0.0673704147    0.0673704147    0.0673704147    0.0673704147    0.0673704147
  0.0673704147    0.0673704147    0.0673704147    0.0673704147    0.0673704147
  0.0673704147    0.0673704147    0.0673704147    0.0673704147    0.0673704147
  0.0673704147    0.0673704147    0.0673704147    0.0673704147    0.0673704147
  0.0673704147    0.0673704147    0.0673704147    0.0673704147    0.0673704147
  0.0673704147    0.0673704147    0.0673704147    0.0673704147    0.0673704147
  0.0673704147    0.0673704147    0.0673704147    0.0673704147    0.0673704147
  0.0673704147    0.0673704147    0.0673704147    0.0673704147    0.0673704147
  0.0673704147    0.0673704147    0.0673704147    0.0673704147    0.0673704147
  0.0673704147    0.0673704147    0.0673704147    0.0673704147    0.0673704147
  0.0673704147    0.0673704147    0.0673704147    0.0673704147    0.0673704147
  0.0673704147    0.0673704147    0.0673704147    0.0673704147    0.0673704147
  0.0673704147    0.0673704147    0.0673704147    0.0673704147    0.0673704147
  0.0673704147    0.0673704147    0.0673704147    0.0673704147    0.0673704147
  0.0673704147    0.0673704147    0.0673704147    0.0673704147    0.0673704147
  0.0673704147    0.0673704147    0.0673704147    0.0673704147    0.0673704147
  0.0673704147    0.0673704147    0.0673704147    0.0673704147    0.0673704147
  0.0673704147    0.0673704147    0.0673704147    0.0673704147    0.0673704147
  0.0673704147    0.0673704147    0.0673704147    0.0673704147    0.0673704147
  0.0673704147    0.0673704147    0.0673704147    0.0673704147    0.0673704147
  0.0673704147    0.0673704147    0.0673704147    0.0673704147    0.0673704147
  0.0673704147    0.0673704147    0.0673704147    0.0673704147    0.0673704147
  0.0673704147    0.0673704147    0.0673704147    0.0673704147    0.0673704147
  0.0673704147    0.0673704147    0.0673704147    0.0673704147    0.0673704147
  0.0673704147    0.0673704147    0.0673704147    0.0673704147    0.0673704147
  0.0673704147    0.0673704147    0.0673704147    0.0673704147    0.0673704147
  0.0673704147    0.0673704147    0.0673704147    0.0673704147    0.0673704147
  0.0673704147    0.0673704147    0.0673704147    0.0673704147    0.0673704147
  0.0673704147    0.0673704147    0.0673704147    0.0673704147    0.0673704147
  0.0673704147    0.0673704147    0.0673704147    0.0673704147    0.0673704147
  0.0673704147    0.0673704147    0.0673704147    0.0673704147    0.0673704147
  0.0673704147    0.0673704147    0.0673704147    0.0673704147    0.0673704147
  0.0673704147    0.0673704147    0.0673704147    0.0673704147    0.0673704147
  0.0868330002    0.0867815018    0.0866765976    0.0865545273    0.0864267349
  0.0862951279    0.0861616135    0.0860261917    0.0858907700    0.0857515335
  0.0856142044    0.0854730606    0.0853319168    0.0851907730    0.0850477219
  0.0849027634    0.0847578049    0.0846128464    0.0844640732    0.0843172073
  0.0841684341    0.0840177536    0.0838651657    0.0837125778    0.0835580826
  0.0834054947    0.0832490921    0.0830907822    0.0829324722    0.0827741623
  0.0826139450    0.0824518204    0.0822877884    0.0821237564    0.0819578171
  0.0817918777    0.0816240311    0.0814542770    0.0812845230    0.0811109543
  0.0809392929    0.0807638168    0.0805864334    0.0804090500    0.0802316666
  0.0800485611    0.0798692703    0.0796842575    0.0794973373    0.0793123245
  0.0791234970    0.0789346695    0.0787420273    0.0785493851    0.0783529282
  0.0781583786    0.0779581070    0.0777597427    0.0775556564    0.0773534775
  0.0771455765    0.0769395828    0.0767278671    0.0765161514    0.0763025284
  0.0760869980    0.0758676529    0.0756483078    0.0754251480    0.0752000809
  0.0749731064    0.0747423172    0.0745115280    0.0742750168    0.0740385056
  0.0738000870    0.0735578537    0.0733118057    0.0730657578    0.0728120804
  0.0725564957    0.0722990036    0.0720415115    0.0717763901    0.0715093613
  0.0712404251    0.0709676743    0.0706911087    0.0704107285    0.0701265335
  0.0698366165    0.0695466995    0.0692491531    0.0689477921    0.0686407089
  0.0683317184    0.0682458878    0.0682458878    0.0682458878    0.0682458878
  0.0682458878    0.0682458878    0.0682458878    0.0682458878    0.0682458878
  0.0682458878    0.0682458878    0.0682458878    0.0682458878    0.0682458878
  0.0682458878    0.0682458878    0.0682458878    0.0682458878    0.0682458878
  0.0682458878    0.0682458878    0.0682458878    0.0682458878    0.0682458878
  0.0682458878    0.0682458878    0.0682458878    0.0682458878    0.0682458878
  0.0682458878    0.0682458878    0.0682458878    0.0682458878    0.0682458878
  0.0682458878    0.0682458878    0.0682458878    0.0682458878    0.0682458878
  0.0682458878    0.0682458878    0.0682458878    0.0682458878    0.0682458878
  0.0682458878    0.0682458878    0.0682458878    0.0682458878    0.0682458878
  0.0682458878    0.0682458878    0.0682458878    0.0682458878    0.0682458878
  0.0682458878    0.0682458878    0.0682458878    0.0682458878    0.0682458878
  0.0682458878    0.0682458878    0.0682458878    0.0682458878    0.0682458878
  0.0682458878    0.0682458878    0.0682458878    0.0682458878    0.0682458878
  0.0682458878    0.0682458878    0.0682458878    0.0682458878    0.0682458878
  0.0682458878    0.0682458878    0.0682458878    0.0682458878    0.0682458878
  0.0682458878    0.0682458878    0.0682458878    0.0682458878    0.0682458878
  0.0682458878    0.0682458878    0.0682458878    0.0682458878    0.0682458878
  0.0682458878    0.0682458878    0.0682458878    0.0682458878    0.0682458878
  0.0682458878    0.0682458878    0.0682458878    0.0682458878    0.0682458878
  0.0682458878    0.0682458878    0.0682458878    0.0682458878    0.0682458878
  0.0682458878    0.0682458878    0.0682458878    0.0682458878    0.0682458878
  0.0682458878    0.0682458878    0.0682458878    0.0682458878    0.0682458878
  0.0682458878    0.0682458878    0.0682458878    0.0682458878    0.0682458878
  0.0682458878    0.0682458878    0.0682458878    0.0682458878    0.0682458878
  0.0682458878    0.0682458878    0.0682458878    0.0682458878    0.0682458878
  0.0682458878    0.0682458878    0.0682458878    0.0682458878    0.0682458878
  0.0682458878    0.0682458878    0.0682458878    0.0682458878    0.0682458878
  0.0682458878    0.0682458878    0.0682458878    0.0682458878    0.0682458878
  0.0682458878    0.0682458878    0.0682458878    0.0682458878    0.0682458878
  0.0682458878    0.0682458878    0.0682458878    0.0682458878    0.0682458878
  0.0682458878    0.0682458878    0.0682458878    0.0682458878    0.0682458878
  0.0682458878    0.0682458878    0.0682458878    0.0682458878    0.0682458878
  0.0682458878    0.0682458878    0.0682458878    0.0682458878    0.0682458878
  0.0682458878    0.0682458878    0.0682458878    0.0682458878    0.0682458878
  0.0682458878    0.0682458878    0.0682458878    0.0682458878    0.0682458878
  0.0682458878    0.0682458878    0.0682458878    0.0682458878    0.0682458878
  0.0682458878    0.0682458878    0.0682458878    0.0682458878    0.0682458878
  0.0682458878    0.0682458878    0.0682458878    0.0682458878    0.0682458878
  0.0682458878    0.0682458878    0.0682458878    0.0682458878    0.0682458878
  0.0682458878    0.0682458878    0.0682458878    0.0682458878    0.0682458878
  0.0880956650    0.0880537033    0.0879621506    0.0878534317    0.0877351761
  0.0876150131    0.0874910355    0.0873651505    0.0872373581    0.0871095657
  0.0869817734    0.0868501663    0.0867185593    0.0865869522    0.0864534378
  0.0863199234    0.0861845016    0.0860490799    0.0859117508    0.0857744217
  0.0856351852    0.0854959488    0.0853567123    0.0852155685    0.0850725174
  0.0849294662    0.0847845078    0.0846395493    0.0844926834    0.0843458176
  0.0841970444    0.0840482712    0.0838975906    0.0837469101    0.0835943222
  0.0834398270    0.0832853317    0.0831308365    0.0829725266    0.0828142166
  0.0826559067    0.0824956894    0.0823335648    0.0821733475    0.0820074081
  0.0818433762    0.0816774368    0.0815095901    0.0813398361    0.0811700821
  0.0809984207    0.0808267593    0.0806512833    0.0804777145    0.0802984238
  0.0801210403    0.0799417496    0.0797605515    0.0795774460    0.0793924332
  0.0792074203    0.0790185928    0.0788316727    0.0786409378    0.0784482956
  0.0782537460    0.0780591965    0.0778608322    0.0776624680    0.0774621964
  0.0772600174    0.0770559311    0.0768480301    0.0766382217    0.0764303207
  0.0762186050    0.0760011673    0.0757856369    0.0755662918    0.0753450394
  0.0751218796    0.0748987198    0.0746717453    0.0744390488    0.0742082596
  0.0739717484    0.0737352371    0.0734949112    0.0732526779    0.0730066299
  0.0727567673    0.0725069046    0.0722532272    0.0719938278    0.0717363358
  0.0714693069    0.0712060928    0.0709352493    0.0706605911    0.0703821182
  0.0701036453    0.0698194504    0.0695295334    0.0692377090    0.0690622330
  0.0690622330    0.0690622330    0.0690622330    0.0690622330    0.0690622330
  0.0690622330    0.0690622330    0.0690622330    0.0690622330    0.0690622330
  0.0690622330    0.0690622330    0.0690622330    0.0690622330    0.0690622330
  0.0690622330    0.0690622330    0.0690622330    0.0690622330    0.0690622330
  0.0690622330    0.0690622330    0.0690622330    0.0690622330    0.0690622330
  0.0690622330    0.0690622330    0.0690622330    0.0690622330    0.0690622330
  0.0690622330    0.0690622330    0.0690622330    0.0690622330    0.0690622330
  0.0690622330    0.0690622330    0.0690622330    0.0690622330    0.0690622330
  0.0690622330    0.0690622330    0.0690622330    0.0690622330    0.0690622330
  0.0690622330    0.0690622330    0.0690622330    0.0690622330    0.0690622330
  0.0690622330    0.0690622330    0.0690622330    0.0690622330    0.0690622330
  0.0690622330    0.0690622330    0.0690622330    0.0690622330    0.0690622330
  0.0690622330    0.0690622330    0.0690622330    0.0690622330    0.0690622330
  0.0690622330    0.0690622330    0.0690622330    0.0690622330    0.0690622330
  0.0690622330    0.0690622330    0.0690622330    0.0690622330    0.0690622330
  0.0690622330    0.0690622330    0.0690622330    0.0690622330    0.0690622330
  0.0690622330    0.0690622330    0.0690622330    0.0690622330    0.0690622330
  0.0690622330    0.0690622330    0.0690622330    0.0690622330    0.0690622330
  0.0690622330    0.0690622330    0.0690622330    0.0690622330    0.0690622330
  0.0690622330    0.0690622330    0.0690622330    0.0690622330    0.0690622330
  0.0690622330    0.0690622330    0.0690622330    0.0690622330    0.0690622330
  0.0690622330    0.0690622330    0.0690622330    0.0690622330    0.0690622330
  0.0690622330    0.0690622330    0.0690622330    0.0690622330    0.0690622330
  0.0690622330    0.0690622330    0.0690622330    0.0690622330    0.0690622330
  0.0690622330    0.0690622330    0.0690622330    0.0690622330    0.0690622330
  0.0690622330    0.0690622330    0.0690622330    0.0690622330    0.0690622330
  0.0690622330    0.0690622330    0.0690622330    0.0690622330    0.0690622330
  0.0690622330    0.0690622330    0.0690622330    0.0690622330    0.0690622330
  0.0690622330    0.0690622330    0.0690622330    0.0690622330    0.0690622330
  0.0690622330    0.0690622330    0.0690622330    0.0690622330    0.0690622330
  0.0690622330    0.0690622330    0.0690622330    0.0690622330    0.0690622330
  0.0690622330    0.0690622330    0.0690622330    0.0690622330    0.0690622330
  0.0690622330    0.0690622330    0.0690622330    0.0690622330    0.0690622330
  0.0690622330    0.0690622330    0.0690622330    0.0690622330    0.0690622330
  0.0690622330    0.0690622330    0.0690622330    0.0690622330    0.0690622330
  0.0690622330    0.0690622330    0.0690622330    0.0690622330    0.0690622330
  0.0690622330    0.0690622330    0.0690622330    0.0690622330    0.0690622330
  0.0690622330    0.0690622330    0.0690622330    0.0690622330    0.0690622330
  0.0690622330    0.0690622330    0.0690622330    0.0690622330    0.0690622330
  0.0892724991    0.0892400742    0.0891618729    0.0890626907    0.0889558792
  0.0888433456    0.0887289047    0.0886106491    0.0884923935    0.0883722305
  0.0882520676    0.0881299973    0.0880079269    0.0878839493    0.0877599716
  0.0876340866    0.0875082016    0.0873823166    0.0872545242    0.0871248245
  0.0869951248    0.0868654251    0.0867338181    0.0866022110    0.0864686966
  0.0863351822    0.0862016678    0.0860662460    0.0859308243    0.0857934952
  0.0856561661    0.0855169296    0.0853776932    0.0852365494    0.0850954056
  0.0849523544    0.0848093033    0.0846643448    0.0845193863    0.0843725204
  0.0842256546    0.0840787888    0.0839300156    0.0837793350    0.0836286545
  0.0834760666    0.0833234787    0.0831670761    0.0830125809    0.0828561783
  0.0826978683    0.0825395584    0.0823812485    0.0822191238    0.0820569992
  0.0818948746    0.0817289352    0.0815649033    0.0813970566    0.0812292099
  0.0810594559    0.0808877945    0.0807180405    0.0805425644    0.0803689957
  0.0801916122    0.0800142288    0.0798368454    0.0796556473    0.0794744492
  0.0792913437    0.0791063309    0.0789194107    0.0787305832    0.0785417557
  0.0783510208    0.0781583786    0.0779638290    0.0777673721    0.0775690079
  0.0773706436    0.0771703720    0.0769662857    0.0767602921    0.0765542984
  0.0763463974    0.0761365891    0.0759210587    0.0757074356    0.0754899979
  0.0752706528    0.0750513077    0.0748262405    0.0745992661    0.0743722916
  0.0741395950    0.0739088058    0.0736722946    0.0734357834    0.0731935501
  0.0729513168    0.0727052689    0.0724573135    0.0722055435    0.0719518661
  0.0716943741    0.0714330673    0.0711717606    0.0709028244    0.0706338882
  0.0703611374    0.0700826645    0.0698270798    0.0698270798    0.0698270798
  0.0698270798    0.0698270798    0.0698270798    0.0698270798    0.0698270798
  0.0698270798    0.0698270798    0.0698270798    0.0698270798    0.0698270798
  0.0698270798    0.0698270798    0.0698270798    0.0698270798    0.0698270798
  0.0698270798    0.0698270798    0.0698270798    0.0698270798    0.0698270798
  0.0698270798    0.0698270798    0.0698270798    0.0698270798    0.0698270798
  0.0698270798    0.0698270798    0.0698270798    0.0698270798    0.0698270798
  0.0698270798    0.0698270798    0.0698270798    0.0698270798    0.0698270798
  0.0698270798    0.0698270798    0.0698270798    0.0698270798    0.0698270798
  0.0698270798    0.0698270798    0.0698270798    0.0698270798    0.0698270798
  0.0698270798    0.0698270798    0.0698270798    0.0698270798    0.0698270798
  0.0698270798    0.0698270798    0.0698270798    0.0698270798    0.0698270798
  0.0698270798    0.0698270798    0.0698270798    0.0698270798    0.0698270798
  0.0698270798    0.0698270798    0.0698270798    0.0698270798    0.0698270798
  0.0698270798    0.0698270798    0.0698270798    0.0698270798    0.0698270798
  0.0698270798    0.0698270798    0.0698270798    0.0698270798    0.0698270798
  0.0698270798    0.0698270798    0.0698270798    0.0698270798    0.0698270798
  0.0698270798    0.0698270798    0.0698270798    0.0698270798    0.0698270798
  0.0698270798    0.0698270798    0.0698270798    0.0698270798    0.0698270798
  0.0698270798    0.0698270798    0.0698270798    0.0698270798    0.0698270798
  0.0698270798    0.0698270798    0.0698270798    0.0698270798    0.0698270798
  0.0698270798    0.0698270798    0.0698270798    0.0698270798    0.0698270798
  0.0698270798    0.0698270798    0.0698270798    0.0698270798    0.0698270798
  0.0698270798    0.0698270798    0.0698270798    0.0698270798    0.0698270798
  0.0698270798    0.0698270798    0.0698270798    0.0698270798    0.0698270798
  0.0698270798    0.0698270798    0.0698270798    0.0698270798    0.0698270798
  0.0698270798    0.0698270798    0.0698270798    0.0698270798    0.0698270798
  0.0698270798    0.0698270798    0.0698270798    0.0698270798    0.0698270798
  0.0698270798    0.0698270798    0.0698270798    0.0698270798    0.0698270798
  0.0698270798    0.0698270798    0.0698270798    0.0698270798    0.0698270798
  0.0698270798    0.0698270798    0.0698270798    0.0698270798    0.0698270798
  0.0698270798    0.0698270798    0.0698270798    0.0698270798    0.0698270798
  0.0698270798    0.0698270798    0.0698270798    0.0698270798    0.0698270798
  0.0698270798    0.0698270798    0.0698270798    0.0698270798    0.0698270798
  0.0698270798    0.0698270798    0.0698270798    0.0698270798    0.0698270798
  0.0698270798    0.0698270798    0.0698270798    0.0698270798    0.0698270798
  0.0698270798    0.0698270798    0.0698270798    0.0698270798    0.0698270798
  0.0698270798    0.0698270798    0.0698270798    0.0698270798    0.0698270798
  0.0903768539    0.0903501511    0.0902833939    0.0901937485    0.0900964737
  0.0899934769    0.0898866653    0.0897760391    0.0896654129    0.0895547867
  0.0894403458    0.0893259048    0.0892114639    0.0890951157    0.0889787674
  0.0888605118    0.0887422562    0.0886240005    0.0885038376    0.0883817673
  0.0882616043    0.0881395340    0.0880155563    0.0878915787    0.0877676010
  0.0876436234    0.0875177383    0.0873899460    0.0872621536    0.0871343613
  0.0870065689    0.0868768692    0.0867452621    0.0866155624    0.0864820480
  0.0863504410    0.0862169266    0.0860815048    0.0859460831    0.0858106613
  0.0856733322    0.0855340958    0.0853967667    0.0852575302    0.0851163864
  0.0849752426    0.0848321915    0.0846891403    0.0845460892    0.0844011307
  0.0842542648    0.0841093063    0.0839605331    0.0838117599    0.0836610794
  0.0835123062    0.0833597183    0.0832052231    0.0830526352    0.0828962326
  0.0827417374    0.0825834274    0.0824251175    0.0822668076    0.0821065903
  0.0819444656    0.0817823410    0.0816183090    0.0814523697    0.0812864304
  0.0811185837    0.0809488297    0.0807809830    0.0806093216    0.0804357529
  0.0802621841    0.0800867081    0.0799093246    0.0797338486    0.0795545578
  0.0793733597    0.0791902542    0.0790052414    0.0788221359    0.0786333084
  0.0784463882    0.0782556534    0.0780668259    0.0778703690    0.0776758194
  0.0774793625    0.0772829056    0.0770826340    0.0768804550    0.0766782761
  0.0764741898    0.0762643814    0.0760545731    0.0758447647    0.0756292343
  0.0754175186    0.0751981735    0.0749769211    0.0747575760    0.0745344162
  0.0743074417    0.0740785599    0.0738496780    0.0736188889    0.0733804703
  0.0731420517    0.0729036331    0.0726594925    0.0724134445    0.0721616745
  0.0719137192    0.0716562271    0.0714025497    0.0711431503    0.0708742142
  0.0706110001    0.0705499649    0.0705499649    0.0705499649    0.0705499649
  0.0705499649    0.0705499649    0.0705499649    0.0705499649    0.0705499649
  0.0705499649    0.0705499649    0.0705499649    0.0705499649    0.0705499649
  0.0705499649    0.0705499649    0.0705499649    0.0705499649    0.0705499649
  0.0705499649    0.0705499649    0.0705499649    0.0705499649    0.0705499649
  0.0705499649    0.0705499649    0.0705499649    0.0705499649    0.0705499649
  0.0705499649    0.0705499649    0.0705499649    0.0705499649    0.0705499649
  0.0705499649    0.0705499649    0.0705499649    0.0705499649    0.0705499649
  0.0705499649    0.0705499649    0.0705499649    0.0705499649    0.0705499649
  0.0705499649    0.0705499649    0.0705499649    0.0705499649    0.0705499649
  0.0705499649    0.0705499649    0.0705499649    0.0705499649    0.0705499649
  0.0705499649    0.0705499649    0.0705499649    0.0705499649    0.0705499649
  0.0705499649    0.0705499649    0.0705499649    0.0705499649    0.0705499649
  0.0705499649    0.0705499649    0.0705499649    0.0705499649    0.0705499649
  0.0705499649    0.0705499649    0.0705499649    0.0705499649    0.0705499649
  0.0705499649    0.0705499649    0.0705499649    0.0705499649    0.0705499649
  0.0705499649    0.0705499649    0.0705499649    0.0705499649    0.0705499649
  0.0705499649    0.0705499649    0.0705499649    0.0705499649    0.0705499649
  0.0705499649    0.0705499649    0.0705499649    0.0705499649    0.0705499649
  0.0705499649    0.0705499649    0.0705499649    0.0705499649    0.0705499649
  0.0705499649    0.0705499649    0.0705499649    0.0705499649    0.0705499649
  0.0705499649    0.0705499649    0.0705499649    0.0705499649    0.0705499649
  0.0705499649    0.0705499649    0.0705499649    0.0705499649    0.0705499649
  0.0705499649    0.0705499649    0.0705499649    0.0705499649    0.0705499649
  0.0705499649    0.0705499649    0.0705499649    0.0705499649    0.0705499649
  0.0705499649    0.0705499649    0.0705499649    0.0705499649    0.0705499649
  0.0705499649    0.0705499649    0.0705499649    0.0705499649    0.0705499649
  0.0705499649    0.0705499649    0.0705499649    0.0705499649    0.0705499649
  0.0705499649    0.0705499649    0.0705499649    0.0705499649    0.0705499649
  0.0705499649    0.0705499649    0.0705499649    0.0705499649    0.0705499649
  0.0705499649    0.0705499649    0.0705499649    0.0705499649    0.0705499649
  0.0705499649    0.0705499649    0.0705499649    0.0705499649    0.0705499649
  0.0705499649    0.0705499649    0.0705499649    0.0705499649    0.0705499649
  0.0705499649    0.0705499649    0.0705499649    0.0705499649    0.0705499649
  0.0705499649    0.0705499649    0.0705499649    0.0705499649    0.0705499649
  0.0705499649    0.0705499649    0.0705499649    0.0705499649    0.0705499649
  0.0914163589    0.0913953781    0.0913362503    0.0912580490    0.0911684036
  0.0910730362    0.0909738541    0.0908727646    0.0907678604    0.0906629562
  0.0905561447    0.0904493332    0.0903406143    0.0902318954    0.0901212692
  0.0900106430    0.0898981094    0.0897855759    0.0896730423    0.0895586014
  0.0894441605    0.0893297195    0.0892133713    0.0890970230    0.0889806747
  0.0888643265    0.0887441635    0.0886259079    0.0885057449    0.0883855820
  0.0882635117    0.0881433487    0.0880193710    0.0878973007    0.0877733231
  0.0876474380    0.0875234604    0.0873975754    0.0872697830    0.0871419907
  0.0870141983    0.0868864059    0.0867567062    0.0866250992    0.0864953995
  0.0863618851    0.0862302780    0.0860948563    0.0859613419    0.0858278275
  0.0856904984    0.0855550766    0.0854158401    0.0852766037    0.0851392746
  0.0849981308    0.0848569870    0.0847158432    0.0845727921    0.0844278336
  0.0842828751    0.0841379166    0.0839910507    0.0838441849    0.0836954117
  0.0835447311    0.0833959579    0.0832433701    0.0830907822    0.0829381943
  0.0827836990    0.0826292038    0.0824708939    0.0823144913    0.0821561813
  0.0819959641    0.0818338394    0.0816717148    0.0815076828    0.0813436508
  0.0811796188    0.0810117722    0.0808458328    0.0806741714    0.0805044174
  0.0803327560    0.0801591873    0.0799837112    0.0798082352    0.0796327591
  0.0794553757    0.0792741776    0.0790929794    0.0789117813    0.0787248611
  0.0785398483    0.0783548355    0.0781641006    0.0779733658    0.0777845383
  0.0775880814    0.0773935318    0.0771970749    0.0769987106    0.0767965317
  0.0765962601    0.0763921738    0.0761880875    0.0759801865    0.0757684708
  0.0755567551    0.0753431320    0.0751295090    0.0749120712    0.0746908188
  0.0744695663    0.0742464066    0.0740213394    0.0737943649    0.0735597610
  0.0733270645    0.0730924606    0.0728540421    0.0726099014    0.0723695755
  0.0721254349    0.0718736649    0.0716218948    0.0713663101    0.0712327957
  0.0712327957    0.0712327957    0.0712327957    0.0712327957    0.0712327957
  0.0712327957    0.0712327957    0.0712327957    0.0712327957    0.0712327957
  0.0712327957    0.0712327957    0.0712327957    0.0712327957    0.0712327957
  0.0712327957    0.0712327957    0.0712327957    0.0712327957    0.0712327957
  0.0712327957    0.0712327957    0.0712327957    0.0712327957    0.0712327957
  0.0712327957    0.0712327957    0.0712327957    0.0712327957    0.0712327957
  0.0712327957    0.0712327957    0.0712327957    0.0712327957    0.0712327957
  0.0712327957    0.0712327957    0.0712327957    0.0712327957    0.0712327957
  0.0712327957    0.0712327957    0.0712327957    0.0712327957    0.0712327957
  0.0712327957    0.0712327957    0.0712327957    0.0712327957    0.0712327957
  0.0712327957    0.0712327957    0.0712327957    0.0712327957    0.0712327957
  0.0712327957    0.0712327957    0.0712327957    0.0712327957    0.0712327957
  0.0712327957    0.0712327957    0.0712327957    0.0712327957    0.0712327957
  0.0712327957    0.0712327957    0.0712327957    0.0712327957    0.0712327957
  0.0712327957    0.0712327957    0.0712327957    0.0712327957    0.0712327957
  0.0712327957    0.0712327957    0.0712327957    0.0712327957    0.0712327957
  0.0712327957    0.0712327957    0.0712327957    0.0712327957    0.0712327957
  0.0712327957    0.0712327957    0.0712327957    0.0712327957    0.0712327957
  0.0712327957    0.0712327957    0.0712327957    0.0712327957    0.0712327957
  0.0712327957    0.0712327957    0.0712327957    0.0712327957    0.0712327957
  0.0712327957    0.0712327957    0.0712327957    0.0712327957    0.0712327957
  0.0712327957    0.0712327957    0.0712327957    0.0712327957    0.0712327957
  0.0712327957    0.0712327957    0.0712327957    0.0712327957    0.0712327957
  0.0712327957    0.0712327957    0.0712327957    0.0712327957    0.0712327957
  0.0712327957    0.0712327957    0.0712327957    0.0712327957    0.0712327957
  0.0712327957    0.0712327957    0.0712327957    0.0712327957    0.0712327957
  0.0712327957    0.0712327957    0.0712327957    0.0712327957    0.0712327957
  0.0712327957    0.0712327957    0.0712327957    0.0712327957    0.0712327957
  0.0712327957    0.0712327957    0.0712327957    0.0712327957    0.0712327957
  0.0712327957    0.0712327957    0.0712327957    0.0712327957    0.0712327957
  0.0712327957    0.0712327957    0.0712327957    0.0712327957    0.0712327957
  0.0712327957    0.0712327957    0.0712327957    0.0712327957    0.0712327957
  0.0712327957    0.0712327957    0.0712327957    0.0712327957    0.0712327957
  0.0712327957    0.0712327957    0.0712327957    0.0712327957    0.0712327957
  0.0924005508    0.0923814774    0.0923299789    0.0922613144    0.0921792984
  0.0920915604    0.0920000076    0.0919046402    0.0918073654    0.0917081833
  0.0916070938    0.0915060043    0.0914030075    0.0913000107    0.0911970139
  0.0910921097    0.0909872055    0.0908803940    0.0907735825    0.0906667709
  0.0905580521    0.0904493332    0.0903406143    0.0902299881    0.0901193619
  0.0900087357    0.0898962021    0.0897836685    0.0896711349    0.0895586014
  0.0894441605    0.0893278122    0.0892133713    0.0890970230    0.0889806747
  0.0888624191    0.0887441635    0.0886259079    0.0885057449    0.0883874893
  0.0882654190    0.0881452560    0.0880231857    0.0879011154    0.0877771378
  0.0876531601    0.0875291824    0.0874032974    0.0872774124    0.0871496201
  0.0870237350    0.0868940353    0.0867662430    0.0866365433    0.0865049362
  0.0863752365    0.0862436295    0.0861101151    0.0859766006    0.0858430862
  0.0857076645    0.0855722427    0.0854349136    0.0852975845    0.0851602554
  0.0850210190    0.0848798752    0.0847406387    0.0845975876    0.0844545364
  0.0843114853    0.0841684341    0.0840215683    0.0838747025    0.0837297440
  0.0835809708    0.0834321976    0.0832815170    0.0831308365    0.0829782486
  0.0828256607    0.0826730728    0.0825166702    0.0823621750    0.0822038651
  0.0820455551    0.0818872452    0.0817251205    0.0815649033    0.0814027786
  0.0812368393    0.0810747147    0.0809068680    0.0807390213    0.0805730820
  0.0804014206    0.0802316666    0.0800600052    0.0798845291    0.0797090530
  0.0795354843    0.0793581009    0.0791769028    0.0789976120    0.0788164139
  0.0786333084    0.0784482956    0.0782613754    0.0780744553    0.0778875351
  0.0776968002    0.0775041580    0.0773096085    0.0771131516    0.0769186020
  0.0767164230    0.0765180588    0.0763158798    0.0761117935    0.0759057999
  0.0756978989    0.0754880905    0.0752744675    0.0750627518    0.0748453140
  0.0746297836    0.0744085312    0.0741872787    0.0739622116    0.0737371445
  0.0735101700    0.0732793808    0.0730409622    0.0728063583    0.0725679398
  0.0723276138    0.0720853806    0.0718812943    0.0718812943    0.0718812943
  0.0718812943    0.0718812943    0.0718812943    0.0718812943    0.0718812943
  0.0718812943    0.0718812943    0.0718812943    0.0718812943    0.0718812943
  0.0718812943    0.0718812943    0.0718812943    0.0718812943    0.0718812943
  0.0718812943    0.0718812943    0.0718812943    0.0718812943    0.0718812943
  0.0718812943    0.0718812943    0.0718812943    0.0718812943    0.0718812943
  0.0718812943    0.0718812943    0.0718812943    0.0718812943    0.0718812943
  0.0718812943    0.0718812943    0.0718812943    0.0718812943    0.0718812943
  0.0718812943    0.0718812943    0.0718812943    0.0718812943    0.0718812943
  0.0718812943    0.0718812943    0.0718812943    0.0718812943    0.0718812943
  0.0718812943    0.0718812943    0.0718812943    0.0718812943    0.0718812943
  0.0718812943    0.0718812943    0.0718812943    0.0718812943    0.0718812943
  0.0718812943    0.0718812943    0.0718812943    0.0718812943    0.0718812943
  0.0718812943    0.0718812943    0.0718812943    0.0718812943    0.0718812943
  0.0718812943    0.0718812943    0.0718812943    0.0718812943    0.0718812943
  0.0718812943    0.0718812943    0.0718812943    0.0718812943    0.0718812943
  0.0718812943    0.0718812943    0.0718812943    0.0718812943    0.0718812943
  0.0718812943    0.0718812943    0.0718812943    0.0718812943    0.0718812943
  0.0718812943    0.0718812943    0.0718812943    0.0718812943    0.0718812943
  0.0718812943    0.0718812943    0.0718812943    0.0718812943    0.0718812943
  0.0718812943    0.0718812943    0.0718812943    0.0718812943    0.0718812943
  0.0718812943    0.0718812943    0.0718812943    0.0718812943    0.0718812943
  0.0718812943    0.0718812943    0.0718812943    0.0718812943    0.0718812943
  0.0718812943    0.0718812943    0.0718812943    0.0718812943    0.0718812943
  0.0718812943    0.0718812943    0.0718812943    0.0718812943    0.0718812943
  0.0718812943    0.0718812943    0.0718812943    0.0718812943    0.0718812943
  0.0718812943    0.0718812943    0.0718812943    0.0718812943    0.0718812943
  0.0718812943    0.0718812943    0.0718812943    0.0718812943    0.0718812943
  0.0718812943    0.0718812943    0.0718812943    0.0718812943    0.0718812943
  0.0718812943    0.0718812943    0.0718812943    0.0718812943    0.0718812943
  0.0718812943    0.0718812943    0.0718812943    0.0718812943    0.0718812943
  0.0718812943    0.0718812943    0.0718812943    0.0718812943    0.0718812943
  0.0718812943    0.0718812943    0.0718812943    0.0718812943    0.0718812943
  0.0933313370    0.0933160782    0.0932722092    0.0932092667    0.0931367874
  0.0930547714    0.0929689407    0.0928812027    0.0927896500    0.0926961899
  0.0926008224    0.0925054550    0.0924100876    0.0923109055    0.0922136307
  0.0921144485    0.0920133591    0.0919141769    0.0918130875    0.0917100906
  0.0916070938    0.0915040970    0.0914011002    0.0912961960    0.0911912918
  0.0910863876    0.0909814835    0.0908746719    0.0907678604    0.0906591415
  0.0905523300    0.0904436111    0.0903329849    0.0902242661    0.0901136398
  0.0900030136    0.0898904800    0.0897798538    0.0896654129    0.0895528793
  0.0894384384    0.0893239975    0.0892095566    0.0890932083    0.0889768600
  0.0888605118    0.0887441635    0.0886259079    0.0885076523    0.0883874893
  0.0882673264    0.0881471634    0.0880250931    0.0879030228    0.0877809525
  0.0876569748    0.0875329971    0.0874090195    0.0872850418    0.0871591568
  0.0870313644    0.0869035721    0.0867757797    0.0866460800    0.0865182877
  0.0863866806    0.0862550735    0.0861253738    0.0859937668    0.0858583450
  0.0857248306    0.0855894089    0.0854558945    0.0853185654    0.0851812363
  0.0850439072    0.0849046707    0.0847635269    0.0846242905    0.0844831467
  0.0843400955    0.0841970444    0.0840539932    0.0839090347    0.0837621689
  0.0836153030    0.0834684372    0.0833196640    0.0831708908    0.0830183029
  0.0828676224    0.0827169418    0.0825624466    0.0824098587    0.0822534561
  0.0820951462    0.0819387436    0.0817804337    0.0816202164    0.0814580917
  0.0812978745    0.0811338425    0.0809717178    0.0808057785    0.0806398392
  0.0804719925    0.0803022385    0.0801324844    0.0799608231    0.0797872543
  0.0796136856    0.0794401169    0.0792627335    0.0790872574    0.0789060593
  0.0787248611    0.0785436630    0.0783586502    0.0781755447    0.0779905319
  0.0778017044    0.0776109695    0.0774202347    0.0772275925    0.0770349503
  0.0768384933    0.0766401291    0.0764417648    0.0762414932    0.0760393143
  0.0758352280    0.0756273270    0.0754194260    0.0752134323    0.0749979019
  0.0747842789    0.0745706558    0.0743513107    0.0741300583    0.0739088058
  0.0736818314    0.0734567642    0.0732259750    0.0729990005    0.0727643967
  0.0725317001    0.0724992752    0.0724992752    0.0724992752    0.0724992752
  0.0724992752    0.0724992752    0.0724992752    0.0724992752    0.0724992752
  0.0724992752    0.0724992752    0.0724992752    0.0724992752    0.0724992752
  0.0724992752    0.0724992752    0.0724992752    0.0724992752    0.0724992752
  0.0724992752    0.0724992752    0.0724992752    0.0724992752    0.0724992752
  0.0724992752    0.0724992752    0.0724992752    0.0724992752    0.0724992752
  0.0724992752    0.0724992752    0.0724992752    0.0724992752    0.0724992752
  0.0724992752    0.0724992752    0.0724992752    0.0724992752    0.0724992752
  0.0724992752    0.0724992752    0.0724992752    0.0724992752    0.0724992752
  0.0724992752    0.0724992752    0.0724992752    0.0724992752    0.0724992752
  0.0724992752    0.0724992752    0.0724992752    0.0724992752    0.0724992752
  0.0724992752    0.0724992752    0.0724992752    0.0724992752    0.0724992752
  0.0724992752    0.0724992752    0.0724992752    0.0724992752    0.0724992752
  0.0724992752    0.0724992752    0.0724992752    0.0724992752    0.0724992752
  0.0724992752    0.0724992752    0.0724992752    0.0724992752    0.0724992752
  0.0724992752    0.0724992752    0.0724992752    0.0724992752    0.0724992752
  0.0724992752    0.0724992752    0.0724992752    0.0724992752    0.0724992752
  0.0724992752    0.0724992752    0.0724992752    0.0724992752    0.0724992752
  0.0724992752    0.0724992752    0.0724992752    0.0724992752    0.0724992752
  0.0724992752    0.0724992752    0.0724992752    0.0724992752    0.0724992752
  0.0724992752    0.0724992752    0.0724992752    0.0724992752    0.0724992752
  0.0724992752    0.0724992752    0.0724992752    0.0724992752    0.0724992752
  0.0724992752    0.0724992752    0.0724992752    0.0724992752    0.0724992752
  0.0724992752    0.0724992752    0.0724992752    0.0724992752    0.0724992752
  0.0724992752    0.0724992752    0.0724992752    0.0724992752    0.0724992752
  0.0724992752    0.0724992752    0.0724992752    0.0724992752    0.0724992752
  0.0724992752    0.0724992752    0.0724992752    0.0724992752    0.0724992752
  0.0724992752    0.0724992752    0.0724992752    0.0724992752    0.0724992752
  0.0724992752    0.0724992752    0.0724992752    0.0724992752    0.0724992752
  0.0724992752    0.0724992752    0.0724992752    0.0724992752    0.0724992752
  0.0724992752    0.0724992752    0.0724992752    0.0724992752    0.0724992752
  0.0942163467    0.0942029953    0.0941648483    0.0941114426    0.0940446854
  0.0939702988    0.0938901901    0.0938062668    0.0937204361    0.0936326981
  0.0935449600    0.0934534073    0.0933618546    0.0932703018    0.0931768417
  0.0930814743    0.0929880142    0.0928926468    0.0927953720    0.0926980972
  0.0926008224    0.0925035477    0.0924043655    0.0923051834    0.0922060013
  0.0921068192    0.0920057297    0.0919046402    0.0918035507    0.0917005539
  0.0915975571    0.0914945602    0.0913915634    0.0912866592    0.0911817551
  0.0910768509    0.0909700394    0.0908651352    0.0907583237    0.0906496048
  0.0905427933    0.0904340744    0.0903253555    0.0902166367    0.0901060104
  0.0899953842    0.0898847580    0.0897722244    0.0896596909    0.0895471573
  0.0894346237    0.0893201828    0.0892057419    0.0890913010    0.0889749527
  0.0888586044    0.0887422562    0.0886240005    0.0885057449    0.0883874893
  0.0882692337    0.0881471634    0.0880270004    0.0879068375    0.0877847672
  0.0876626968    0.0875387192    0.0874147415    0.0872907639    0.0871648788
  0.0870389938    0.0869131088    0.0867853165    0.0866575241    0.0865297318
  0.0864000320    0.0862703323    0.0861387253    0.0860090256    0.0858755112
  0.0857419968    0.0856084824    0.0854749680    0.0853376389    0.0852022171
  0.0850648880    0.0849294662    0.0847902298    0.0846490860    0.0845098495
  0.0843706131    0.0842275620    0.0840845108    0.0839414597    0.0837965012
  0.0836515427    0.0835046768    0.0833559036    0.0832090378    0.0830602646
  0.0829114914    0.0827608109    0.0826082230    0.0824556351    0.0823011398
  0.0821485519    0.0819902420    0.0818338394    0.0816755295    0.0815153122
  0.0813589096    0.0811948776    0.0810327530    0.0808706284    0.0807046890
  0.0805406570    0.0803747177    0.0802068710    0.0800352097    0.0798654556
  0.0796937943    0.0795202255    0.0793466568    0.0791730881    0.0789937973
  0.0788145065    0.0786371231    0.0784559250    0.0782728195    0.0780897141
  0.0779047012    0.0777177811    0.0775289536    0.0773420334    0.0771512985
  0.0769586563    0.0767621994    0.0765638351    0.0763692856    0.0761690140
  0.0759668350    0.0757665634    0.0755586624    0.0753545761    0.0751447678
  0.0749387741    0.0747232437    0.0745096207    0.0742959976    0.0740766525
  0.0738573074    0.0736322403    0.0734090805    0.0731859207    0.0730886459
  0.0730886459    0.0730886459    0.0730886459    0.0730886459    0.0730886459
  0.0730886459    0.0730886459    0.0730886459    0.0730886459    0.0730886459
  0.0730886459    0.0730886459    0.0730886459    0.0730886459    0.0730886459
  0.0730886459    0.0730886459    0.0730886459    0.0730886459    0.0730886459
  0.0730886459    0.0730886459    0.0730886459    0.0730886459    0.0730886459
  0.0730886459    0.0730886459    0.0730886459    0.0730886459    0.0730886459
  0.0730886459    0.0730886459    0.0730886459    0.0730886459    0.0730886459
  0.0730886459    0.0730886459    0.0730886459    0.0730886459    0.0730886459
  0.0730886459    0.0730886459    0.0730886459    0.0730886459    0.0730886459
  0.0730886459    0.0730886459    0.0730886459    0.0730886459    0.0730886459
  0.0730886459    0.0730886459    0.0730886459    0.0730886459    0.0730886459
  0.0730886459    0.0730886459    0.0730886459    0.0730886459    0.0730886459
  0.0730886459    0.0730886459    0.0730886459    0.0730886459    0.0730886459
  0.0730886459    0.0730886459    0.0730886459    0.0730886459    0.0730886459
  0.0730886459    0.0730886459    0.0730886459    0.0730886459    0.0730886459
  0.0730886459    0.0730886459    0.0730886459    0.0730886459    0.0730886459
  0.0730886459    0.0730886459    0.0730886459    0.0730886459    0.0730886459
  0.0730886459    0.0730886459    0.0730886459    0.0730886459    0.0730886459
  0.0730886459    0.0730886459    0.0730886459    0.0730886459    0.0730886459
  0.0730886459    0.0730886459    0.0730886459    0.0730886459    0.0730886459
  0.0730886459    0.0730886459    0.0730886459    0.0730886459    0.0730886459
  0.0730886459    0.0730886459    0.0730886459    0.0730886459    0.0730886459
  0.0730886459    0.0730886459    0.0730886459    0.0730886459    0.0730886459
  0.0730886459    0.0730886459    0.0730886459    0.0730886459    0.0730886459
  0.0730886459    0.0730886459    0.0730886459    0.0730886459    0.0730886459
  0.0730886459    0.0730886459    0.0730886459    0.0730886459    0.0730886459
  0.0730886459    0.0730886459    0.0730886459    0.0730886459    0.0730886459
  0.0730886459    0.0730886459    0.0730886459    0.0730886459    0.0730886459
  0.0730886459    0.0730886459    0.0730886459    0.0730886459    0.0730886459
  0.0950593948    0.0950479507    0.0950155258    0.0949678421    0.0949068069
  0.0948381424    0.0947656631    0.0946874619    0.0946073532    0.0945253372
  0.0944414139    0.0943555832    0.0942678452    0.0941801071    0.0940923691
  0.0940027237    0.0939111710    0.0938215256    0.0937299728    0.0936365128
  0.0935449600    0.0934514999    0.0933580399    0.0932626724    0.0931692123
  0.0930738449    0.0929765701    0.0928812027    0.0927839279    0.0926866531
  0.0925893784    0.0924921036    0.0923929214    0.0922937393    0.0921945572
  0.0920934677    0.0919923782    0.0918912888    0.0917901993    0.0916891098
  0.0915861130    0.0914831161    0.0913782120    0.0912752151    0.0911703110
  0.0910654068    0.0909605026    0.0908536911    0.0907468796    0.0906400681
  0.0905332565    0.0904245377    0.0903177261    0.0902070999    0.0900983810
  0.0899877548    0.0898771286    0.0897665024    0.0896539688    0.0895414352
  0.0894289017    0.0893144608    0.0892019272    0.0890855789    0.0889711380
  0.0888566971    0.0887403488    0.0886240005    0.0885057449    0.0883874893
  0.0882692337    0.0881490707    0.0880289078    0.0879106522    0.0877866745
  0.0876665115    0.0875444412    0.0874204636    0.0872964859    0.0871744156
  0.0870485306    0.0869207382    0.0867967606    0.0866689682    0.0865411758
  0.0864133835    0.0862836838    0.0861520767    0.0860223770    0.0858926773
  0.0857591629    0.0856275558    0.0854940414    0.0853586197    0.0852251053
  0.0850896835    0.0849523544    0.0848150253    0.0846776962    0.0845384598
  0.0843973160    0.0842561722    0.0841150284    0.0839757919    0.0838308334
  0.0836858749    0.0835428238    0.0833959579    0.0832509995    0.0831022263
  0.0829534531    0.0828046799    0.0826539993    0.0825033188    0.0823507309
  0.0821981430    0.0820436478    0.0818872452    0.0817308426    0.0815744400
  0.0814142227    0.0812559128    0.0810976028    0.0809335709    0.0807733536
  0.0806093216    0.0804433823    0.0802774429    0.0801095963    0.0799436569
  0.0797700882    0.0796003342    0.0794286728    0.0792570114    0.0790815353
  0.0789060593    0.0787305832    0.0785531998    0.0783720016    0.0781869888
  0.0780057907    0.0778207779    0.0776376724    0.0774526596    0.0772638321
  0.0770730972    0.0768804550    0.0766878128    0.0764932632    0.0762987137
  0.0761022568    0.0759000778    0.0756978989    0.0754957199    0.0752916336
  0.0750856400    0.0748777390    0.0746660233    0.0744543076    0.0742387772
  0.0740251541    0.0738039017    0.0736532211    0.0736532211    0.0736532211
  0.0736532211    0.0736532211    0.0736532211    0.0736532211    0.0736532211
  0.0736532211    0.0736532211    0.0736532211    0.0736532211    0.0736532211
  0.0736532211    0.0736532211    0.0736532211    0.0736532211    0.0736532211
  0.0736532211    0.0736532211    0.0736532211    0.0736532211    0.0736532211
  0.0736532211    0.0736532211    0.0736532211    0.0736532211    0.0736532211
  0.0736532211    0.0736532211    0.0736532211    0.0736532211    0.0736532211
  0.0736532211    0.0736532211    0.0736532211    0.0736532211    0.0736532211
  0.0736532211    0.0736532211    0.0736532211    0.0736532211    0.0736532211
  0.0736532211    0.0736532211    0.0736532211    0.0736532211    0.0736532211
  0.0736532211    0.0736532211    0.0736532211    0.0736532211    0.0736532211
  0.0736532211    0.0736532211    0.0736532211    0.0736532211    0.0736532211
  0.0736532211    0.0736532211    0.0736532211    0.0736532211    0.0736532211
  0.0736532211    0.0736532211    0.0736532211    0.0736532211    0.0736532211
  0.0736532211    0.0736532211    0.0736532211    0.0736532211    0.0736532211
  0.0736532211    0.0736532211    0.0736532211    0.0736532211    0.0736532211
  0.0736532211    0.0736532211    0.0736532211    0.0736532211    0.0736532211
  0.0736532211    0.0736532211    0.0736532211    0.0736532211    0.0736532211
  0.0736532211    0.0736532211    0.0736532211    0.0736532211    0.0736532211
  0.0736532211    0.0736532211    0.0736532211    0.0736532211    0.0736532211
  0.0736532211    0.0736532211    0.0736532211    0.0736532211    0.0736532211
  0.0736532211    0.0736532211    0.0736532211    0.0736532211    0.0736532211
  0.0736532211    0.0736532211    0.0736532211    0.0736532211    0.0736532211
  0.0736532211    0.0736532211    0.0736532211    0.0736532211    0.0736532211
  0.0736532211    0.0736532211    0.0736532211    0.0736532211    0.0736532211
  0.0736532211    0.0736532211    0.0736532211    0.0736532211    0.0736532211
  0.0736532211    0.0736532211    0.0736532211    0.0736532211    0.0736532211
  0.0736532211    0.0736532211    0.0736532211    0.0736532211    0.0736532211
  0.0958662033    0.0958566666    0.0958280563    0.0957841873    0.0957288742
  0.0956678391    0.0955991745    0.0955266953    0.0954523087    0.0953741074
  0.0952939987    0.0952138901    0.0951318741    0.0950479507    0.0949640274
  0.0948781967    0.0947923660    0.0947065353    0.0946187973    0.0945310593
  0.0944433212    0.0943536758    0.0942640305    0.0941743851    0.0940828323
  0.0939931870    0.0939016342    0.0938100815    0.0937166214    0.0936250687
  0.0935316086    0.0934362411    0.0933427811    0.0932474136    0.0931539536
  0.0930585861    0.0929613113    0.0928659439    0.0927686691    0.0926713943
  0.0925741196    0.0924749374    0.0923757553    0.0922784805    0.0921792984
  0.0920782089    0.0919771194    0.0918779373    0.0917749405    0.0916738510
  0.0915708542    0.0914678574    0.0913667679    0.0912618637    0.0911588669
  0.0910539627    0.0909490585    0.0908422470    0.0907373428    0.0906305313
  0.0905218124    0.0904150009    0.0903062820    0.0901975632    0.0900888443
  0.0899801254    0.0898694992    0.0897588730    0.0896482468    0.0895357132
  0.0894231796    0.0893106461    0.0891981125    0.0890836716    0.0889692307
  0.0888547897    0.0887384415    0.0886220932    0.0885057449    0.0883874893
  0.0882692337    0.0881509781    0.0880327225    0.0879125595    0.0877923965
  0.0876722336    0.0875501633    0.0874261856    0.0873041153    0.0871820450
  0.0870580673    0.0869321823    0.0868062973    0.0866804123    0.0865526199
  0.0864248276    0.0862970352    0.0861673355    0.0860395432    0.0859079361
  0.0857782364    0.0856466293    0.0855150223    0.0853815079    0.0852460861
  0.0851125717    0.0849752426    0.0848398209    0.0847043991    0.0845651627
  0.0844278336    0.0842866898    0.0841474533    0.0840063095    0.0838651657
  0.0837221146    0.0835790634    0.0834341049    0.0832891464    0.0831422806
  0.0829954147    0.0828504562    0.0826997757    0.0825510025    0.0823984146
  0.0822458267    0.0820951462    0.0819406509    0.0817861557    0.0816316605
  0.0814733505    0.0813169479    0.0811586380    0.0809984207    0.0808362961
  0.0806760788    0.0805120468    0.0803518295    0.0801839828    0.0800180435
  0.0798501968    0.0796804428    0.0795125961    0.0793428421    0.0791692734
  0.0789937973    0.0788202286    0.0786428452    0.0784673691    0.0782880783
  0.0781087875    0.0779256821    0.0777425766    0.0775613785    0.0773763657
  0.0771875381    0.0769968033    0.0768079758    0.0766153336    0.0764245987
  0.0762300491    0.0760316849    0.0758333206    0.0756349564    0.0754327774
  0.0752325058    0.0750246048    0.0748167038    0.0746126175    0.0744009018
  0.0741949081    0.0741949081    0.0741949081    0.0741949081    0.0741949081
  0.0741949081    0.0741949081    0.0741949081    0.0741949081    0.0741949081
  0.0741949081    0.0741949081    0.0741949081    0.0741949081    0.0741949081
  0.0741949081    0.0741949081    0.0741949081    0.0741949081    0.0741949081
  0.0741949081    0.0741949081    0.0741949081    0.0741949081    0.0741949081
  0.0741949081    0.0741949081    0.0741949081    0.0741949081    0.0741949081
  0.0741949081    0.0741949081    0.0741949081    0.0741949081    0.0741949081
  0.0741949081    0.0741949081    0.0741949081    0.0741949081    0.0741949081
  0.0741949081    0.0741949081    0.0741949081    0.0741949081    0.0741949081
  0.0741949081    0.0741949081    0.0741949081    0.0741949081    0.0741949081
  0.0741949081    0.0741949081    0.0741949081    0.0741949081    0.0741949081
  0.0741949081    0.0741949081    0.0741949081    0.0741949081    0.0741949081
  0.0741949081    0.0741949081    0.0741949081    0.0741949081    0.0741949081
  0.0741949081    0.0741949081    0.0741949081    0.0741949081    0.0741949081
  0.0741949081    0.0741949081    0.0741949081    0.0741949081    0.0741949081
  0.0741949081    0.0741949081    0.0741949081    0.0741949081    0.0741949081
  0.0741949081    0.0741949081    0.0741949081    0.0741949081    0.0741949081
  0.0741949081    0.0741949081    0.0741949081    0.0741949081    0.0741949081
  0.0741949081    0.0741949081    0.0741949081    0.0741949081    0.0741949081
  0.0741949081    0.0741949081    0.0741949081    0.0741949081    0.0741949081
  0.0741949081    0.0741949081    0.0741949081    0.0741949081    0.0741949081
  0.0741949081    0.0741949081    0.0741949081    0.0741949081    0.0741949081
  0.0741949081    0.0741949081    0.0741949081    0.0741949081    0.0741949081
  0.0741949081    0.0741949081    0.0741949081    0.0741949081    0.0741949081
  0.0741949081    0.0741949081    0.0741949081    0.0741949081    0.0741949081
  0.0741949081    0.0741949081    0.0741949081    0.0741949081    0.0741949081
  0.0966367722    0.0966291428    0.0966043472    0.0965642929    0.0965166092
  0.0964593887    0.0963964462    0.0963296890    0.0962591171    0.0961847305
  0.0961103439    0.0960340500    0.0959558487    0.0958757401    0.0957956314
  0.0957155228    0.0956335068    0.0955495834    0.0954675674    0.0953836441
  0.0952997208    0.0952138901    0.0951280594    0.0950422287    0.0949563980
  0.0948686600    0.0947809219    0.0946931839    0.0946054459    0.0945158005
  0.0944280624    0.0943384171    0.0942487717    0.0941572189    0.0940675735
  0.0939741135    0.0938844681    0.0937910080    0.0936994553    0.0936059952
  0.0935125351    0.0934190750    0.0933256149    0.0932302475    0.0931348801
  0.0930395126    0.0929441452    0.0928487778    0.0927515030    0.0926542282
  0.0925569534    0.0924596786    0.0923604965    0.0922613144    0.0921621323
  0.0920629501    0.0919618607    0.0918626785    0.0917615891    0.0916585922
  0.0915575027    0.0914545059    0.0913515091    0.0912485123    0.0911455154
  0.0910406113    0.0909357071    0.0908308029    0.0907239914    0.0906190872
  0.0905122757    0.0904054642    0.0902967453    0.0901880264    0.0900812149
  0.0899724960    0.0898618698    0.0897512436    0.0896406174    0.0895299911
  0.0894174576    0.0893068314    0.0891923904    0.0890798569    0.0889654160
  0.0888528824    0.0887365341    0.0886201859    0.0885057449    0.0883874893
  0.0882711411    0.0881547928    0.0880346298    0.0879163742    0.0877962112
  0.0876760483    0.0875558853    0.0874338150    0.0873098373    0.0871896744
  0.0870656967    0.0869417191    0.0868177414    0.0866918564    0.0865659714
  0.0864400864    0.0863122940    0.0861845016    0.0860567093    0.0859251022
  0.0857954025    0.0856657028    0.0855360031    0.0854024887    0.0852708817
  0.0851354599    0.0850000381    0.0848665237    0.0847291946    0.0845937729
  0.0844583511    0.0843191147    0.0841798782    0.0840406418    0.0838994980
  0.0837583542    0.0836172104    0.0834722519    0.0833311081    0.0831842422
  0.0830373764    0.0828905106    0.0827455521    0.0825967789    0.0824480057
  0.0822973251    0.0821447372    0.0819959641    0.0818433762    0.0816869736
  0.0815343857    0.0813760757    0.0812215805    0.0810632706    0.0809030533
  0.0807428360    0.0805807114    0.0804204941    0.0802545547    0.0800924301
  0.0799283981    0.0797624588    0.0795927048    0.0794248581    0.0792551041
  0.0790853500    0.0789098740    0.0787343979    0.0785627365    0.0783872604
  0.0782079697    0.0780267715    0.0778474808    0.0776662827    0.0774850845
  0.0773000717    0.0771169662    0.0769243240    0.0767393112    0.0765504837
  0.0763578415    0.0761632919    0.0759687424    0.0757722855    0.0755758286
  0.0753717422    0.0751695633    0.0749692917    0.0747652054    0.0747156143
  0.0747156143    0.0747156143    0.0747156143    0.0747156143    0.0747156143
  0.0747156143    0.0747156143    0.0747156143    0.0747156143    0.0747156143
  0.0747156143    0.0747156143    0.0747156143    0.0747156143    0.0747156143
  0.0747156143    0.0747156143    0.0747156143    0.0747156143    0.0747156143
  0.0747156143    0.0747156143    0.0747156143    0.0747156143    0.0747156143
  0.0747156143    0.0747156143    0.0747156143    0.0747156143    0.0747156143
  0.0747156143    0.0747156143    0.0747156143    0.0747156143    0.0747156143
  0.0747156143    0.0747156143    0.0747156143    0.0747156143    0.0747156143
  0.0747156143    0.0747156143    0.0747156143    0.0747156143    0.0747156143
  0.0747156143    0.0747156143    0.0747156143    0.0747156143    0.0747156143
  0.0747156143    0.0747156143    0.0747156143    0.0747156143    0.0747156143
  0.0747156143    0.0747156143    0.0747156143    0.0747156143    0.0747156143
  0.0747156143    0.0747156143    0.0747156143    0.0747156143    0.0747156143
  0.0747156143    0.0747156143    0.0747156143    0.0747156143    0.0747156143
  0.0747156143    0.0747156143    0.0747156143    0.0747156143    0.0747156143
  0.0747156143    0.0747156143    0.0747156143    0.0747156143    0.0747156143
  0.0747156143    0.0747156143    0.0747156143    0.0747156143    0.0747156143
  0.0747156143    0.0747156143    0.0747156143    0.0747156143    0.0747156143
  0.0747156143    0.0747156143    0.0747156143    0.0747156143    0.0747156143
  0.0747156143    0.0747156143    0.0747156143    0.0747156143    0.0747156143
  0.0747156143    0.0747156143    0.0747156143    0.0747156143    0.0747156143
  0.0747156143    0.0747156143    0.0747156143    0.0747156143    0.0747156143
  0.0747156143    0.0747156143    0.0747156143    0.0747156143    0.0747156143
  0.0747156143    0.0747156143    0.0747156143    0.0747156143    0.0747156143
  0.0973768234    0.0973691940    0.0973482132    0.0973138809    0.0972681046
  0.0972166061    0.0971593857    0.0970964432    0.0970296860    0.0969610214
  0.0968904495    0.0968179703    0.0967435837    0.0966691971    0.0965929031
  0.0965147018    0.0964365005    0.0963582993    0.0962781906    0.0961980820
  0.0961179733    0.0960359573    0.0959539413    0.0958719254    0.0957899094
  0.0957059860    0.0956220627    0.0955381393    0.0954542160    0.0953683853
  0.0952825546    0.0951967239    0.0951108932    0.0950250626    0.0949373245
  0.0948495865    0.0947618484    0.0946741104    0.0945863724    0.0944967270
  0.0944070816    0.0943174362    0.0942277908    0.0941381454    0.0940465927
  0.0939550400    0.0938634872    0.0937719345    0.0936784744    0.0935869217
  0.0934934616    0.0934000015    0.0933046341    0.0932111740    0.0931158066
  0.0930204391    0.0929250717    0.0928297043    0.0927324295    0.0926351547
  0.0925378799    0.0924425125    0.0923433304    0.0922441483    0.0921449661
  0.0920457840    0.0919466019    0.0918455124    0.0917463303    0.0916452408
  0.0915422440    0.0914411545    0.0913381577    0.0912351608    0.0911321640
  0.0910291672    0.0909242630    0.0908193588    0.0907144547    0.0906095505
  0.0905008316    0.0903959274    0.0902872086    0.0901803970    0.0900716782
  0.0899648666    0.0898542404    0.0897436142    0.0896348953    0.0895242691
  0.0894136429    0.0893030167    0.0891885757    0.0890760422    0.0889635086
  0.0888490677    0.0887346268    0.0886201859    0.0885038376    0.0883874893
  0.0882730484    0.0881547928    0.0880365372    0.0879201889    0.0878000259
  0.0876798630    0.0875616074    0.0874395370    0.0873193741    0.0871973038
  0.0870752335    0.0869512558    0.0868272781    0.0867033005    0.0865774155
  0.0864534378    0.0863275528    0.0862016678    0.0860719681    0.0859441757
  0.0858144760    0.0856847763    0.0855550766    0.0854234695    0.0852918625
  0.0851602554    0.0850267410    0.0848932266    0.0847578049    0.0846242905
  0.0844869614    0.0843496323    0.0842123032    0.0840749741    0.0839338303
  0.0837945938    0.0836534500    0.0835123062    0.0833692551    0.0832262039
  0.0830812454    0.0829381943    0.0827894211    0.0826444626    0.0824937820
  0.0823488235    0.0821962357    0.0820474625    0.0818967819    0.0817441940
  0.0815896988    0.0814371109    0.0812826157    0.0811243057    0.0809679031
  0.0808115005    0.0806531906    0.0804910660    0.0803289413    0.0801649094
  0.0800046921    0.0798368454    0.0796728134    0.0795049667    0.0793390274
  0.0791692734    0.0790014267    0.0788297653    0.0786542892    0.0784826279
  0.0783033371    0.0781297684    0.0779504776    0.0777730942    0.0775938034
  0.0774126053    0.0772256851    0.0770444870    0.0768594742    0.0766706467
  0.0764799118    0.0762910843    0.0760965347    0.0759057999    0.0757093430
  0.0755147934    0.0753145218    0.0752172470    0.0752172470    0.0752172470
  0.0752172470    0.0752172470    0.0752172470    0.0752172470    0.0752172470
  0.0752172470    0.0752172470    0.0752172470    0.0752172470    0.0752172470
  0.0752172470    0.0752172470    0.0752172470    0.0752172470    0.0752172470
  0.0752172470    0.0752172470    0.0752172470    0.0752172470    0.0752172470
  0.0752172470    0.0752172470    0.0752172470    0.0752172470    0.0752172470
  0.0752172470    0.0752172470    0.0752172470    0.0752172470    0.0752172470
  0.0752172470    0.0752172470    0.0752172470    0.0752172470    0.0752172470
  0.0752172470    0.0752172470    0.0752172470    0.0752172470    0.0752172470
  0.0752172470    0.0752172470    0.0752172470    0.0752172470    0.0752172470
  0.0752172470    0.0752172470    0.0752172470    0.0752172470    0.0752172470
  0.0752172470    0.0752172470    0.0752172470    0.0752172470    0.0752172470
  0.0752172470    0.0752172470    0.0752172470    0.0752172470    0.0752172470
  0.0752172470    0.0752172470    0.0752172470    0.0752172470    0.0752172470
  0.0752172470    0.0752172470    0.0752172470    0.0752172470    0.0752172470
  0.0752172470    0.0752172470    0.0752172470    0.0752172470    0.0752172470
  0.0752172470    0.0752172470    0.0752172470    0.0752172470    0.0752172470
  0.0752172470    0.0752172470    0.0752172470    0.0752172470    0.0752172470
  0.0752172470    0.0752172470    0.0752172470    0.0752172470    0.0752172470
  0.0752172470    0.0752172470    0.0752172470    0.0752172470    0.0752172470
  0.0752172470    0.0752172470    0.0752172470    0.0752172470    0.0752172470
  0.0752172470    0.0752172470    0.0752172470    0.0752172470    0.0752172470
  0.0752172470    0.0752172470    0.0752172470    0.0752172470    0.0752172470
  0.0980882645    0.0980806351    0.0980615616    0.0980310440    0.0979909897
  0.0979433060    0.0978899002    0.0978307724    0.0977697372    0.0977048874
  0.0976381302    0.0975694656    0.0974988937    0.0974283218    0.0973558426
  0.0972814560    0.0972070694    0.0971326828    0.0970563889    0.0969781876
  0.0969018936    0.0968236923    0.0967454910    0.0966672897    0.0965871811
  0.0965070724    0.0964269638    0.0963468552    0.0962648392    0.0961847305
  0.0961027145    0.0960206985    0.0959367752    0.0958547592    0.0957708359
  0.0956869125    0.0956029892    0.0955190659    0.0954332352    0.0953474045
  0.0952615738    0.0951757431    0.0950899124    0.0950021744    0.0949163437
  0.0948286057    0.0947408676    0.0946531296    0.0945634842    0.0944757462
  0.0943861008    0.0942964554    0.0942068100    0.0941152573    0.0940256119
  0.0939340591    0.0938425064    0.0937509537    0.0936574936    0.0935659409
  0.0934724808    0.0933790207    0.0932855606    0.0931901932    0.0930967331
  0.0930013657    0.0929059982    0.0928106308    0.0927133560    0.0926179886
  0.0925207138    0.0924234390    0.0923261642    0.0922269821    0.0921278000
  0.0920286179    0.0919313431    0.0918302536    0.0917291641    0.0916280746
  0.0915288925    0.0914258957    0.0913248062    0.0912218094    0.0911188126
  0.0910158157    0.0909128189    0.0908079147    0.0907030106    0.0905981064
  0.0904912949    0.0903863907    0.0902795792    0.0901727676    0.0900640488
  0.0899572372    0.0898485184    0.0897397995    0.0896291733    0.0895204544
  0.0894098282    0.0892972946    0.0891866684    0.0890741348    0.0889616013
  0.0888490677    0.0887346268    0.0886201859    0.0885057449    0.0883893967
  0.0882749557    0.0881567001    0.0880403519    0.0879240036    0.0878057480
  0.0876874924    0.0875673294    0.0874471664    0.0873270035    0.0872068405
  0.0870866776    0.0869626999    0.0868406296    0.0867147446    0.0865907669
  0.0864667892    0.0863428116    0.0862150192    0.0860872269    0.0859632492
  0.0858335495    0.0857057571    0.0855760574    0.0854482651    0.0853147507
  0.0851850510    0.0850515366    0.0849199295    0.0847845078    0.0846509933
  0.0845155716    0.0843801498    0.0842428207    0.0841054916    0.0839700699
  0.0838289261    0.0836896896    0.0835504532    0.0834093094    0.0832681656
  0.0831251144    0.0829801559    0.0828371048    0.0826902390    0.0825452805
  0.0823984146    0.0822496414    0.0821008682    0.0819501877    0.0817995071
  0.0816488266    0.0814943314    0.0813417435    0.0811891556    0.0810308456
  0.0808782578    0.0807218552    0.0805597305    0.0804014206    0.0802412033
  0.0800790787    0.0799150467    0.0797529221    0.0795869827    0.0794210434
  0.0792570114    0.0790853500    0.0789213181    0.0787458420    0.0785760880
  0.0784025192    0.0782270432    0.0780534744    0.0778760910    0.0776968002
  0.0775175095    0.0773401260    0.0771589279    0.0769739151    0.0767908096
  0.0766038895    0.0764131546    0.0762243271    0.0760354996    0.0758447647
  0.0757017136    0.0757017136    0.0757017136    0.0757017136    0.0757017136
  0.0757017136    0.0757017136    0.0757017136    0.0757017136    0.0757017136
  0.0757017136    0.0757017136    0.0757017136    0.0757017136    0.0757017136
  0.0757017136    0.0757017136    0.0757017136    0.0757017136    0.0757017136
  0.0757017136    0.0757017136    0.0757017136    0.0757017136    0.0757017136
  0.0757017136    0.0757017136    0.0757017136    0.0757017136    0.0757017136
  0.0757017136    0.0757017136    0.0757017136    0.0757017136    0.0757017136
  0.0757017136    0.0757017136    0.0757017136    0.0757017136    0.0757017136
  0.0757017136    0.0757017136    0.0757017136    0.0757017136    0.0757017136
  0.0757017136    0.0757017136    0.0757017136    0.0757017136    0.0757017136
  0.0757017136    0.0757017136    0.0757017136    0.0757017136    0.0757017136
  0.0757017136    0.0757017136    0.0757017136    0.0757017136    0.0757017136
  0.0757017136    0.0757017136    0.0757017136    0.0757017136    0.0757017136
  0.0757017136    0.0757017136    0.0757017136    0.0757017136    0.0757017136
  0.0757017136    0.0757017136    0.0757017136    0.0757017136    0.0757017136
  0.0757017136    0.0757017136    0.0757017136    0.0757017136    0.0757017136
  0.0757017136    0.0757017136    0.0757017136    0.0757017136    0.0757017136
  0.0757017136    0.0757017136    0.0757017136    0.0757017136    0.0757017136
  0.0757017136    0.0757017136    0.0757017136    0.0757017136    0.0757017136
  0.0757017136    0.0757017136    0.0757017136    0.0757017136    0.0757017136
  0.0757017136    0.0757017136    0.0757017136    0.0757017136    0.0757017136
  0.0987710953    0.0987653732    0.0987482071    0.0987215042    0.0986852646
  0.0986413956    0.0985918045    0.0985383987    0.0984811783    0.0984201431
  0.0983572006    0.0982923508    0.0982255936    0.0981569290    0.0980882645
  0.0980176926    0.0979471207    0.0978746414    0.0978021622    0.0977277756
  0.0976552963    0.0975790024    0.0975046158    0.0974283218    0.0973520279
  0.0972757339    0.0971994400    0.0971212387    0.0970449448    0.0969648361
  0.0968866348    0.0968084335    0.0967283249    0.0966482162    0.0965681076
  0.0964879990    0.0964078903    0.0963258743    0.0962438583    0.0961618423
  0.0960798264    0.0959978104    0.0959138870    0.0958318710    0.0957479477
  0.0956640244    0.0955801010    0.0954942703    0.0954103470    0.0953245163
  0.0952386856    0.0951528549    0.0950651169    0.0949792862    0.0948934555
  0.0948057175    0.0947179794    0.0946283340    0.0945405960    0.0944528580
  0.0943632126    0.0942735672    0.0941839218    0.0940942764    0.0940027237
  0.0939111710    0.0938215256    0.0937280655    0.0936365128    0.0935449600
  0.0934514999    0.0933580399    0.0932645798    0.0931711197    0.0930757523
  0.0929822922    0.0928869247    0.0927915573    0.0926961899    0.0925989151
  0.0925016403    0.0924043655    0.0923070908    0.0922098160    0.0921106339
  0.0920133591    0.0919141769    0.0918149948    0.0917139053    0.0916147232
  0.0915136337    0.0914125443    0.0913114548    0.0912084579    0.0911073685
  0.0910043716    0.0909013748    0.0907945633    0.0906934738    0.0905885696
  0.0904817581    0.0903768539    0.0902700424    0.0901632309    0.0900564194
  0.0899496078    0.0898408890    0.0897340775    0.0896234512    0.0895147324
  0.0894041061    0.0892953873    0.0891828537    0.0890703201    0.0889596939
  0.0888452530    0.0887327194    0.0886220932    0.0885076523    0.0883913040
  0.0882749557    0.0881605148    0.0880441666    0.0879278183    0.0878095627
  0.0876932144    0.0875749588    0.0874547958    0.0873365402    0.0872144699
  0.0870943069    0.0869741440    0.0868501663    0.0867280960    0.0866060257
  0.0864820480    0.0863580704    0.0862340927    0.0861063004    0.0859804153
  0.0858526230    0.0857248306    0.0855970383    0.0854673386    0.0853395462
  0.0852079391    0.0850763321    0.0849466324    0.0848131180    0.0846815109
  0.0845479965    0.0844106674    0.0842752457    0.0841398239    0.0840044022
  0.0838670731    0.0837278366    0.0835905075    0.0834493637    0.0833101273
  0.0831670761    0.0830240250    0.0828809738    0.0827360153    0.0825929642
  0.0824480057    0.0823030472    0.0821542740    0.0820055008    0.0818567276
  0.0817060471    0.0815553665    0.0814046860    0.0812520981    0.0810956955
  0.0809412003    0.0807847977    0.0806303024    0.0804719925    0.0803136826
  0.0801572800    0.0799932480    0.0798292160    0.0796689987    0.0795049667
  0.0793409348    0.0791730881    0.0790090561    0.0788393021    0.0786714554
  0.0784997940    0.0783243179    0.0781564713    0.0779790878    0.0778017044
  0.0776262283    0.0774488449    0.0772714615    0.0770902634    0.0769071579
  0.0767240524    0.0765371323    0.0763521194    0.0761690140    0.0761690140
  0.0761690140    0.0761690140    0.0761690140    0.0761690140    0.0761690140
  0.0761690140    0.0761690140    0.0761690140    0.0761690140    0.0761690140
  0.0761690140    0.0761690140    0.0761690140    0.0761690140    0.0761690140
  0.0761690140    0.0761690140    0.0761690140    0.0761690140    0.0761690140
  0.0761690140    0.0761690140    0.0761690140    0.0761690140    0.0761690140
  0.0761690140    0.0761690140    0.0761690140    0.0761690140    0.0761690140
  0.0761690140    0.0761690140    0.0761690140    0.0761690140    0.0761690140
  0.0761690140    0.0761690140    0.0761690140    0.0761690140    0.0761690140
  0.0761690140    0.0761690140    0.0761690140    0.0761690140    0.0761690140
  0.0761690140    0.0761690140    0.0761690140    0.0761690140    0.0761690140
  0.0761690140    0.0761690140    0.0761690140    0.0761690140    0.0761690140
  0.0761690140    0.0761690140    0.0761690140    0.0761690140    0.0761690140
  0.0761690140    0.0761690140    0.0761690140    0.0761690140    0.0761690140
  0.0761690140    0.0761690140    0.0761690140    0.0761690140    0.0761690140
  0.0761690140    0.0761690140    0.0761690140    0.0761690140    0.0761690140
  0.0761690140    0.0761690140    0.0761690140    0.0761690140    0.0761690140
  0.0761690140    0.0761690140    0.0761690140    0.0761690140    0.0761690140
  0.0761690140    0.0761690140    0.0761690140    0.0761690140    0.0761690140
  0.0761690140    0.0761690140    0.0761690140    0.0761690140    0.0761690140
