  0.0000000000    0.0150000000
  0.0002500000    0.0010000000    179    30
  0.0987710953    0.0986413956    0.0983572006    0.0980176926    0.0976552963
  0.0972757339    0.0968866348    0.0964879990    0.0960798264    0.0956640244
  0.0952386856    0.0948057175    0.0943632126    0.0939111710    0.0934514999
  0.0929822922    0.0925016403    0.0920133591    0.0915136337    0.0910043716
  0.0904817581    0.0899496078    0.0894041061    0.0888452530    0.0882749557
  0.0876932144    0.0870943069    0.0864820480    0.0858526230    0.0852079391
  0.0845479965    0.0838670731    0.0831670761    0.0824480057    0.0817060471
  0.0809412003    0.0801572800    0.0793409348    0.0784997940    0.0776262283
  0.0767240524    0.0761690140    0.0761690140    0.0761690140    0.0761690140
  0.0761690140    0.0761690140    0.0761690140    0.0761690140    0.0761690140
  0.0761690140    0.0761690140    0.0761690140    0.0761690140    0.0761690140
  0.0761690140    0.0761690140    0.0761690140    0.0761690140    0.0761690140
  0.0761690140    0.0761690140    0.0761690140    0.0761690140    0.0761690140
  0.0761690140    0.0761690140    0.0761690140    0.0761690140    0.0761690140
  0.0761690140    0.0761690140    0.0761690140    0.0761690140    0.0761690140
  0.0761690140    0.0761690140    0.0761690140    0.0761690140    0.0761690140
  0.0761690140    0.0761690140    0.0761690140    0.0761690140    0.0761690140
  0.0761690140    0.0761690140    0.0761690140    0.0761690140    0.0761690140
  0.0761690140    0.0761690140    0.0761690140    0.0761690140    0.0761690140
  0.0761690140    0.0761690140    0.0761690140    0.0761690140    0.0761690140
  0.0761690140    0.0761690140    0.0761690140    0.0761690140    0.0761690140
  0.0761690140    0.0761690140    0.0761690140    0.0761690140    0.0761690140
  0.0761690140    0.0761690140    0.0761690140    0.0761690140    0.0761690140
  0.0761690140    0.0761690140    0.0761690140    0.0761690140    0.0761690140
  0.0761690140    0.0761690140    0.0761690140    0.0761690140    0.0761690140
  0.0761690140    0.0761690140    0.0761690140    0.0761690140    0.0761690140
  0.0761690140    0.0761690140    0.0761690140    0.0761690140    0.0761690140
  0.0761690140    0.0761690140    0.0761690140    0.0761690140    0.0761690140
  0.0761690140    0.0761690140    0.0761690140    0.0761690140    0.0761690140
  0.0761690140    0.0761690140    0.0761690140    0.0761690140    0.0761690140
  0.0761690140    0.0761690140    0.0761690140    0.0761690140    0.0761690140
  0.0761690140    0.0761690140    0.0761690140    0.0761690140    0.0761690140
  0.0761690140    0.0761690140    0.0761690140    0.0761690140    0.0761690140
  0.0761690140    0.0761690140    0.0761690140    0.0761690140    0.0761690140
  0.0761690140    0.0761690140    0.0761690140    0.0761690140    0.0761690140
  0.0761690140    0.0761690140    0.0761690140    0.0761690140    0.0761690140
  0.0998563766    0.0997457504    0.0994939804    0.0991811752    0.0988435745
  0.0984907150    0.0981264114    0.0977525711    0.0973711014    0.0969800949
  0.0965814590    0.0961751938    0.0957612991    0.0953397751    0.0949087143
  0.0944719315    0.0940256119    0.0935697556    0.0931062698    0.0926313400
  0.0921506882    0.0916566849    0.0911531448    0.0906400681    0.0901155472
  0.0895795822    0.0890302658    0.0884714127    0.0878973007    0.0873117447
  0.0867109299    0.0860948563    0.0854635239    0.0848169327    0.0841512680
  0.0834684372    0.0827684402    0.0820474625    0.0813035965    0.0805368423
  0.0797491074    0.0789289474    0.0780916214    0.0772180557    0.0769128799
  0.0769128799    0.0769128799    0.0769128799    0.0769128799    0.0769128799
  0.0769128799    0.0769128799    0.0769128799    0.0769128799    0.0769128799
  0.0769128799    0.0769128799    0.0769128799    0.0769128799    0.0769128799
  0.0769128799    0.0769128799    0.0769128799    0.0769128799    0.0769128799
  0.0769128799    0.0769128799    0.0769128799    0.0769128799    0.0769128799
  0.0769128799    0.0769128799    0.0769128799    0.0769128799    0.0769128799
  0.0769128799    0.0769128799    0.0769128799    0.0769128799    0.0769128799
  0.0769128799    0.0769128799    0.0769128799    0.0769128799    0.0769128799
  0.0769128799    0.0769128799    0.0769128799    0.0769128799    0.0769128799
  0.0769128799    0.0769128799    0.0769128799    0.0769128799    0.0769128799
  0.0769128799    0.0769128799    0.0769128799    0.0769128799    0.0769128799
  0.0769128799    0.0769128799    0.0769128799    0.0769128799    0.0769128799
  0.0769128799    0.0769128799    0.0769128799    0.0769128799    0.0769128799
  0.0769128799    0.0769128799    0.0769128799    0.0769128799    0.0769128799
  0.0769128799    0.0769128799    0.0769128799    0.0769128799    0.0769128799
  0.0769128799    0.0769128799    0.0769128799    0.0769128799    0.0769128799
  0.0769128799    0.0769128799    0.0769128799    0.0769128799    0.0769128799
  0.0769128799    0.0769128799    0.0769128799    0.0769128799    0.0769128799
  0.0769128799    0.0769128799    0.0769128799    0.0769128799    0.0769128799
  0.0769128799    0.0769128799    0.0769128799    0.0769128799    0.0769128799
  0.0769128799    0.0769128799    0.0769128799    0.0769128799    0.0769128799
  0.0769128799    0.0769128799    0.0769128799    0.0769128799    0.0769128799
  0.0769128799    0.0769128799    0.0769128799    0.0769128799    0.0769128799
  0.0769128799    0.0769128799    0.0769128799    0.0769128799    0.0769128799
  0.0769128799    0.0769128799    0.0769128799    0.0769128799    0.0769128799
  0.0769128799    0.0769128799    0.0769128799    0.0769128799    0.0769128799
  0.0769128799    0.0769128799    0.0769128799    0.0769128799    0.0769128799
  0.1008806229    0.1007871628    0.1005620956    0.1002759933    0.0999631882
  0.0996313095    0.0992898941    0.0989389420    0.0985784531    0.0982103348
  0.0978364944    0.0974531174    0.0970659256    0.0966691971    0.0962648392
  0.0958547592    0.0954370499    0.0950098038    0.0945768356    0.0941362381
  0.0936861038    0.0932264328    0.0927591324    0.0922822952    0.0917978287
  0.0913000107    0.0907945633    0.0902776718    0.0897493362    0.0892114639
  0.0886602402    0.0880975723    0.0875215530    0.0869340897    0.0863294601
  0.0857114792    0.0850782394    0.0844316483    0.0837640762    0.0830774307
  0.0823755264    0.0816488266    0.0809049606    0.0801382065    0.0793485641
  0.0785322189    0.0776853561    0.0776205063    0.0776205063    0.0776205063
  0.0776205063    0.0776205063    0.0776205063    0.0776205063    0.0776205063
  0.0776205063    0.0776205063    0.0776205063    0.0776205063    0.0776205063
  0.0776205063    0.0776205063    0.0776205063    0.0776205063    0.0776205063
  0.0776205063    0.0776205063    0.0776205063    0.0776205063    0.0776205063
  0.0776205063    0.0776205063    0.0776205063    0.0776205063    0.0776205063
  0.0776205063    0.0776205063    0.0776205063    0.0776205063    0.0776205063
  0.0776205063    0.0776205063    0.0776205063    0.0776205063    0.0776205063
  0.0776205063    0.0776205063    0.0776205063    0.0776205063    0.0776205063
  0.0776205063    0.0776205063    0.0776205063    0.0776205063    0.0776205063
  0.0776205063    0.0776205063    0.0776205063    0.0776205063    0.0776205063
  0.0776205063    0.0776205063    0.0776205063    0.0776205063    0.0776205063
  0.0776205063    0.0776205063    0.0776205063    0.0776205063    0.0776205063
  0.0776205063    0.0776205063    0.0776205063    0.0776205063    0.0776205063
  0.0776205063    0.0776205063    0.0776205063    0.0776205063    0.0776205063
  0.0776205063    0.0776205063    0.0776205063    0.0776205063    0.0776205063
  0.0776205063    0.0776205063    0.0776205063    0.0776205063    0.0776205063
  0.0776205063    0.0776205063    0.0776205063    0.0776205063    0.0776205063
  0.0776205063    0.0776205063    0.0776205063    0.0776205063    0.0776205063
  0.0776205063    0.0776205063    0.0776205063    0.0776205063    0.0776205063
  0.0776205063    0.0776205063    0.0776205063    0.0776205063    0.0776205063
  0.0776205063    0.0776205063    0.0776205063    0.0776205063    0.0776205063
  0.0776205063    0.0776205063    0.0776205063    0.0776205063    0.0776205063
  0.0776205063    0.0776205063    0.0776205063    0.0776205063    0.0776205063
  0.0776205063    0.0776205063    0.0776205063    0.0776205063    0.0776205063
  0.0776205063    0.0776205063    0.0776205063    0.0776205063    0.0776205063
  0.0776205063    0.0776205063    0.0776205063    0.0776205063    0.0776205063
  0.1018514633    0.1017694473    0.1015691757    0.1013078690    0.1010160446
  0.1007070541    0.1003847122    0.1000528336    0.0997133255    0.0993680954
  0.0990133286    0.0986528397    0.0982866287    0.0979127884    0.0975332260
  0.0971460342    0.0967531204    0.0963525772    0.0959463120    0.0955324173
  0.0951089859    0.0946817398    0.0942449570    0.0938005447    0.0933465958
  0.0928850174    0.0924139023    0.0919351578    0.0914449692    0.0909471512
  0.0904397964    0.0899190903    0.0893888474    0.0888471603    0.0882940292
  0.0877294540    0.0871496201    0.0865583420    0.0859556198    0.0853338242
  0.0847005844    0.0840463638    0.0833806992    0.0826940536    0.0819864273
  0.0812597275    0.0805177689    0.0797472000    0.0789537430    0.0782957077
  0.0782957077    0.0782957077    0.0782957077    0.0782957077    0.0782957077
  0.0782957077    0.0782957077    0.0782957077    0.0782957077    0.0782957077
  0.0782957077    0.0782957077    0.0782957077    0.0782957077    0.0782957077
  0.0782957077    0.0782957077    0.0782957077    0.0782957077    0.0782957077
  0.0782957077    0.0782957077    0.0782957077    0.0782957077    0.0782957077
  0.0782957077    0.0782957077    0.0782957077    0.0782957077    0.0782957077
  0.0782957077    0.0782957077    0.0782957077    0.0782957077    0.0782957077
  0.0782957077    0.0782957077    0.0782957077    0.0782957077    0.0782957077
  0.0782957077    0.0782957077    0.0782957077    0.0782957077    0.0782957077
  0.0782957077    0.0782957077    0.0782957077    0.0782957077    0.0782957077
  0.0782957077    0.0782957077    0.0782957077    0.0782957077    0.0782957077
  0.0782957077    0.0782957077    0.0782957077    0.0782957077    0.0782957077
  0.0782957077    0.0782957077    0.0782957077    0.0782957077    0.0782957077
  0.0782957077    0.0782957077    0.0782957077    0.0782957077    0.0782957077
  0.0782957077    0.0782957077    0.0782957077    0.0782957077    0.0782957077
  0.0782957077    0.0782957077    0.0782957077    0.0782957077    0.0782957077
  0.0782957077    0.0782957077    0.0782957077    0.0782957077    0.0782957077
  0.0782957077    0.0782957077    0.0782957077    0.0782957077    0.0782957077
  0.0782957077    0.0782957077    0.0782957077    0.0782957077    0.0782957077
  0.0782957077    0.0782957077    0.0782957077    0.0782957077    0.0782957077
  0.0782957077    0.0782957077    0.0782957077    0.0782957077    0.0782957077
  0.0782957077    0.0782957077    0.0782957077    0.0782957077    0.0782957077
  0.0782957077    0.0782957077    0.0782957077    0.0782957077    0.0782957077
  0.0782957077    0.0782957077    0.0782957077    0.0782957077    0.0782957077
  0.0782957077    0.0782957077    0.0782957077    0.0782957077    0.0782957077
  0.0782957077    0.0782957077    0.0782957077    0.0782957077    0.0782957077
  0.1027727127    0.1027021408    0.1025228500    0.1022844315    0.1020135880
  0.1017236710    0.1014204025    0.1011075974    0.1007852554    0.1004571915
  0.1001234055    0.0997819901    0.0994348526    0.0990819931    0.0987234116
  0.0983591080    0.0979871750    0.0976095200    0.0972261429    0.0968351364
  0.0964384079    0.0960359573    0.0956239700    0.0952062607    0.0947828293
  0.0943498611    0.0939111710    0.0934629440    0.0930070877    0.0925436020
  0.0920705795    0.0915861130    0.0910959244    0.0905942917    0.0900831223
  0.0895605087    0.0890302658    0.0884866714    0.0879316330    0.0873632431
  0.0867815018    0.0861883163    0.0855817795    0.0849618912    0.0843248367
  0.0836706161    0.0830011368    0.0823125839    0.0816049576    0.0808801651
  0.0801305771    0.0793638229    0.0789384842    0.0789384842    0.0789384842
  0.0789384842    0.0789384842    0.0789384842    0.0789384842    0.0789384842
  0.0789384842    0.0789384842    0.0789384842    0.0789384842    0.0789384842
  0.0789384842    0.0789384842    0.0789384842    0.0789384842    0.0789384842
  0.0789384842    0.0789384842    0.0789384842    0.0789384842    0.0789384842
  0.0789384842    0.0789384842    0.0789384842    0.0789384842    0.0789384842
  0.0789384842    0.0789384842    0.0789384842    0.0789384842    0.0789384842
  0.0789384842    0.0789384842    0.0789384842    0.0789384842    0.0789384842
  0.0789384842    0.0789384842    0.0789384842    0.0789384842    0.0789384842
  0.0789384842    0.0789384842    0.0789384842    0.0789384842    0.0789384842
  0.0789384842    0.0789384842    0.0789384842    0.0789384842    0.0789384842
  0.0789384842    0.0789384842    0.0789384842    0.0789384842    0.0789384842
  0.0789384842    0.0789384842    0.0789384842    0.0789384842    0.0789384842
  0.0789384842    0.0789384842    0.0789384842    0.0789384842    0.0789384842
  0.0789384842    0.0789384842    0.0789384842    0.0789384842    0.0789384842
  0.0789384842    0.0789384842    0.0789384842    0.0789384842    0.0789384842
  0.0789384842    0.0789384842    0.0789384842    0.0789384842    0.0789384842
  0.0789384842    0.0789384842    0.0789384842    0.0789384842    0.0789384842
  0.0789384842    0.0789384842    0.0789384842    0.0789384842    0.0789384842
  0.0789384842    0.0789384842    0.0789384842    0.0789384842    0.0789384842
  0.0789384842    0.0789384842    0.0789384842    0.0789384842    0.0789384842
  0.0789384842    0.0789384842    0.0789384842    0.0789384842    0.0789384842
  0.0789384842    0.0789384842    0.0789384842    0.0789384842    0.0789384842
  0.0789384842    0.0789384842    0.0789384842    0.0789384842    0.0789384842
  0.0789384842    0.0789384842    0.0789384842    0.0789384842    0.0789384842
  0.0789384842    0.0789384842    0.0789384842    0.0789384842    0.0789384842
  0.1036500931    0.1035890579    0.1034288406    0.1032094955    0.1029577255
  0.1026868820    0.1024007797    0.1021051407    0.1017999649    0.1014890671
  0.1011724472    0.1008481979    0.1005201340    0.1001844406    0.0998449326
  0.0994977951    0.0991468430    0.0987901688    0.0984277725    0.0980577469
  0.0976839066    0.0973024368    0.0969152451    0.0965223312    0.0961236954
  0.0957174301    0.0953035355    0.0948820114    0.0944566727    0.0940198898
  0.0935792923    0.0931272507    0.0926694870    0.0922040939    0.0917291641
  0.0912427902    0.0907487869    0.0902471542    0.0897321701    0.0892095566
  0.0886735916    0.0881280899    0.0875730515    0.0870008469    0.0864191055
  0.0858221054    0.0852136612    0.0845899582    0.0839529037    0.0832967758
  0.0826272964    0.0819387436    0.0812311172    0.0805006027    0.0797548294
  0.0795545578    0.0795545578    0.0795545578    0.0795545578    0.0795545578
  0.0795545578    0.0795545578    0.0795545578    0.0795545578    0.0795545578
  0.0795545578    0.0795545578    0.0795545578    0.0795545578    0.0795545578
  0.0795545578    0.0795545578    0.0795545578    0.0795545578    0.0795545578
  0.0795545578    0.0795545578    0.0795545578    0.0795545578    0.0795545578
  0.0795545578    0.0795545578    0.0795545578    0.0795545578    0.0795545578
  0.0795545578    0.0795545578    0.0795545578    0.0795545578    0.0795545578
  0.0795545578    0.0795545578    0.0795545578    0.0795545578    0.0795545578
  0.0795545578    0.0795545578    0.0795545578    0.0795545578    0.0795545578
  0.0795545578    0.0795545578    0.0795545578    0.0795545578    0.0795545578
  0.0795545578    0.0795545578    0.0795545578    0.0795545578    0.0795545578
  0.0795545578    0.0795545578    0.0795545578    0.0795545578    0.0795545578
  0.0795545578    0.0795545578    0.0795545578    0.0795545578    0.0795545578
  0.0795545578    0.0795545578    0.0795545578    0.0795545578    0.0795545578
  0.0795545578    0.0795545578    0.0795545578    0.0795545578    0.0795545578
  0.0795545578    0.0795545578    0.0795545578    0.0795545578    0.0795545578
  0.0795545578    0.0795545578    0.0795545578    0.0795545578    0.0795545578
  0.0795545578    0.0795545578    0.0795545578    0.0795545578    0.0795545578
  0.0795545578    0.0795545578    0.0795545578    0.0795545578    0.0795545578
  0.0795545578    0.0795545578    0.0795545578    0.0795545578    0.0795545578
  0.0795545578    0.0795545578    0.0795545578    0.0795545578    0.0795545578
  0.0795545578    0.0795545578    0.0795545578    0.0795545578    0.0795545578
  0.0795545578    0.0795545578    0.0795545578    0.0795545578    0.0795545578
  0.0795545578    0.0795545578    0.0795545578    0.0795545578    0.0795545578
  0.0795545578    0.0795545578    0.0795545578    0.0795545578    0.0795545578
  0.1044855118    0.1044321060    0.1042909622    0.1040906906    0.1038560867
  0.1036005020    0.1033315659    0.1030530930    0.1027650833    0.1024694443
  0.1021680832    0.1018610001    0.1015481949    0.1012277603    0.1009054184
  0.1005773544    0.1002416611    0.0999040604    0.0995588303    0.0992097855
  0.0988550186    0.0984926224    0.0981283188    0.0977563858    0.0973787308
  0.0969934464    0.0966043472    0.0962095261    0.0958070755    0.0953989029
  0.0949831009    0.0945615768    0.0941305161    0.0936937332    0.0932474136
  0.0927953720    0.0923337936    0.0918664932    0.0913877487    0.0909013748
  0.0904054642    0.0899000168    0.0893850327    0.0888566971    0.0883226395
  0.0877752304    0.0872163773    0.0866441727    0.0860605240    0.0854635239
  0.0848512650    0.0842256546    0.0835866928    0.0829305649    0.0822591782
  0.0815668106    0.0808591843    0.0801439285    0.0801439285    0.0801439285
  0.0801439285    0.0801439285    0.0801439285    0.0801439285    0.0801439285
  0.0801439285    0.0801439285    0.0801439285    0.0801439285    0.0801439285
  0.0801439285    0.0801439285    0.0801439285    0.0801439285    0.0801439285
  0.0801439285    0.0801439285    0.0801439285    0.0801439285    0.0801439285
  0.0801439285    0.0801439285    0.0801439285    0.0801439285    0.0801439285
  0.0801439285    0.0801439285    0.0801439285    0.0801439285    0.0801439285
  0.0801439285    0.0801439285    0.0801439285    0.0801439285    0.0801439285
  0.0801439285    0.0801439285    0.0801439285    0.0801439285    0.0801439285
  0.0801439285    0.0801439285    0.0801439285    0.0801439285    0.0801439285
  0.0801439285    0.0801439285    0.0801439285    0.0801439285    0.0801439285
  0.0801439285    0.0801439285    0.0801439285    0.0801439285    0.0801439285
  0.0801439285    0.0801439285    0.0801439285    0.0801439285    0.0801439285
  0.0801439285    0.0801439285    0.0801439285    0.0801439285    0.0801439285
  0.0801439285    0.0801439285    0.0801439285    0.0801439285    0.0801439285
  0.0801439285    0.0801439285    0.0801439285    0.0801439285    0.0801439285
  0.0801439285    0.0801439285    0.0801439285    0.0801439285    0.0801439285
  0.0801439285    0.0801439285    0.0801439285    0.0801439285    0.0801439285
  0.0801439285    0.0801439285    0.0801439285    0.0801439285    0.0801439285
  0.0801439285    0.0801439285    0.0801439285    0.0801439285    0.0801439285
  0.0801439285    0.0801439285    0.0801439285    0.0801439285    0.0801439285
  0.0801439285    0.0801439285    0.0801439285    0.0801439285    0.0801439285
  0.0801439285    0.0801439285    0.0801439285    0.0801439285    0.0801439285
  0.0801439285    0.0801439285    0.0801439285    0.0801439285    0.0801439285
  0.0801439285    0.0801439285    0.0801439285    0.0801439285    0.0801439285
  0.1052865982    0.1052389145    0.1051111221    0.1049299240    0.1047124863
  0.1044740677    0.1042184830    0.1039552689    0.1036806107    0.1034002304
  0.1031141281    0.1028203964    0.1025228500    0.1022195816    0.1019124985
  0.1015977859    0.1012792587    0.1009569168    0.1006307602    0.1002969742
  0.0999593735    0.0996179581    0.0992708206    0.0989179611    0.0985593796
  0.0981969833    0.0978269577    0.0974531174    0.0970735550    0.0966863632
  0.0962953568    0.0958967209    0.0954923630    0.0950803757    0.0946626663
  0.0942354202    0.0938062668    0.0933656693    0.0929174423    0.0924634933
  0.0920000076    0.0915288925    0.0910501480    0.0905618668    0.0900621414
  0.0895566940    0.0890417099    0.0885114670    0.0879716873    0.0874242783
  0.0868616104    0.0862913132    0.0857038498    0.0851087570    0.0844964981
  0.0838670731    0.0832262039    0.0825681686    0.0818929672    0.0812025070
  0.0807123184    0.0807123184    0.0807123184    0.0807123184    0.0807123184
  0.0807123184    0.0807123184    0.0807123184    0.0807123184    0.0807123184
  0.0807123184    0.0807123184    0.0807123184    0.0807123184    0.0807123184
  0.0807123184    0.0807123184    0.0807123184    0.0807123184    0.0807123184
  0.0807123184    0.0807123184    0.0807123184    0.0807123184    0.0807123184
  0.0807123184    0.0807123184    0.0807123184    0.0807123184    0.0807123184
  0.0807123184    0.0807123184    0.0807123184    0.0807123184    0.0807123184
  0.0807123184    0.0807123184    0.0807123184    0.0807123184    0.0807123184
  0.0807123184    0.0807123184    0.0807123184    0.0807123184    0.0807123184
  0.0807123184    0.0807123184    0.0807123184    0.0807123184    0.0807123184
  0.0807123184    0.0807123184    0.0807123184    0.0807123184    0.0807123184
  0.0807123184    0.0807123184    0.0807123184    0.0807123184    0.0807123184
  0.0807123184    0.0807123184    0.0807123184    0.0807123184    0.0807123184
  0.0807123184    0.0807123184    0.0807123184    0.0807123184    0.0807123184
  0.0807123184    0.0807123184    0.0807123184    0.0807123184    0.0807123184
  0.0807123184    0.0807123184    0.0807123184    0.0807123184    0.0807123184
  0.0807123184    0.0807123184    0.0807123184    0.0807123184    0.0807123184
  0.0807123184    0.0807123184    0.0807123184    0.0807123184    0.0807123184
  0.0807123184    0.0807123184    0.0807123184    0.0807123184    0.0807123184
  0.0807123184    0.0807123184    0.0807123184    0.0807123184    0.0807123184
  0.0807123184    0.0807123184    0.0807123184    0.0807123184    0.0807123184
  0.0807123184    0.0807123184    0.0807123184    0.0807123184    0.0807123184
  0.0807123184    0.0807123184    0.0807123184    0.0807123184    0.0807123184
  0.0807123184    0.0807123184    0.0807123184    0.0807123184    0.0807123184
  0.1060533524    0.1060132980    0.1058969498    0.1057310104    0.1055288315
  0.1053056717    0.1050653458    0.1048154831    0.1045560837    0.1042871475
  0.1040143967    0.1037359238    0.1034517288    0.1031618118    0.1028680801
  0.1025686264    0.1022653580    0.1019582748    0.1016454697    0.1013288498
  0.1010084152    0.1006822586    0.1003503799    0.1000146866    0.0996751785
  0.0993299484    0.0989789963    0.0986242294    0.0982637405    0.0978975296
  0.0975275040    0.0971479416    0.0967664719    0.0963773727    0.0959844589
  0.0955839157    0.0951776505    0.0947637558    0.0943422318    0.0939168930
  0.0934820175    0.0930395126    0.0925912857    0.0921335220    0.0916681290
  0.0911970139    0.0907144547    0.0902261734    0.0897226334    0.0892152786
  0.0886964798    0.0881662369    0.0876283646    0.0870771408    0.0865144730
  0.0859403610    0.0853528976    0.0847539902    0.0841379166    0.0835123062
  0.0828695297    0.0822114944    0.0815362930    0.0812578201    0.0812578201
  0.0812578201    0.0812578201    0.0812578201    0.0812578201    0.0812578201
  0.0812578201    0.0812578201    0.0812578201    0.0812578201    0.0812578201
  0.0812578201    0.0812578201    0.0812578201    0.0812578201    0.0812578201
  0.0812578201    0.0812578201    0.0812578201    0.0812578201    0.0812578201
  0.0812578201    0.0812578201    0.0812578201    0.0812578201    0.0812578201
  0.0812578201    0.0812578201    0.0812578201    0.0812578201    0.0812578201
  0.0812578201    0.0812578201    0.0812578201    0.0812578201    0.0812578201
  0.0812578201    0.0812578201    0.0812578201    0.0812578201    0.0812578201
  0.0812578201    0.0812578201    0.0812578201    0.0812578201    0.0812578201
  0.0812578201    0.0812578201    0.0812578201    0.0812578201    0.0812578201
  0.0812578201    0.0812578201    0.0812578201    0.0812578201    0.0812578201
  0.0812578201    0.0812578201    0.0812578201    0.0812578201    0.0812578201
  0.0812578201    0.0812578201    0.0812578201    0.0812578201    0.0812578201
  0.0812578201    0.0812578201    0.0812578201    0.0812578201    0.0812578201
  0.0812578201    0.0812578201    0.0812578201    0.0812578201    0.0812578201
  0.0812578201    0.0812578201    0.0812578201    0.0812578201    0.0812578201
  0.0812578201    0.0812578201    0.0812578201    0.0812578201    0.0812578201
  0.0812578201    0.0812578201    0.0812578201    0.0812578201    0.0812578201
  0.0812578201    0.0812578201    0.0812578201    0.0812578201    0.0812578201
  0.0812578201    0.0812578201    0.0812578201    0.0812578201    0.0812578201
  0.0812578201    0.0812578201    0.0812578201    0.0812578201    0.0812578201
  0.0812578201    0.0812578201    0.0812578201    0.0812578201    0.0812578201
  0.0812578201    0.0812578201    0.0812578201    0.0812578201    0.0812578201
  0.1067914963    0.1067533493    0.1066503525    0.1064977646    0.1063108444
  0.1061010361    0.1058740616    0.1056375504    0.1053915024    0.1051359177
  0.1048746109    0.1046094894    0.1043367386    0.1040620804    0.1037797928
  0.1034936905    0.1032056808    0.1029100418    0.1026124954    0.1023092270
  0.1020021439    0.1016912460    0.1013746262    0.1010560989    0.1007318497
  0.1004018784    0.1000699997    0.0997304916    0.0993871689    0.0990400314
  0.0986890793    0.0983304977    0.0979681015    0.0975980759    0.0972261429
  0.0968465805    0.0964612961    0.0960721970    0.0956735611    0.0952711105
  0.0948629379    0.0944471359    0.0940256119    0.0935945511    0.0931596756
  0.0927171707    0.0922670364    0.0918073654    0.0913400650    0.0908651352
  0.0903825760    0.0898904800    0.0893888474    0.0888776779    0.0883588791
  0.0878286362    0.0872831345    0.0867338181    0.0861692429    0.0855932236
  0.0850057602    0.0844030380    0.0837926865    0.0831613541    0.0825185776
  0.0818567276    0.0817861557    0.0817861557    0.0817861557    0.0817861557
  0.0817861557    0.0817861557    0.0817861557    0.0817861557    0.0817861557
  0.0817861557    0.0817861557    0.0817861557    0.0817861557    0.0817861557
  0.0817861557    0.0817861557    0.0817861557    0.0817861557    0.0817861557
  0.0817861557    0.0817861557    0.0817861557    0.0817861557    0.0817861557
  0.0817861557    0.0817861557    0.0817861557    0.0817861557    0.0817861557
  0.0817861557    0.0817861557    0.0817861557    0.0817861557    0.0817861557
  0.0817861557    0.0817861557    0.0817861557    0.0817861557    0.0817861557
  0.0817861557    0.0817861557    0.0817861557    0.0817861557    0.0817861557
  0.0817861557    0.0817861557    0.0817861557    0.0817861557    0.0817861557
  0.0817861557    0.0817861557    0.0817861557    0.0817861557    0.0817861557
  0.0817861557    0.0817861557    0.0817861557    0.0817861557    0.0817861557
  0.0817861557    0.0817861557    0.0817861557    0.0817861557    0.0817861557
  0.0817861557    0.0817861557    0.0817861557    0.0817861557    0.0817861557
  0.0817861557    0.0817861557    0.0817861557    0.0817861557    0.0817861557
  0.0817861557    0.0817861557    0.0817861557    0.0817861557    0.0817861557
  0.0817861557    0.0817861557    0.0817861557    0.0817861557    0.0817861557
  0.0817861557    0.0817861557    0.0817861557    0.0817861557    0.0817861557
  0.0817861557    0.0817861557    0.0817861557    0.0817861557    0.0817861557
  0.0817861557    0.0817861557    0.0817861557    0.0817861557    0.0817861557
  0.0817861557    0.0817861557    0.0817861557    0.0817861557    0.0817861557
  0.0817861557    0.0817861557    0.0817861557    0.0817861557    0.0817861557
  0.0817861557    0.0817861557    0.0817861557    0.0817861557    0.0817861557
  0.1074991226    0.1074666977    0.1073732376    0.1072320938    0.1070585251
  0.1068620682    0.1066503525    0.1064252853    0.1061906815    0.1059484482
  0.1056985855    0.1054449081    0.1051836014    0.1049203873    0.1046514511
  0.1043767929    0.1041002274    0.1038179398    0.1035337448    0.1032438278
  0.1029500961    0.1026525497    0.1023511887    0.1020441055    0.1017351151
  0.1014204025    0.1011018753    0.1007795334    0.1004533768    0.1001214981
  0.0997858047    0.0994462967    0.0991010666    0.0987501144    0.0983953476
  0.0980367661    0.0976705551    0.0973005295    0.0969247818    0.0965433121
  0.0961580276    0.0957651138    0.0953664780    0.0949602127    0.0945520401
  0.0941324234    0.0937070847    0.0932779312    0.0928411484    0.0923948288
  0.0919427872    0.0914831161    0.0910139084    0.0905370712    0.0900545120
  0.0895566940    0.0890550613    0.0885419846    0.0880193710    0.0874872208
  0.0869493484    0.0863962173    0.0858278275    0.0852518082    0.0846624374
  0.0840597153    0.0834436417    0.0828142166    0.0822954178    0.0822954178
  0.0822954178    0.0822954178    0.0822954178    0.0822954178    0.0822954178
  0.0822954178    0.0822954178    0.0822954178    0.0822954178    0.0822954178
  0.0822954178    0.0822954178    0.0822954178    0.0822954178    0.0822954178
  0.0822954178    0.0822954178    0.0822954178    0.0822954178    0.0822954178
  0.0822954178    0.0822954178    0.0822954178    0.0822954178    0.0822954178
  0.0822954178    0.0822954178    0.0822954178    0.0822954178    0.0822954178
  0.0822954178    0.0822954178    0.0822954178    0.0822954178    0.0822954178
  0.0822954178    0.0822954178    0.0822954178    0.0822954178    0.0822954178
  0.0822954178    0.0822954178    0.0822954178    0.0822954178    0.0822954178
  0.0822954178    0.0822954178    0.0822954178    0.0822954178    0.0822954178
  0.0822954178    0.0822954178    0.0822954178    0.0822954178    0.0822954178
  0.0822954178    0.0822954178    0.0822954178    0.0822954178    0.0822954178
  0.0822954178    0.0822954178    0.0822954178    0.0822954178    0.0822954178
  0.0822954178    0.0822954178    0.0822954178    0.0822954178    0.0822954178
  0.0822954178    0.0822954178    0.0822954178    0.0822954178    0.0822954178
  0.0822954178    0.0822954178    0.0822954178    0.0822954178    0.0822954178
  0.0822954178    0.0822954178    0.0822954178    0.0822954178    0.0822954178
  0.0822954178    0.0822954178    0.0822954178    0.0822954178    0.0822954178
  0.0822954178    0.0822954178    0.0822954178    0.0822954178    0.0822954178
  0.0822954178    0.0822954178    0.0822954178    0.0822954178    0.0822954178
  0.0822954178    0.0822954178    0.0822954178    0.0822954178    0.0822954178
  0.0822954178    0.0822954178    0.0822954178    0.0822954178    0.0822954178
  0.1081819534    0.1081514359    0.1080675125    0.1079378128    0.1077775955
  0.1075944901    0.1073923111    0.1071805954    0.1069574356    0.1067247391
  0.1064882278    0.1062440872    0.1059961319    0.1057424545    0.1054849625
  0.1052236557    0.1049566269    0.1046857834    0.1044130325    0.1041345596
  0.1038541794    0.1035680771    0.1032800674    0.1029882431    0.1026906967
  0.1023893356    0.1020860672    0.1017770767    0.1014642715    0.1011476517
  0.1008272171    0.1005029678    0.1001749039    0.0998411179    0.0995035172
  0.0991601944    0.0988130569    0.0984621048    0.0981054306    0.0977411270
  0.0973749161    0.0970029831    0.0966253281    0.0962419510    0.0958528519
  0.0954580307    0.0950574875    0.0946531296    0.0942392349    0.0938196182
  0.0933961868    0.0929632187    0.0925226212    0.0920763016    0.0916204453
  0.0911588669    0.0906915665    0.0902128220    0.0897245407    0.0892305374
  0.0887250900    0.0882120132    0.0876893997    0.0871534348    0.0866117477
  0.0860567093    0.0854921341    0.0849123001    0.0843229294    0.0837202072
  0.0831041336    0.0827875137    0.0827875137    0.0827875137    0.0827875137
  0.0827875137    0.0827875137    0.0827875137    0.0827875137    0.0827875137
  0.0827875137    0.0827875137    0.0827875137    0.0827875137    0.0827875137
  0.0827875137    0.0827875137    0.0827875137    0.0827875137    0.0827875137
  0.0827875137    0.0827875137    0.0827875137    0.0827875137    0.0827875137
  0.0827875137    0.0827875137    0.0827875137    0.0827875137    0.0827875137
  0.0827875137    0.0827875137    0.0827875137    0.0827875137    0.0827875137
  0.0827875137    0.0827875137    0.0827875137    0.0827875137    0.0827875137
  0.0827875137    0.0827875137    0.0827875137    0.0827875137    0.0827875137
  0.0827875137    0.0827875137    0.0827875137    0.0827875137    0.0827875137
  0.0827875137    0.0827875137    0.0827875137    0.0827875137    0.0827875137
  0.0827875137    0.0827875137    0.0827875137    0.0827875137    0.0827875137
  0.0827875137    0.0827875137    0.0827875137    0.0827875137    0.0827875137
  0.0827875137    0.0827875137    0.0827875137    0.0827875137    0.0827875137
  0.0827875137    0.0827875137    0.0827875137    0.0827875137    0.0827875137
  0.0827875137    0.0827875137    0.0827875137    0.0827875137    0.0827875137
  0.0827875137    0.0827875137    0.0827875137    0.0827875137    0.0827875137
  0.0827875137    0.0827875137    0.0827875137    0.0827875137    0.0827875137
  0.0827875137    0.0827875137    0.0827875137    0.0827875137    0.0827875137
  0.0827875137    0.0827875137    0.0827875137    0.0827875137    0.0827875137
  0.0827875137    0.0827875137    0.0827875137    0.0827875137    0.0827875137
  0.0827875137    0.0827875137    0.0827875137    0.0827875137    0.0827875137
  0.1088399887    0.1088132858    0.1087350845    0.1086187363    0.1084680557
  0.1082963943    0.1081075668    0.1079053879    0.1076936722    0.1074724197
  0.1072454453    0.1070127487    0.1067743301    0.1065320969    0.1062841415
  0.1060323715    0.1057767868    0.1055173874    0.1052560806    0.1049890518
  0.1047201157    0.1044454575    0.1041669846    0.1038885117    0.1036024094
  0.1033143997    0.1030225754    0.1027269363    0.1024274826    0.1021261215
  0.1018190384    0.1015081406    0.1011934280    0.1008749008    0.1005506516
  0.1002244949    0.0998945236    0.0995588303    0.0992193222    0.0988740921
  0.0985250473    0.0981702805    0.0978116989    0.0974493027    0.0970792770
  0.0967054367    0.0963258743    0.0959405899    0.0955514908    0.0951566696
  0.0947523117    0.0943441391    0.0939302444    0.0935087204    0.0930833817
  0.0926485062    0.0922079086    0.0917577744    0.0913038254    0.0908403397
  0.0903692245    0.0898885727    0.0894002914    0.0889062881    0.0883989334
  0.0878858566    0.0873575211    0.0868272781    0.0862798691    0.0857248306
  0.0851564407    0.0845785141    0.0839891434    0.0833826065    0.0832643509
  0.0832643509    0.0832643509    0.0832643509    0.0832643509    0.0832643509
  0.0832643509    0.0832643509    0.0832643509    0.0832643509    0.0832643509
  0.0832643509    0.0832643509    0.0832643509    0.0832643509    0.0832643509
  0.0832643509    0.0832643509    0.0832643509    0.0832643509    0.0832643509
  0.0832643509    0.0832643509    0.0832643509    0.0832643509    0.0832643509
  0.0832643509    0.0832643509    0.0832643509    0.0832643509    0.0832643509
  0.0832643509    0.0832643509    0.0832643509    0.0832643509    0.0832643509
  0.0832643509    0.0832643509    0.0832643509    0.0832643509    0.0832643509
  0.0832643509    0.0832643509    0.0832643509    0.0832643509    0.0832643509
  0.0832643509    0.0832643509    0.0832643509    0.0832643509    0.0832643509
  0.0832643509    0.0832643509    0.0832643509    0.0832643509    0.0832643509
  0.0832643509    0.0832643509    0.0832643509    0.0832643509    0.0832643509
  0.0832643509    0.0832643509    0.0832643509    0.0832643509    0.0832643509
  0.0832643509    0.0832643509    0.0832643509    0.0832643509    0.0832643509
  0.0832643509    0.0832643509    0.0832643509    0.0832643509    0.0832643509
  0.0832643509    0.0832643509    0.0832643509    0.0832643509    0.0832643509
  0.0832643509    0.0832643509    0.0832643509    0.0832643509    0.0832643509
  0.0832643509    0.0832643509    0.0832643509    0.0832643509    0.0832643509
  0.0832643509    0.0832643509    0.0832643509    0.0832643509    0.0832643509
  0.0832643509    0.0832643509    0.0832643509    0.0832643509    0.0832643509
  0.0832643509    0.0832643509    0.0832643509    0.0832643509    0.0832643509
  0.1094751358    0.1094503403    0.1093816757    0.1092729568    0.1091337204
  0.1089735031    0.1087942123    0.1086034775    0.1084012985    0.1081914902
  0.1079740524    0.1077508926    0.1075220108    0.1072893143    0.1070508957
  0.1068105698    0.1065645218    0.1063165665    0.1060628891    0.1058073044
  0.1055479050    0.1052846909    0.1050176620    0.1047487259    0.1044759750
  0.1041975021    0.1039190292    0.1036348343    0.1033487320    0.1030588150
  0.1027631760    0.1024656296    0.1021642685    0.1018610001    0.1015520096
  0.1012372971    0.1009206772    0.1006002426    0.1002759933    0.0999460220
  0.0996141434    0.0992765427    0.0989351273    0.0985898972    0.0982389450
  0.0978803635    0.0975217819    0.0971555710    0.0967855453    0.0964078903
  0.0960302353    0.0956411362    0.0952501297    0.0948534012    0.0944490433
  0.0940370560    0.0936231613    0.0931997299    0.0927705765    0.0923376083
  0.0918912888    0.0914430618    0.0909872055    0.0905218124    0.0900506973
  0.0895681381    0.0890817642    0.0885820389    0.0880765915    0.0875616074
  0.0870351791    0.0864973068    0.0859518051    0.0853967667    0.0848283768
  0.0842466354    0.0837259293    0.0837259293    0.0837259293    0.0837259293
  0.0837259293    0.0837259293    0.0837259293    0.0837259293    0.0837259293
  0.0837259293    0.0837259293    0.0837259293    0.0837259293    0.0837259293
  0.0837259293    0.0837259293    0.0837259293    0.0837259293    0.0837259293
  0.0837259293    0.0837259293    0.0837259293    0.0837259293    0.0837259293
  0.0837259293    0.0837259293    0.0837259293    0.0837259293    0.0837259293
  0.0837259293    0.0837259293    0.0837259293    0.0837259293    0.0837259293
  0.0837259293    0.0837259293    0.0837259293    0.0837259293    0.0837259293
  0.0837259293    0.0837259293    0.0837259293    0.0837259293    0.0837259293
  0.0837259293    0.0837259293    0.0837259293    0.0837259293    0.0837259293
  0.0837259293    0.0837259293    0.0837259293    0.0837259293    0.0837259293
  0.0837259293    0.0837259293    0.0837259293    0.0837259293    0.0837259293
  0.0837259293    0.0837259293    0.0837259293    0.0837259293    0.0837259293
  0.0837259293    0.0837259293    0.0837259293    0.0837259293    0.0837259293
  0.0837259293    0.0837259293    0.0837259293    0.0837259293    0.0837259293
  0.0837259293    0.0837259293    0.0837259293    0.0837259293    0.0837259293
  0.0837259293    0.0837259293    0.0837259293    0.0837259293    0.0837259293
  0.0837259293    0.0837259293    0.0837259293    0.0837259293    0.0837259293
  0.0837259293    0.0837259293    0.0837259293    0.0837259293    0.0837259293
  0.0837259293    0.0837259293    0.0837259293    0.0837259293    0.0837259293
  0.0837259293    0.0837259293    0.0837259293    0.0837259293    0.0837259293
  0.1100893021    0.1100683212    0.1100034714    0.1099042892    0.1097745895
  0.1096239090    0.1094560623    0.1092748642    0.1090822220    0.1088819504
  0.1086740494    0.1084604263    0.1082410812    0.1080179214    0.1077890396
  0.1075582504    0.1073217392    0.1070814133    0.1068391800    0.1065931320
  0.1063432693    0.1060895920    0.1058340073    0.1055746078    0.1053113937
  0.1050462723    0.1047754288    0.1045045853    0.1042280197    0.1039495468
  0.1036672592    0.1033811569    0.1030931473    0.1027994156    0.1025018692
  0.1022043228    0.1019010544    0.1015939713    0.1012811661    0.1009683609
  0.1006498337    0.1003255844    0.0999994278    0.0996694565    0.0993356705
  0.0989942551    0.0986528397    0.0983037949    0.0979509354    0.0975923538
  0.0972299576    0.0968637466    0.0964918137    0.0961141586    0.0957326889
  0.0953435898    0.0949506760    0.0945520401    0.0941457748    0.0937337875
  0.0933179855    0.0928926468    0.0924634933    0.0920267105    0.0915822983
  0.0911302567    0.0906724930    0.0902090073    0.0897359848    0.0892534256
  0.0887632370    0.0882635117    0.0877561569    0.0872354507    0.0867128372
  0.0861730576    0.0856275558    0.0850687027    0.0845022202    0.0841760635
  0.0841760635    0.0841760635    0.0841760635    0.0841760635    0.0841760635
  0.0841760635    0.0841760635    0.0841760635    0.0841760635    0.0841760635
  0.0841760635    0.0841760635    0.0841760635    0.0841760635    0.0841760635
  0.0841760635    0.0841760635    0.0841760635    0.0841760635    0.0841760635
  0.0841760635    0.0841760635    0.0841760635    0.0841760635    0.0841760635
  0.0841760635    0.0841760635    0.0841760635    0.0841760635    0.0841760635
  0.0841760635    0.0841760635    0.0841760635    0.0841760635    0.0841760635
  0.0841760635    0.0841760635    0.0841760635    0.0841760635    0.0841760635
  0.0841760635    0.0841760635    0.0841760635    0.0841760635    0.0841760635
  0.0841760635    0.0841760635    0.0841760635    0.0841760635    0.0841760635
  0.0841760635    0.0841760635    0.0841760635    0.0841760635    0.0841760635
  0.0841760635    0.0841760635    0.0841760635    0.0841760635    0.0841760635
  0.0841760635    0.0841760635    0.0841760635    0.0841760635    0.0841760635
  0.0841760635    0.0841760635    0.0841760635    0.0841760635    0.0841760635
  0.0841760635    0.0841760635    0.0841760635    0.0841760635    0.0841760635
  0.0841760635    0.0841760635    0.0841760635    0.0841760635    0.0841760635
  0.0841760635    0.0841760635    0.0841760635    0.0841760635    0.0841760635
  0.0841760635    0.0841760635    0.0841760635    0.0841760635    0.0841760635
  0.0841760635    0.0841760635    0.0841760635    0.0841760635    0.0841760635
  0.0841760635    0.0841760635    0.0841760635    0.0841760635    0.0841760635
  0.1106843948    0.1106653214    0.1106061935    0.1105146408    0.1103944778
  0.1102533340    0.1100950241    0.1099214554    0.1097402573    0.1095476151
  0.1093492508    0.1091451645    0.1089353561    0.1087198257    0.1085004807
  0.1082773209    0.1080503464    0.1078195572    0.1075849533    0.1073484421
  0.1071081161    0.1068639755    0.1066179276    0.1063661575    0.1061143875
  0.1058588028    0.1055994034    0.1053361893    0.1050710678    0.1048021317
  0.1045312881    0.1042566299    0.1039781570    0.1036977768    0.1034135818
  0.1031255722    0.1028337479    0.1025381088    0.1022405624    0.1019392014
  0.1016359329    0.1013250351    0.1010141373    0.1006975174    0.1003770828
  0.1000528336    0.0997228622    0.0993928909    0.0990533829    0.0987138748
  0.0983705521    0.0980176926    0.0976648331    0.0973062515    0.0969419479
  0.0965738297    0.0961999893    0.0958204269    0.0954370499    0.0950479507
  0.0946531296    0.0942506790    0.0938444138    0.0934324265    0.0930147171
  0.0925893784    0.0921583176    0.0917196274    0.0912733078    0.0908212662
  0.0903635025    0.0898942947    0.0894174576    0.0889387131    0.0884466171
  0.0879449844    0.0874376297    0.0869188309    0.0863943100    0.0858564377
  0.0853052139    0.0847482681    0.0846109390    0.0846109390    0.0846109390
  0.0846109390    0.0846109390    0.0846109390    0.0846109390    0.0846109390
  0.0846109390    0.0846109390    0.0846109390    0.0846109390    0.0846109390
  0.0846109390    0.0846109390    0.0846109390    0.0846109390    0.0846109390
  0.0846109390    0.0846109390    0.0846109390    0.0846109390    0.0846109390
  0.0846109390    0.0846109390    0.0846109390    0.0846109390    0.0846109390
  0.0846109390    0.0846109390    0.0846109390    0.0846109390    0.0846109390
  0.0846109390    0.0846109390    0.0846109390    0.0846109390    0.0846109390
  0.0846109390    0.0846109390    0.0846109390    0.0846109390    0.0846109390
  0.0846109390    0.0846109390    0.0846109390    0.0846109390    0.0846109390
  0.0846109390    0.0846109390    0.0846109390    0.0846109390    0.0846109390
  0.0846109390    0.0846109390    0.0846109390    0.0846109390    0.0846109390
  0.0846109390    0.0846109390    0.0846109390    0.0846109390    0.0846109390
  0.0846109390    0.0846109390    0.0846109390    0.0846109390    0.0846109390
  0.0846109390    0.0846109390    0.0846109390    0.0846109390    0.0846109390
  0.0846109390    0.0846109390    0.0846109390    0.0846109390    0.0846109390
  0.0846109390    0.0846109390    0.0846109390    0.0846109390    0.0846109390
  0.0846109390    0.0846109390    0.0846109390    0.0846109390    0.0846109390
  0.0846109390    0.0846109390    0.0846109390    0.0846109390    0.0846109390
  0.0846109390    0.0846109390    0.0846109390    0.0846109390    0.0846109390
  0.1112623215    0.1112432480    0.1111898422    0.1111040115    0.1109933853
  0.1108598709    0.1107110977    0.1105470657    0.1103734970    0.1101922989
  0.1100015640    0.1098051071    0.1096029282    0.1093969345    0.1091871262
  0.1089715958    0.1087522507    0.1085290909    0.1083040237    0.1080751419
  0.1078443527    0.1076078415    0.1073713303    0.1071290970    0.1068868637
  0.1066389084    0.1063890457    0.1061372757    0.1058816910    0.1056222916
  0.1053609848    0.1050958633    0.1048288345    0.1045579910    0.1042852402
  0.1040067673    0.1037263870    0.1034440994    0.1031579971    0.1028680801
  0.1025743484    0.1022787094    0.1019792557    0.1016759872    0.1013689041
  0.1010580063    0.1007452011    0.1004266739    0.1001043320    0.0997781754
  0.0994482040    0.0991144180    0.0987749100    0.0984334946    0.0980882645
  0.0977354050    0.0973806381    0.0970201492    0.0966539383    0.0962858200
  0.0959100723    0.0955286026    0.0951433182    0.0947523117    0.0943555832
  0.0939550400    0.0935468674    0.0931310654    0.0927114487    0.0922842026
  0.0918531418    0.0914144516    0.0909700394    0.0905141830    0.0900564194
  0.0895872116    0.0891084671    0.0886259079    0.0881319046    0.0876340866
  0.0871229172    0.0866041183    0.0860757828    0.0855379105    0.0850362778
  0.0850343704    0.0850343704    0.0850343704    0.0850343704    0.0850343704
  0.0850343704    0.0850343704    0.0850343704    0.0850343704    0.0850343704
  0.0850343704    0.0850343704    0.0850343704    0.0850343704    0.0850343704
  0.0850343704    0.0850343704    0.0850343704    0.0850343704    0.0850343704
  0.0850343704    0.0850343704    0.0850343704    0.0850343704    0.0850343704
  0.0850343704    0.0850343704    0.0850343704    0.0850343704    0.0850343704
  0.0850343704    0.0850343704    0.0850343704    0.0850343704    0.0850343704
  0.0850343704    0.0850343704    0.0850343704    0.0850343704    0.0850343704
  0.0850343704    0.0850343704    0.0850343704    0.0850343704    0.0850343704
  0.0850343704    0.0850343704    0.0850343704    0.0850343704    0.0850343704
  0.0850343704    0.0850343704    0.0850343704    0.0850343704    0.0850343704
  0.0850343704    0.0850343704    0.0850343704    0.0850343704    0.0850343704
  0.0850343704    0.0850343704    0.0850343704    0.0850343704    0.0850343704
  0.0850343704    0.0850343704    0.0850343704    0.0850343704    0.0850343704
  0.0850343704    0.0850343704    0.0850343704    0.0850343704    0.0850343704
  0.0850343704    0.0850343704    0.0850343704    0.0850343704    0.0850343704
  0.0850343704    0.0850343704    0.0850343704    0.0850343704    0.0850343704
  0.0850343704    0.0850343704    0.0850343704    0.0850343704    0.0850343704
  0.0850343704    0.0850343704    0.0850343704    0.0850343704    0.0850343704
  0.1118211746    0.1118040085    0.1117544174    0.1116762161    0.1115713120
  0.1114473343    0.1113061905    0.1111516953    0.1109876633    0.1108121872
  0.1106309891    0.1104440689    0.1102495193    0.1100511551    0.1098470688
  0.1096410751    0.1094293594    0.1092157364    0.1089982986    0.1087770462
  0.1085538864    0.1083269119    0.1080961227    0.1078634262    0.1076288223
  0.1073904037    0.1071481705    0.1069059372    0.1066598892    0.1064100266
  0.1061563492    0.1059026718    0.1056451797    0.1053838730    0.1051206589
  0.1048536301    0.1045846939    0.1043119431    0.1040353775    0.1037569046
  0.1034746170    0.1031904221    0.1029024124    0.1026105881    0.1023168564
  0.1020174026    0.1017160416    0.1014108658    0.1011037827    0.1007909775
  0.1004743576    0.1001558304    0.0998315811    0.0995054245    0.0991735458
  0.0988378525    0.0984983444    0.0981531143    0.0978059769    0.0974531174
  0.0970964432    0.0967340469    0.0963678360    0.0959978104    0.0956182480
  0.0952386856    0.0948495865    0.0944585800    0.0940618515    0.0936574936
  0.0932474136    0.0928354263    0.0924119949    0.0919847488    0.0915498734
  0.0911111832    0.0906610489    0.0902070999    0.0897474289    0.0892782211
  0.0888013840    0.0883169174    0.0878267288    0.0873212814    0.0868101120
  0.0862913132    0.0857648849    0.0854482651    0.0854482651    0.0854482651
  0.0854482651    0.0854482651    0.0854482651    0.0854482651    0.0854482651
  0.0854482651    0.0854482651    0.0854482651    0.0854482651    0.0854482651
  0.0854482651    0.0854482651    0.0854482651    0.0854482651    0.0854482651
  0.0854482651    0.0854482651    0.0854482651    0.0854482651    0.0854482651
  0.0854482651    0.0854482651    0.0854482651    0.0854482651    0.0854482651
  0.0854482651    0.0854482651    0.0854482651    0.0854482651    0.0854482651
  0.0854482651    0.0854482651    0.0854482651    0.0854482651    0.0854482651
  0.0854482651    0.0854482651    0.0854482651    0.0854482651    0.0854482651
  0.0854482651    0.0854482651    0.0854482651    0.0854482651    0.0854482651
  0.0854482651    0.0854482651    0.0854482651    0.0854482651    0.0854482651
  0.0854482651    0.0854482651    0.0854482651    0.0854482651    0.0854482651
  0.0854482651    0.0854482651    0.0854482651    0.0854482651    0.0854482651
  0.0854482651    0.0854482651    0.0854482651    0.0854482651    0.0854482651
  0.0854482651    0.0854482651    0.0854482651    0.0854482651    0.0854482651
  0.0854482651    0.0854482651    0.0854482651    0.0854482651    0.0854482651
  0.0854482651    0.0854482651    0.0854482651    0.0854482651    0.0854482651
  0.0854482651    0.0854482651    0.0854482651    0.0854482651    0.0854482651
  0.0854482651    0.0854482651    0.0854482651    0.0854482651    0.0854482651
  0.1123647690    0.1123495102    0.1123037338    0.1122293472    0.1121339798
  0.1120176315    0.1118841171    0.1117372513    0.1115808487    0.1114130020
  0.1112394333    0.1110601425    0.1108732224    0.1106824875    0.1104879379
  0.1102876663    0.1100835800    0.1098775864    0.1096677780    0.1094541550
  0.1092386246    0.1090192795    0.1087980270    0.1085729599    0.1083459854
  0.1081151962    0.1078824997    0.1076459885    0.1074075699    0.1071672440
  0.1069231033    0.1066770554    0.1064291000    0.1061773300    0.1059236526
  0.1056661606    0.1054048538    0.1051435471    0.1048765182    0.1046094894
  0.1043386459    0.1040639877    0.1037874222    0.1035070419    0.1032228470
  0.1029367447    0.1026468277    0.1023530960    0.1020574570    0.1017580032
  0.1014547348    0.1011476517    0.1008367538    0.1005239487    0.1002073288
  0.0998849869    0.0995588303    0.0992326736    0.0988988876    0.0985612869
  0.0982217789    0.0978765488    0.0975255966    0.0971708298    0.0968122482
  0.0964517593    0.0960836411    0.0957098007    0.0953302383    0.0949506760
  0.0945615768    0.0941667557    0.0937700272    0.0933637619    0.0929536819
  0.0925359726    0.0921182632    0.0916891098    0.0912542343    0.0908098221
  0.0903615952    0.0899057388    0.0894441605    0.0889749527    0.0884962082
  0.0880117416    0.0875158310    0.0870122910    0.0865011215    0.0859823227
  0.0858507156    0.0858507156    0.0858507156    0.0858507156    0.0858507156
  0.0858507156    0.0858507156    0.0858507156    0.0858507156    0.0858507156
  0.0858507156    0.0858507156    0.0858507156    0.0858507156    0.0858507156
  0.0858507156    0.0858507156    0.0858507156    0.0858507156    0.0858507156
  0.0858507156    0.0858507156    0.0858507156    0.0858507156    0.0858507156
  0.0858507156    0.0858507156    0.0858507156    0.0858507156    0.0858507156
  0.0858507156    0.0858507156    0.0858507156    0.0858507156    0.0858507156
  0.0858507156    0.0858507156    0.0858507156    0.0858507156    0.0858507156
  0.0858507156    0.0858507156    0.0858507156    0.0858507156    0.0858507156
  0.0858507156    0.0858507156    0.0858507156    0.0858507156    0.0858507156
  0.0858507156    0.0858507156    0.0858507156    0.0858507156    0.0858507156
  0.0858507156    0.0858507156    0.0858507156    0.0858507156    0.0858507156
  0.0858507156    0.0858507156    0.0858507156    0.0858507156    0.0858507156
  0.0858507156    0.0858507156    0.0858507156    0.0858507156    0.0858507156
  0.0858507156    0.0858507156    0.0858507156    0.0858507156    0.0858507156
  0.0858507156    0.0858507156    0.0858507156    0.0858507156    0.0858507156
  0.0858507156    0.0858507156    0.0858507156    0.0858507156    0.0858507156
  0.0858507156    0.0858507156    0.0858507156    0.0858507156    0.0858507156
  0.1128931046    0.1128778458    0.1128358841    0.1127672195    0.1126775742
  0.1125688553    0.1124429703    0.1123037338    0.1121549606    0.1119966507
  0.1118288040    0.1116571426    0.1114778519    0.1112928391    0.1111059189
  0.1109132767    0.1107168198    0.1105184555    0.1103143692    0.1101083755
  0.1099004745    0.1096887589    0.1094732285    0.1092557907    0.1090364456
  0.1088132858    0.1085901260    0.1083612442    0.1081304550    0.1078977585
  0.1076631546    0.1074247360    0.1071844101    0.1069421768    0.1066961288
  0.1064462662    0.1061964035    0.1059427261    0.1056871414    0.1054277420
  0.1051664352    0.1049013138    0.1046342850    0.1043653488    0.1040906906
  0.1038160324    0.1035375595    0.1032533646    0.1029691696    0.1026811600
  0.1023893356    0.1020956039    0.1017980576    0.1014966965    0.1011934280
  0.1008825302    0.1005716324    0.1002588272    0.0999403000    0.0996179581
  0.0992918015    0.0989618301    0.0986261368    0.0982866287    0.0979433060
  0.0975999832    0.0972452164    0.0968923569    0.0965318680    0.0961675644
  0.0957975388    0.0954256058    0.0950460434    0.0946626663    0.0942735672
  0.0938787460    0.0934782028    0.0930719376    0.0926599503    0.0922441483
  0.0918188095    0.0913934708    0.0909566879    0.0905103683    0.0900659561
  0.0896100998    0.0891427994    0.0886735916    0.0881929398    0.0877084732
  0.0872125626    0.0867109299    0.0862417221    0.0862417221    0.0862417221
  0.0862417221    0.0862417221    0.0862417221    0.0862417221    0.0862417221
  0.0862417221    0.0862417221    0.0862417221    0.0862417221    0.0862417221
  0.0862417221    0.0862417221    0.0862417221    0.0862417221    0.0862417221
  0.0862417221    0.0862417221    0.0862417221    0.0862417221    0.0862417221
  0.0862417221    0.0862417221    0.0862417221    0.0862417221    0.0862417221
  0.0862417221    0.0862417221    0.0862417221    0.0862417221    0.0862417221
  0.0862417221    0.0862417221    0.0862417221    0.0862417221    0.0862417221
  0.0862417221    0.0862417221    0.0862417221    0.0862417221    0.0862417221
  0.0862417221    0.0862417221    0.0862417221    0.0862417221    0.0862417221
  0.0862417221    0.0862417221    0.0862417221    0.0862417221    0.0862417221
  0.0862417221    0.0862417221    0.0862417221    0.0862417221    0.0862417221
  0.0862417221    0.0862417221    0.0862417221    0.0862417221    0.0862417221
  0.0862417221    0.0862417221    0.0862417221    0.0862417221    0.0862417221
  0.0862417221    0.0862417221    0.0862417221    0.0862417221    0.0862417221
  0.0862417221    0.0862417221    0.0862417221    0.0862417221    0.0862417221
  0.0862417221    0.0862417221    0.0862417221    0.0862417221    0.0862417221
  0.0862417221    0.0862417221    0.0862417221    0.0862417221    0.0862417221
  0.1134061813    0.1133928299    0.1133546829    0.1132898331    0.1132059097
  0.1131029129    0.1129846573    0.1128530502    0.1127119064    0.1125593185
  0.1124010086    0.1122350693    0.1120634079    0.1118860245    0.1117048264
  0.1115198135    0.1113309860    0.1111383438    0.1109418869    0.1107416153
  0.1105413437    0.1103353500    0.1101274490    0.1099176407    0.1097040176
  0.1094903946    0.1092710495    0.1090517044    0.1088285446    0.1086034775
  0.1083745956    0.1081457138    0.1079130173    0.1076784134    0.1074399948
  0.1071996689    0.1069574356    0.1067132950    0.1064653397    0.1062154770
  0.1059617996    0.1057081223    0.1054506302    0.1051893234    0.1049242020
  0.1046590805    0.1043901443    0.1041173935    0.1038427353    0.1035661697
  0.1032857895    0.1030015945    0.1027154922    0.1024274826    0.1021337509
  0.1018381119    0.1015386581    0.1012353897    0.1009283066    0.1006212234
  0.1003084183    0.0999898911    0.0996732712    0.0993471146    0.0990190506
  0.0986890793    0.0983514786    0.0980138779    0.0976705551    0.0973215103
  0.0969705582    0.0966157913    0.0962514877    0.0958852768    0.0955152512
  0.0951395035    0.0947618484    0.0943765640    0.0939874649    0.0935907364
  0.0931882858    0.0927820206    0.0923719406    0.0919523239    0.0915269852
  0.0910978317    0.0906591415    0.0902185440    0.0897684097    0.0893106461
  0.0888471603    0.0883722305    0.0878953934    0.0874071121    0.0869131088
  0.0866250992    0.0866250992    0.0866250992    0.0866250992    0.0866250992
  0.0866250992    0.0866250992    0.0866250992    0.0866250992    0.0866250992
  0.0866250992    0.0866250992    0.0866250992    0.0866250992    0.0866250992
  0.0866250992    0.0866250992    0.0866250992    0.0866250992    0.0866250992
  0.0866250992    0.0866250992    0.0866250992    0.0866250992    0.0866250992
  0.0866250992    0.0866250992    0.0866250992    0.0866250992    0.0866250992
  0.0866250992    0.0866250992    0.0866250992    0.0866250992    0.0866250992
  0.0866250992    0.0866250992    0.0866250992    0.0866250992    0.0866250992
  0.0866250992    0.0866250992    0.0866250992    0.0866250992    0.0866250992
  0.0866250992    0.0866250992    0.0866250992    0.0866250992    0.0866250992
  0.0866250992    0.0866250992    0.0866250992    0.0866250992    0.0866250992
  0.0866250992    0.0866250992    0.0866250992    0.0866250992    0.0866250992
  0.0866250992    0.0866250992    0.0866250992    0.0866250992    0.0866250992
  0.0866250992    0.0866250992    0.0866250992    0.0866250992    0.0866250992
  0.0866250992    0.0866250992    0.0866250992    0.0866250992    0.0866250992
  0.0866250992    0.0866250992    0.0866250992    0.0866250992    0.0866250992
  0.0866250992    0.0866250992    0.0866250992    0.0866250992    0.0866250992
  0.1139059067    0.1138944626    0.1138582230    0.1137990952    0.1137189865
  0.1136236191    0.1135110855    0.1133871078    0.1132516861    0.1131067276
  0.1129541397    0.1127939224    0.1126298904    0.1124601364    0.1122846603
  0.1121053696    0.1119241714    0.1117372513    0.1115484238    0.1113557816
  0.1111593246    0.1109609604    0.1107606888    0.1105566025    0.1103506088
  0.1101427078    0.1099328995    0.1097173691    0.1095018387    0.1092844009
  0.1090631485    0.1088418961    0.1086149216    0.1083879471    0.1081590652
  0.1079263687    0.1076917648    0.1074552536    0.1072149277    0.1069726944
  0.1067304611    0.1064825058    0.1062326431    0.1059808731    0.1057271957
  0.1054697037    0.1052103043    0.1049470901    0.1046838760    0.1044149399
  0.1041460037    0.1038713455    0.1035966873    0.1033163071    0.1030359268
  0.1027498245    0.1024618149    0.1021718979    0.1018781662    0.1015787125
  0.1012792587    0.1009759903    0.1006689072    0.1003599167    0.1000432968
  0.0997266769    0.0994062424    0.0990800858    0.0987520218    0.0984182358
  0.0980806351    0.0977392197    0.0973958969    0.0970487595    0.0966920853
  0.0963373184    0.0959749222    0.0956048965    0.0952329636    0.0948591232
  0.0944795609    0.0940923691    0.0936994553    0.0933027267    0.0929002762
  0.0924940109    0.0920820236    0.0916643143    0.0912370682    0.0908060074
  0.0903692245    0.0899248123    0.0894746780    0.0890150070    0.0885534286
  0.0880784988    0.0875978470    0.0871076584    0.0869989395    0.0869989395
  0.0869989395    0.0869989395    0.0869989395    0.0869989395    0.0869989395
  0.0869989395    0.0869989395    0.0869989395    0.0869989395    0.0869989395
  0.0869989395    0.0869989395    0.0869989395    0.0869989395    0.0869989395
  0.0869989395    0.0869989395    0.0869989395    0.0869989395    0.0869989395
  0.0869989395    0.0869989395    0.0869989395    0.0869989395    0.0869989395
  0.0869989395    0.0869989395    0.0869989395    0.0869989395    0.0869989395
  0.0869989395    0.0869989395    0.0869989395    0.0869989395    0.0869989395
  0.0869989395    0.0869989395    0.0869989395    0.0869989395    0.0869989395
  0.0869989395    0.0869989395    0.0869989395    0.0869989395    0.0869989395
  0.0869989395    0.0869989395    0.0869989395    0.0869989395    0.0869989395
  0.0869989395    0.0869989395    0.0869989395    0.0869989395    0.0869989395
  0.0869989395    0.0869989395    0.0869989395    0.0869989395    0.0869989395
  0.0869989395    0.0869989395    0.0869989395    0.0869989395    0.0869989395
  0.0869989395    0.0869989395    0.0869989395    0.0869989395    0.0869989395
  0.0869989395    0.0869989395    0.0869989395    0.0869989395    0.0869989395
  0.0869989395    0.0869989395    0.0869989395    0.0869989395    0.0869989395
  0.1143941879    0.1143827438    0.1143484116    0.1142930984    0.1142187119
  0.1141271591    0.1140222549    0.1139039993    0.1137742996    0.1136369705
  0.1134920120    0.1133394241    0.1131792068    0.1130170822    0.1128473282
  0.1126756668    0.1125001907    0.1123189926    0.1121358871    0.1119489670
  0.1117601395    0.1115674973    0.1113748550    0.1111764908    0.1109781265
  0.1107759476    0.1105699539    0.1103639603    0.1101560593    0.1099443436
  0.1097307205    0.1095132828    0.1092958450    0.1090745926    0.1088514328
  0.1086263657    0.1084012985    0.1081705093    0.1079378128    0.1077051163
  0.1074686050    0.1072301865    0.1069879532    0.1067457199    0.1064996719
  0.1062517166    0.1059999466    0.1057462692    0.1054906845    0.1052331924
  0.1049718857    0.1047086716    0.1044416428    0.1041727066    0.1039018631
  0.1036252975    0.1033487320    0.1030664444    0.1027860641    0.1024999619
  0.1022100449    0.1019163132    0.1016225815    0.1013231277    0.1010217667
  0.1007165909    0.1004076004    0.1000967026    0.0997819901    0.0994596481
  0.0991392136    0.0988130569    0.0984811783    0.0981473923    0.0978097916
  0.0974683762    0.0971231461    0.0967721939    0.0964193344    0.0960588455
  0.0956964493    0.0953302383    0.0949563980    0.0945768356    0.0941972733
  0.0938100815    0.0934152603    0.0930185318    0.0926179886    0.0922060013
  0.0917921066    0.0913763046    0.0909471512    0.0905160904    0.0900793076
  0.0896329880    0.0891809464    0.0887212753    0.0882539749    0.0877847672
  0.0873632431    0.0873632431    0.0873632431    0.0873632431    0.0873632431
  0.0873632431    0.0873632431    0.0873632431    0.0873632431    0.0873632431
  0.0873632431    0.0873632431    0.0873632431    0.0873632431    0.0873632431
  0.0873632431    0.0873632431    0.0873632431    0.0873632431    0.0873632431
  0.0873632431    0.0873632431    0.0873632431    0.0873632431    0.0873632431
  0.0873632431    0.0873632431    0.0873632431    0.0873632431    0.0873632431
  0.0873632431    0.0873632431    0.0873632431    0.0873632431    0.0873632431
  0.0873632431    0.0873632431    0.0873632431    0.0873632431    0.0873632431
  0.0873632431    0.0873632431    0.0873632431    0.0873632431    0.0873632431
  0.0873632431    0.0873632431    0.0873632431    0.0873632431    0.0873632431
  0.0873632431    0.0873632431    0.0873632431    0.0873632431    0.0873632431
  0.0873632431    0.0873632431    0.0873632431    0.0873632431    0.0873632431
  0.0873632431    0.0873632431    0.0873632431    0.0873632431    0.0873632431
  0.0873632431    0.0873632431    0.0873632431    0.0873632431    0.0873632431
  0.0873632431    0.0873632431    0.0873632431    0.0873632431    0.0873632431
  0.0873632431    0.0873632431    0.0873632431    0.0873632431    0.0873632431
  0.1148691177    0.1148576736    0.1148252487    0.1147737503    0.1147050858
  0.1146192551    0.1145200729    0.1144075394    0.1142835617    0.1141519547
  0.1140127182    0.1138658524    0.1137151718    0.1135568619    0.1133947372
  0.1132268906    0.1130571365    0.1128835678    0.1127061844    0.1125268936
  0.1123437881    0.1121568680    0.1119680405    0.1117773056    0.1115846634
  0.1113882065    0.1111898422    0.1109895706    0.1107873917    0.1105813980
  0.1103734970    0.1101655960    0.1099538803    0.1097402573    0.1095228195
  0.1093053818    0.1090860367    0.1088628769    0.1086397171    0.1084108353
  0.1081819534    0.1079511642    0.1077165604    0.1074819565    0.1072454453
  0.1070032120    0.1067609787    0.1065149307    0.1062688828    0.1060190201
  0.1057672501    0.1055116653    0.1052541733    0.1049947739    0.1047315598
  0.1044664383    0.1041994095    0.1039285660    0.1036558151    0.1033792496
  0.1031007767    0.1028184891    0.1025342941    0.1022462845    0.1019563675
  0.1016645432    0.1013669968    0.1010675430    0.1007642746    0.1004571915
  0.1001482010    0.0998353958    0.0995168686    0.0991983414    0.0988740921
  0.0985460281    0.0982141495    0.0978803635    0.0975427628    0.0971994400
  0.0968523026    0.0964994431    0.0961427689    0.0957860947    0.0954198837
  0.0950517654    0.0946779251    0.0942983627    0.0939168930    0.0935277939
  0.0931348801    0.0927400589    0.0923318863    0.0919275284    0.0915098190
  0.0910882950    0.0906610489    0.0902280807    0.0897912979    0.0893468857
  0.0888929367    0.0884332657    0.0879659653    0.0877199173    0.0877199173
  0.0877199173    0.0877199173    0.0877199173    0.0877199173    0.0877199173
  0.0877199173    0.0877199173    0.0877199173    0.0877199173    0.0877199173
  0.0877199173    0.0877199173    0.0877199173    0.0877199173    0.0877199173
  0.0877199173    0.0877199173    0.0877199173    0.0877199173    0.0877199173
  0.0877199173    0.0877199173    0.0877199173    0.0877199173    0.0877199173
  0.0877199173    0.0877199173    0.0877199173    0.0877199173    0.0877199173
  0.0877199173    0.0877199173    0.0877199173    0.0877199173    0.0877199173
  0.0877199173    0.0877199173    0.0877199173    0.0877199173    0.0877199173
  0.0877199173    0.0877199173    0.0877199173    0.0877199173    0.0877199173
  0.0877199173    0.0877199173    0.0877199173    0.0877199173    0.0877199173
  0.0877199173    0.0877199173    0.0877199173    0.0877199173    0.0877199173
  0.0877199173    0.0877199173    0.0877199173    0.0877199173    0.0877199173
  0.0877199173    0.0877199173    0.0877199173    0.0877199173    0.0877199173
  0.0877199173    0.0877199173    0.0877199173    0.0877199173    0.0877199173
  0.0877199173    0.0877199173    0.0877199173    0.0877199173    0.0877199173
  0.1153306961    0.1153211594    0.1152925491    0.1152429581    0.1151781082
  0.1150979996    0.1150026321    0.1148958206    0.1147794724    0.1146535873
  0.1145200729    0.1143808365    0.1142339706    0.1140813828    0.1139249802
  0.1137647629    0.1136007309    0.1134328842    0.1132612228    0.1130857468
  0.1129083633    0.1127290726    0.1125459671    0.1123609543    0.1121721268
  0.1119832993    0.1117906570    0.1115961075    0.1113996506    0.1111993790
  0.1109991074    0.1107950211    0.1105909348    0.1103830338    0.1101732254
  0.1099615097    0.1097478867    0.1095323563    0.1093149185    0.1090955734
  0.1088724136    0.1086492538    0.1084222794    0.1081933975    0.1079645157
  0.1077299118    0.1074934006    0.1072568893    0.1070184708    0.1067762375
  0.1065320969    0.1062841415    0.1060361862    0.1057863235    0.1055307388
  0.1052751541    0.1050157547    0.1047544479    0.1044912338    0.1042261124
  0.1039571762    0.1036844254    0.1034097672    0.1031332016    0.1028528214
  0.1025705338    0.1022844315    0.1019964218    0.1017045975    0.1014089584
  0.1011133194    0.1008119583    0.1005048752    0.1001996994    0.0998868942
  0.0995740891    0.0992555618    0.0989351273    0.0986108780    0.0982809067
  0.0979509354    0.0976133347    0.0972719193    0.0969266891    0.0965814590
  0.0962305069    0.0958738327    0.0955133438    0.0951452255    0.0947790146
  0.0944051743    0.0940217972    0.0936403275    0.0932493210    0.0928564072
  0.0924577713    0.0920515060    0.0916414261    0.0912275314    0.0908060074
  0.0903768539    0.0899419785    0.0895032883    0.0890569687    0.0886068344
  0.0881452560    0.0880689621    0.0880689621    0.0880689621    0.0880689621
  0.0880689621    0.0880689621    0.0880689621    0.0880689621    0.0880689621
  0.0880689621    0.0880689621    0.0880689621    0.0880689621    0.0880689621
  0.0880689621    0.0880689621    0.0880689621    0.0880689621    0.0880689621
  0.0880689621    0.0880689621    0.0880689621    0.0880689621    0.0880689621
  0.0880689621    0.0880689621    0.0880689621    0.0880689621    0.0880689621
  0.0880689621    0.0880689621    0.0880689621    0.0880689621    0.0880689621
  0.0880689621    0.0880689621    0.0880689621    0.0880689621    0.0880689621
  0.0880689621    0.0880689621    0.0880689621    0.0880689621    0.0880689621
  0.0880689621    0.0880689621    0.0880689621    0.0880689621    0.0880689621
  0.0880689621    0.0880689621    0.0880689621    0.0880689621    0.0880689621
  0.0880689621    0.0880689621    0.0880689621    0.0880689621    0.0880689621
  0.0880689621    0.0880689621    0.0880689621    0.0880689621    0.0880689621
  0.0880689621    0.0880689621    0.0880689621    0.0880689621    0.0880689621
  0.0880689621    0.0880689621    0.0880689621    0.0880689621    0.0880689621
  0.1157827377    0.1157751083    0.1157464981    0.1157007217    0.1156396866
  0.1155633926    0.1154737473    0.1153726578    0.1152620316    0.1151418686
  0.1150140762    0.1148786545    0.1147394180    0.1145925522    0.1144418716
  0.1142854691    0.1141271591    0.1139650345    0.1137990952    0.1136293411
  0.1134576797    0.1132841110    0.1131067276    0.1129255295    0.1127443314
  0.1125593185    0.1123723984    0.1121835709    0.1119928360    0.1118001938
  0.1116037369    0.1114072800    0.1112070084    0.1110067368    0.1108026505
  0.1105966568    0.1103906631    0.1101808548    0.1099691391    0.1097555161
  0.1095399857    0.1093225479    0.1091032028    0.1088819504    0.1086587906
  0.1084318161    0.1082048416    0.1079740524    0.1077413559    0.1075086594
  0.1072721481    0.1070318222    0.1067914963    0.1065473557    0.1063032150
  0.1060552597    0.1058034897    0.1055517197    0.1052980423    0.1050386429
  0.1047792435    0.1045179367    0.1042528152    0.1039819717    0.1037130356
  0.1034421921    0.1031656265    0.1028871536    0.1026048660    0.1023225784
  0.1020364761    0.1017446518    0.1014528275    0.1011552811    0.1008577347
  0.1005544662    0.1002473831    0.0999403000    0.0996274948    0.0993146896
  0.0989961624    0.0986719131    0.0983476639    0.0980176926    0.0976839066
  0.0973482132    0.0970067978    0.0966615677    0.0963125229    0.0959596634
  0.0956048965    0.0952405930    0.0948743820    0.0945043564    0.0941286087
  0.0937490463    0.0933637619    0.0929727554    0.0925779343    0.0921773911
  0.0917749405    0.0913629532    0.0909452438    0.0905218124    0.0900964737
  0.0896635056    0.0892229080    0.0887727737    0.0884103775    0.0884103775
  0.0884103775    0.0884103775    0.0884103775    0.0884103775    0.0884103775
  0.0884103775    0.0884103775    0.0884103775    0.0884103775    0.0884103775
  0.0884103775    0.0884103775    0.0884103775    0.0884103775    0.0884103775
  0.0884103775    0.0884103775    0.0884103775    0.0884103775    0.0884103775
  0.0884103775    0.0884103775    0.0884103775    0.0884103775    0.0884103775
  0.0884103775    0.0884103775    0.0884103775    0.0884103775    0.0884103775
  0.0884103775    0.0884103775    0.0884103775    0.0884103775    0.0884103775
  0.0884103775    0.0884103775    0.0884103775    0.0884103775    0.0884103775
  0.0884103775    0.0884103775    0.0884103775    0.0884103775    0.0884103775
  0.0884103775    0.0884103775    0.0884103775    0.0884103775    0.0884103775
  0.0884103775    0.0884103775    0.0884103775    0.0884103775    0.0884103775
  0.0884103775    0.0884103775    0.0884103775    0.0884103775    0.0884103775
  0.0884103775    0.0884103775    0.0884103775    0.0884103775    0.0884103775
  0.0884103775    0.0884103775    0.0884103775    0.0884103775    0.0884103775
  0.1162252426    0.1162157059    0.1161909103    0.1161489487    0.1160898209
  0.1160173416    0.1159334183    0.1158380508    0.1157312393    0.1156167984
  0.1154947281    0.1153650284    0.1152296066    0.1150884628    0.1149435043
  0.1147947311    0.1146402359    0.1144838333    0.1143217087    0.1141576767
  0.1139917374    0.1138238907    0.1136503220    0.1134767532    0.1132993698
  0.1131200790    0.1129388809    0.1127557755    0.1125707626    0.1123819351
  0.1121931076    0.1120004654    0.1118078232    0.1116113663    0.1114149094
  0.1112146378    0.1110124588    0.1108083725    0.1106042862    0.1103963852
  0.1101884842    0.1099748611    0.1097631454    0.1095476151    0.1093301773
  0.1091108322    0.1088895798    0.1086664200    0.1084413528    0.1082143784
  0.1079854965    0.1077547073    0.1075201035    0.1072835922    0.1070451736
  0.1068067551    0.1065626144    0.1063184738    0.1060724258    0.1058225632
  0.1055727005    0.1053171158    0.1050615311    0.1048021317    0.1045408249
  0.1042776108    0.1040105820    0.1037435532    0.1034708023    0.1031961441
  0.1029214859    0.1026411057    0.1023569107    0.1020727158    0.1017866135
  0.1014947891    0.1012010574    0.1009035110    0.1006040573    0.1003007889
  0.0999917984    0.0996847153    0.0993719101    0.0990552902    0.0987348557
  0.0984106064    0.0980844498    0.0977525711    0.0974187851    0.0970830917
  0.0967397690    0.0963964462    0.0960435867    0.0956926346    0.0953321457
  0.0949697495    0.0946035385    0.0942316055    0.0938577652    0.0934743881
  0.0930891037    0.0926980972    0.0923013687    0.0919046402    0.0914945602
  0.0910863876    0.0906686783    0.0902433395    0.0898160934    0.0893793106
  0.0889425278    0.0887460709    0.0887460709    0.0887460709    0.0887460709
  0.0887460709    0.0887460709    0.0887460709    0.0887460709    0.0887460709
  0.0887460709    0.0887460709    0.0887460709    0.0887460709    0.0887460709
  0.0887460709    0.0887460709    0.0887460709    0.0887460709    0.0887460709
  0.0887460709    0.0887460709    0.0887460709    0.0887460709    0.0887460709
  0.0887460709    0.0887460709    0.0887460709    0.0887460709    0.0887460709
  0.0887460709    0.0887460709    0.0887460709    0.0887460709    0.0887460709
  0.0887460709    0.0887460709    0.0887460709    0.0887460709    0.0887460709
  0.0887460709    0.0887460709    0.0887460709    0.0887460709    0.0887460709
  0.0887460709    0.0887460709    0.0887460709    0.0887460709    0.0887460709
  0.0887460709    0.0887460709    0.0887460709    0.0887460709    0.0887460709
  0.0887460709    0.0887460709    0.0887460709    0.0887460709    0.0887460709
  0.0887460709    0.0887460709    0.0887460709    0.0887460709    0.0887460709
  0.0887460709    0.0887460709    0.0887460709    0.0887460709    0.0887460709
  0.1166563034    0.1166486740    0.1166238785    0.1165838242    0.1165304184
  0.1164617538    0.1163816452    0.1162900925    0.1161890030    0.1160802841
  0.1159620285    0.1158380508    0.1157083511    0.1155729294    0.1154317856
  0.1152887344    0.1151399612    0.1149873734    0.1148309708    0.1146726608
  0.1145124435    0.1143465042    0.1141805649    0.1140108109    0.1138391495
  0.1136655807    0.1134901047    0.1133108139    0.1131296158    0.1129484177
  0.1127634048    0.1125783920    0.1123895645    0.1121988297    0.1120061874
  0.1118135452    0.1116170883    0.1114187241    0.1112203598    0.1110181808
  0.1108140945    0.1106081009    0.1104021072    0.1101922989    0.1099805832
  0.1097688675    0.1095552444    0.1093378067    0.1091184616    0.1088991165
  0.1086759567    0.1084508896    0.1082239151    0.1079969406    0.1077661514
  0.1075334549    0.1072969437    0.1070604324    0.1068201065    0.1065797806
  0.1063356400    0.1060895920    0.1058416367    0.1055917740    0.1053400040
  0.1050844193    0.1048269272    0.1045656204    0.1043043137    0.1040391922
  0.1037702560    0.1035032272    0.1032285690    0.1029539108    0.1026754379
  0.1023950577    0.1021127701    0.1018247604    0.1015367508    0.1012449265
  0.1009492874    0.1006517410    0.1003503799    0.1000471115    0.0997381210
  0.0994291306    0.0991144180    0.0987977982    0.0984773636    0.0981531143
  0.0978250504    0.0974950790    0.0971574783    0.0968198776    0.0964746475
  0.0961313248    0.0957784653    0.0954256058    0.0950651169    0.0947008133
  0.0943326950    0.0939607620    0.0935850143    0.0932054520    0.0928182602
  0.0924253464    0.0920305252    0.0916299820    0.0912218094    0.0908098221
  0.0903921127    0.0899686813    0.0895357132    0.0891027451    0.0890741348
  0.0890722275    0.0890722275    0.0890722275    0.0890722275    0.0890722275
  0.0890722275    0.0890722275    0.0890722275    0.0890722275    0.0890722275
  0.0890722275    0.0890722275    0.0890722275    0.0890722275    0.0890722275
  0.0890722275    0.0890722275    0.0890722275    0.0890722275    0.0890722275
  0.0890722275    0.0890722275    0.0890722275    0.0890722275    0.0890722275
  0.0890722275    0.0890722275    0.0890722275    0.0890722275    0.0890722275
  0.0890722275    0.0890722275    0.0890722275    0.0890722275    0.0890722275
  0.0890722275    0.0890722275    0.0890722275    0.0890722275    0.0890722275
  0.0890722275    0.0890722275    0.0890722275    0.0890722275    0.0890722275
  0.0890722275    0.0890722275    0.0890722275    0.0890722275    0.0890722275
  0.0890722275    0.0890722275    0.0890722275    0.0890722275    0.0890722275
  0.0890722275    0.0890722275    0.0890722275    0.0890722275    0.0890722275
  0.0890722275    0.0890722275    0.0890722275    0.0890722275    0.0890722275
  0.1170797348    0.1170721054    0.1170492172    0.1170110703    0.1169595718
  0.1168947220    0.1168184280    0.1167325974    0.1166353226    0.1165304184
  0.1164178848    0.1162996292    0.1161737442    0.1160440445    0.1159086227
  0.1157693863    0.1156263351    0.1154775620    0.1153268814    0.1151742935
  0.1150178909    0.1148576736    0.1146955490    0.1145315170    0.1143655777
  0.1141958237    0.1140241623    0.1138505936    0.1136751175    0.1134977341
  0.1133184433    0.1131372452    0.1129541397    0.1127691269    0.1125822067
  0.1123933792    0.1122026443    0.1120119095    0.1118173599    0.1116209030
  0.1114225388    0.1112241745    0.1110219955    0.1108179092    0.1106138229
  0.1104078293    0.1101980209    0.1099882126    0.1097745895    0.1095590591
  0.1093435287    0.1091260910    0.1089067459    0.1086835861    0.1084604263
  0.1082334518    0.1080064774    0.1077756882    0.1075448990    0.1073102951
  0.1070718765    0.1068353653    0.1065950394    0.1063508987    0.1061067581
  0.1058607101    0.1056108475    0.1053609848    0.1051054001    0.1048498154
  0.1045923233    0.1043310165    0.1040658951    0.1038007736    0.1035337448
  0.1032609940    0.1029863358    0.1027116776    0.1024332047    0.1021509171
  0.1018667221    0.1015787125    0.1012887955    0.1009969711    0.1006994247
  0.1004018784    0.1000986099    0.0997953415    0.0994844437    0.0991716385
  0.0988588333    0.0985383987    0.0982179642    0.0978956223    0.0975656509
  0.0972318649    0.0968961716    0.0965547562    0.0962133408    0.0958681107
  0.0955133438    0.0951604843    0.0947980881    0.0944356918    0.0940656662
  0.0936956406    0.0933160782    0.0929327011    0.0925474167    0.0921525955
  0.0917577744    0.0913553238    0.0909471512    0.0905370712    0.0901174545
  0.0896921158    0.0893945694    0.0893945694    0.0893945694    0.0893945694
  0.0893945694    0.0893945694    0.0893945694    0.0893945694    0.0893945694
  0.0893945694    0.0893945694    0.0893945694    0.0893945694    0.0893945694
  0.0893945694    0.0893945694    0.0893945694    0.0893945694    0.0893945694
  0.0893945694    0.0893945694    0.0893945694    0.0893945694    0.0893945694
  0.0893945694    0.0893945694    0.0893945694    0.0893945694    0.0893945694
  0.0893945694    0.0893945694    0.0893945694    0.0893945694    0.0893945694
  0.0893945694    0.0893945694    0.0893945694    0.0893945694    0.0893945694
  0.0893945694    0.0893945694    0.0893945694    0.0893945694    0.0893945694
  0.0893945694    0.0893945694    0.0893945694    0.0893945694    0.0893945694
  0.0893945694    0.0893945694    0.0893945694    0.0893945694    0.0893945694
  0.0893945694    0.0893945694    0.0893945694    0.0893945694    0.0893945694
  0.0893945694    0.0893945694    0.0893945694    0.0893945694    0.0893945694
  0.1174917221    0.1174840927    0.1174631119    0.1174268723    0.1173791885
  0.1173181534    0.1172456741    0.1171636581    0.1170701981    0.1169710159
  0.1168622971    0.1167478561    0.1166276932    0.1165037155    0.1163721085
  0.1162385941    0.1160993576    0.1159563065    0.1158113480    0.1156625748
  0.1155099869    0.1153554916    0.1151990891    0.1150388718    0.1148767471
  0.1147127151    0.1145448685    0.1143770218    0.1142072678    0.1140336990
  0.1138601303    0.1136827469    0.1135053635    0.1133241653    0.1131429672
  0.1129598618    0.1127729416    0.1125860214    0.1123971939    0.1122064590
  0.1120138168    0.1118192673    0.1116247177    0.1114263535    0.1112260818
  0.1110258102    0.1108217239    0.1106176376    0.1104097366    0.1102037430
  0.1099920273    0.1097803116    0.1095666885    0.1093492508    0.1091337204
  0.1089143753    0.1086912155    0.1084699631    0.1082448959    0.1080160141
  0.1077871323    0.1075544357    0.1073217392    0.1070871353    0.1068487167
  0.1066102982    0.1063680649    0.1061239243    0.1058778763    0.1056318283
  0.1053819656    0.1051282883    0.1048727036    0.1046152115    0.1043558121
  0.1040945053    0.1038293839    0.1035623550    0.1032915115    0.1030206680
  0.1027479172    0.1024675369    0.1021890640    0.1019067764    0.1016225815
  0.1013326645    0.1010408401    0.1007490158    0.1004514694    0.1001501083
  0.0998487473    0.0995435715    0.0992307663    0.0989198685    0.0986051559
  0.0982866287    0.0979642868    0.0976362228    0.0973062515    0.0969743729
  0.0966367722    0.0962953568    0.0959520340    0.0956029892    0.0952501297
  0.0948953629    0.0945329666    0.0941686630    0.0938005447    0.0934267044
  0.0930490494    0.0926637650    0.0922784805    0.0918836594    0.0914888382
  0.0910863876    0.0906763077    0.0902643204    0.0898466110    0.0897092819
  0.0897092819    0.0897092819    0.0897092819    0.0897092819    0.0897092819
  0.0897092819    0.0897092819    0.0897092819    0.0897092819    0.0897092819
  0.0897092819    0.0897092819    0.0897092819    0.0897092819    0.0897092819
  0.0897092819    0.0897092819    0.0897092819    0.0897092819    0.0897092819
  0.0897092819    0.0897092819    0.0897092819    0.0897092819    0.0897092819
  0.0897092819    0.0897092819    0.0897092819    0.0897092819    0.0897092819
  0.0897092819    0.0897092819    0.0897092819    0.0897092819    0.0897092819
  0.0897092819    0.0897092819    0.0897092819    0.0897092819    0.0897092819
  0.0897092819    0.0897092819    0.0897092819    0.0897092819    0.0897092819
  0.0897092819    0.0897092819    0.0897092819    0.0897092819    0.0897092819
  0.0897092819    0.0897092819    0.0897092819    0.0897092819    0.0897092819
  0.0897092819    0.0897092819    0.0897092819    0.0897092819    0.0897092819
  0.1178960800    0.1178884506    0.1178693771    0.1178350449    0.1177892685
  0.1177320480    0.1176633835    0.1175832748    0.1174955368    0.1174001694
  0.1172971725    0.1171884537    0.1170721054    0.1169519424    0.1168260574
  0.1166944504    0.1165609360    0.1164236069    0.1162824631    0.1161375046
  0.1159906387    0.1158399582    0.1156873703    0.1155309677    0.1153745651
  0.1152143478    0.1150541306    0.1148881912    0.1147241592    0.1145544052
  0.1143846512    0.1142129898    0.1140413284    0.1138639450    0.1136884689
  0.1135091782    0.1133279800    0.1131467819    0.1129617691    0.1127767563
  0.1125898361    0.1123991013    0.1122083664    0.1120157242    0.1118230820
  0.1116266251    0.1114282608    0.1112298965    0.1110296249    0.1108255386
  0.1106214523    0.1104135513    0.1102056503    0.1099977493    0.1097860336
  0.1095705032    0.1093568802    0.1091413498    0.1089200974    0.1086988449
  0.1084775925    0.1082525253    0.1080255508    0.1077985764    0.1075677872
  0.1073350906    0.1071004868    0.1068658829    0.1066255569    0.1063833237
  0.1061429977    0.1058969498    0.1056489944    0.1054010391    0.1051511765
  0.1048974991    0.1046419144    0.1043825150    0.1041193008    0.1038579941
  0.1035909653    0.1033239365    0.1030530930    0.1027803421    0.1025056839
  0.1022272110    0.1019468307    0.1016645432    0.1013746262    0.1010866165
  0.1007966995    0.1004991531    0.1002016068    0.0999021530    0.0995988846
  0.0992898941    0.0989828110    0.0986661911    0.0983495712    0.0980291367
  0.0977087021    0.0973806381    0.0970506668    0.0967168808    0.0963792801
  0.0960359573    0.0956907272    0.0953435898    0.0949888229    0.0946321487
  0.0942735672    0.0939054489    0.0935354233    0.0931634903    0.0927820206
  0.0923986435    0.0920095444    0.0916204453    0.0912199020    0.0908174515
  0.0904073715    0.0900182724    0.0900182724    0.0900182724    0.0900182724
  0.0900182724    0.0900182724    0.0900182724    0.0900182724    0.0900182724
  0.0900182724    0.0900182724    0.0900182724    0.0900182724    0.0900182724
  0.0900182724    0.0900182724    0.0900182724    0.0900182724    0.0900182724
  0.0900182724    0.0900182724    0.0900182724    0.0900182724    0.0900182724
  0.0900182724    0.0900182724    0.0900182724    0.0900182724    0.0900182724
  0.0900182724    0.0900182724    0.0900182724    0.0900182724    0.0900182724
  0.0900182724    0.0900182724    0.0900182724    0.0900182724    0.0900182724
  0.0900182724    0.0900182724    0.0900182724    0.0900182724    0.0900182724
  0.0900182724    0.0900182724    0.0900182724    0.0900182724    0.0900182724
  0.0900182724    0.0900182724    0.0900182724    0.0900182724    0.0900182724
  0.0900182724    0.0900182724    0.0900182724    0.0900182724    0.0900182724
