  0.0000000000    0.0150000000
  0.0002500000    0.0010000000    179    30
  0.0000000209    0.0715755910    0.1252660304    0.1647929281    0.1957079798
  0.2211834043    0.2429867655    0.2621686548    0.2793944329    0.2951104552
  0.3096305639    0.3231811494    0.3359331101    0.3480184168    0.3595399171
  0.3705807656    0.3812073439    0.3914768547    0.4014349848    0.4111212462
  0.4205707282    0.4298121780    0.4388720900    0.4477729112    0.4565350860
  0.4651775151    0.4737176389    0.4821690589    0.4905478805    0.4988671631
  0.5071392566    0.5153768033    0.5235921949    0.5317959458    0.5399997801
  0.5482159227    0.5564560145    0.5647311121    0.5730544001    0.5814397305
  0.5898997873    0.5984494656    0.6071052045    0.6158860296    0.6248105496
  0.6339037150    0.6431885153    0.6526985377    0.6624650747    0.6725356072
  0.6829597443    0.6938008636    0.6999999791    0.7000000000    0.7000000000
  0.7000000000    0.7000000000    0.7000000000    0.7000000000    0.7000000000
  0.7000000000    0.7000000000    0.7000000000    0.7000000000    0.7000000000
  0.7000000000    0.7000000000    0.7000000000    0.7000000000    0.7000000000
  0.7000000000    0.7000000000    0.7000000000    0.7000000000    0.7000000000
  0.7000000000    0.7000000000    0.7000000000    0.7000000000    0.7000000000
  0.7000000000    0.7000000000    0.7000000000    0.7000000000    0.7000000000
  0.7000000000    0.7000000000    0.7000000000    0.7000000000    0.7000000000
  0.7000000000    0.7000000000    0.7000000000    0.7000000000    0.7000000000
  0.7000000000    0.7000000000    0.7000000000    0.7000000000    0.7000000000
  0.7000000000    0.7000000000    0.7000000000    0.7000000000    0.7000000000
  0.7000000000    0.7000000000    0.7000000000    0.7000000000    0.7000000000
  0.7000000000    0.7000000000    0.7000000000    0.7000000000    0.7000000000
  0.7000000000    0.7000000000    0.7000000000    0.7000000000    0.7000000000
  0.7000000000    0.7000000000    0.7000000000    0.7000000000    0.7000000000
  0.7000000000    0.7000000000    0.7000000000    0.7000000000    0.7000000000
  0.7000000000    0.7000000000    0.7000000000    0.7000000000    0.7000000000
  0.7000000000    0.7000000000    0.7000000000    0.7000000000    0.7000000000
  0.7000000000    0.7000000000    0.7000000000    0.7000000000    0.7000000000
  0.7000000000    0.7000000000    0.7000000000    0.7000000000    0.7000000000
  0.7000000000    0.7000000000    0.7000000000    0.7000000000    0.7000000000
  0.7000000000    0.7000000000    0.7000000000    0.7000000000    0.7000000000
  0.7000000000    0.7000000000    0.7000000000    0.7000000000    0.7000000000
  0.7000000000    0.7000000000    0.7000000000    0.7000000000    0.7000000000
  0.7000000000    0.7000000000    0.7000000000    0.7000000000    0.7000000000
  0.7000000000    0.7000000000    0.7000000000    0.7000000000    0.7000000000
  0.0000000209    0.0641925365    0.1147675008    0.1531699568    0.1836069852
  0.2088312775    0.2304701239    0.2495211273    0.2666284949    0.2822278589
  0.2966276795    0.3100528866    0.3226728350    0.3346183687    0.3459921688
  0.3568766803    0.3673387855    0.3774346024    0.3872104436    0.3967058212
  0.4059542805    0.4149847358    0.4238242239    0.4324933559    0.4410131186
  0.4494012445    0.4576738387    0.4658463389    0.4739321798    0.4819429606
  0.4898910314    0.4977886170    0.5056446046    0.5134710938    0.5212757617
  0.5290695816    0.5368612736    0.5446621031    0.5524801642    0.5603251368
  0.5682085365    0.5761405438    0.5841314226    0.5921933979    0.6003394037
  0.6085838348    0.6169409186    0.6254280537    0.6340641409    0.6428709596
  0.6518735021    0.6610994726    0.6705846280    0.6803696066    0.6905048519
  0.6999999791    0.7000000000    0.7000000000    0.7000000000    0.7000000000
  0.7000000000    0.7000000000    0.7000000000    0.7000000000    0.7000000000
  0.7000000000    0.7000000000    0.7000000000    0.7000000000    0.7000000000
  0.7000000000    0.7000000000    0.7000000000    0.7000000000    0.7000000000
  0.7000000000    0.7000000000    0.7000000000    0.7000000000    0.7000000000
  0.7000000000    0.7000000000    0.7000000000    0.7000000000    0.7000000000
  0.7000000000    0.7000000000    0.7000000000    0.7000000000    0.7000000000
  0.7000000000    0.7000000000    0.7000000000    0.7000000000    0.7000000000
  0.7000000000    0.7000000000    0.7000000000    0.7000000000    0.7000000000
  0.7000000000    0.7000000000    0.7000000000    0.7000000000    0.7000000000
  0.7000000000    0.7000000000    0.7000000000    0.7000000000    0.7000000000
  0.7000000000    0.7000000000    0.7000000000    0.7000000000    0.7000000000
  0.7000000000    0.7000000000    0.7000000000    0.7000000000    0.7000000000
  0.7000000000    0.7000000000    0.7000000000    0.7000000000    0.7000000000
  0.7000000000    0.7000000000    0.7000000000    0.7000000000    0.7000000000
  0.7000000000    0.7000000000    0.7000000000    0.7000000000    0.7000000000
  0.7000000000    0.7000000000    0.7000000000    0.7000000000    0.7000000000
  0.7000000000    0.7000000000    0.7000000000    0.7000000000    0.7000000000
  0.7000000000    0.7000000000    0.7000000000    0.7000000000    0.7000000000
  0.7000000000    0.7000000000    0.7000000000    0.7000000000    0.7000000000
  0.7000000000    0.7000000000    0.7000000000    0.7000000000    0.7000000000
  0.7000000000    0.7000000000    0.7000000000    0.7000000000    0.7000000000
  0.7000000000    0.7000000000    0.7000000000    0.7000000000    0.7000000000
  0.7000000000    0.7000000000    0.7000000000    0.7000000000    0.7000000000
  0.7000000000    0.7000000000    0.7000000000    0.7000000000    0.7000000000
  0.0000000209    0.0578720063    0.1053534418    0.1424999028    0.1723709553
  0.1972951740    0.2187441379    0.2376535326    0.2546399444    0.2701272398
  0.2844155759    0.2977274626    0.3102297932    0.3220524937    0.3332975775
  0.3440466553    0.3543674022    0.3643141001    0.3739345223    0.3832658857
  0.3923433214    0.4011961609    0.4098477274    0.4183227211    0.4266385823
  0.4348139614    0.4428645879    0.4508049399    0.4586475760    0.4664047211
  0.4740879327    0.4817073077    0.4892729014    0.4967930585    0.5042777091
  0.5117354900    0.5191739947    0.5266010255    0.5340261370    0.5414558381
  0.5488988906    0.5563633472    0.5638575524    0.5713904768    0.5789716750
  0.5866088241    0.5943142325    0.6020977050    0.6099714249    0.6179473668
  0.6260428041    0.6342704207    0.6426500767    0.6512017995    0.6599502474
  0.6689235836    0.6781528085    0.6876774758    0.6975462765    0.6999999791
  0.7000000000    0.7000000000    0.7000000000    0.7000000000    0.7000000000
  0.7000000000    0.7000000000    0.7000000000    0.7000000000    0.7000000000
  0.7000000000    0.7000000000    0.7000000000    0.7000000000    0.7000000000
  0.7000000000    0.7000000000    0.7000000000    0.7000000000    0.7000000000
  0.7000000000    0.7000000000    0.7000000000    0.7000000000    0.7000000000
  0.7000000000    0.7000000000    0.7000000000    0.7000000000    0.7000000000
  0.7000000000    0.7000000000    0.7000000000    0.7000000000    0.7000000000
  0.7000000000    0.7000000000    0.7000000000    0.7000000000    0.7000000000
  0.7000000000    0.7000000000    0.7000000000    0.7000000000    0.7000000000
  0.7000000000    0.7000000000    0.7000000000    0.7000000000    0.7000000000
  0.7000000000    0.7000000000    0.7000000000    0.7000000000    0.7000000000
  0.7000000000    0.7000000000    0.7000000000    0.7000000000    0.7000000000
  0.7000000000    0.7000000000    0.7000000000    0.7000000000    0.7000000000
  0.7000000000    0.7000000000    0.7000000000    0.7000000000    0.7000000000
  0.7000000000    0.7000000000    0.7000000000    0.7000000000    0.7000000000
  0.7000000000    0.7000000000    0.7000000000    0.7000000000    0.7000000000
  0.7000000000    0.7000000000    0.7000000000    0.7000000000    0.7000000000
  0.7000000000    0.7000000000    0.7000000000    0.7000000000    0.7000000000
  0.7000000000    0.7000000000    0.7000000000    0.7000000000    0.7000000000
  0.7000000000    0.7000000000    0.7000000000    0.7000000000    0.7000000000
  0.7000000000    0.7000000000    0.7000000000    0.7000000000    0.7000000000
  0.7000000000    0.7000000000    0.7000000000    0.7000000000    0.7000000000
  0.7000000000    0.7000000000    0.7000000000    0.7000000000    0.7000000000
  0.7000000000    0.7000000000    0.7000000000    0.7000000000    0.7000000000
  0.0000000209    0.0524410576    0.0969235927    0.1327127546    0.1619365960
  0.1865093797    0.2077400476    0.2264929801    0.2433528453    0.2587270290
  0.2729091793    0.2861152560    0.2985102743    0.3102227420    0.3213530868
  0.3319833368    0.3421795815    0.3519968957    0.3614816338    0.3706718057
  0.3796023756    0.3883008391    0.3967934817    0.4051002055    0.4132429153
  0.4212370902    0.4290998787    0.4368436724    0.4444819063    0.4520263463
  0.4594875902    0.4668756932    0.4741998345    0.4814685255    0.4886898190
  0.4958718091    0.5030226737    0.5101492554    0.5172568113    0.5243552297
  0.5314492673    0.5385471851    0.5456541568    0.5527775675    0.5599255115
  0.5671051651    0.5743223280    0.5815860540    0.5889051884    0.5962871999
  0.6037428528    0.6112814516    0.6189153880    0.6266549259    0.6345147938
  0.6425115138    0.6506609410    0.6589829355    0.6675020307    0.6762425095
  0.6852374583    0.6945232183    0.6999999791    0.7000000000    0.7000000000
  0.7000000000    0.7000000000    0.7000000000    0.7000000000    0.7000000000
  0.7000000000    0.7000000000    0.7000000000    0.7000000000    0.7000000000
  0.7000000000    0.7000000000    0.7000000000    0.7000000000    0.7000000000
  0.7000000000    0.7000000000    0.7000000000    0.7000000000    0.7000000000
  0.7000000000    0.7000000000    0.7000000000    0.7000000000    0.7000000000
  0.7000000000    0.7000000000    0.7000000000    0.7000000000    0.7000000000
  0.7000000000    0.7000000000    0.7000000000    0.7000000000    0.7000000000
  0.7000000000    0.7000000000    0.7000000000    0.7000000000    0.7000000000
  0.7000000000    0.7000000000    0.7000000000    0.7000000000    0.7000000000
  0.7000000000    0.7000000000    0.7000000000    0.7000000000    0.7000000000
  0.7000000000    0.7000000000    0.7000000000    0.7000000000    0.7000000000
  0.7000000000    0.7000000000    0.7000000000    0.7000000000    0.7000000000
  0.7000000000    0.7000000000    0.7000000000    0.7000000000    0.7000000000
  0.7000000000    0.7000000000    0.7000000000    0.7000000000    0.7000000000
  0.7000000000    0.7000000000    0.7000000000    0.7000000000    0.7000000000
  0.7000000000    0.7000000000    0.7000000000    0.7000000000    0.7000000000
  0.7000000000    0.7000000000    0.7000000000    0.7000000000    0.7000000000
  0.7000000000    0.7000000000    0.7000000000    0.7000000000    0.7000000000
  0.7000000000    0.7000000000    0.7000000000    0.7000000000    0.7000000000
  0.7000000000    0.7000000000    0.7000000000    0.7000000000    0.7000000000
  0.7000000000    0.7000000000    0.7000000000    0.7000000000    0.7000000000
  0.7000000000    0.7000000000    0.7000000000    0.7000000000    0.7000000000
  0.7000000000    0.7000000000    0.7000000000    0.7000000000    0.7000000000
  0.0000000209    0.0477537423    0.0893801123    0.1237460941    0.1522474974
  0.1764190704    0.1973997742    0.2159789711    0.2327032357    0.2479618043
  0.2620378524    0.2751430839    0.2874382168    0.2990490884    0.3100760430
  0.3205995232    0.3306850344    0.3403875262    0.3497530192    0.3588196069
  0.3676209182    0.3761857003    0.3845389456    0.3927018076    0.4006939381
  0.4085326105    0.4162327617    0.4238085777    0.4312723666    0.4386351854
  0.4459080070    0.4530998439    0.4602202922    0.4672767371    0.4742778569
  0.4812305778    0.4881419092    0.4950186938    0.5018658549    0.5086926132
  0.5155024737    0.5223018616    0.5290977031    0.5358945876    0.5426986068
  0.5495158106    0.5563532501    0.5632144302    0.5701080710    0.5770394295
  0.5840162247    0.5910453409    0.5981338292    0.6052910775    0.6125258058
  0.6198464423    0.6272645861    0.6347923785    0.6424418777    0.6502286881
  0.6581691235    0.6662815005    0.6745891422    0.6831173331    0.6918971568
  0.6999999791    0.7000000000    0.7000000000    0.7000000000    0.7000000000
  0.7000000000    0.7000000000    0.7000000000    0.7000000000    0.7000000000
  0.7000000000    0.7000000000    0.7000000000    0.7000000000    0.7000000000
  0.7000000000    0.7000000000    0.7000000000    0.7000000000    0.7000000000
  0.7000000000    0.7000000000    0.7000000000    0.7000000000    0.7000000000
  0.7000000000    0.7000000000    0.7000000000    0.7000000000    0.7000000000
  0.7000000000    0.7000000000    0.7000000000    0.7000000000    0.7000000000
  0.7000000000    0.7000000000    0.7000000000    0.7000000000    0.7000000000
  0.7000000000    0.7000000000    0.7000000000    0.7000000000    0.7000000000
  0.7000000000    0.7000000000    0.7000000000    0.7000000000    0.7000000000
  0.7000000000    0.7000000000    0.7000000000    0.7000000000    0.7000000000
  0.7000000000    0.7000000000    0.7000000000    0.7000000000    0.7000000000
  0.7000000000    0.7000000000    0.7000000000    0.7000000000    0.7000000000
  0.7000000000    0.7000000000    0.7000000000    0.7000000000    0.7000000000
  0.7000000000    0.7000000000    0.7000000000    0.7000000000    0.7000000000
  0.7000000000    0.7000000000    0.7000000000    0.7000000000    0.7000000000
  0.7000000000    0.7000000000    0.7000000000    0.7000000000    0.7000000000
  0.7000000000    0.7000000000    0.7000000000    0.7000000000    0.7000000000
  0.7000000000    0.7000000000    0.7000000000    0.7000000000    0.7000000000
  0.7000000000    0.7000000000    0.7000000000    0.7000000000    0.7000000000
  0.7000000000    0.7000000000    0.7000000000    0.7000000000    0.7000000000
  0.7000000000    0.7000000000    0.7000000000    0.7000000000    0.7000000000
  0.7000000000    0.7000000000    0.7000000000    0.7000000000    0.7000000000
  0.0000000209    0.0436889797    0.0826307505    0.1155375868    0.1432557195
  0.1669776827    0.1876768798    0.2060610205    0.2226382107    0.2377758652
  0.2517449349    0.2647506565    0.2769497842    0.2884657353    0.2993970186
  0.3098229498    0.3198081166    0.3294073433    0.3386665672    0.3476234645
  0.3563105792    0.3647574514    0.3729881138    0.3810244709    0.3888853401
  0.3965877026    0.4041471630    0.4115771979    0.4188893646    0.4260959715
  0.4332062811    0.4402295560    0.4471752673    0.4540505916    0.4608640403
  0.4676215380    0.4743299276    0.4809964687    0.4876260847    0.4942241579
  0.5007971555    0.5073505849    0.5138896197    0.5204173058    0.5269412369
  0.5334655851    0.5399950236    0.5465344757    0.5530901164    0.5596656591
  0.5662679881    0.5729009420    0.5795722812    0.5862871796    0.5930505186
  0.5998711437    0.6067557722    0.6137121230    0.6207474560    0.6278729528
  0.6350975007    0.6424321562    0.6498905212    0.6574864060    0.6652346224
  0.6731553644    0.6812693268    0.6895997912    0.6981790096    0.6999999791
  0.7000000000    0.7000000000    0.7000000000    0.7000000000    0.7000000000
  0.7000000000    0.7000000000    0.7000000000    0.7000000000    0.7000000000
  0.7000000000    0.7000000000    0.7000000000    0.7000000000    0.7000000000
  0.7000000000    0.7000000000    0.7000000000    0.7000000000    0.7000000000
  0.7000000000    0.7000000000    0.7000000000    0.7000000000    0.7000000000
  0.7000000000    0.7000000000    0.7000000000    0.7000000000    0.7000000000
  0.7000000000    0.7000000000    0.7000000000    0.7000000000    0.7000000000
  0.7000000000    0.7000000000    0.7000000000    0.7000000000    0.7000000000
  0.7000000000    0.7000000000    0.7000000000    0.7000000000    0.7000000000
  0.7000000000    0.7000000000    0.7000000000    0.7000000000    0.7000000000
  0.7000000000    0.7000000000    0.7000000000    0.7000000000    0.7000000000
  0.7000000000    0.7000000000    0.7000000000    0.7000000000    0.7000000000
  0.7000000000    0.7000000000    0.7000000000    0.7000000000    0.7000000000
  0.7000000000    0.7000000000    0.7000000000    0.7000000000    0.7000000000
  0.7000000000    0.7000000000    0.7000000000    0.7000000000    0.7000000000
  0.7000000000    0.7000000000    0.7000000000    0.7000000000    0.7000000000
  0.7000000000    0.7000000000    0.7000000000    0.7000000000    0.7000000000
  0.7000000000    0.7000000000    0.7000000000    0.7000000000    0.7000000000
  0.7000000000    0.7000000000    0.7000000000    0.7000000000    0.7000000000
  0.7000000000    0.7000000000    0.7000000000    0.7000000000    0.7000000000
  0.7000000000    0.7000000000    0.7000000000    0.7000000000    0.7000000000
  0.7000000000    0.7000000000    0.7000000000    0.7000000000    0.7000000000
  0.0000000209    0.0401457995    0.0765882224    0.1080299050    0.1349152416
  0.1581438273    0.1785285562    0.1966970712    0.2131139189    0.2281223565
  0.2419812351    0.2548871964    0.2669929057    0.2784174412    0.2892585605
  0.2995939940    0.3094877452    0.3189933032    0.3281558543    0.3370136172
  0.3455985934    0.3539403230    0.3620625049    0.3699860424    0.3777309626
  0.3853133708    0.3927490383    0.4000506490    0.4072303861    0.4142997652
  0.4212682992    0.4281454176    0.4349398822    0.4416586190    0.4483094305
  0.4548994511    0.4614343554    0.4679207772    0.4743634731    0.4807687014
  0.4871408015    0.4934858233    0.4998078972    0.5061109036    0.5124008089
  0.5186812848    0.5249572128    0.5312317222    0.5375104874    0.5437974304
  0.5500966817    0.5564134568    0.5627517611    0.5691165596    0.5755125254
  0.5819444150    0.5884179443    0.5949388295    0.6015135378    0.6081469923
  0.6148479968    0.6216216832    0.6284787744    0.6354256123    0.6424735039
  0.6496327966    0.6569153398    0.6643335670    0.6719063789    0.6796488792
  0.6875819713    0.6957312316    0.6999999791    0.7000000000    0.7000000000
  0.7000000000    0.7000000000    0.7000000000    0.7000000000    0.7000000000
  0.7000000000    0.7000000000    0.7000000000    0.7000000000    0.7000000000
  0.7000000000    0.7000000000    0.7000000000    0.7000000000    0.7000000000
  0.7000000000    0.7000000000    0.7000000000    0.7000000000    0.7000000000
  0.7000000000    0.7000000000    0.7000000000    0.7000000000    0.7000000000
  0.7000000000    0.7000000000    0.7000000000    0.7000000000    0.7000000000
  0.7000000000    0.7000000000    0.7000000000    0.7000000000    0.7000000000
  0.7000000000    0.7000000000    0.7000000000    0.7000000000    0.7000000000
  0.7000000000    0.7000000000    0.7000000000    0.7000000000    0.7000000000
  0.7000000000    0.7000000000    0.7000000000    0.7000000000    0.7000000000
  0.7000000000    0.7000000000    0.7000000000    0.7000000000    0.7000000000
  0.7000000000    0.7000000000    0.7000000000    0.7000000000    0.7000000000
  0.7000000000    0.7000000000    0.7000000000    0.7000000000    0.7000000000
  0.7000000000    0.7000000000    0.7000000000    0.7000000000    0.7000000000
  0.7000000000    0.7000000000    0.7000000000    0.7000000000    0.7000000000
  0.7000000000    0.7000000000    0.7000000000    0.7000000000    0.7000000000
  0.7000000000    0.7000000000    0.7000000000    0.7000000000    0.7000000000
  0.7000000000    0.7000000000    0.7000000000    0.7000000000    0.7000000000
  0.7000000000    0.7000000000    0.7000000000    0.7000000000    0.7000000000
  0.7000000000    0.7000000000    0.7000000000    0.7000000000    0.7000000000
  0.7000000000    0.7000000000    0.7000000000    0.7000000000    0.7000000000
  0.0000000209    0.0370415896    0.0711732954    0.1011653870    0.1271831721
  0.1498793274    0.1699197561    0.1878509492    0.2040923506    0.2189625591
  0.2327063233    0.2455104798    0.2575218111    0.2688581854    0.2796131045
  0.2898631722    0.2996710986    0.3090897888    0.3181642622    0.3269314438
  0.3354243785    0.3436709791    0.3516948611    0.3595182627    0.3671590418
  0.3746350557    0.3819601148    0.3891480297    0.3962106496    0.4031591147
  0.4100026041    0.4167512983    0.4234129995    0.4299944252    0.4365040034
  0.4429476589    0.4493313164    0.4556617767    0.4619431287    0.4681822985
  0.4743820816    0.4805482775    0.4866848916    0.4927971393    0.4988884002
  0.5049628884    0.5110244006    0.5170765668    0.5231246442    0.5291716784
  0.5352205902    0.5412758857    0.5473417372    0.5534216493    0.5595190018
  0.5656393439    0.5717859298    0.5779629737    0.5841748148    0.5904271692
  0.5967241675    0.6030716509    0.6094746679    0.6159406871    0.6224734217
  0.6290829688    0.6357751280    0.6425586611    0.6494442910    0.6564414054
  0.6635608524    0.6708170265    0.6782256156    0.6858015984    0.6935658783
  0.6999999791    0.7000000000    0.7000000000    0.7000000000    0.7000000000
  0.7000000000    0.7000000000    0.7000000000    0.7000000000    0.7000000000
  0.7000000000    0.7000000000    0.7000000000    0.7000000000    0.7000000000
  0.7000000000    0.7000000000    0.7000000000    0.7000000000    0.7000000000
  0.7000000000    0.7000000000    0.7000000000    0.7000000000    0.7000000000
  0.7000000000    0.7000000000    0.7000000000    0.7000000000    0.7000000000
  0.7000000000    0.7000000000    0.7000000000    0.7000000000    0.7000000000
  0.7000000000    0.7000000000    0.7000000000    0.7000000000    0.7000000000
  0.7000000000    0.7000000000    0.7000000000    0.7000000000    0.7000000000
  0.7000000000    0.7000000000    0.7000000000    0.7000000000    0.7000000000
  0.7000000000    0.7000000000    0.7000000000    0.7000000000    0.7000000000
  0.7000000000    0.7000000000    0.7000000000    0.7000000000    0.7000000000
  0.7000000000    0.7000000000    0.7000000000    0.7000000000    0.7000000000
  0.7000000000    0.7000000000    0.7000000000    0.7000000000    0.7000000000
  0.7000000000    0.7000000000    0.7000000000    0.7000000000    0.7000000000
  0.7000000000    0.7000000000    0.7000000000    0.7000000000    0.7000000000
  0.7000000000    0.7000000000    0.7000000000    0.7000000000    0.7000000000
  0.7000000000    0.7000000000    0.7000000000    0.7000000000    0.7000000000
  0.7000000000    0.7000000000    0.7000000000    0.7000000000    0.7000000000
  0.7000000000    0.7000000000    0.7000000000    0.7000000000    0.7000000000
  0.7000000000    0.7000000000    0.7000000000    0.7000000000    0.7000000000
  0.0000000209    0.0343082577    0.0663124949    0.0948907107    0.1200185388
  0.1421502620    0.1618180603    0.1794899851    0.1955405861    0.2102628022
  0.2238844842    0.2365835398    0.2485001594    0.2597486645    0.2704191774
  0.2805868834    0.2903135329    0.2996514469    0.3086440176    0.3173279613
  0.3257361978    0.3338954300    0.3418309838    0.3495633453    0.3571110815
  0.3644904226    0.3717169315    0.3788028747    0.3857613117    0.3926019222
  0.3993350118    0.4059688836    0.4125125498    0.4189732701    0.4253582209
  0.4316734523    0.4379245132    0.4441175371    0.4502586573    0.4563516289
  0.4624009579    0.4684126109    0.4743894249    0.4803354055    0.4862561435
  0.4921542257    0.4980328232    0.5038959414    0.5097468346    0.5155898839
  0.5214279264    0.5272645086    0.5331020921    0.5389447659    0.5447953671
  0.5506580263    0.5565365404    0.5624328285    0.5683516055    0.5742968768
  0.5802711874    0.5862805873    0.5923279136    0.5984177977    0.6045553714
  0.6107442647    0.6169924885    0.6233029217    0.6296850353    0.6361427516
  0.6426834136    0.6493173689    0.6560525030    0.6628988296    0.6698676556
  0.6769728750    0.6842270464    0.6916481107    0.6992529660    0.6999999791
  0.7000000000    0.7000000000    0.7000000000    0.7000000000    0.7000000000
  0.7000000000    0.7000000000    0.7000000000    0.7000000000    0.7000000000
  0.7000000000    0.7000000000    0.7000000000    0.7000000000    0.7000000000
  0.7000000000    0.7000000000    0.7000000000    0.7000000000    0.7000000000
  0.7000000000    0.7000000000    0.7000000000    0.7000000000    0.7000000000
  0.7000000000    0.7000000000    0.7000000000    0.7000000000    0.7000000000
  0.7000000000    0.7000000000    0.7000000000    0.7000000000    0.7000000000
  0.7000000000    0.7000000000    0.7000000000    0.7000000000    0.7000000000
  0.7000000000    0.7000000000    0.7000000000    0.7000000000    0.7000000000
  0.7000000000    0.7000000000    0.7000000000    0.7000000000    0.7000000000
  0.7000000000    0.7000000000    0.7000000000    0.7000000000    0.7000000000
  0.7000000000    0.7000000000    0.7000000000    0.7000000000    0.7000000000
  0.7000000000    0.7000000000    0.7000000000    0.7000000000    0.7000000000
  0.7000000000    0.7000000000    0.7000000000    0.7000000000    0.7000000000
  0.7000000000    0.7000000000    0.7000000000    0.7000000000    0.7000000000
  0.7000000000    0.7000000000    0.7000000000    0.7000000000    0.7000000000
  0.7000000000    0.7000000000    0.7000000000    0.7000000000    0.7000000000
  0.7000000000    0.7000000000    0.7000000000    0.7000000000    0.7000000000
  0.7000000000    0.7000000000    0.7000000000    0.7000000000    0.7000000000
  0.7000000000    0.7000000000    0.7000000000    0.7000000000    0.7000000000
  0.0000000209    0.0318894774    0.0619410247    0.0891538471    0.1133827895
  0.1349243373    0.1541944295    0.1715863496    0.1874310464    0.2019939214
  0.2154858023    0.2280745417    0.2398952395    0.2510549158    0.2616421908
  0.2717299968    0.2813789159    0.2906393081    0.2995546907    0.3081613213
  0.3164902836    0.3245703667    0.3324240178    0.3400734335    0.3475359291
  0.3548279017    0.3619649142    0.3689593166    0.3758231670    0.3825667709
  0.3892005593    0.3957328349    0.4021712750    0.4085237652    0.4147970647
  0.4209983915    0.4271319181    0.4332049042    0.4392206460    0.4451856107
  0.4511033863    0.4569782287    0.4628151029    0.4686176807    0.4743885070
  0.4801326722    0.4858522207    0.4915518254    0.4972345740    0.5029027611
  0.5085591406    0.5142084688    0.5198522061    0.5254933149    0.5311361343
  0.5367827922    0.5424355000    0.5480979294    0.5537744194    0.5594652623
  0.5651757568    0.5709088653    0.5766672999    0.5824556917    0.5882751256
  0.5941326529    0.6000296921    0.6059723347    0.6119643360    0.6180098683
  0.6241144806    0.6302839309    0.6365237266    0.6428410858    0.6492427260
  0.6557377428    0.6623327702    0.6690379888    0.6758670837    0.6828297764
  0.6899389178    0.6972149104    0.6999999791    0.7000000000    0.7000000000
  0.7000000000    0.7000000000    0.7000000000    0.7000000000    0.7000000000
  0.7000000000    0.7000000000    0.7000000000    0.7000000000    0.7000000000
  0.7000000000    0.7000000000    0.7000000000    0.7000000000    0.7000000000
  0.7000000000    0.7000000000    0.7000000000    0.7000000000    0.7000000000
  0.7000000000    0.7000000000    0.7000000000    0.7000000000    0.7000000000
  0.7000000000    0.7000000000    0.7000000000    0.7000000000    0.7000000000
  0.7000000000    0.7000000000    0.7000000000    0.7000000000    0.7000000000
  0.7000000000    0.7000000000    0.7000000000    0.7000000000    0.7000000000
  0.7000000000    0.7000000000    0.7000000000    0.7000000000    0.7000000000
  0.7000000000    0.7000000000    0.7000000000    0.7000000000    0.7000000000
  0.7000000000    0.7000000000    0.7000000000    0.7000000000    0.7000000000
  0.7000000000    0.7000000000    0.7000000000    0.7000000000    0.7000000000
  0.7000000000    0.7000000000    0.7000000000    0.7000000000    0.7000000000
  0.7000000000    0.7000000000    0.7000000000    0.7000000000    0.7000000000
  0.7000000000    0.7000000000    0.7000000000    0.7000000000    0.7000000000
  0.7000000000    0.7000000000    0.7000000000    0.7000000000    0.7000000000
  0.7000000000    0.7000000000    0.7000000000    0.7000000000    0.7000000000
  0.7000000000    0.7000000000    0.7000000000    0.7000000000    0.7000000000
  0.7000000000    0.7000000000    0.7000000000    0.7000000000    0.7000000000
  0.0000000209    0.0297391444    0.0580013067    0.0839065641    0.1072380394
  0.1281711787    0.1470214099    0.1641148001    0.1797374874    0.1941295475
  0.2074838668    0.2199579507    0.2316779286    0.2427475661    0.2532514781
  0.2632605523    0.2728334516    0.2820196182    0.2908613592    0.2993945152
  0.3076502949    0.3156557351    0.3234342426    0.3310061783    0.3383906096
  0.3456033081    0.3526582092    0.3595693320    0.3663476914    0.3730037183
  0.3795473009    0.3859874517    0.3923313051    0.3985873729    0.4047610372
  0.4108595580    0.4168882757    0.4228530318    0.4287582904    0.4346090585
  0.4404100507    0.4461643130    0.4518773109    0.4575520486    0.4631920308
  0.4688011795    0.4743822068    0.4799389511    0.4854728311    0.4909893125
  0.4964888543    0.5019756705    0.5074522227    0.5129210562    0.5183843404
  0.5238455802    0.5293076545    0.5347714812    0.5402418584    0.5457194120
  0.5512090653    0.5567112356    0.5622299701    0.5677679807    0.5733277708
  0.5789133042    0.5845271677    0.5901712805    0.5958507329    0.6015702814
  0.6073304266    0.6131370932    0.6189946622    0.6249079734    0.6308804482
  0.6369189292    0.6430294245    0.6492153555    0.6554880708    0.6618514508
  0.6683159262    0.6748905092    0.6815865070    0.6884135574    0.6953891844
  0.6999999791    0.7000000000    0.7000000000    0.7000000000    0.7000000000
  0.7000000000    0.7000000000    0.7000000000    0.7000000000    0.7000000000
  0.7000000000    0.7000000000    0.7000000000    0.7000000000    0.7000000000
  0.7000000000    0.7000000000    0.7000000000    0.7000000000    0.7000000000
  0.7000000000    0.7000000000    0.7000000000    0.7000000000    0.7000000000
  0.7000000000    0.7000000000    0.7000000000    0.7000000000    0.7000000000
  0.7000000000    0.7000000000    0.7000000000    0.7000000000    0.7000000000
  0.7000000000    0.7000000000    0.7000000000    0.7000000000    0.7000000000
  0.7000000000    0.7000000000    0.7000000000    0.7000000000    0.7000000000
  0.7000000000    0.7000000000    0.7000000000    0.7000000000    0.7000000000
  0.7000000000    0.7000000000    0.7000000000    0.7000000000    0.7000000000
  0.7000000000    0.7000000000    0.7000000000    0.7000000000    0.7000000000
  0.7000000000    0.7000000000    0.7000000000    0.7000000000    0.7000000000
  0.7000000000    0.7000000000    0.7000000000    0.7000000000    0.7000000000
  0.7000000000    0.7000000000    0.7000000000    0.7000000000    0.7000000000
  0.7000000000    0.7000000000    0.7000000000    0.7000000000    0.7000000000
  0.7000000000    0.7000000000    0.7000000000    0.7000000000    0.7000000000
  0.7000000000    0.7000000000    0.7000000000    0.7000000000    0.7000000000
  0.7000000000    0.7000000000    0.7000000000    0.7000000000    0.7000000000
  0.0000000209    0.0278188318    0.0544419378    0.0791035086    0.1015482813
  0.1218613297    0.1402739674    0.1570505530    0.1724380463    0.1866476089
  0.1998565227    0.2122091502    0.2238244444    0.2348014563    0.2452215880
  0.2551517218    0.2646501869    0.2737641722    0.2825346082    0.2909979194
  0.2991839379    0.3071192414    0.3148271531    0.3223279089    0.3296399087
  0.3367788404    0.3437587231    0.3505929917    0.3572932452    0.3638688296
  0.3703308016    0.3766871303    0.3829455346    0.3891131073    0.3951967329
  0.4012033790    0.4071373433    0.4130050927    0.4188106745    0.4245597214
  0.4302556127    0.4359028548    0.4415052027    0.4470666617    0.4525904030
  0.4580800563    0.4635378748    0.4689680308    0.4743719429    0.4797538251
  0.4851158470    0.4904604286    0.4957917422    0.5011091202    0.5064174026
  0.5117193431    0.5170144826    0.5223084539    0.5276015073    0.5328971893
  0.5381976694    0.5435036570    0.5488201171    0.5541470915    0.5594887525
  0.5648474365    0.5702241868    0.5756230921    0.5810465306    0.5864974231
  0.5919774801    0.5974925011    0.6030433625    0.6086346537    0.6142692119
  0.6199512511    0.6256853193    0.6314754635    0.6373260647    0.6432416290
  0.6492302507    0.6552949339    0.6614449829    0.6676867396    0.6740283400
  0.6804797143    0.6870499164    0.6937513381    0.6999999791    0.7000000000
  0.7000000000    0.7000000000    0.7000000000    0.7000000000    0.7000000000
  0.7000000000    0.7000000000    0.7000000000    0.7000000000    0.7000000000
  0.7000000000    0.7000000000    0.7000000000    0.7000000000    0.7000000000
  0.7000000000    0.7000000000    0.7000000000    0.7000000000    0.7000000000
  0.7000000000    0.7000000000    0.7000000000    0.7000000000    0.7000000000
  0.7000000000    0.7000000000    0.7000000000    0.7000000000    0.7000000000
  0.7000000000    0.7000000000    0.7000000000    0.7000000000    0.7000000000
  0.7000000000    0.7000000000    0.7000000000    0.7000000000    0.7000000000
  0.7000000000    0.7000000000    0.7000000000    0.7000000000    0.7000000000
  0.7000000000    0.7000000000    0.7000000000    0.7000000000    0.7000000000
  0.7000000000    0.7000000000    0.7000000000    0.7000000000    0.7000000000
  0.7000000000    0.7000000000    0.7000000000    0.7000000000    0.7000000000
  0.7000000000    0.7000000000    0.7000000000    0.7000000000    0.7000000000
  0.7000000000    0.7000000000    0.7000000000    0.7000000000    0.7000000000
  0.7000000000    0.7000000000    0.7000000000    0.7000000000    0.7000000000
  0.7000000000    0.7000000000    0.7000000000    0.7000000000    0.7000000000
  0.7000000000    0.7000000000    0.7000000000    0.7000000000    0.7000000000
  0.7000000000    0.7000000000    0.7000000000    0.7000000000    0.7000000000
  0.0000000209    0.0260967046    0.0512185663    0.0747024566    0.0962786764
  0.1159662098    0.1339278191    0.1503736645    0.1655116111    0.1795279115
  0.1925818235    0.2048065692    0.2163130075    0.2271945149    0.2375284463
  0.2473798066    0.2568033785    0.2658463925    0.2745482773    0.2829437047
  0.2910630494    0.2989321798    0.3065728754    0.3140064567    0.3212511569
  0.3283209115    0.3352313668    0.3419948310    0.3486229032    0.3551249295
  0.3615120083    0.3677916080    0.3739714891    0.3800592870    0.3860610098
  0.3919835418    0.3978323489    0.4036119372    0.4093279392    0.4149840683
  0.4205862492    0.4261366516    0.4316400319    0.4370995611    0.4425194949
  0.4479015857    0.4532497555    0.4585666746    0.4638559729    0.4691195697
  0.4743591756    0.4795784622    0.4847802252    0.4899654657    0.4951368123
  0.5002976865    0.5054496318    0.5105939835    0.5157342464    0.5208711714
  0.5260080546    0.5311458141    0.5362866193    0.5414347678    0.5465899676
  0.5517544717    0.5569317847    0.5621230751    0.5673305959    0.5725583106
  0.5778061360    0.5830785364    0.5883765131    0.5937044472    0.5990630895
  0.6044585735    0.6098900229    0.6153639466    0.6208806783    0.6264478117
  0.6320663482    0.6377417535    0.6434775740    0.6492803603    0.6551537842
  0.6611057729    0.6671412081    0.6732684761    0.6794927925    0.6858281761
  0.6922787577    0.6988594323    0.6999999791    0.7000000000    0.7000000000
  0.7000000000    0.7000000000    0.7000000000    0.7000000000    0.7000000000
  0.7000000000    0.7000000000    0.7000000000    0.7000000000    0.7000000000
  0.7000000000    0.7000000000    0.7000000000    0.7000000000    0.7000000000
  0.7000000000    0.7000000000    0.7000000000    0.7000000000    0.7000000000
  0.7000000000    0.7000000000    0.7000000000    0.7000000000    0.7000000000
  0.7000000000    0.7000000000    0.7000000000    0.7000000000    0.7000000000
  0.7000000000    0.7000000000    0.7000000000    0.7000000000    0.7000000000
  0.7000000000    0.7000000000    0.7000000000    0.7000000000    0.7000000000
  0.7000000000    0.7000000000    0.7000000000    0.7000000000    0.7000000000
  0.7000000000    0.7000000000    0.7000000000    0.7000000000    0.7000000000
  0.7000000000    0.7000000000    0.7000000000    0.7000000000    0.7000000000
  0.7000000000    0.7000000000    0.7000000000    0.7000000000    0.7000000000
  0.7000000000    0.7000000000    0.7000000000    0.7000000000    0.7000000000
  0.7000000000    0.7000000000    0.7000000000    0.7000000000    0.7000000000
  0.7000000000    0.7000000000    0.7000000000    0.7000000000    0.7000000000
  0.7000000000    0.7000000000    0.7000000000    0.7000000000    0.7000000000
  0.7000000000    0.7000000000    0.7000000000    0.7000000000    0.7000000000
  0.0000000209    0.0245460182    0.0482917637    0.0706650227    0.0913971394
  0.1104592413    0.1279598087    0.1440619797    0.1589388639    0.1727510542
  0.1856416613    0.1977319330    0.2091251343    0.2199074239    0.2301529437
  0.2399241537    0.2492727906    0.2582446665    0.2668793350    0.2752090067
  0.2832636386    0.2910685986    0.2986459583    0.3060162872    0.3131964833
  0.3202021509    0.3270476013    0.3337452263    0.3403054565    0.3467403919
  0.3530577928    0.3592668384    0.3653747886    0.3713887781    0.3773158163
  0.3831618696    0.3889319450    0.3946316332    0.4002660662    0.4058385402
  0.4113550633    0.4168178052    0.4222312301    0.4275999695    0.4329249829
  0.4382114857    0.4434610218    0.4486769289    0.4538623780    0.4590189546
  0.4641504556    0.4692576319    0.4743445724    0.4794126958    0.4844634205
  0.4894999176    0.4945237726    0.4995369881    0.5045423597    0.5095402628
  0.5145338267    0.5195245534    0.5245139450    0.5295052141    0.5344987363
  0.5394970566    0.5445017189    0.5495154351    0.5545396239    0.5595763296
  0.5646275550    0.5696948022    0.5747815341    0.5798877090    0.5850185841
  0.5901739508    0.5953578979    0.6005719692    0.6058188349    0.6111016244
  0.6164238006    0.6217878252    0.6271970361    0.6326554805    0.6381660372
  0.6437335879    0.6493631810    0.6550582796    0.6608250588    0.6666684002
  0.6725960225    0.6786147267    0.6847303957    0.6909534186    0.6972926825
  0.6999999791    0.7000000000    0.7000000000    0.7000000000    0.7000000000
  0.7000000000    0.7000000000    0.7000000000    0.7000000000    0.7000000000
  0.7000000000    0.7000000000    0.7000000000    0.7000000000    0.7000000000
  0.7000000000    0.7000000000    0.7000000000    0.7000000000    0.7000000000
  0.7000000000    0.7000000000    0.7000000000    0.7000000000    0.7000000000
  0.7000000000    0.7000000000    0.7000000000    0.7000000000    0.7000000000
  0.7000000000    0.7000000000    0.7000000000    0.7000000000    0.7000000000
  0.7000000000    0.7000000000    0.7000000000    0.7000000000    0.7000000000
  0.7000000000    0.7000000000    0.7000000000    0.7000000000    0.7000000000
  0.7000000000    0.7000000000    0.7000000000    0.7000000000    0.7000000000
  0.7000000000    0.7000000000    0.7000000000    0.7000000000    0.7000000000
  0.7000000000    0.7000000000    0.7000000000    0.7000000000    0.7000000000
  0.7000000000    0.7000000000    0.7000000000    0.7000000000    0.7000000000
  0.7000000000    0.7000000000    0.7000000000    0.7000000000    0.7000000000
  0.7000000000    0.7000000000    0.7000000000    0.7000000000    0.7000000000
  0.7000000000    0.7000000000    0.7000000000    0.7000000000    0.7000000000
  0.7000000000    0.7000000000    0.7000000000    0.7000000000    0.7000000000
  0.0000000209    0.0231444091    0.0456275672    0.0669563681    0.0868722111
  0.1053152233    0.1223488241    0.1380973488    0.1527018636    0.1663008064
  0.1790194303    0.1909687191    0.2022422165    0.2129218251    0.2230765551
  0.2327653617    0.2420385629    0.2509398848    0.2595072120    0.2677720040
  0.2757640928    0.2835072190    0.2910237879    0.2983334094    0.3054529399
  0.3123977333    0.3191815168    0.3258170575    0.3323154122    0.3386863440
  0.3449394077    0.3510825306    0.3571240991    0.3630707473    0.3689284414
  0.3747037739    0.3804022521    0.3860289246    0.3915880471    0.3970844597
  0.4025227100    0.4079060107    0.4132379085    0.4185225755    0.4237625152
  0.4289616078    0.4341218561    0.4392468065    0.4443390876    0.4493999511
  0.4544332772    0.4594404012    0.4644245356    0.4693867654    0.4743299693
  0.4792556077    0.4841658086    0.4890627414    0.4939479083    0.4988232702
  0.5036897033    0.5085507959    0.5134068400    0.5182607144    0.5231134623
  0.5279655844    0.5328205854    0.5376797587    0.5425445646    0.5474165887
  0.5522976667    0.5571903437    0.5620949954    0.5670140833    0.5719499022
  0.5769041628    0.5818785757    0.5868751436    0.5918964535    0.5969447166
  0.6020219356    0.6071303219    0.6122731715    0.6174528629    0.6226719826
  0.6279339939    0.6332418591    0.6385979563    0.6440085024    0.6494749993
  0.6550034136    0.6605980009    0.6662636012    0.6720051378    0.6778288692
  0.6837431818    0.6897550017    0.6958734244    0.6999999791    0.7000000000
  0.7000000000    0.7000000000    0.7000000000    0.7000000000    0.7000000000
  0.7000000000    0.7000000000    0.7000000000    0.7000000000    0.7000000000
  0.7000000000    0.7000000000    0.7000000000    0.7000000000    0.7000000000
  0.7000000000    0.7000000000    0.7000000000    0.7000000000    0.7000000000
  0.7000000000    0.7000000000    0.7000000000    0.7000000000    0.7000000000
  0.7000000000    0.7000000000    0.7000000000    0.7000000000    0.7000000000
  0.7000000000    0.7000000000    0.7000000000    0.7000000000    0.7000000000
  0.7000000000    0.7000000000    0.7000000000    0.7000000000    0.7000000000
  0.7000000000    0.7000000000    0.7000000000    0.7000000000    0.7000000000
  0.7000000000    0.7000000000    0.7000000000    0.7000000000    0.7000000000
  0.7000000000    0.7000000000    0.7000000000    0.7000000000    0.7000000000
  0.7000000000    0.7000000000    0.7000000000    0.7000000000    0.7000000000
  0.7000000000    0.7000000000    0.7000000000    0.7000000000    0.7000000000
  0.7000000000    0.7000000000    0.7000000000    0.7000000000    0.7000000000
  0.7000000000    0.7000000000    0.7000000000    0.7000000000    0.7000000000
  0.7000000000    0.7000000000    0.7000000000    0.7000000000    0.7000000000
  0.0000000209    0.0218728930    0.0431961864    0.0635450751    0.0826756865
  0.1005084127    0.1170730025    0.1324602038    0.1467834622    0.1601602286
  0.1726995677    0.1845011979    0.1956503183    0.2062229067    0.2162840098
  0.2258884102    0.2350847989    0.2439147323    0.2524143010    0.2606152147
  0.2685454279    0.2762283057    0.2836857110    0.2909364611    0.2979982883
  0.3048847109    0.3116109580    0.3181881279    0.3246270686    0.3309387535
  0.3371314436    0.3432137340    0.3491928846    0.3550766140    0.3608703464
  0.3665806741    0.3722126037    0.3777718514    0.3832620472    0.3886886150
  0.3940546423    0.3993649274    0.4046219736    0.4098306209    0.4149933726
  0.4201125652    0.4251919538    0.4302334577    0.4352409989    0.4402151614
  0.4451600343    0.4500765353    0.4549679190    0.4598348945    0.4646809250
  0.4695074707    0.4743154913    0.4791076154    0.4838855118    0.4886511832
  0.4934057146    0.4981509000    0.5028885335    0.5076203257    0.5123483211
  0.5170726866    0.5217954248    0.5265187472    0.5312435716    0.5359719843
  0.5407051533    0.5454446226    0.5501922697    0.5549485952    0.5597170204
  0.5644983381    0.5692940921    0.5741053253    0.5789346665    0.5837842017
  0.5886555165    0.5935500711    0.5984704524    0.6034183294    0.6083972067
  0.6134076685    0.6184525937    0.6235357374    0.6286592692    0.6338243574
  0.6390365511    0.6442976862    0.6496128529    0.6549841791    0.6604183406
  0.6659162134    0.6714848489    0.6771307558    0.6828573138    0.6886729091
  0.6945843011    0.6999999791    0.7000000000    0.7000000000    0.7000000000
  0.7000000000    0.7000000000    0.7000000000    0.7000000000    0.7000000000
  0.7000000000    0.7000000000    0.7000000000    0.7000000000    0.7000000000
  0.7000000000    0.7000000000    0.7000000000    0.7000000000    0.7000000000
  0.7000000000    0.7000000000    0.7000000000    0.7000000000    0.7000000000
  0.7000000000    0.7000000000    0.7000000000    0.7000000000    0.7000000000
  0.7000000000    0.7000000000    0.7000000000    0.7000000000    0.7000000000
  0.7000000000    0.7000000000    0.7000000000    0.7000000000    0.7000000000
  0.7000000000    0.7000000000    0.7000000000    0.7000000000    0.7000000000
  0.7000000000    0.7000000000    0.7000000000    0.7000000000    0.7000000000
  0.7000000000    0.7000000000    0.7000000000    0.7000000000    0.7000000000
  0.7000000000    0.7000000000    0.7000000000    0.7000000000    0.7000000000
  0.7000000000    0.7000000000    0.7000000000    0.7000000000    0.7000000000
  0.7000000000    0.7000000000    0.7000000000    0.7000000000    0.7000000000
  0.7000000000    0.7000000000    0.7000000000    0.7000000000    0.7000000000
  0.7000000000    0.7000000000    0.7000000000    0.7000000000    0.7000000000
  0.0000000209    0.0207156569    0.0409716278    0.0604016870    0.0787804455
  0.0960156113    0.1121124834    0.1271333963    0.1411685139    0.1543149680
  0.1666680545    0.1783150166    0.1893347532    0.1997964412    0.2097596198
  0.2192778200    0.2283956438    0.2371529371    0.2455850810    0.2537221998
  0.2615909547    0.2692147106    0.2766142875    0.2838087946    0.2908139616
  0.2976453096    0.3043152303    0.3108368248    0.3172203988    0.3234756321
  0.3296119124    0.3356367081    0.3415577799    0.3473828465    0.3531167895
  0.3587668270    0.3643367976    0.3698330015    0.3752596527    0.3806211323
  0.3859216124    0.3911643475    0.3963534683    0.4014917284    0.4065827578
  0.4116295189    0.4166346401    0.4216007084    0.4265301436    0.4314256579
  0.4362898380    0.4411237270    0.4459300786    0.4507116884    0.4554696411
  0.4602055222    0.4649217099    0.4696195394    0.4743017226    0.4789684683
  0.4836218625    0.4882633656    0.4928958148    0.4975182086    0.5021341771
  0.5067443877    0.5113500923    0.5159535855    0.5205546170    0.5251563162
  0.5297591835    0.5343639284    0.5389735967    0.5435892731    0.5482106656
  0.5528409451    0.5574814886    0.5621331304    0.5667965800    0.5714755923
  0.5761698753    0.5808824748    0.5856142670    0.5903660446    0.5951409787
  0.5999416560    0.6047669917    0.6096224934    0.6145081192    0.6194267482
  0.6243800074    0.6293723613    0.6344047695    0.6394806117    0.6446023077
  0.6497740299    0.6549984068    0.6602802366    0.6656227738    0.6710304826
  0.6765070766    0.6820608586    0.6876957506    0.6934163421    0.6992346495
  0.6999999791    0.7000000000    0.7000000000    0.7000000000    0.7000000000
  0.7000000000    0.7000000000    0.7000000000    0.7000000000    0.7000000000
  0.7000000000    0.7000000000    0.7000000000    0.7000000000    0.7000000000
  0.7000000000    0.7000000000    0.7000000000    0.7000000000    0.7000000000
  0.7000000000    0.7000000000    0.7000000000    0.7000000000    0.7000000000
  0.7000000000    0.7000000000    0.7000000000    0.7000000000    0.7000000000
  0.7000000000    0.7000000000    0.7000000000    0.7000000000    0.7000000000
  0.7000000000    0.7000000000    0.7000000000    0.7000000000    0.7000000000
  0.7000000000    0.7000000000    0.7000000000    0.7000000000    0.7000000000
  0.7000000000    0.7000000000    0.7000000000    0.7000000000    0.7000000000
  0.7000000000    0.7000000000    0.7000000000    0.7000000000    0.7000000000
  0.7000000000    0.7000000000    0.7000000000    0.7000000000    0.7000000000
  0.7000000000    0.7000000000    0.7000000000    0.7000000000    0.7000000000
  0.7000000000    0.7000000000    0.7000000000    0.7000000000    0.7000000000
  0.7000000000    0.7000000000    0.7000000000    0.7000000000    0.7000000000
  0.0000000209    0.0196590155    0.0389314860    0.0575010449    0.0751613289
  0.0918144137    0.1074475318    0.1220997781    0.1358407050    0.1487505883
  0.1609103709    0.1723974496    0.1832827955    0.1936287850    0.2034912437
  0.2129199058    0.2219576210    0.2306417733    0.2390052825    0.2470783144
  0.2548856527    0.2624510378    0.2697938293    0.2769326776    0.2838835210
  0.2906612128    0.2972783953    0.3037464589    0.3100766271    0.3162785798
  0.3223610789    0.3283320099    0.3341986328    0.3399675399    0.3456458241
  0.3512389094    0.3567519277    0.3621899694    0.3675573319    0.3728584379
  0.3780974180    0.3832776099    0.3884031028    0.3934772760    0.3985022157
  0.4034818858    0.4084186226    0.4133153886    0.4181737274    0.4229968518
  0.4277869314    0.4325460106    0.4372750074    0.4419781774    0.4466557294
  0.4513102502    0.4559422404    0.4605550796    0.4651496023    0.4697270602
  0.4742891222    0.4788373321    0.4833736926    0.4878991634    0.4924146205
  0.4969218582    0.5014234632    0.5059188098    0.5104094833    0.5148983210
  0.5193845302    0.5238712817    0.5283585757    0.5328480810    0.5373406321
  0.5418386489    0.5463427991    0.5508536667    0.5553742975    0.5599035650
  0.5644448072    0.5689991921    0.5735678881    0.5781518549    0.5827521771
  0.5873721510    0.5920117766    0.5966746420    0.6013594121    0.6060713440
  0.6108086020    0.6155766100    0.6203752428    0.6252077132    0.6300755650
  0.6349810511    0.6399283439    0.6449185699    0.6499555677    0.6550412565
  0.6601808101    0.6653774410    0.6706329852    0.6759536177    0.6813450962
  0.6868090481    0.6923545688    0.6979874164    0.6999999791    0.7000000000
  0.7000000000    0.7000000000    0.7000000000    0.7000000000    0.7000000000
  0.7000000000    0.7000000000    0.7000000000    0.7000000000    0.7000000000
  0.7000000000    0.7000000000    0.7000000000    0.7000000000    0.7000000000
  0.7000000000    0.7000000000    0.7000000000    0.7000000000    0.7000000000
  0.7000000000    0.7000000000    0.7000000000    0.7000000000    0.7000000000
  0.7000000000    0.7000000000    0.7000000000    0.7000000000    0.7000000000
  0.7000000000    0.7000000000    0.7000000000    0.7000000000    0.7000000000
  0.7000000000    0.7000000000    0.7000000000    0.7000000000    0.7000000000
  0.7000000000    0.7000000000    0.7000000000    0.7000000000    0.7000000000
  0.7000000000    0.7000000000    0.7000000000    0.7000000000    0.7000000000
  0.7000000000    0.7000000000    0.7000000000    0.7000000000    0.7000000000
  0.7000000000    0.7000000000    0.7000000000    0.7000000000    0.7000000000
  0.7000000000    0.7000000000    0.7000000000    0.7000000000    0.7000000000
  0.7000000000    0.7000000000    0.7000000000    0.7000000000    0.7000000000
  0.0000000209    0.0186912864    0.0370556921    0.0548197001    0.0717956811
  0.0878845423    0.1030597478    0.1173432022    0.1307863086    0.1434538215
  0.1554147929    0.1667367727    0.1774821788    0.1877087146    0.1974673659
  0.2068040699    0.2157585472    0.2243675560    0.2326625139    0.2406702489
  0.2484168380    0.2559237272    0.2632108599    0.2702953428    0.2771927804
  0.2839178175    0.2904833883    0.2969001323    0.3031791896    0.3093301564
  0.3153611273    0.3212805301    0.3270955414    0.3328127116    0.3384380490
  0.3439780623    0.3494372994    0.3548198074    0.3601320118    0.3653767496
  0.3705592364    0.3756812245    0.3807479292    0.3857616454    0.3907266289
  0.3956437141    0.4005173236    0.4053490013    0.4101427943    0.4148994535
  0.4196211904    0.4243105918    0.4289695770    0.4336005241    0.4382046431
  0.4427841038    0.4473399907    0.4518746823    0.4563890964    0.4608855277
  0.4653647274    0.4698283643    0.4742779821    0.4787145823    0.4831397086
  0.4875551134    0.4919612139    0.4963597625    0.5007519692    0.5051389188
  0.5095217794    0.5139011353    0.5182796985    0.5226576358    0.5270361573
  0.5314161807    0.5357988745    0.5401858658    0.5445787400    0.5489780396
  0.5533852667    0.5578000456    0.5622262567    0.5666630238    0.5711136848
  0.5755767792    0.5800559372    0.5845516592    0.5890657395    0.5935998052
  0.5981538147    0.6027312726    0.6073328048    0.6119604558    0.6166158527
  0.6213008732    0.6260183960    0.6307685882    0.6355548710    0.6403800815
  0.6452465564    0.6501564234    0.6551124781    0.6601161808    0.6651751667
  0.6702876419    0.6754631609    0.6807000965    0.6860090464    0.6913885504
  0.6968492478    0.6999999791    0.7000000000    0.7000000000    0.7000000000
  0.7000000000    0.7000000000    0.7000000000    0.7000000000    0.7000000000
  0.7000000000    0.7000000000    0.7000000000    0.7000000000    0.7000000000
  0.7000000000    0.7000000000    0.7000000000    0.7000000000    0.7000000000
  0.7000000000    0.7000000000    0.7000000000    0.7000000000    0.7000000000
  0.7000000000    0.7000000000    0.7000000000    0.7000000000    0.7000000000
  0.7000000000    0.7000000000    0.7000000000    0.7000000000    0.7000000000
  0.7000000000    0.7000000000    0.7000000000    0.7000000000    0.7000000000
  0.7000000000    0.7000000000    0.7000000000    0.7000000000    0.7000000000
  0.7000000000    0.7000000000    0.7000000000    0.7000000000    0.7000000000
  0.7000000000    0.7000000000    0.7000000000    0.7000000000    0.7000000000
  0.7000000000    0.7000000000    0.7000000000    0.7000000000    0.7000000000
  0.7000000000    0.7000000000    0.7000000000    0.7000000000    0.7000000000
  0.7000000000    0.7000000000    0.7000000000    0.7000000000    0.7000000000
  0.0000000209    0.0178025395    0.0353271812    0.0523368746    0.0686623484
  0.0842058033    0.0989314407    0.1128473133    0.1259902209    0.1384118170
  0.1501690537    0.1613205522    0.1719220549    0.1820251733    0.1916761369
  0.2009180456    0.2097882003    0.2183201879    0.2265440077    0.2344869882
  0.2421720356    0.2496204287    0.2568515688    0.2638820201    0.2707271367
  0.2774011463    0.2839163572    0.2902837008    0.2965136081    0.3026150078
  0.3085969955    0.3144674152    0.3202333599    0.3259007543    0.3314761907
  0.3369655937    0.3423740119    0.3477054924    0.3529659182    0.3581576258
  0.3632863313    0.3683549136    0.3733664185    0.3783242673    0.3832316726
  0.3880915970    0.3929068774    0.3976791412    0.4024118930    0.4071065098
  0.4117656618    0.4163915604    0.4209855825    0.4255496472    0.4300865501
  0.4345974594    0.4390830010    0.4435461372    0.4479878694    0.4524094909
  0.4568128377    0.4611995786    0.4655698806    0.4699258298    0.4742684692
  0.4785997182    0.4829199940    0.4872306734    0.4915334672    0.4958286673
  0.5001175255    0.5044015437    0.5086814314    0.5129594833    0.5172349066
  0.5215100378    0.5257843763    0.5300614268    0.5343406469    0.5386237055
  0.5429108530    0.5472040087    0.5515038401    0.5558125585    0.5601294130
  0.5644561142    0.5687947899    0.5731457740    0.5775106102    0.5818899244
  0.5862860113    0.5906997889    0.5951324672    0.5995837539    0.6040586978
  0.6085567981    0.6130793482    0.6176284343    0.6222060174    0.6268127233
  0.6314526409    0.6361265212    0.6408359081    0.6455843896    0.6503734261
  0.6552059799    0.6600840122    0.6650114447    0.6699912816    0.6750279456
  0.6801229805    0.6852816850    0.6905093580    0.6958099633    0.6999999791
  0.7000000000    0.7000000000    0.7000000000    0.7000000000    0.7000000000
  0.7000000000    0.7000000000    0.7000000000    0.7000000000    0.7000000000
  0.7000000000    0.7000000000    0.7000000000    0.7000000000    0.7000000000
  0.7000000000    0.7000000000    0.7000000000    0.7000000000    0.7000000000
  0.7000000000    0.7000000000    0.7000000000    0.7000000000    0.7000000000
  0.7000000000    0.7000000000    0.7000000000    0.7000000000    0.7000000000
  0.7000000000    0.7000000000    0.7000000000    0.7000000000    0.7000000000
  0.7000000000    0.7000000000    0.7000000000    0.7000000000    0.7000000000
  0.7000000000    0.7000000000    0.7000000000    0.7000000000    0.7000000000
  0.7000000000    0.7000000000    0.7000000000    0.7000000000    0.7000000000
  0.7000000000    0.7000000000    0.7000000000    0.7000000000    0.7000000000
  0.7000000000    0.7000000000    0.7000000000    0.7000000000    0.7000000000
  0.7000000000    0.7000000000    0.7000000000    0.7000000000    0.7000000000
  0.0000000209    0.0169840544    0.0337307662    0.0500341266    0.0657418042
  0.0807596713    0.0950456291    0.1085974663    0.1214395076    0.1336120576
  0.1451620549    0.1561389834    0.1665921599    0.1765673131    0.1861080855
  0.1952521116    0.2040346891    0.2124886125    0.2206405848    0.2285167247
  0.2361395210    0.2435295433    0.2507049829    0.2576819032    0.2644759089
  0.2710991830    0.2775648683    0.2838837296    0.2900660306    0.2961199909
  0.3020552069    0.3078782290    0.3135967344    0.3192171484    0.3247453958
  0.3301869005    0.3355465859    0.3408302516    0.3460404426    0.3511832505
  0.3562617630    0.3612793595    0.3662390858    0.3711449474    0.3759991139
  0.3808050483    0.3855656713    0.3902825266    0.3949587435    0.3995966583
  0.4041975230    0.4087634653    0.4132975310    0.4178006381    0.4222745389
  0.4267214864    0.4311426491    0.4355400711    0.4399147123    0.4442684501
  0.4486017019    0.4529175967    0.4572154254    0.4614978582    0.4657653958
  0.4700195819    0.4742618769    0.4784922391    0.4827134639    0.4869249254
  0.4911292940    0.4953264028    0.4995173365    0.5037037641    0.5078875631
  0.5120670646    0.5162454814    0.5204228967    0.5246001869    0.5287786454
  0.5329598993    0.5371430308    0.5413313359    0.5455238134    0.5497235924
  0.5539292127    0.5581441373    0.5623671979    0.5666009396    0.5708461970
  0.5751025528    0.5793735117    0.5836578220    0.5879592389    0.5922767609
  0.5966133088    0.6009688824    0.6053458184    0.6097444922    0.6141677827
  0.6186155230    0.6230908006    0.6275940329    0.6321278065    0.6366937488
  0.6412941962    0.6459302336    0.6506057411    0.6553211778    0.6600797564
  0.6648854822    0.6697391063    0.6746435910    0.6796061128    0.6846251279
  0.6897091895    0.6948589653    0.6999999791    0.7000000000    0.7000000000
  0.7000000000    0.7000000000    0.7000000000    0.7000000000    0.7000000000
  0.7000000000    0.7000000000    0.7000000000    0.7000000000    0.7000000000
  0.7000000000    0.7000000000    0.7000000000    0.7000000000    0.7000000000
  0.7000000000    0.7000000000    0.7000000000    0.7000000000    0.7000000000
  0.7000000000    0.7000000000    0.7000000000    0.7000000000    0.7000000000
  0.7000000000    0.7000000000    0.7000000000    0.7000000000    0.7000000000
  0.7000000000    0.7000000000    0.7000000000    0.7000000000    0.7000000000
  0.7000000000    0.7000000000    0.7000000000    0.7000000000    0.7000000000
  0.7000000000    0.7000000000    0.7000000000    0.7000000000    0.7000000000
  0.7000000000    0.7000000000    0.7000000000    0.7000000000    0.7000000000
  0.7000000000    0.7000000000    0.7000000000    0.7000000000    0.7000000000
  0.7000000000    0.7000000000    0.7000000000    0.7000000000    0.7000000000
  0.0000000209    0.0162284046    0.0322530955    0.0478948087    0.0630166084
  0.0775292069    0.0913868338    0.1045793086    0.1171213597    0.1290431112
  0.1403819054    0.1511808842    0.1614824802    0.1713266641    0.1807529062
  0.1897967964    0.1984905452    0.2068632334    0.2149422318    0.2227506548
  0.2303106993    0.2376414746    0.2447610468    0.2516845614    0.2584270805
  0.2650010377    0.2714181989    0.2776896626    0.2838249415    0.2898332149
  0.2957223266    0.3014998287    0.3071732730    0.3127480000    0.3182308942
  0.3236268371    0.3289407521    0.3341778129    0.3393422335    0.3444378942
  0.3494684249    0.3544382483    0.3593494087    0.3642059118    0.3690108865
  0.3737663776    0.3784756809    0.3831410915    0.3877645284    0.3923484534
  0.3968951195    0.4014061958    0.4058836848    0.4103300899    0.4147462457
  0.4191343635    0.4234956115    0.4278320760    0.4321448416    0.4364352435
  0.4407042414    0.4449540466    0.4491859525    0.4534001678    0.4575992793
  0.4617828697    0.4659529835    0.4701109976    0.4742564946    0.4783926457
  0.4825189084    0.4866365761    0.4907477349    0.4948512584    0.4989501506
  0.5030440778    0.5071337074    0.5112217933    0.5153070837    0.5193922907
  0.5234764963    0.5275628299    0.5316498727    0.5357401282    0.5398339301
  0.5439315289    0.5480353445    0.5521446675    0.5562622100    0.5603868455
  0.5645219952    0.5686660737    0.5728215009    0.5769890696    0.5811704069
  0.5853656799    0.5895763904    0.5938031644    0.5980484217    0.6023110777
  0.6065951377    0.6108997256    0.6152278036    0.6195789129    0.6239573091
  0.6283619493    0.6327947110    0.6372584313    0.6417548209    0.6462850481
  0.6508512408    0.6554561943    0.6601020783    0.6647913128    0.6695252329
  0.6743085951    0.6791422755    0.6840327829    0.6889804929    0.6939902872
  0.6990674645    0.6999999791    0.7000000000    0.7000000000    0.7000000000
  0.7000000000    0.7000000000    0.7000000000    0.7000000000    0.7000000000
  0.7000000000    0.7000000000    0.7000000000    0.7000000000    0.7000000000
  0.7000000000    0.7000000000    0.7000000000    0.7000000000    0.7000000000
  0.7000000000    0.7000000000    0.7000000000    0.7000000000    0.7000000000
  0.7000000000    0.7000000000    0.7000000000    0.7000000000    0.7000000000
  0.7000000000    0.7000000000    0.7000000000    0.7000000000    0.7000000000
  0.7000000000    0.7000000000    0.7000000000    0.7000000000    0.7000000000
  0.7000000000    0.7000000000    0.7000000000    0.7000000000    0.7000000000
  0.7000000000    0.7000000000    0.7000000000    0.7000000000    0.7000000000
  0.7000000000    0.7000000000    0.7000000000    0.7000000000    0.7000000000
  0.7000000000    0.7000000000    0.7000000000    0.7000000000    0.7000000000
  0.0000000209    0.0155290812    0.0308825701    0.0459039837    0.0604704052
  0.0744980127    0.0879397839    0.1007791549    0.1130229682    0.1246927112
  0.1358189255    0.1464369506    0.1565832525    0.1662933379    0.1756027967
  0.1845434636    0.1931450874    0.2014357895    0.2094396859    0.2171792239
  0.2246754736    0.2319467932    0.2390100390    0.2458802730    0.2525710553
  0.2590955704    0.2654647917    0.2716894835    0.2777795762    0.2837424129
  0.2895873398    0.2953207403    0.3009500414    0.3064815849    0.3119206280
  0.3172730118    0.3225431591    0.3277361602    0.3328561872    0.3379071623
  0.3428932160    0.3478171855    0.3526826590    0.3574930996    0.3622506768
  0.3669589788    0.3716202587    0.3762367696    0.3808105141    0.3853444546
  0.3898403853    0.3942998916    0.3987256438    0.4031185597    0.4074810177
  0.4118142277    0.4161199838    0.4203993291    0.4246548086    0.4288864225
  0.4330965906    0.4372855633    0.4414557189    0.4456076831    0.4497427076
  0.4538613766    0.4579652339    0.4620552808    0.4661330193    0.4701993257
  0.4742546171    0.4782997280    0.4823364109    0.4863649577    0.4903865784
  0.4944018990    0.4984120876    0.5024177700    0.5064199477    0.5104200393
  0.5144177526    0.5184139222    0.5224103838    0.5264079720    0.5304062277
  0.5344071954    0.5384116679    0.5424194783    0.5464321703    0.5504504114
  0.5544760793    0.5585080475    0.5625485271    0.5665980190    0.5706578165
  0.5747287124    0.5788111657    0.5829070956    0.5870167941    0.5911408871
  0.5952808350    0.5994387239    0.6036134690    0.6078087002    0.6120236248
  0.6162612051    0.6205209821    0.6248046666    0.6291154295    0.6334533125
  0.6378200680    0.6422171563    0.6466462046    0.6511104673    0.6556099862
  0.6601481408    0.6647260994    0.6693477005    0.6740157813    0.6787290484
  0.6834951788    0.6883171767    0.6931933731    0.6981330723    0.6999999791
  0.7000000000    0.7000000000    0.7000000000    0.7000000000    0.7000000000
  0.7000000000    0.7000000000    0.7000000000    0.7000000000    0.7000000000
  0.7000000000    0.7000000000    0.7000000000    0.7000000000    0.7000000000
  0.7000000000    0.7000000000    0.7000000000    0.7000000000    0.7000000000
  0.7000000000    0.7000000000    0.7000000000    0.7000000000    0.7000000000
  0.7000000000    0.7000000000    0.7000000000    0.7000000000    0.7000000000
  0.7000000000    0.7000000000    0.7000000000    0.7000000000    0.7000000000
  0.7000000000    0.7000000000    0.7000000000    0.7000000000    0.7000000000
  0.7000000000    0.7000000000    0.7000000000    0.7000000000    0.7000000000
  0.7000000000    0.7000000000    0.7000000000    0.7000000000    0.7000000000
  0.7000000000    0.7000000000    0.7000000000    0.7000000000    0.7000000000
  0.0000000209    0.0148804516    0.0296088010    0.0440483838    0.0580885917
  0.0716516525    0.0846901685    0.0971836954    0.1091327757    0.1205510527
  0.1314631850    0.1418975443    0.1518858820    0.1614593238    0.1706489950
  0.1794842690    0.1879918069    0.1961977690    0.2041246861    0.2117941707
  0.2192258328    0.2264364868    0.2334429055    0.2402595669    0.2468996137
  0.2533747703    0.2596966356    0.2658753484    0.2719194204    0.2778388232
  0.2836399823    0.2893307835    0.2949175268    0.3004064292    0.3058037490
  0.3111136585    0.3163416654    0.3214927346    0.3265705377    0.3315789551
  0.3365215749    0.3414027780    0.3462246090    0.3509910733    0.3557047993
  0.3603682905    0.3649839252    0.3695544153    0.3740818053    0.3785690159
  0.3830168396    0.3874285311    0.3918050498    0.3961484820    0.4004601210
  0.4047423035    0.4089957803    0.4132231385    0.4174244612    0.4216017097
  0.4257563859    0.4298897833    0.4340027362    0.4380959958    0.4421717733
  0.4462311953    0.4502738446    0.4543013483    0.4583161265    0.4623176783
  0.4663069218    0.4702856928    0.4742544085    0.4782138199    0.4821647197
  0.4861078173    0.4900447816    0.4939757794    0.4979023963    0.5018238395
  0.5057420701    0.5096580476    0.5135718137    0.5174852461    0.5213978440
  0.5253105253    0.5292245418    0.5331402272    0.5370592505    0.5409819037
  0.5449084371    0.5488403946    0.5527775258    0.5567221671    0.5606736094
  0.5646336466    0.5686031967    0.5725814253    0.5765717119    0.5805731803
  0.5845869571    0.5886142105    0.5926559836    0.5967141122    0.6007879287
  0.6048791856    0.6089899272    0.6131189436    0.6172689885    0.6214418560
  0.6256378382    0.6298573941    0.6341041118    0.6383779496    0.6426807433
  0.6470134526    0.6513799161    0.6557804257    0.6602164418    0.6646899670
  0.6692034632    0.6737614781    0.6783633441    0.6830112725    0.6877127320
  0.6924650937    0.6972777039    0.6999999791    0.7000000000    0.7000000000
  0.7000000000    0.7000000000    0.7000000000    0.7000000000    0.7000000000
  0.7000000000    0.7000000000    0.7000000000    0.7000000000    0.7000000000
  0.7000000000    0.7000000000    0.7000000000    0.7000000000    0.7000000000
  0.7000000000    0.7000000000    0.7000000000    0.7000000000    0.7000000000
  0.7000000000    0.7000000000    0.7000000000    0.7000000000    0.7000000000
  0.7000000000    0.7000000000    0.7000000000    0.7000000000    0.7000000000
  0.7000000000    0.7000000000    0.7000000000    0.7000000000    0.7000000000
  0.7000000000    0.7000000000    0.7000000000    0.7000000000    0.7000000000
  0.7000000000    0.7000000000    0.7000000000    0.7000000000    0.7000000000
  0.7000000000    0.7000000000    0.7000000000    0.7000000000    0.7000000000
  0.0000000209    0.0142775089    0.0284228593    0.0423157841    0.0558581084
  0.0689766496    0.0816250950    0.0937807053    0.1054382235    0.1166066200
  0.1273040861    0.1375537366    0.1473817319    0.1568158597    0.1658831567
  0.1746105760    0.1830223590    0.1911416203    0.1989903063    0.2065888613
  0.2139540166    0.2211035043    0.2280527204    0.2348151416    0.2414033264
  0.2478296667    0.2541038841    0.2602369100    0.2662370056    0.2721123487
  0.2778707415    0.2835195690    0.2890654236    0.2945133537    0.2998696178
  0.3051388055    0.3103263825    0.3154367715    0.3204741031    0.3254417151
  0.3303436548    0.3351833016    0.3399642855    0.3446888596    0.3493598193
  0.3539806694    0.3585537881    0.3630808443    0.3675643831    0.3720073253
  0.3764105469    0.3807761341    0.3851067990    0.3894034594    0.3936680347
  0.3979023188    0.4021070212    0.4062848538    0.4104359001    0.4145626217
  0.4186655194    0.4227459282    0.4268062264    0.4308456630    0.4348664910
  0.4388698786    0.4428559512    0.4468262523    0.4507819086    0.4547233373
  0.4586524993    0.4625698537    0.4664752752    0.4703710586    0.4742570370
  0.4781345040    0.4820037097    0.4858663231    0.4897220105    0.4935728997
  0.4974186569    0.5012602836    0.5050988644    0.5089349002    0.5127679735
  0.5166012973    0.5204339534    0.5242659003    0.5281002253    0.5319354683
  0.5357733816    0.5396137565    0.5434590548    0.5473082751    0.5511620432
  0.5550222784    0.5588900238    0.5627645284    0.5666475862    0.5705392808
  0.5744417816    0.5783541709    0.5822777838    0.5862141222    0.5901635200
  0.5941262692    0.5981049567    0.6020990402    0.6061098546    0.6101386517
  0.6141858906    0.6182531148    0.6223426193    0.6264534861    0.6305886358
  0.6347474426    0.6389329523    0.6431459993    0.6473872095    0.6516593784
  0.6559648007    0.6603042275    0.6646779507    0.6690914363    0.6735423476
  0.6780368179    0.6825756818    0.6871636122    0.6917985231    0.6964899272
  0.6999999791    0.7000000000    0.7000000000    0.7000000000    0.7000000000
  0.7000000000    0.7000000000    0.7000000000    0.7000000000    0.7000000000
  0.7000000000    0.7000000000    0.7000000000    0.7000000000    0.7000000000
  0.7000000000    0.7000000000    0.7000000000    0.7000000000    0.7000000000
  0.7000000000    0.7000000000    0.7000000000    0.7000000000    0.7000000000
  0.7000000000    0.7000000000    0.7000000000    0.7000000000    0.7000000000
  0.7000000000    0.7000000000    0.7000000000    0.7000000000    0.7000000000
  0.7000000000    0.7000000000    0.7000000000    0.7000000000    0.7000000000
  0.7000000000    0.7000000000    0.7000000000    0.7000000000    0.7000000000
  0.7000000000    0.7000000000    0.7000000000    0.7000000000    0.7000000000
  0.0000000209    0.0137158304    0.0273163170    0.0406958371    0.0537659377
  0.0664598614    0.0787322551    0.0905582517    0.1019297153    0.1128501922
  0.1233328253    0.1333960146    0.1430628330    0.1523555189    0.1612988144
  0.1699157089    0.1782292336    0.1862605423    0.1940294951    0.2015546173
  0.2088532239    0.2159405440    0.2228313059    0.2295393199    0.2360756844
  0.2424528748    0.2486797780    0.2547669083    0.2607229441    0.2665552706
  0.2722721487    0.2778795868    0.2833847195    0.2887924284    0.2941089302
  0.2993387312    0.3044872135    0.3095582575    0.3145559102    0.3194845527
  0.3243477732    0.3291476995    0.3338890463    0.3385736495    0.3432046801
  0.3477857262    0.3523175389    0.3568033308    0.3612456888    0.3656465739
  0.3700072378    0.3743298918    0.3786166638    0.3828695148    0.3870894045
  0.3912786275    0.3954379350    0.3995689958    0.4036733955    0.4077521771
  0.4118073016    0.4158391863    0.4198486656    0.4238380760    0.4278076261
  0.4317585677    0.4356914848    0.4396090060    0.4435102552    0.4473961920
  0.4512688607    0.4551286370    0.4589764804    0.4628123075    0.4666383713
  0.4704545468    0.4742620438    0.4780607373    0.4818526715    0.4856372207
  0.4894163460    0.4931902975    0.4969591588    0.5007244319    0.5044862837
  0.5082460493    0.5120038122    0.5157600731    0.5195165843    0.5232724279
  0.5270289391    0.5307873279    0.5345475107    0.5383102804    0.5420776397
  0.5458480865    0.5496232480    0.5534037501    0.5571914285    0.5609843642
  0.5647861034    0.5685950190    0.5724137396    0.5762414724    0.5800798446
  0.5839297324    0.5877918869    0.5916650563    0.5955538303    0.5994569987
  0.6033743113    0.6073075622    0.6112592131    0.6152285546    0.6192172140
  0.6232251912    0.6272546560    0.6313085705    0.6353844732    0.6394847423
  0.6436113805    0.6477665156    0.6519490629    0.6561628193    0.6604103297
  0.6646892577    0.6690048188    0.6733571798    0.6777515143    0.6821847349
  0.6866634756    0.6911883622    0.6957638592    0.6999999791    0.7000000000
  0.7000000000    0.7000000000    0.7000000000    0.7000000000    0.7000000000
  0.7000000000    0.7000000000    0.7000000000    0.7000000000    0.7000000000
  0.7000000000    0.7000000000    0.7000000000    0.7000000000    0.7000000000
  0.7000000000    0.7000000000    0.7000000000    0.7000000000    0.7000000000
  0.7000000000    0.7000000000    0.7000000000    0.7000000000    0.7000000000
  0.7000000000    0.7000000000    0.7000000000    0.7000000000    0.7000000000
  0.7000000000    0.7000000000    0.7000000000    0.7000000000    0.7000000000
  0.7000000000    0.7000000000    0.7000000000    0.7000000000    0.7000000000
  0.7000000000    0.7000000000    0.7000000000    0.7000000000    0.7000000000
  0.0000000209    0.0131917030    0.0262824148    0.0391788632    0.0518019825
  0.0640899807    0.0759997159    0.0875054032    0.0985957772    0.1092711300
  0.1195400149    0.1294171602    0.1389205068    0.1480706662    0.1568876237
  0.1653928250    0.1736063808    0.1815476507    0.1892354518    0.1966859311
  0.2039159030    0.2109408051    0.2177723199    0.2244248837    0.2309095532
  0.2372368008    0.2434166819    0.2494584173    0.2553704351    0.2611603707
  0.2668352753    0.2724026591    0.2778672785    0.2832361847    0.2885137171
  0.2937050492    0.2988153547    0.3038484722    0.3088084489    0.3136996239
  0.3185243756    0.3232865840    0.3279897958    0.3326363474    0.3372294098
  0.3417709440    0.3462643296    0.3507107764    0.3551138312    0.3594744116
  0.3637948126    0.3680772454    0.3723228365    0.3765340894    0.3807119220
  0.3848586708    0.3889745444    0.3930622965    0.3971224695    0.4011566490
  0.4051662952    0.4091518253    0.4131151587    0.4170570880    0.4209783643
  0.4248807400    0.4287648410    0.4326313347    0.4364818066    0.4403163403
  0.4441368550    0.4479433924    0.4517369121    0.4555182904    0.4592884034
  0.4630475849    0.4667971700    0.4705374092    0.4742690951    0.4779933959
  0.4817105621    0.4854217201    0.4891265780    0.4928270966    0.4965230256
  0.5002148658    0.5039041191    0.5075903684    0.5112754494    0.5149585277
  0.5186418146    0.5223244339    0.5260080546    0.5296930939    0.5333794683
  0.5370683879    0.5407601446    0.5444554895    0.5481555074    0.5518604904
  0.5555709809    0.5592872709    0.5630107790    0.5667420059    0.5704802424
  0.5742285341    0.5779860467    0.5817536980    0.5855322391    0.5893220872
  0.5931252033    0.5969410449    0.6007711560    0.6046145767    0.6084753960
  0.6123525709    0.6162463099    0.6201597422    0.6240909487    0.6280429751
  0.6320172817    0.6360133260    0.6400331944    0.6440774292    0.6481482416
  0.6522470921    0.6563746482    0.6605325788    0.6647216350    0.6689447373
  0.6732032210    0.6774996310    0.6818354279    0.6862108618    0.6906311899
  0.6950976640    0.6996134549    0.6999999791    0.7000000000    0.7000000000
  0.7000000000    0.7000000000    0.7000000000    0.7000000000    0.7000000000
  0.7000000000    0.7000000000    0.7000000000    0.7000000000    0.7000000000
  0.7000000000    0.7000000000    0.7000000000    0.7000000000    0.7000000000
  0.7000000000    0.7000000000    0.7000000000    0.7000000000    0.7000000000
  0.7000000000    0.7000000000    0.7000000000    0.7000000000    0.7000000000
  0.7000000000    0.7000000000    0.7000000000    0.7000000000    0.7000000000
  0.7000000000    0.7000000000    0.7000000000    0.7000000000    0.7000000000
  0.7000000000    0.7000000000    0.7000000000    0.7000000000    0.7000000000
  0.0000000209    0.0127016217    0.0253145188    0.0377561837    0.0499554366
  0.0618561596    0.0734167963    0.0846116036    0.0954273134    0.1058607131
  0.1159176439    0.1256083697    0.1349485785    0.1439540416    0.1526433259
  0.1610347897    0.1691464573    0.1769963533    0.1846012920    0.1919766277
  0.1991370887    0.2060971111    0.2128694206    0.2194660753    0.2258982152
  0.2321752280    0.2383080453    0.2443043858    0.2501724273    0.2559195966
  0.2615538627    0.2670803159    0.2725063831    0.2778362781    0.2830758423
  0.2882296234    0.2933027118    0.2982989460    0.3032222480    0.3080764145
  0.3128649086    0.3175909013    0.3222569793    0.3268670231    0.3314236194
  0.3359282285    0.3403842300    0.3447932512    0.3491584629    0.3534806579
  0.3577632576    0.3620068878    0.3662136346    0.3703851253    0.3745231539
  0.3786296397    0.3827048331    0.3867513627    0.3907699376    0.3947620600
  0.3987287730    0.4026714534    0.4065899760    0.4104877621    0.4143645197
  0.4182209998    0.4220589131    0.4258784264    0.4296815842    0.4334680110
  0.4372387499    0.4409957200    0.4447385043    0.4484689385    0.4521864802
  0.4558929652    0.4595887691    0.4632751018    0.4669514209    0.4706188530
  0.4742791086    0.4779319793    0.4815780908    0.4852181107    0.4888531238
  0.4924823791    0.4961082548    0.4997308761    0.5033498257    0.5069661468
  0.5105811745    0.5141944915    0.5178074330    0.5214199990    0.5250334829
  0.5286478430    0.5322633713    0.5358813614    0.5395025641    0.5431267709
  0.5467543572    0.5503863662    0.5540247589    0.5576676577    0.5613164812
  0.5649726480    0.5686363250    0.5723080128    0.5759882540    0.5796778828
  0.5833774418    0.5870880574    0.5908097714    0.5945437521    0.5982899159
  0.6020497650    0.6058238834    0.6096145242    0.6134194762    0.6172416598
  0.6210815340    0.6249403089    0.6288176507    0.6327164799    0.6366367549
  0.6405780166    0.6445448548    0.6485348076    0.6525530487    0.6565966576
  0.6606698900    0.6647739977    0.6689084381    0.6730773419    0.6772810429
  0.6815217942    0.6858013064    0.6901215404    0.6944863349    0.6988959819
  0.6999999791    0.7000000000    0.7000000000    0.7000000000    0.7000000000
  0.7000000000    0.7000000000    0.7000000000    0.7000000000    0.7000000000
  0.7000000000    0.7000000000    0.7000000000    0.7000000000    0.7000000000
  0.7000000000    0.7000000000    0.7000000000    0.7000000000    0.7000000000
  0.7000000000    0.7000000000    0.7000000000    0.7000000000    0.7000000000
  0.7000000000    0.7000000000    0.7000000000    0.7000000000    0.7000000000
  0.7000000000    0.7000000000    0.7000000000    0.7000000000    0.7000000000
  0.7000000000    0.7000000000    0.7000000000    0.7000000000    0.7000000000
  0.0000000209    0.0122425824    0.0244069964    0.0364199966    0.0482176632
  0.0597486347    0.0709736913    0.0818668813    0.0924141437    0.1026097625
  0.1124566585    0.1219621748    0.1311385781    0.1399986774    0.1485593289
  0.1568354696    0.1648446232    0.1726016015    0.1801215500    0.1874198228
  0.1945099801    0.2014050812    0.2081171006    0.2146569699    0.2210357457
  0.2272630244    0.2333476096    0.2392980963    0.2451222867    0.2508274823
  0.2564208180    0.2619078010    0.2672946483    0.2725864917    0.2777885467
  0.2829058200    0.2879422337    0.2929026276    0.2977898806    0.3026086658
  0.3073614031    0.3120518476    0.3166835040    0.3212575823    0.3257782966
  0.3302476078    0.3346678108    0.3390410751    0.3433704883    0.3476569265
  0.3519021839    0.3561090142    0.3602784604    0.3644131094    0.3685132951
  0.3725808948    0.3766177446    0.3806249708    0.3846042007    0.3885565192
  0.3924824268    0.3963843852    0.4002622277    0.4041173726    0.4079521149
  0.4117656618    0.4155602664    0.4193355113    0.4230936080    0.4268341392
  0.4305601090    0.4342695981    0.4379660279    0.4416478962    0.4453170806
  0.4489740402    0.4526200682    0.4562550396    0.4598797888    0.4634955257
  0.4671020836    0.4707010895    0.4742919177    0.4778761119    0.4814543813
  0.4850263506    0.4885931879    0.4921554357    0.4957141370    0.4992689162
  0.5028212339    0.5063706726    0.5099190682    0.5134655446    0.5170118958
  0.5205572039    0.5241032213    0.5276503652    0.5311985105    0.5347484916
  0.5383006424    0.5418569654    0.5454156250    0.5489789993    0.5525465459
  0.5561197251    0.5596979111    0.5632825643    0.5668742687    0.5704731494
  0.5740805835    0.5776954442    0.5813202351    0.5849545807    0.5885997742
  0.5922566086    0.5959242076    0.5996033639    0.6032967478    0.6070046097
  0.6107260317    0.6144628078    0.6182158560    0.6219857186    0.6257732302
  0.6295799762    0.6334055811    0.6372529656    0.6411206275    0.6450109869
  0.6489249617    0.6528651804    0.6568299323    0.6608223885    0.6648432165
  0.6688943774    0.6729780406    0.6770925790    0.6812443346    0.6854305118
  0.6896568686    0.6939229876    0.6982336670    0.6999999791    0.7000000000
  0.7000000000    0.7000000000    0.7000000000    0.7000000000    0.7000000000
  0.7000000000    0.7000000000    0.7000000000    0.7000000000    0.7000000000
  0.7000000000    0.7000000000    0.7000000000    0.7000000000    0.7000000000
  0.7000000000    0.7000000000    0.7000000000    0.7000000000    0.7000000000
  0.7000000000    0.7000000000    0.7000000000    0.7000000000    0.7000000000
  0.7000000000    0.7000000000    0.7000000000    0.7000000000    0.7000000000
  0.7000000000    0.7000000000    0.7000000000    0.7000000000    0.7000000000
  0.0000000209    0.0118118733    0.0235546321    0.0351631671    0.0465800673
  0.0577578932    0.0686605960    0.0792624742    0.0895479232    0.0995105594
  0.1091495484    0.1184710234    0.1274835795    0.1361986071    0.1446289986
  0.1527895659    0.1606938273    0.1683563858    0.1757911772    0.1830110937
  0.1900298208    0.1968584567    0.2035087258    0.2099915177    0.2163168043
  0.2224931806    0.2285296172    0.2344343334    0.2402143806    0.2458778530
  0.2514300495    0.2568774372    0.2622254819    0.2674797744    0.2726449043
  0.2777262121    0.2827271193    0.2876517564    0.2925046295    0.2972881585
  0.3020069331    0.3066629976    0.3112598151    0.3158002228    0.3202862650
  0.3247214884    0.3291076034    0.3334467798    0.3377410620    0.3419923276
  0.3462029546    0.3503745705    0.3545088440    0.3586071938    0.3626711220
  0.3667029232    0.3707028896    0.3746732324    0.3786145777    0.3825289696
  0.3864169508    0.3902800232    0.3941184789    0.3979347378    0.4017285913
  0.4055018336    0.4092551738    0.4129892796    0.4167052776    0.4204037517
  0.4240858704    0.4277520508    0.4314033777    0.4350407690    0.4386641830
  0.4422750801    0.4458737522    0.4494616181    0.4530380100    0.4566047221
  0.4601615459    0.4637096912    0.4672494501    0.4707824916    0.4743070632
  0.4778253347    0.4813383490    0.4848448545    0.4883468956    0.4918450147
  0.4953397959    0.4988299042    0.5023177594    0.5058037788    0.5092871696
  0.5127701014    0.5162513644    0.5197321683    0.5232143492    0.5266964465
  0.5301801711    0.5336650640    0.5371522933    0.5406426102    0.5441354722
  0.5476324648    0.5511333793    0.5546393424    0.5581501454    0.5616668731
  0.5651896924    0.5687191457    0.5722562760    0.5758007914    0.5793539852
  0.5829167336    0.5864887446    0.5900704771    0.5936638921    0.5972677797
  0.6008836836    0.6045131892    0.6081549197    0.6118115455    0.6154825240
  0.6191691488    0.6228712946    0.6265916735    0.6303296596    0.6340852529
  0.6378622502    0.6416590661    0.6454778284    0.6493184537    0.6531835705
  0.6570722610    0.6609881967    0.6649305433    0.6689003855    0.6729016870
  0.6769332379    0.6809980839    0.6850978941    0.6892335027    0.6934063286
  0.6976209611    0.6999999791    0.7000000000    0.7000000000    0.7000000000
  0.7000000000    0.7000000000    0.7000000000    0.7000000000    0.7000000000
  0.7000000000    0.7000000000    0.7000000000    0.7000000000    0.7000000000
  0.7000000000    0.7000000000    0.7000000000    0.7000000000    0.7000000000
  0.7000000000    0.7000000000    0.7000000000    0.7000000000    0.7000000000
  0.7000000000    0.7000000000    0.7000000000    0.7000000000    0.7000000000
  0.7000000000    0.7000000000    0.7000000000    0.7000000000    0.7000000000
  0.0000000209    0.0114072412    0.0227531284    0.0339796454    0.0450351804
  0.0558763832    0.0664693326    0.0767891616    0.0868201405    0.0965540498
  0.1059886366    0.1151274472    0.1239769906    0.1325461537    0.1408465773
  0.1488895684    0.1566888541    0.1642559499    0.1716038316    0.1787448496
  0.1856906444    0.1924523979    0.1990401655    0.2054651290    0.2117357582
  0.2178607315    0.2238491029    0.2297077566    0.2354439110    0.2410643667
  0.2465758413    0.2519835919    0.2572939187    0.2625106603    0.2676394492
  0.2726849169    0.2776504010    0.2825410753    0.2873591512    0.2921092600
  0.2967936963    0.3014166325    0.3059804887    0.3104874343    0.3149411410
  0.3193424851    0.3236957639    0.3280010611    0.3322620064    0.3364804357
  0.3406571001    0.3447947949    0.3488950223    0.3529593259    0.3569891244
  0.3609857529    0.3649510056    0.3688855499    0.3727915555    0.3766701072
  0.3805216640    0.3843477696    0.3881497592    0.3919280082    0.3956838936
  0.3994191259    0.4031334549    0.4068285912    0.4105046183    0.4141627461
  0.4178039759    0.4214293927    0.4250385374    0.4286333710    0.4322143108
  0.4357818574    0.4393363863    0.4428792328    0.4464108139    0.4499314219
  0.4534423083    0.4569428891    0.4604347914    0.4639183074    0.4673946053
  0.4708625168    0.4743245453    0.4777798980    0.4812297851    0.4846746653
  0.4881147891    0.4915506572    0.4949819356    0.4984114200    0.5018373996
  0.5052612096    0.5086833924    0.5121044070    0.5155246288    0.5189445585
  0.5223637372    0.5257842928    0.5292057246    0.5326284081    0.5360531777
  0.5394802421    0.5429104775    0.5463440925    0.5497813791    0.5532222539
  0.5566689700    0.5601201087    0.5635771722    0.5670411199    0.5705109090
  0.5739883751    0.5774735600    0.5809670895    0.5844693810    0.5879809350
  0.5915017933    0.5950347513    0.5985770971    0.6021327108    0.6056987554
  0.6092791528    0.6128729016    0.6164800018    0.6201028734    0.6237413913
  0.6273960561    0.6310677439    0.6347580403    0.6384658605    0.6421945006
  0.6459436268    0.6497148663    0.6535074264    0.6573236436    0.6611643106
  0.6650326401    0.6689251274    0.6728479892    0.6768000156    0.6807830423
  0.6847987384    0.6888468117    0.6929320604    0.6970561951    0.6999999791
  0.7000000000    0.7000000000    0.7000000000    0.7000000000    0.7000000000
  0.7000000000    0.7000000000    0.7000000000    0.7000000000    0.7000000000
  0.7000000000    0.7000000000    0.7000000000    0.7000000000    0.7000000000
  0.7000000000    0.7000000000    0.7000000000    0.7000000000    0.7000000000
  0.7000000000    0.7000000000    0.7000000000    0.7000000000    0.7000000000
  0.7000000000    0.7000000000    0.7000000000    0.7000000000    0.7000000000
