  0.0000000000    0.0036000000
  0.0000500000    0.0006000000    299    19
  -0.0000005022    0.0010244772    0.0020507708    0.0030790225    0.0041094199
  0.0051421240    0.0061774030    0.0072153643    0.0082562760    0.0093002722
  0.0103476748    0.0113986179    0.0124533966    0.0135121450    0.0145751581
  0.0156427041    0.0167149439    0.0177922800    0.0188749000    0.0199630186
  0.0210570380    0.0221572265    0.0232639328    0.0243773982    0.0254981056
  0.0266261891    0.0277622923    0.0289066568    0.0300597385    0.0312220469
  0.0323938236    0.0335758463    0.0347684905    0.0359722391    0.0371878162
  0.0384157583    0.0396567896    0.0409117416    0.0421809092    0.0434657142
  0.0447666928    0.0460847571    0.0474211678    0.0487769172    0.0501532659
  0.0515516087    0.0529729381    0.0544195607    0.0558927640    0.0573947743
  0.0589275494    0.0604935303    0.0620954797    0.0637367770    0.0654202387
  0.0671503976    0.0689314917    0.0707693949    0.0726693377    0.0746392593
  0.0766879573    0.0788258389    0.0810650811    0.0829499230    0.0829499230
  0.0829499230    0.0829499230    0.0829499230    0.0829499230    0.0829499230
  0.0829499230    0.0829499230    0.0829499230    0.0829499230    0.0829499230
  0.0829499230    0.0829499230    0.0829499230    0.0829499230    0.0829499230
  0.0829499230    0.0829499230    0.0829499230    0.0829499230    0.0829499230
  0.0829499230    0.0829499230    0.0829499230    0.0829499230    0.0829499230
  0.0829499230    0.0829499230    0.0829499230    0.0829499230    0.0829499230
  0.0829499230    0.0829499230    0.0829499230    0.0829499230    0.0829499230
  0.0829499230    0.0829499230    0.0829499230    0.0829499230    0.0829499230
  0.0829499230    0.0829499230    0.0829499230    0.0829499230    0.0829499230
  0.0829499230    0.0829499230    0.0829499230    0.0829499230    0.0829499230
  0.0829499230    0.0829499230    0.0829499230    0.0829499230    0.0829499230
  0.0829499230    0.0829499230    0.0829499230    0.0829499230    0.0829499230
  0.0829499230    0.0829499230    0.0829499230    0.0829499230    0.0829499230
  0.0829499230    0.0829499230    0.0829499230    0.0829499230    0.0829499230
  0.0829499230    0.0829499230    0.0829499230    0.0829499230    0.0829499230
  0.0829499230    0.0829499230    0.0829499230    0.0829499230    0.0829499230
  0.0829499230    0.0829499230    0.0829499230    0.0829499230    0.0829499230
  0.0829499230    0.0829499230    0.0829499230    0.0829499230    0.0829499230
  0.0829499230    0.0829499230    0.0829499230    0.0829499230    0.0829499230
  0.0829499230    0.0829499230    0.0829499230    0.0829499230    0.0829499230
  0.0829499230    0.0829499230    0.0829499230    0.0829499230    0.0829499230
  0.0829499230    0.0829499230    0.0829499230    0.0829499230    0.0829499230
  0.0829499230    0.0829499230    0.0829499230    0.0829499230    0.0829499230
  0.0829499230    0.0829499230    0.0829499230    0.0829499230    0.0829499230
  0.0829499230    0.0829499230    0.0829499230    0.0829499230    0.0829499230
  0.0829499230    0.0829499230    0.0829499230    0.0829499230    0.0829499230
  0.0829499230    0.0829499230    0.0829499230    0.0829499230    0.0829499230
  0.0829499230    0.0829499230    0.0829499230    0.0829499230    0.0829499230
  0.0829499230    0.0829499230    0.0829499230    0.0829499230    0.0829499230
  0.0829499230    0.0829499230    0.0829499230    0.0829499230    0.0829499230
  0.0829499230    0.0829499230    0.0829499230    0.0829499230    0.0829499230
  0.0829499230    0.0829499230    0.0829499230    0.0829499230    0.0829499230
  0.0829499230    0.0829499230    0.0829499230    0.0829499230    0.0829499230
  0.0829499230    0.0829499230    0.0829499230    0.0829499230    0.0829499230
  0.0829499230    0.0829499230    0.0829499230    0.0829499230    0.0829499230
  0.0829499230    0.0829499230    0.0829499230    0.0829499230    0.0829499230
  0.0829499230    0.0829499230    0.0829499230    0.0829499230    0.0829499230
  0.0829499230    0.0829499230    0.0829499230    0.0829499230    0.0829499230
  0.0829499230    0.0829499230    0.0829499230    0.0829499230    0.0829499230
  0.0829499230    0.0829499230    0.0829499230    0.0829499230    0.0829499230
  0.0829499230    0.0829499230    0.0829499230    0.0829499230    0.0829499230
  0.0829499230    0.0829499230    0.0829499230    0.0829499230    0.0829499230
  0.0829499230    0.0829499230    0.0829499230    0.0829499230    0.0829499230
  0.0829499230    0.0829499230    0.0829499230    0.0829499230    0.0829499230
  0.0829499230    0.0829499230    0.0829499230    0.0829499230    0.0829499230
  0.0829499230    0.0829499230    0.0829499230    0.0829499230    0.0829499230
  0.0829499230    0.0829499230    0.0829499230    0.0829499230    0.0829499230
  -0.0000005022    0.0008936390    0.0017887458    0.0026853547    0.0035835728
  0.0044835880    0.0053854272    0.0062892780    0.0071952477    0.0081034437
  0.0090140268    0.0099271312    0.0108428374    0.0117613330    0.0126827791
  0.0136072561    0.0145349249    0.0154660270    0.0164005890    0.0173389062
  0.0182810321    0.0192271277    0.0201775149    0.0211322740    0.0220915392
  0.0230556592    0.0240247414    0.0249989733    0.0259786502    0.0269638523
  0.0279551163    0.0289523080    0.0299560443    0.0309663787    0.0319835529
  0.0330080763    0.0340401903    0.0350799754    0.0361281827    0.0371848390
  0.0382505611    0.0393254831    0.0404103294    0.0415054485    0.0426111892
  0.0437281951    0.0448568955    0.0459981754    0.0471522227    0.0483199224
  0.0495021060    0.0506991491    0.0519124731    0.0531425074    0.0543901905
  0.0556568101    0.0569434658    0.0582514718    0.0595817134    0.0609362021
  0.0623162255    0.0637241170    0.0651615128    0.0666308269    0.0681343123
  0.0696753487    0.0712567523    0.0728823856    0.0745564327    0.0762835875
  0.0780700192    0.0799225941    0.0818484470    0.0838572338    0.0844282761
  0.0844282821    0.0844282821    0.0844282821    0.0844282821    0.0844282821
  0.0844282821    0.0844282821    0.0844282821    0.0844282821    0.0844282821
  0.0844282821    0.0844282821    0.0844282821    0.0844282821    0.0844282821
  0.0844282821    0.0844282821    0.0844282821    0.0844282821    0.0844282821
  0.0844282821    0.0844282821    0.0844282821    0.0844282821    0.0844282821
  0.0844282821    0.0844282821    0.0844282821    0.0844282821    0.0844282821
  0.0844282821    0.0844282821    0.0844282821    0.0844282821    0.0844282821
  0.0844282821    0.0844282821    0.0844282821    0.0844282821    0.0844282821
  0.0844282821    0.0844282821    0.0844282821    0.0844282821    0.0844282821
  0.0844282821    0.0844282821    0.0844282821    0.0844282821    0.0844282821
  0.0844282821    0.0844282821    0.0844282821    0.0844282821    0.0844282821
  0.0844282821    0.0844282821    0.0844282821    0.0844282821    0.0844282821
  0.0844282821    0.0844282821    0.0844282821    0.0844282821    0.0844282821
  0.0844282821    0.0844282821    0.0844282821    0.0844282821    0.0844282821
  0.0844282821    0.0844282821    0.0844282821    0.0844282821    0.0844282821
  0.0844282821    0.0844282821    0.0844282821    0.0844282821    0.0844282821
  0.0844282821    0.0844282821    0.0844282821    0.0844282821    0.0844282821
  0.0844282821    0.0844282821    0.0844282821    0.0844282821    0.0844282821
  0.0844282821    0.0844282821    0.0844282821    0.0844282821    0.0844282821
  0.0844282821    0.0844282821    0.0844282821    0.0844282821    0.0844282821
  0.0844282821    0.0844282821    0.0844282821    0.0844282821    0.0844282821
  0.0844282821    0.0844282821    0.0844282821    0.0844282821    0.0844282821
  0.0844282821    0.0844282821    0.0844282821    0.0844282821    0.0844282821
  0.0844282821    0.0844282821    0.0844282821    0.0844282821    0.0844282821
  0.0844282821    0.0844282821    0.0844282821    0.0844282821    0.0844282821
  0.0844282821    0.0844282821    0.0844282821    0.0844282821    0.0844282821
  0.0844282821    0.0844282821    0.0844282821    0.0844282821    0.0844282821
  0.0844282821    0.0844282821    0.0844282821    0.0844282821    0.0844282821
  0.0844282821    0.0844282821    0.0844282821    0.0844282821    0.0844282821
  0.0844282821    0.0844282821    0.0844282821    0.0844282821    0.0844282821
  0.0844282821    0.0844282821    0.0844282821    0.0844282821    0.0844282821
  0.0844282821    0.0844282821    0.0844282821    0.0844282821    0.0844282821
  0.0844282821    0.0844282821    0.0844282821    0.0844282821    0.0844282821
  0.0844282821    0.0844282821    0.0844282821    0.0844282821    0.0844282821
  0.0844282821    0.0844282821    0.0844282821    0.0844282821    0.0844282821
  0.0844282821    0.0844282821    0.0844282821    0.0844282821    0.0844282821
  0.0844282821    0.0844282821    0.0844282821    0.0844282821    0.0844282821
  0.0844282821    0.0844282821    0.0844282821    0.0844282821    0.0844282821
  0.0844282821    0.0844282821    0.0844282821    0.0844282821    0.0844282821
  0.0844282821    0.0844282821    0.0844282821    0.0844282821    0.0844282821
  0.0844282821    0.0844282821    0.0844282821    0.0844282821    0.0844282821
  0.0844282821    0.0844282821    0.0844282821    0.0844282821    0.0844282821
  0.0844282821    0.0844282821    0.0844282821    0.0844282821    0.0844282821
  0.0844282821    0.0844282821    0.0844282821    0.0844282821    0.0844282821
  0.0844282821    0.0844282821    0.0844282821    0.0844282821    0.0844282821
  -0.0000005022    0.0007955506    0.0015922204    0.0023900971    0.0031892881
  0.0039898202    0.0047917739    0.0055952564    0.0064003482    0.0072071299
  0.0080156282    0.0088260308    0.0096383646    0.0104527101    0.0112692013
  0.0120879188    0.0129089162    0.0137323543    0.0145582870    0.0153867945
  0.0162180647    0.0170521244    0.0178891346    0.0187292024    0.0195723817
  0.0204188868    0.0212687716    0.0221222237    0.0229792967    0.0238402322
  0.0247049764    0.0255738780    0.0264470443    0.0273245022    0.0282065466
  0.0290932849    0.0299848512    0.0308815405    0.0317834064    0.0326907173
  0.0336037144    0.0345225587    0.0354473844    0.0363785669    0.0373162404
  0.0382606730    0.0392121598    0.0401709959    0.0411373690    0.0421118692
  0.0430943355    0.0440854117    0.0450854465    0.0460948154    0.0471138939
  0.0481431112    0.0491828158    0.0502337322    0.0512961015    0.0523706213
  0.0534578010    0.0545583650    0.0556729838    0.0568021670    0.0579467192
  0.0591079280    0.0602860078    0.0614826217    0.0626984939    0.0639347777
  0.0651926532    0.0664739445    0.0677798048    0.0691121653    0.0704726622
  0.0718638167    0.0732875869    0.0747471109    0.0762454733    0.0777852491
  0.0793710515    0.0810077086    0.0827000752    0.0844547227    0.0857646063
  0.0857646152    0.0857646152    0.0857646152    0.0857646152    0.0857646152
  0.0857646152    0.0857646152    0.0857646152    0.0857646152    0.0857646152
  0.0857646152    0.0857646152    0.0857646152    0.0857646152    0.0857646152
  0.0857646152    0.0857646152    0.0857646152    0.0857646152    0.0857646152
  0.0857646152    0.0857646152    0.0857646152    0.0857646152    0.0857646152
  0.0857646152    0.0857646152    0.0857646152    0.0857646152    0.0857646152
  0.0857646152    0.0857646152    0.0857646152    0.0857646152    0.0857646152
  0.0857646152    0.0857646152    0.0857646152    0.0857646152    0.0857646152
  0.0857646152    0.0857646152    0.0857646152    0.0857646152    0.0857646152
  0.0857646152    0.0857646152    0.0857646152    0.0857646152    0.0857646152
  0.0857646152    0.0857646152    0.0857646152    0.0857646152    0.0857646152
  0.0857646152    0.0857646152    0.0857646152    0.0857646152    0.0857646152
  0.0857646152    0.0857646152    0.0857646152    0.0857646152    0.0857646152
  0.0857646152    0.0857646152    0.0857646152    0.0857646152    0.0857646152
  0.0857646152    0.0857646152    0.0857646152    0.0857646152    0.0857646152
  0.0857646152    0.0857646152    0.0857646152    0.0857646152    0.0857646152
  0.0857646152    0.0857646152    0.0857646152    0.0857646152    0.0857646152
  0.0857646152    0.0857646152    0.0857646152    0.0857646152    0.0857646152
  0.0857646152    0.0857646152    0.0857646152    0.0857646152    0.0857646152
  0.0857646152    0.0857646152    0.0857646152    0.0857646152    0.0857646152
  0.0857646152    0.0857646152    0.0857646152    0.0857646152    0.0857646152
  0.0857646152    0.0857646152    0.0857646152    0.0857646152    0.0857646152
  0.0857646152    0.0857646152    0.0857646152    0.0857646152    0.0857646152
  0.0857646152    0.0857646152    0.0857646152    0.0857646152    0.0857646152
  0.0857646152    0.0857646152    0.0857646152    0.0857646152    0.0857646152
  0.0857646152    0.0857646152    0.0857646152    0.0857646152    0.0857646152
  0.0857646152    0.0857646152    0.0857646152    0.0857646152    0.0857646152
  0.0857646152    0.0857646152    0.0857646152    0.0857646152    0.0857646152
  0.0857646152    0.0857646152    0.0857646152    0.0857646152    0.0857646152
  0.0857646152    0.0857646152    0.0857646152    0.0857646152    0.0857646152
  0.0857646152    0.0857646152    0.0857646152    0.0857646152    0.0857646152
  0.0857646152    0.0857646152    0.0857646152    0.0857646152    0.0857646152
  0.0857646152    0.0857646152    0.0857646152    0.0857646152    0.0857646152
  0.0857646152    0.0857646152    0.0857646152    0.0857646152    0.0857646152
  0.0857646152    0.0857646152    0.0857646152    0.0857646152    0.0857646152
  0.0857646152    0.0857646152    0.0857646152    0.0857646152    0.0857646152
  0.0857646152    0.0857646152    0.0857646152    0.0857646152    0.0857646152
  0.0857646152    0.0857646152    0.0857646152    0.0857646152    0.0857646152
  0.0857646152    0.0857646152    0.0857646152    0.0857646152    0.0857646152
  0.0857646152    0.0857646152    0.0857646152    0.0857646152    0.0857646152
  0.0857646152    0.0857646152    0.0857646152    0.0857646152    0.0857646152
  0.0857646152    0.0857646152    0.0857646152    0.0857646152    0.0857646152
  0.0857646152    0.0857646152    0.0857646152    0.0857646152    0.0857646152
  -0.0000005022    0.0007190809    0.0014390394    0.0021600172    0.0028820142
  0.0036050841    0.0043293074    0.0050547108    0.0057813749    0.0065093532
  0.0072386727    0.0079694405    0.0087016568    0.0094354555    0.0101708636
  0.0109079346    0.0116467491    0.0123873875    0.0131298766    0.0138743237
  0.0146207824    0.0153692797    0.0161199763    0.0168728992    0.0176281288
  0.0183857456    0.0191458032    0.0199084356    0.0206736967    0.0214416400
  0.0222124264    0.0229860559    0.0237627700    0.0245425150    0.0253253981
  0.0261116073    0.0269012496    0.0276943520    0.0284910485    0.0292915270
  0.0300957873    0.0309040442    0.0317164049    0.0325329766    0.0333539739
  0.0341794237    0.0350095138    0.0358444586    0.0366844192    0.0375293687
  0.0383796826    0.0392354950    0.0400970474    0.0409644738    0.0418378547
  0.0427175656    0.0436039016    0.0444968626    0.0453968778    0.0463040546
  0.0472188219    0.0481414750    0.0490721479    0.0500113234    0.0509593233
  0.0519162551    0.0528829500    0.0538593546    0.0548462465    0.0558438137
  0.0568527803    0.0578734145    0.0589066014    0.0599524215    0.0610119745
  0.0620858237    0.0631745592    0.0642791465    0.0654002830    0.0665393099
  0.0676966831    0.0688736901    0.0700717255    0.0712918893    0.0725359783
  0.0738053069    0.0751016989    0.0764272735    0.0777840421    0.0791750893
  0.0806027487    0.0820700780    0.0835812345    0.0851407781    0.0867522493
  0.0869879618    0.0869879618    0.0869879618    0.0869879618    0.0869879618
  0.0869879618    0.0869879618    0.0869879618    0.0869879618    0.0869879618
  0.0869879618    0.0869879618    0.0869879618    0.0869879618    0.0869879618
  0.0869879618    0.0869879618    0.0869879618    0.0869879618    0.0869879618
  0.0869879618    0.0869879618    0.0869879618    0.0869879618    0.0869879618
  0.0869879618    0.0869879618    0.0869879618    0.0869879618    0.0869879618
  0.0869879618    0.0869879618    0.0869879618    0.0869879618    0.0869879618
  0.0869879618    0.0869879618    0.0869879618    0.0869879618    0.0869879618
  0.0869879618    0.0869879618    0.0869879618    0.0869879618    0.0869879618
  0.0869879618    0.0869879618    0.0869879618    0.0869879618    0.0869879618
  0.0869879618    0.0869879618    0.0869879618    0.0869879618    0.0869879618
  0.0869879618    0.0869879618    0.0869879618    0.0869879618    0.0869879618
  0.0869879618    0.0869879618    0.0869879618    0.0869879618    0.0869879618
  0.0869879618    0.0869879618    0.0869879618    0.0869879618    0.0869879618
  0.0869879618    0.0869879618    0.0869879618    0.0869879618    0.0869879618
  0.0869879618    0.0869879618    0.0869879618    0.0869879618    0.0869879618
  0.0869879618    0.0869879618    0.0869879618    0.0869879618    0.0869879618
  0.0869879618    0.0869879618    0.0869879618    0.0869879618    0.0869879618
  0.0869879618    0.0869879618    0.0869879618    0.0869879618    0.0869879618
  0.0869879618    0.0869879618    0.0869879618    0.0869879618    0.0869879618
  0.0869879618    0.0869879618    0.0869879618    0.0869879618    0.0869879618
  0.0869879618    0.0869879618    0.0869879618    0.0869879618    0.0869879618
  0.0869879618    0.0869879618    0.0869879618    0.0869879618    0.0869879618
  0.0869879618    0.0869879618    0.0869879618    0.0869879618    0.0869879618
  0.0869879618    0.0869879618    0.0869879618    0.0869879618    0.0869879618
  0.0869879618    0.0869879618    0.0869879618    0.0869879618    0.0869879618
  0.0869879618    0.0869879618    0.0869879618    0.0869879618    0.0869879618
  0.0869879618    0.0869879618    0.0869879618    0.0869879618    0.0869879618
  0.0869879618    0.0869879618    0.0869879618    0.0869879618    0.0869879618
  0.0869879618    0.0869879618    0.0869879618    0.0869879618    0.0869879618
  0.0869879618    0.0869879618    0.0869879618    0.0869879618    0.0869879618
  0.0869879618    0.0869879618    0.0869879618    0.0869879618    0.0869879618
  0.0869879618    0.0869879618    0.0869879618    0.0869879618    0.0869879618
  0.0869879618    0.0869879618    0.0869879618    0.0869879618    0.0869879618
  0.0869879618    0.0869879618    0.0869879618    0.0869879618    0.0869879618
  0.0869879618    0.0869879618    0.0869879618    0.0869879618    0.0869879618
  0.0869879618    0.0869879618    0.0869879618    0.0869879618    0.0869879618
  0.0869879618    0.0869879618    0.0869879618    0.0869879618    0.0869879618
  0.0869879618    0.0869879618    0.0869879618    0.0869879618    0.0869879618
  0.0869879618    0.0869879618    0.0869879618    0.0869879618    0.0869879618
  0.0869879618    0.0869879618    0.0869879618    0.0869879618    0.0869879618
  -0.0000005022    0.0006576851    0.0013160869    0.0019753203    0.0026353851
  0.0032963350    0.0039581969    0.0046210244    0.0052848712    0.0059497371
  0.0066157028    0.0072827950    0.0079510674    0.0086205468    0.0092912868
  0.0099633411    0.0106367633    0.0113115534    0.0119878188    0.0126655862
  0.0133448824    0.0140257612    0.0147083297    0.0153925881    0.0160785630
  0.0167663887    0.0174560651    0.0181475922    0.0188411579    0.0195367888
  0.0202344850    0.0209343001    0.0216364220    0.0223407969    0.0230474785
  0.0237565741    0.0244681910    0.0251823291    0.0258991227    0.0266185984
  0.0273409173    0.0280661061    0.0287941650    0.0295252547    0.0302594289
  0.0309969559    0.0317376480    0.0324817196    0.0332292780    0.0339804843
  0.0347353116    0.0354940012    0.0362565532    0.0370232090    0.0377938613
  0.0385688320    0.0393483356    0.0401322648    0.0409208879    0.0417142585
  0.0425126448    0.0433162346    0.0441249743    0.0449390247    0.0457589492
  0.0465847209    0.0474163666    0.0482543692    0.0490985408    0.0499495521
  0.0508075908    0.0516724691    0.0525448844    0.0534248903    0.0543129966
  0.0552091762    0.0561140195    0.0570277140    0.0579507425    0.0588833734
  0.0598261163    0.0607794806    0.0617435202    0.0627192274    0.0637068167
  0.0647069320    0.0657202169    0.0667472884    0.0677887365    0.0688456342
  0.0699184909    0.0710081652    0.0721158907    0.0732425258    0.0743895456
  0.0755574867    0.0767483607    0.0779636964    0.0792048618    0.0804739758
  0.0817729965    0.0831043378    0.0844711915    0.0858755156    0.0873213604
  0.0881190762    0.0881190792    0.0881190792    0.0881190792    0.0881190792
  0.0881190792    0.0881190792    0.0881190792    0.0881190792    0.0881190792
  0.0881190792    0.0881190792    0.0881190792    0.0881190792    0.0881190792
  0.0881190792    0.0881190792    0.0881190792    0.0881190792    0.0881190792
  0.0881190792    0.0881190792    0.0881190792    0.0881190792    0.0881190792
  0.0881190792    0.0881190792    0.0881190792    0.0881190792    0.0881190792
  0.0881190792    0.0881190792    0.0881190792    0.0881190792    0.0881190792
  0.0881190792    0.0881190792    0.0881190792    0.0881190792    0.0881190792
  0.0881190792    0.0881190792    0.0881190792    0.0881190792    0.0881190792
  0.0881190792    0.0881190792    0.0881190792    0.0881190792    0.0881190792
  0.0881190792    0.0881190792    0.0881190792    0.0881190792    0.0881190792
  0.0881190792    0.0881190792    0.0881190792    0.0881190792    0.0881190792
  0.0881190792    0.0881190792    0.0881190792    0.0881190792    0.0881190792
  0.0881190792    0.0881190792    0.0881190792    0.0881190792    0.0881190792
  0.0881190792    0.0881190792    0.0881190792    0.0881190792    0.0881190792
  0.0881190792    0.0881190792    0.0881190792    0.0881190792    0.0881190792
  0.0881190792    0.0881190792    0.0881190792    0.0881190792    0.0881190792
  0.0881190792    0.0881190792    0.0881190792    0.0881190792    0.0881190792
  0.0881190792    0.0881190792    0.0881190792    0.0881190792    0.0881190792
  0.0881190792    0.0881190792    0.0881190792    0.0881190792    0.0881190792
  0.0881190792    0.0881190792    0.0881190792    0.0881190792    0.0881190792
  0.0881190792    0.0881190792    0.0881190792    0.0881190792    0.0881190792
  0.0881190792    0.0881190792    0.0881190792    0.0881190792    0.0881190792
  0.0881190792    0.0881190792    0.0881190792    0.0881190792    0.0881190792
  0.0881190792    0.0881190792    0.0881190792    0.0881190792    0.0881190792
  0.0881190792    0.0881190792    0.0881190792    0.0881190792    0.0881190792
  0.0881190792    0.0881190792    0.0881190792    0.0881190792    0.0881190792
  0.0881190792    0.0881190792    0.0881190792    0.0881190792    0.0881190792
  0.0881190792    0.0881190792    0.0881190792    0.0881190792    0.0881190792
  0.0881190792    0.0881190792    0.0881190792    0.0881190792    0.0881190792
  0.0881190792    0.0881190792    0.0881190792    0.0881190792    0.0881190792
  0.0881190792    0.0881190792    0.0881190792    0.0881190792    0.0881190792
  0.0881190792    0.0881190792    0.0881190792    0.0881190792    0.0881190792
  0.0881190792    0.0881190792    0.0881190792    0.0881190792    0.0881190792
  0.0881190792    0.0881190792    0.0881190792    0.0881190792    0.0881190792
  0.0881190792    0.0881190792    0.0881190792    0.0881190792    0.0881190792
  0.0881190792    0.0881190792    0.0881190792    0.0881190792    0.0881190792
  0.0881190792    0.0881190792    0.0881190792    0.0881190792    0.0881190792
  0.0881190792    0.0881190792    0.0881190792    0.0881190792    0.0881190792
  -0.0000005022    0.0006072327    0.0012150481    0.0018235341    0.0024327174
  0.0030426517    0.0036533371    0.0042648003    0.0048770949    0.0054902479
  0.0061042860    0.0067192093    0.0073351249    0.0079520062    0.0085699067
  0.0091888264    0.0098088458    0.0104299918    0.0110522643    0.0116757438
  0.0123004571    0.0129264042    0.0135536656    0.0141822681    0.0148122653
  0.0154436037    0.0160764709    0.0167107865    0.0173466578    0.0179840848
  0.0186231747    0.0192638472    0.0199063167    0.0205505297    0.0211965129
  0.0218443736    0.0224940583    0.0231457278    0.0237993822    0.0244551286
  0.0251129135    0.0257728979    0.0264350817    0.0270994917    0.0277662352
  0.0284354731    0.0291070446    0.0297810838    0.0304577246    0.0311370745
  0.0318190798    0.0325038746    0.0331914589    0.0338820204    0.0345756397
  0.0352722630    0.0359720513    0.0366750583    0.0373813912    0.0380911574
  0.0388043836    0.0395212844    0.0402418330    0.0409662440    0.0416944370
  0.0424267873    0.0431632414    0.0439039066    0.0446489707    0.0453984335
  0.0461526707    0.0469115749    0.0476754144    0.0484442696    0.0492185161
  0.0499978319    0.0507828608    0.0515737638    0.0523703262    0.0531731382
  0.0539821193    0.0547975913    0.0556199566    0.0564491615    0.0572856620
  0.0581298336    0.0589814618    0.0598412171    0.0607093677    0.0615861550
  0.0624720350    0.0633670881    0.0642721996    0.0651874229    0.0661132410
  0.0670500830    0.0679986194    0.0689592794    0.0699323580    0.0709191695
  0.0719197676    0.0729351178    0.0739659980    0.0750131324    0.0760775134
  0.0771599993    0.0782622263    0.0793851331    0.0805292562    0.0816969559
  0.0828894123    0.0841088519    0.0853568569    0.0866360560    0.0879481927
  0.0891729698    0.0891729876    0.0891729876    0.0891729876    0.0891729876
  0.0891729876    0.0891729876    0.0891729876    0.0891729876    0.0891729876
  0.0891729876    0.0891729876    0.0891729876    0.0891729876    0.0891729876
  0.0891729876    0.0891729876    0.0891729876    0.0891729876    0.0891729876
  0.0891729876    0.0891729876    0.0891729876    0.0891729876    0.0891729876
  0.0891729876    0.0891729876    0.0891729876    0.0891729876    0.0891729876
  0.0891729876    0.0891729876    0.0891729876    0.0891729876    0.0891729876
  0.0891729876    0.0891729876    0.0891729876    0.0891729876    0.0891729876
  0.0891729876    0.0891729876    0.0891729876    0.0891729876    0.0891729876
  0.0891729876    0.0891729876    0.0891729876    0.0891729876    0.0891729876
  0.0891729876    0.0891729876    0.0891729876    0.0891729876    0.0891729876
  0.0891729876    0.0891729876    0.0891729876    0.0891729876    0.0891729876
  0.0891729876    0.0891729876    0.0891729876    0.0891729876    0.0891729876
  0.0891729876    0.0891729876    0.0891729876    0.0891729876    0.0891729876
  0.0891729876    0.0891729876    0.0891729876    0.0891729876    0.0891729876
  0.0891729876    0.0891729876    0.0891729876    0.0891729876    0.0891729876
  0.0891729876    0.0891729876    0.0891729876    0.0891729876    0.0891729876
  0.0891729876    0.0891729876    0.0891729876    0.0891729876    0.0891729876
  0.0891729876    0.0891729876    0.0891729876    0.0891729876    0.0891729876
  0.0891729876    0.0891729876    0.0891729876    0.0891729876    0.0891729876
  0.0891729876    0.0891729876    0.0891729876    0.0891729876    0.0891729876
  0.0891729876    0.0891729876    0.0891729876    0.0891729876    0.0891729876
  0.0891729876    0.0891729876    0.0891729876    0.0891729876    0.0891729876
  0.0891729876    0.0891729876    0.0891729876    0.0891729876    0.0891729876
  0.0891729876    0.0891729876    0.0891729876    0.0891729876    0.0891729876
  0.0891729876    0.0891729876    0.0891729876    0.0891729876    0.0891729876
  0.0891729876    0.0891729876    0.0891729876    0.0891729876    0.0891729876
  0.0891729876    0.0891729876    0.0891729876    0.0891729876    0.0891729876
  0.0891729876    0.0891729876    0.0891729876    0.0891729876    0.0891729876
  0.0891729876    0.0891729876    0.0891729876    0.0891729876    0.0891729876
  0.0891729876    0.0891729876    0.0891729876    0.0891729876    0.0891729876
  0.0891729876    0.0891729876    0.0891729876    0.0891729876    0.0891729876
  0.0891729876    0.0891729876    0.0891729876    0.0891729876    0.0891729876
  0.0891729876    0.0891729876    0.0891729876    0.0891729876    0.0891729876
  0.0891729876    0.0891729876    0.0891729876    0.0891729876    0.0891729876
  0.0891729876    0.0891729876    0.0891729876    0.0891729876    0.0891729876
  0.0891729876    0.0891729876    0.0891729876    0.0891729876    0.0891729876
  -0.0000005022    0.0005649880    0.0011304244    0.0016964242    0.0022630140
  0.0028302208    0.0033980712    0.0039665923    0.0045357838    0.0051056728
  0.0056763127    0.0062476769    0.0068198726    0.0073928460    0.0079666510
  0.0085413143    0.0091168627    0.0096933231    0.0102707222    0.0108490869
  0.0114284173    0.0120087937    0.0125902161    0.0131727114    0.0137563065
  0.0143410549    0.0149269566    0.0155140385    0.0161023542    0.0166919038
  0.0172827676    0.0178749189    0.0184684649    0.0190633520    0.0196596876
  0.0202574983    0.0208567575    0.0214575723    0.0220599160    0.0226638421
  0.0232694313    0.0238767639    0.0244857058    0.0250964448    0.0257090077
  0.0263233677    0.0269395784    0.0275578007    0.0281779274    0.0288001195
  0.0294242963    0.0300506458    0.0306791410    0.0313098356    0.0319427833
  0.0325780377    0.0332156792    0.0338557884    0.0344983652    0.0351433828
  0.0357911363    0.0364414647    0.0370945826    0.0377505437    0.0384092137
  0.0390709415    0.0397356197    0.0404033557    0.0410743371    0.0417484567
  0.0424259558    0.0431068614    0.0437911198    0.0444789991    0.0451707676
  0.0458660766    0.0465654358    0.0472685501    0.0479759023    0.0486874387
  0.0494032398    0.0501235738    0.0508483604    0.0515777871    0.0523121223
  0.0530514196    0.0537957326    0.0545455173    0.0553005323    0.0560613409
  0.0568278089    0.0576004460    0.0583789572    0.0591637984    0.0599554792
  0.0607538119    0.0615593329    0.0623719618    0.0631922081    0.0640202865
  0.0648564115    0.0657010928    0.0665544376    0.0674169555    0.0682890221
  0.0691707715    0.0700629279    0.0709658667    0.0718799904    0.0728057548
  0.0737440184    0.0746950492    0.0756592229    0.0766381487    0.0776318267
  0.0786414906    0.0796674356    0.0807109758    0.0817732915    0.0828551337
  0.0839581117    0.0850832179    0.0862329736    0.0874074325    0.0886097595
  0.0898414835    0.0901613101    0.0901613280    0.0901613280    0.0901613280
  0.0901613280    0.0901613280    0.0901613280    0.0901613280    0.0901613280
  0.0901613280    0.0901613280    0.0901613280    0.0901613280    0.0901613280
  0.0901613280    0.0901613280    0.0901613280    0.0901613280    0.0901613280
  0.0901613280    0.0901613280    0.0901613280    0.0901613280    0.0901613280
  0.0901613280    0.0901613280    0.0901613280    0.0901613280    0.0901613280
  0.0901613280    0.0901613280    0.0901613280    0.0901613280    0.0901613280
  0.0901613280    0.0901613280    0.0901613280    0.0901613280    0.0901613280
  0.0901613280    0.0901613280    0.0901613280    0.0901613280    0.0901613280
  0.0901613280    0.0901613280    0.0901613280    0.0901613280    0.0901613280
  0.0901613280    0.0901613280    0.0901613280    0.0901613280    0.0901613280
  0.0901613280    0.0901613280    0.0901613280    0.0901613280    0.0901613280
  0.0901613280    0.0901613280    0.0901613280    0.0901613280    0.0901613280
  0.0901613280    0.0901613280    0.0901613280    0.0901613280    0.0901613280
  0.0901613280    0.0901613280    0.0901613280    0.0901613280    0.0901613280
  0.0901613280    0.0901613280    0.0901613280    0.0901613280    0.0901613280
  0.0901613280    0.0901613280    0.0901613280    0.0901613280    0.0901613280
  0.0901613280    0.0901613280    0.0901613280    0.0901613280    0.0901613280
  0.0901613280    0.0901613280    0.0901613280    0.0901613280    0.0901613280
  0.0901613280    0.0901613280    0.0901613280    0.0901613280    0.0901613280
  0.0901613280    0.0901613280    0.0901613280    0.0901613280    0.0901613280
  0.0901613280    0.0901613280    0.0901613280    0.0901613280    0.0901613280
  0.0901613280    0.0901613280    0.0901613280    0.0901613280    0.0901613280
  0.0901613280    0.0901613280    0.0901613280    0.0901613280    0.0901613280
  0.0901613280    0.0901613280    0.0901613280    0.0901613280    0.0901613280
  0.0901613280    0.0901613280    0.0901613280    0.0901613280    0.0901613280
  0.0901613280    0.0901613280    0.0901613280    0.0901613280    0.0901613280
  0.0901613280    0.0901613280    0.0901613280    0.0901613280    0.0901613280
  0.0901613280    0.0901613280    0.0901613280    0.0901613280    0.0901613280
  0.0901613280    0.0901613280    0.0901613280    0.0901613280    0.0901613280
  0.0901613280    0.0901613280    0.0901613280    0.0901613280    0.0901613280
  0.0901613280    0.0901613280    0.0901613280    0.0901613280    0.0901613280
  0.0901613280    0.0901613280    0.0901613280    0.0901613280    0.0901613280
  0.0901613280    0.0901613280    0.0901613280    0.0901613280    0.0901613280
  0.0901613280    0.0901613280    0.0901613280    0.0901613280    0.0901613280
  -0.0000005022    0.0005290464    0.0010584339    0.0015882775    0.0021186575
  0.0026495203    0.0031809732    0.0037129626    0.0042455152    0.0047786847
  0.0053124443    0.0058468744    0.0063819483    0.0069176659    0.0074541077
  0.0079912737    0.0085291371    0.0090677783    0.0096071973    0.0101473942
  0.0106884226    0.0112303093    0.0117730275    0.0123166576    0.0128611460
  0.0134066001    0.0139529929    0.0145003244    0.0150487021    0.0155980989
  0.0161485687    0.0167000845    0.0172526464    0.0178063616    0.0183612302
  0.0189172789    0.0194744810    0.0200329706    0.0205926672    0.0211536512
  0.0217159763    0.0222796157    0.0228446230    0.0234110251    0.0239788219
  0.0245480672    0.0251188949    0.0256911978    0.0262650564    0.0268404439
  0.0274174944    0.0279961810    0.0285766110    0.0291587040    0.0297425941
  0.0303282544    0.0309158459    0.0315052077    0.0320965812    0.0326898053
  0.0332850680    0.0338824496    0.0344818696    0.0350834355    0.0356872007
  0.0362931386    0.0369014367    0.0375119075    0.0381249532    0.0387404129
  0.0393582061    0.0399786815    0.0406016782    0.0412274107    0.0418558791
  0.0424870297    0.0431211308    0.0437581018    0.0443980500    0.0450410560
  0.0456871733    0.0463365629    0.0469892517    0.0476452664    0.0483046338
  0.0489676490    0.0496342048    0.0503045961    0.0509786621    0.0516568586
  0.0523387566    0.0530249462    0.0537154540    0.0544103071    0.0551095858
  0.0558134243    0.0565219030    0.0572353169    0.0579538807    0.0586774871
  0.0594063237    0.0601406857    0.0608808681    0.0616268173    0.0623786405
  0.0631366596    0.0639009818    0.0646724388    0.0654502258    0.0662353083
  0.0670276865    0.0678276017    0.0686355367    0.0694515720    0.0702762440
  0.0711096868    0.0719524637    0.0728043869    0.0736667708    0.0745392933
  0.0754225984    0.0763176516    0.0772242382    0.0781433240    0.0790756330
  0.0800214335    0.0809816912    0.0819572374    0.0829486892    0.0839571193
  0.0849836811    0.0860289916    0.0870944723    0.0881812766    0.0892912552
  0.0904258832    0.0910930827    0.0910930917    0.0910930917    0.0910930917
  0.0910930917    0.0910930917    0.0910930917    0.0910930917    0.0910930917
  0.0910930917    0.0910930917    0.0910930917    0.0910930917    0.0910930917
  0.0910930917    0.0910930917    0.0910930917    0.0910930917    0.0910930917
  0.0910930917    0.0910930917    0.0910930917    0.0910930917    0.0910930917
  0.0910930917    0.0910930917    0.0910930917    0.0910930917    0.0910930917
  0.0910930917    0.0910930917    0.0910930917    0.0910930917    0.0910930917
  0.0910930917    0.0910930917    0.0910930917    0.0910930917    0.0910930917
  0.0910930917    0.0910930917    0.0910930917    0.0910930917    0.0910930917
  0.0910930917    0.0910930917    0.0910930917    0.0910930917    0.0910930917
  0.0910930917    0.0910930917    0.0910930917    0.0910930917    0.0910930917
  0.0910930917    0.0910930917    0.0910930917    0.0910930917    0.0910930917
  0.0910930917    0.0910930917    0.0910930917    0.0910930917    0.0910930917
  0.0910930917    0.0910930917    0.0910930917    0.0910930917    0.0910930917
  0.0910930917    0.0910930917    0.0910930917    0.0910930917    0.0910930917
  0.0910930917    0.0910930917    0.0910930917    0.0910930917    0.0910930917
  0.0910930917    0.0910930917    0.0910930917    0.0910930917    0.0910930917
  0.0910930917    0.0910930917    0.0910930917    0.0910930917    0.0910930917
  0.0910930917    0.0910930917    0.0910930917    0.0910930917    0.0910930917
  0.0910930917    0.0910930917    0.0910930917    0.0910930917    0.0910930917
  0.0910930917    0.0910930917    0.0910930917    0.0910930917    0.0910930917
  0.0910930917    0.0910930917    0.0910930917    0.0910930917    0.0910930917
  0.0910930917    0.0910930917    0.0910930917    0.0910930917    0.0910930917
  0.0910930917    0.0910930917    0.0910930917    0.0910930917    0.0910930917
  0.0910930917    0.0910930917    0.0910930917    0.0910930917    0.0910930917
  0.0910930917    0.0910930917    0.0910930917    0.0910930917    0.0910930917
  0.0910930917    0.0910930917    0.0910930917    0.0910930917    0.0910930917
  0.0910930917    0.0910930917    0.0910930917    0.0910930917    0.0910930917
  0.0910930917    0.0910930917    0.0910930917    0.0910930917    0.0910930917
  0.0910930917    0.0910930917    0.0910930917    0.0910930917    0.0910930917
  0.0910930917    0.0910930917    0.0910930917    0.0910930917    0.0910930917
  0.0910930917    0.0910930917    0.0910930917    0.0910930917    0.0910930917
  0.0910930917    0.0910930917    0.0910930917    0.0910930917    0.0910930917
  -0.0000005022    0.0004980400    0.0009963408    0.0014950439    0.0019942030
  0.0024937645    0.0029938355    0.0034943625    0.0039953992    0.0044969186
  0.0049989745    0.0055015668    0.0060047224    0.0065084413    0.0070127502
  0.0075176761    0.0080231920    0.0085293517    0.0090361819    0.0095436558
  0.0100518271    0.0105606958    0.0110702887    0.0115806326    0.0120917276
  0.0126035735    0.0131162241    0.0136296794    0.0141439661    0.0146591112
  0.0151750877    0.0156919762    0.0162097767    0.0167284623    0.0172480866
  0.0177687034    0.0182902858    0.0188129142    0.0193365082    0.0198612019
  0.0203869149    0.0209137544    0.0214416668    0.0219707593    0.0225010052
  0.0230324045    0.0235650107    0.0240988776    0.0246339515    0.0251703396
  0.0257080689    0.0262470588    0.0267874166    0.0273291692    0.0278723434
  0.0284169123    0.0289630368    0.0295105830    0.0300596312    0.0306103423
  0.0311625019    0.0317163780    0.0322718903    0.0328290656    0.0333879307
  0.0339486465    0.0345110789    0.0350752816    0.0356413886    0.0362094805
  0.0367793426    0.0373512968    0.0379252091    0.0385011330    0.0390791759
  0.0396594450    0.0402418062    0.0408264473    0.0414133415    0.0420026496
  0.0425942108    0.0431881860    0.0437846556    0.0443837002    0.0449853733
  0.0455894604    0.0461965516    0.0468061641    0.0474187270    0.0480341330
  0.0486524895    0.0492737964    0.0498984829    0.0505259320    0.0511569217
  0.0517910495    0.0524286374    0.0530696854    0.0537142739    0.0543625101
  0.0550146624    0.0556704894    0.0563302591    0.0569942400    0.0576621100
  0.0583343789    0.0590109929    0.0596921667    0.0603778198    0.0610684887
  0.0617637977    0.0624640957    0.0631698385    0.0638808385    0.0645973101
  0.0653194681    0.0660474464    0.0667815402    0.0675217763    0.0682684496
  0.0690220699    0.0697822347    0.0705497488    0.0713246122    0.0721068516
  0.0728974059    0.0736961946    0.0745033517    0.0753196284    0.0761449441
  0.0769799694    0.0778254822    0.0786811337    0.0795478627    0.0804260984
  0.0813161895    0.0822191283    0.0831350490    0.0840652391    0.0850096449
  0.0859701440    0.0869466022    0.0879400387    0.0889519289    0.0899830773
  0.0910350665    0.0919754758    0.0919754758    0.0919754758    0.0919754758
  0.0919754758    0.0919754758    0.0919754758    0.0919754758    0.0919754758
  0.0919754758    0.0919754758    0.0919754758    0.0919754758    0.0919754758
  0.0919754758    0.0919754758    0.0919754758    0.0919754758    0.0919754758
  0.0919754758    0.0919754758    0.0919754758    0.0919754758    0.0919754758
  0.0919754758    0.0919754758    0.0919754758    0.0919754758    0.0919754758
  0.0919754758    0.0919754758    0.0919754758    0.0919754758    0.0919754758
  0.0919754758    0.0919754758    0.0919754758    0.0919754758    0.0919754758
  0.0919754758    0.0919754758    0.0919754758    0.0919754758    0.0919754758
  0.0919754758    0.0919754758    0.0919754758    0.0919754758    0.0919754758
  0.0919754758    0.0919754758    0.0919754758    0.0919754758    0.0919754758
  0.0919754758    0.0919754758    0.0919754758    0.0919754758    0.0919754758
  0.0919754758    0.0919754758    0.0919754758    0.0919754758    0.0919754758
  0.0919754758    0.0919754758    0.0919754758    0.0919754758    0.0919754758
  0.0919754758    0.0919754758    0.0919754758    0.0919754758    0.0919754758
  0.0919754758    0.0919754758    0.0919754758    0.0919754758    0.0919754758
  0.0919754758    0.0919754758    0.0919754758    0.0919754758    0.0919754758
  0.0919754758    0.0919754758    0.0919754758    0.0919754758    0.0919754758
  0.0919754758    0.0919754758    0.0919754758    0.0919754758    0.0919754758
  0.0919754758    0.0919754758    0.0919754758    0.0919754758    0.0919754758
  0.0919754758    0.0919754758    0.0919754758    0.0919754758    0.0919754758
  0.0919754758    0.0919754758    0.0919754758    0.0919754758    0.0919754758
  0.0919754758    0.0919754758    0.0919754758    0.0919754758    0.0919754758
  0.0919754758    0.0919754758    0.0919754758    0.0919754758    0.0919754758
  0.0919754758    0.0919754758    0.0919754758    0.0919754758    0.0919754758
  0.0919754758    0.0919754758    0.0919754758    0.0919754758    0.0919754758
  0.0919754758    0.0919754758    0.0919754758    0.0919754758    0.0919754758
  0.0919754758    0.0919754758    0.0919754758    0.0919754758    0.0919754758
  0.0919754758    0.0919754758    0.0919754758    0.0919754758    0.0919754758
  0.0919754758    0.0919754758    0.0919754758    0.0919754758    0.0919754758
  0.0919754758    0.0919754758    0.0919754758    0.0919754758    0.0919754758
  -0.0000005022    0.0004710034    0.0009422407    0.0014137730    0.0018856809
  0.0023579910    0.0028307036    0.0033038452    0.0037773892    0.0042513624
  0.0047258183    0.0052007034    0.0056760982    0.0061519489    0.0066283360
  0.0071052060    0.0075826123    0.0080605820    0.0085390881    0.0090181574
  0.0094978169    0.0099780664    0.0104589328    0.0109404430    0.0114225432
  0.0119053409    0.0123887822    0.0128728941    0.0133577302    0.0138432637
  0.0143295214    0.0148165300    0.0153042629    0.0157928005    0.0162821159
  0.0167722628    0.0172631875    0.0177549705    0.0182475850    0.0187410846
  0.0192354694    0.0197307661    0.0202269480    0.0207241490    0.0212222621
  0.0217213139    0.0222214118    0.0227225289    0.0232246116    0.0237277940
  0.0242320493    0.0247373506    0.0252438322    0.0257514134    0.0262601480
  0.0267700359    0.0272811309    0.0277934060    0.0283069685    0.0288218185
  0.0293379560    0.0298553005    0.0303740397    0.0308941469    0.0314156488
  0.0319385722    0.0324628636    0.0329886571    0.0335159257    0.0340447500
  0.0345749959    0.0351069584    0.0356403962    0.0361755237    0.0367122605
  0.0372507945    0.0377909377    0.0383328781    0.0388766423    0.0394222304
  0.0399696425    0.0405190393    0.0410702065    0.0416233853    0.0421786562
  0.0427359119    0.0432952330    0.0438566998    0.0444203123    0.0449862584
  0.0455544040    0.0461248025    0.0466975078    0.0472726807    0.0478502944
  0.0484304830    0.0490131393    0.0495984510    0.0501864448    0.0507770941
  0.0513704792    0.0519667611    0.0525658861    0.0531681761    0.0537733898
  0.0543816879    0.0549932048    0.0556079939    0.0562260285    0.0568475500
  0.0574725047    0.0581011072    0.0587333843    0.0593694165    0.0600093380
  0.0606530145    0.0613009557    0.0619530544    0.0626092836    0.0632700995
  0.0639353409    0.0646051958    0.0652799055    0.0659594968    0.0666440770
  0.0673339680    0.0680293307    0.0687300041    0.0694361493    0.0701486781
  0.0708671346    0.0715916798    0.0723229572    0.0730606183    0.0738055751
  0.0745574251    0.0753170535    0.0760840312    0.0768592432    0.0776426896
  0.0784347191    0.0792359486    0.0800464854    0.0808666512    0.0816969559
  0.0825379357    0.0833904758    0.0842539862    0.0851298615    0.0860189334
  0.0869210675    0.0878373906    0.0887685999    0.0897153929    0.0906790301
  0.0916598067    0.0926598147    0.0928142831    0.0928142801    0.0928142801
  0.0928142801    0.0928142801    0.0928142801    0.0928142801    0.0928142801
  0.0928142801    0.0928142801    0.0928142801    0.0928142801    0.0928142801
  0.0928142801    0.0928142801    0.0928142801    0.0928142801    0.0928142801
  0.0928142801    0.0928142801    0.0928142801    0.0928142801    0.0928142801
  0.0928142801    0.0928142801    0.0928142801    0.0928142801    0.0928142801
  0.0928142801    0.0928142801    0.0928142801    0.0928142801    0.0928142801
  0.0928142801    0.0928142801    0.0928142801    0.0928142801    0.0928142801
  0.0928142801    0.0928142801    0.0928142801    0.0928142801    0.0928142801
  0.0928142801    0.0928142801    0.0928142801    0.0928142801    0.0928142801
  0.0928142801    0.0928142801    0.0928142801    0.0928142801    0.0928142801
  0.0928142801    0.0928142801    0.0928142801    0.0928142801    0.0928142801
  0.0928142801    0.0928142801    0.0928142801    0.0928142801    0.0928142801
  0.0928142801    0.0928142801    0.0928142801    0.0928142801    0.0928142801
  0.0928142801    0.0928142801    0.0928142801    0.0928142801    0.0928142801
  0.0928142801    0.0928142801    0.0928142801    0.0928142801    0.0928142801
  0.0928142801    0.0928142801    0.0928142801    0.0928142801    0.0928142801
  0.0928142801    0.0928142801    0.0928142801    0.0928142801    0.0928142801
  0.0928142801    0.0928142801    0.0928142801    0.0928142801    0.0928142801
  0.0928142801    0.0928142801    0.0928142801    0.0928142801    0.0928142801
  0.0928142801    0.0928142801    0.0928142801    0.0928142801    0.0928142801
  0.0928142801    0.0928142801    0.0928142801    0.0928142801    0.0928142801
  0.0928142801    0.0928142801    0.0928142801    0.0928142801    0.0928142801
  0.0928142801    0.0928142801    0.0928142801    0.0928142801    0.0928142801
  0.0928142801    0.0928142801    0.0928142801    0.0928142801    0.0928142801
  0.0928142801    0.0928142801    0.0928142801    0.0928142801    0.0928142801
  0.0928142801    0.0928142801    0.0928142801    0.0928142801    0.0928142801
  0.0928142801    0.0928142801    0.0928142801    0.0928142801    0.0928142801
  0.0928142801    0.0928142801    0.0928142801    0.0928142801    0.0928142801
  -0.0000005022    0.0004472122    0.0008945778    0.0013422117    0.0017901942
  0.0022384718    0.0026871249    0.0031361267    0.0035855308    0.0040352836
  0.0044854388    0.0049359962    0.0053869560    0.0058383450    0.0062901899
  0.0067424640    0.0071951672    0.0076483533    0.0081020489    0.0085562006
  0.0090108618    0.0094660327    0.0099217132    0.0103779301    0.0108347103
  0.0112920538    0.0117499337    0.0122084036    0.0126674637    0.0131271675
  0.0135874346    0.0140483722    0.0145099267    0.0149721786    0.0154350743
  0.0158986405    0.0163628772    0.0168278113    0.0172935501    0.0177599326
  0.0182271197    0.0186950579    0.0191637740    0.0196332678    0.0201035395
  0.0205746695    0.0210465774    0.0215193972    0.0219930485    0.0224676117
  0.0229430601    0.0234193936    0.0238966390    0.0243748233    0.0248540267
  0.0253341153    0.0258152768    0.0262973770    0.0267805770    0.0272647426
  0.0277500346    0.0282363459    0.0287238106    0.0292122945    0.0297020122
  0.0301928565    0.0306849077    0.0311780855    0.0316725239    0.0321682230
  0.0326651290    0.0331632689    0.0336628571    0.0341635719    0.0346657887
  0.0351693735    0.0356742457    0.0361805394    0.0366883889    0.0371976599
  0.0377083793    0.0382206544    0.0387344584    0.0392497912    0.0397667870
  0.0402854457    0.0408057138    0.0413276449    0.0418513462    0.0423767641
  0.0429039791    0.0434329912    0.0439638540    0.0444964603    0.0450311854
  0.0455677882    0.0461064562    0.0466470823    0.0471897468    0.0477345571
  0.0482815668    0.0488305345    0.0493819967    0.0499357387    0.0504915997
  0.0510499552    0.0516106710    0.0521737739    0.0527396932    0.0533079728
  0.0538788810    0.0544524178    0.0550287440    0.0556078598    0.0561898723
  0.0567747280    0.0573626414    0.0579535052    0.0585476682    0.0591448352
  0.0597453818    0.0603490934    0.0609566405    0.0615672454    0.0621817127
  0.0627997741    0.0634215370    0.0640472963    0.0646768644    0.0653107509
  0.0659485534    0.0665907279    0.0672374889    0.0678885952    0.0685443684
  0.0692049429    0.0698705330    0.0705410853    0.0712169483    0.0718982294
  0.0725847945    0.0732773408    0.0739757881    0.0746802703    0.0753911629
  0.0761083052    0.0768325552    0.0775636718    0.0783017352    0.0790472552
  0.0798010364    0.0805626228    0.0813326314    0.0821113303    0.0828989610
  0.0836962745    0.0845033780    0.0853207275    0.0861488864    0.0869883105
  0.0878394291    0.0887030736    0.0895795658    0.0904697642    0.0913739905
  0.0922936663    0.0932295159    0.0936143860    0.0936143860    0.0936143860
  0.0936143860    0.0936143860    0.0936143860    0.0936143860    0.0936143860
  0.0936143860    0.0936143860    0.0936143860    0.0936143860    0.0936143860
  0.0936143860    0.0936143860    0.0936143860    0.0936143860    0.0936143860
  0.0936143860    0.0936143860    0.0936143860    0.0936143860    0.0936143860
  0.0936143860    0.0936143860    0.0936143860    0.0936143860    0.0936143860
  0.0936143860    0.0936143860    0.0936143860    0.0936143860    0.0936143860
  0.0936143860    0.0936143860    0.0936143860    0.0936143860    0.0936143860
  0.0936143860    0.0936143860    0.0936143860    0.0936143860    0.0936143860
  0.0936143860    0.0936143860    0.0936143860    0.0936143860    0.0936143860
  0.0936143860    0.0936143860    0.0936143860    0.0936143860    0.0936143860
  0.0936143860    0.0936143860    0.0936143860    0.0936143860    0.0936143860
  0.0936143860    0.0936143860    0.0936143860    0.0936143860    0.0936143860
  0.0936143860    0.0936143860    0.0936143860    0.0936143860    0.0936143860
  0.0936143860    0.0936143860    0.0936143860    0.0936143860    0.0936143860
  0.0936143860    0.0936143860    0.0936143860    0.0936143860    0.0936143860
  0.0936143860    0.0936143860    0.0936143860    0.0936143860    0.0936143860
  0.0936143860    0.0936143860    0.0936143860    0.0936143860    0.0936143860
  0.0936143860    0.0936143860    0.0936143860    0.0936143860    0.0936143860
  0.0936143860    0.0936143860    0.0936143860    0.0936143860    0.0936143860
  0.0936143860    0.0936143860    0.0936143860    0.0936143860    0.0936143860
  0.0936143860    0.0936143860    0.0936143860    0.0936143860    0.0936143860
  0.0936143860    0.0936143860    0.0936143860    0.0936143860    0.0936143860
  0.0936143860    0.0936143860    0.0936143860    0.0936143860    0.0936143860
  0.0936143860    0.0936143860    0.0936143860    0.0936143860    0.0936143860
  0.0936143860    0.0936143860    0.0936143860    0.0936143860    0.0936143860
  0.0936143860    0.0936143860    0.0936143860    0.0936143860    0.0936143860
  -0.0000005022    0.0004260764    0.0008522794    0.0012786970    0.0017054096
  0.0021323904    0.0025596932    0.0029872909    0.0034152374    0.0038435057
  0.0042721227    0.0047010884    0.0051304296    0.0055601195    0.0059901848
  0.0064206526    0.0068515226    0.0072827682    0.0077144697    0.0081465468
  0.0085791066    0.0090120956    0.0094455138    0.0098793879    0.0103137717
  0.0107486114    0.0111839607    0.0116197929    0.0120561346    0.0124929860
  0.0129304007    0.0133683518    0.0138068125    0.0142458901    0.0146855041
  0.0151257351    0.0155665025    0.0160079405    0.0164499417    0.0168925866
  0.0173358753    0.0177798077    0.0182243839    0.0186696306    0.0191156015
  0.0195622697    0.0200096086    0.0204576448    0.0209064856    0.0213559970
  0.0218062863    0.0222573802    0.0227091983    0.0231618479    0.0236152753
  0.0240695611    0.0245246246    0.0249806002    0.0254374072    0.0258950993
  0.0263536498    0.0268131122    0.0272735134    0.0277348801    0.0281971321
  0.0286603764    0.0291246131    0.0295897886    0.0300560102    0.0305232242
  0.0309915379    0.0314609244    0.0319312766    0.0324028090    0.0328754678
  0.0333491996    0.0338241383    0.0343001768    0.0347774222    0.0352558747
  0.0357355878    0.0362164810    0.0366987422    0.0371821567    0.0376669124
  0.0381530896    0.0386405006    0.0391293600    0.0396195069    0.0401111558
  0.0406041995    0.0410987720    0.0415948197    0.0420923695    0.0425913945
  0.0430920288    0.0435942993    0.0440981790    0.0446035877    0.0451107934
  0.0456196085    0.0461303011    0.0466426834    0.0471567824    0.0476727590
  0.0481906667    0.0487104788    0.0492321149    0.0497557089    0.0502814218
  0.0508090928    0.0513389632    0.0518708453    0.0524049267    0.0529412076
  0.0534796610    0.0540204212    0.0545635149    0.0551090494    0.0556569174
  0.0562073067    0.0567601368    0.0573157296    0.0578737095    0.0584345594
  0.0589981720    0.0595644400    0.0601336852    0.0607057735    0.0612809464
  0.0618589893    0.0624402776    0.0630248651    0.0636125907    0.0642037228
  0.0647982076    0.0653964207    0.0659981474    0.0666033074    0.0672125176
  0.0678254560    0.0684424177    0.0690633759    0.0696886793    0.0703183815
  0.0709522411    0.0715907946    0.0722338542    0.0728818759    0.0735348865
  0.0741926447    0.0748560086    0.0755247369    0.0761990979    0.0768787965
  0.0775645837    0.0782567278    0.0789550945    0.0796601668    0.0803718105
  0.0810904548    0.0818163946    0.0825498447    0.0832911804    0.0840409651
  0.0847985014    0.0855656937    0.0863414153    0.0871269003    0.0879219875
  0.0887280449    0.0895448312    0.0903729364    0.0912130848    0.0920657590
  0.0929313079    0.0938109115    0.0943796471    0.0943796530    0.0943796530
  0.0943796530    0.0943796530    0.0943796530    0.0943796530    0.0943796530
  0.0943796530    0.0943796530    0.0943796530    0.0943796530    0.0943796530
  0.0943796530    0.0943796530    0.0943796530    0.0943796530    0.0943796530
  0.0943796530    0.0943796530    0.0943796530    0.0943796530    0.0943796530
  0.0943796530    0.0943796530    0.0943796530    0.0943796530    0.0943796530
  0.0943796530    0.0943796530    0.0943796530    0.0943796530    0.0943796530
  0.0943796530    0.0943796530    0.0943796530    0.0943796530    0.0943796530
  0.0943796530    0.0943796530    0.0943796530    0.0943796530    0.0943796530
  0.0943796530    0.0943796530    0.0943796530    0.0943796530    0.0943796530
  0.0943796530    0.0943796530    0.0943796530    0.0943796530    0.0943796530
  0.0943796530    0.0943796530    0.0943796530    0.0943796530    0.0943796530
  0.0943796530    0.0943796530    0.0943796530    0.0943796530    0.0943796530
  0.0943796530    0.0943796530    0.0943796530    0.0943796530    0.0943796530
  0.0943796530    0.0943796530    0.0943796530    0.0943796530    0.0943796530
  0.0943796530    0.0943796530    0.0943796530    0.0943796530    0.0943796530
  0.0943796530    0.0943796530    0.0943796530    0.0943796530    0.0943796530
  0.0943796530    0.0943796530    0.0943796530    0.0943796530    0.0943796530
  0.0943796530    0.0943796530    0.0943796530    0.0943796530    0.0943796530
  0.0943796530    0.0943796530    0.0943796530    0.0943796530    0.0943796530
  0.0943796530    0.0943796530    0.0943796530    0.0943796530    0.0943796530
  0.0943796530    0.0943796530    0.0943796530    0.0943796530    0.0943796530
  0.0943796530    0.0943796530    0.0943796530    0.0943796530    0.0943796530
  0.0943796530    0.0943796530    0.0943796530    0.0943796530    0.0943796530
  0.0943796530    0.0943796530    0.0943796530    0.0943796530    0.0943796530
  -0.0000005022    0.0004071668    0.0008144334    0.0012218878    0.0016295567
  0.0020374939    0.0024456993    0.0028541997    0.0032629684    0.0036720321
  0.0040813908    0.0044910714    0.0049010739    0.0053113982    0.0057220444
  0.0061330393    0.0065443829    0.0069560751    0.0073681429    0.0077805594
  0.0081933782    0.0086065724    0.0090201691    0.0094341680    0.0098485693
  0.0102633730    0.0106786326    0.0110943213    0.0115104660    0.0119270399
  0.0123440698    0.0127616093    0.0131795779    0.0135980561    0.0140170440
  0.0144365147    0.0148564950    0.0152770117    0.0156980380    0.0161196545
  0.0165417537    0.0169644430    0.0173876956    0.0178115383    0.0182359710
  0.0186609671    0.0190866068    0.0195128366    0.0199397102    0.0203672007
  0.0207953617    0.0212241933    0.0216536686    0.0220838144    0.0225146309
  0.0229462251    0.0233784631    0.0238114253    0.0242451385    0.0246795490
  0.0251147643    0.0255507573    0.0259875014    0.0264250234    0.0268633232
  0.0273025081    0.0277424708    0.0281832919    0.0286249712    0.0290675357
  0.0295109317    0.0299552396    0.0304004326    0.0308465376    0.0312936619
  0.0317416444    0.0321905926    0.0326405600    0.0330914661    0.0335433915
  0.0339963630    0.0344503537    0.0349053904    0.0353615269    0.0358187631
  0.0362770721    0.0367364541    0.0371969357    0.0376586512    0.0381215468
  0.0385855958    0.0390508249    0.0395172879    0.0399850115    0.0404540226
  0.0409242943    0.0413958266    0.0418687537    0.0423429146    0.0428185776
  0.0432954744    0.0437739804    0.0442537472    0.0447350696    0.0452177599
  0.0457020596    0.0461878076    0.0466750845    0.0471640512    0.0476545468
  0.0481467322    0.0486404732    0.0491360381    0.0496332124    0.0501322642
  0.0506328985    0.0511354104    0.0516397461    0.0521460399    0.0526541576
  0.0531641528    0.0536762938    0.0541902855    0.0547065571    0.0552246258
  0.0557450548    0.0562675759    0.0567920819    0.0573190555    0.0578482285
  0.0583797619    0.0589137360    0.0594500706    0.0599889800    0.0605302766
  0.0610742286    0.0616208628    0.0621700719    0.0627220437    0.0632768854
  0.0638345703    0.0643951252    0.0649587914    0.0655253813    0.0660952166
  0.0666682169    0.0672444627    0.0678240076    0.0684071198    0.0689936921
  0.0695837244    0.0701776192    0.0707753763    0.0713767275    0.0719822630
  0.0725918487    0.0732054040    0.0738235191    0.0744460866    0.0750731871
  0.0757047936    0.0763413087    0.0769828930    0.0776294932    0.0782814041
  0.0789388135    0.0796015069    0.0802701011    0.0809446231    0.0816255286
  0.0823126838    0.0830063298    0.0837067619    0.0844141677    0.0851291910
  0.0858517781    0.0865821436    0.0873208240    0.0880680338    0.0888239339
  0.0895890072    0.0903641656    0.0911487922    0.0919445500    0.0927508488
  0.0935689762    0.0943992004    0.0951135263    0.0951135442    0.0951135442
  0.0951135442    0.0951135442    0.0951135442    0.0951135442    0.0951135442
  0.0951135442    0.0951135442    0.0951135442    0.0951135442    0.0951135442
  0.0951135442    0.0951135442    0.0951135442    0.0951135442    0.0951135442
  0.0951135442    0.0951135442    0.0951135442    0.0951135442    0.0951135442
  0.0951135442    0.0951135442    0.0951135442    0.0951135442    0.0951135442
  0.0951135442    0.0951135442    0.0951135442    0.0951135442    0.0951135442
  0.0951135442    0.0951135442    0.0951135442    0.0951135442    0.0951135442
  0.0951135442    0.0951135442    0.0951135442    0.0951135442    0.0951135442
  0.0951135442    0.0951135442    0.0951135442    0.0951135442    0.0951135442
  0.0951135442    0.0951135442    0.0951135442    0.0951135442    0.0951135442
  0.0951135442    0.0951135442    0.0951135442    0.0951135442    0.0951135442
  0.0951135442    0.0951135442    0.0951135442    0.0951135442    0.0951135442
  0.0951135442    0.0951135442    0.0951135442    0.0951135442    0.0951135442
  0.0951135442    0.0951135442    0.0951135442    0.0951135442    0.0951135442
  0.0951135442    0.0951135442    0.0951135442    0.0951135442    0.0951135442
  0.0951135442    0.0951135442    0.0951135442    0.0951135442    0.0951135442
  0.0951135442    0.0951135442    0.0951135442    0.0951135442    0.0951135442
  0.0951135442    0.0951135442    0.0951135442    0.0951135442    0.0951135442
  0.0951135442    0.0951135442    0.0951135442    0.0951135442    0.0951135442
  0.0951135442    0.0951135442    0.0951135442    0.0951135442    0.0951135442
  0.0951135442    0.0951135442    0.0951135442    0.0951135442    0.0951135442
  0.0951135442    0.0951135442    0.0951135442    0.0951135442    0.0951135442
  -0.0000005022    0.0003901348    0.0007803425    0.0011707112    0.0015612945
  0.0019520923    0.0023431048    0.0027343854    0.0031259075    0.0035176978
  0.0039097562    0.0043020830    0.0046947047    0.0050875947    0.0054807797
  0.0058742866    0.0062680885    0.0066621855    0.0070566043    0.0074513987
  0.0078464881    0.0082419261    0.0086377129    0.0090338215    0.0094303325
  0.0098272189    0.0102244273    0.0106220379    0.0110200778    0.0114184663
  0.0118172839    0.0122165039    0.0126161531    0.0130162045    0.0134167120
  0.0138176486    0.0142190143    0.0146208629    0.0150231406    0.0154259011
  0.0158291712    0.0162328973    0.0166371331    0.0170418516    0.0174471065
  0.0178528711    0.0182591185    0.0186659560    0.0190733299    0.0194811866
  0.0198896602    0.0202987239    0.0207083240    0.0211185142    0.0215293214
  0.0219407186    0.0223527059    0.0227653101    0.0231786117    0.0235924765
  0.0240070120    0.0244222179    0.0248380944    0.0252546147    0.0256718054
  0.0260897473    0.0265083864    0.0269277230    0.0273478106    0.0277686223
  0.0281901851    0.0286125794    0.0290356442    0.0294594869    0.0298842147
  0.0303096130    0.0307360038    0.0311630383    0.0315910116    0.0320197895
  0.0324494258    0.0328800008    0.0333114877    0.0337438062    0.0341769829
  0.0346112058    0.0350462869    0.0354823336    0.0359193459    0.0363573506
  0.0367964014    0.0372363642    0.0376773998    0.0381194815    0.0385625556
  0.0390067294    0.0394520298    0.0398983493    0.0403458759    0.0407945022
  0.0412442818    0.0416951612    0.0421472475    0.0426005408    0.0430551216
  0.0435109094    0.0439678773    0.0444262132    0.0448857561    0.0453466669
  0.0458089188    0.0462724850    0.0467374727    0.0472039089    0.0476716056
  0.0481407776    0.0486115322    0.0490836278    0.0495573595    0.0500324324
  0.0505091682    0.0509876207    0.0514675483    0.0519491926    0.0524323925
  0.0529173896    0.0534041032    0.0538925067    0.0543826535    0.0548748121
  0.0553685531    0.0558642522    0.0563618824    0.0568615779    0.0573630974
  0.0578666016    0.0583721444    0.0588799134    0.0593897209    0.0599016204
  0.0604159608    0.0609323129    0.0614510521    0.0619721785    0.0624956384
  0.0630213782    0.0635498807    0.0640806362    0.0646140739    0.0651502743
  0.0656888351    0.0662304267    0.0667747274    0.0673220053    0.0678720728
  0.0684250638    0.0689813003    0.0695406213    0.0701030537    0.0706688926
  0.0712378964    0.0718106285    0.0723864987    0.0729662582    0.0735497192
  0.0741365865    0.0747279063    0.0753227130    0.0759217039    0.0765251473
  0.0771325871    0.0777446941    0.0783613071    0.0789825603    0.0796086952
  0.0802399531    0.0808760121    0.0815174624    0.0821644649    0.0828170463
  0.0834752604    0.0841396973    0.0848098472    0.0854866490    0.0861702099
  0.0868607983    0.0875582799    0.0882631108    0.0889755860    0.0896961078
  0.0904245421    0.0911619350    0.0919083670    0.0926637575    0.0934295014
  0.0942048743    0.0949910834    0.0957882896    0.0958190277    0.0958190218
  0.0958190218    0.0958190218    0.0958190218    0.0958190218    0.0958190218
  0.0958190218    0.0958190218    0.0958190218    0.0958190218    0.0958190218
  0.0958190218    0.0958190218    0.0958190218    0.0958190218    0.0958190218
  0.0958190218    0.0958190218    0.0958190218    0.0958190218    0.0958190218
  0.0958190218    0.0958190218    0.0958190218    0.0958190218    0.0958190218
  0.0958190218    0.0958190218    0.0958190218    0.0958190218    0.0958190218
  0.0958190218    0.0958190218    0.0958190218    0.0958190218    0.0958190218
  0.0958190218    0.0958190218    0.0958190218    0.0958190218    0.0958190218
  0.0958190218    0.0958190218    0.0958190218    0.0958190218    0.0958190218
  0.0958190218    0.0958190218    0.0958190218    0.0958190218    0.0958190218
  0.0958190218    0.0958190218    0.0958190218    0.0958190218    0.0958190218
  0.0958190218    0.0958190218    0.0958190218    0.0958190218    0.0958190218
  0.0958190218    0.0958190218    0.0958190218    0.0958190218    0.0958190218
  0.0958190218    0.0958190218    0.0958190218    0.0958190218    0.0958190218
  0.0958190218    0.0958190218    0.0958190218    0.0958190218    0.0958190218
  0.0958190218    0.0958190218    0.0958190218    0.0958190218    0.0958190218
  0.0958190218    0.0958190218    0.0958190218    0.0958190218    0.0958190218
  0.0958190218    0.0958190218    0.0958190218    0.0958190218    0.0958190218
  0.0958190218    0.0958190218    0.0958190218    0.0958190218    0.0958190218
  0.0958190218    0.0958190218    0.0958190218    0.0958190218    0.0958190218
  -0.0000005022    0.0003747120    0.0007494703    0.0011243895    0.0014994696
  0.0018747374    0.0022502199    0.0026258901    0.0030018017    0.0033779547
  0.0037543491    0.0041309848    0.0045078620    0.0048850074    0.0052623942
  0.0056400761    0.0060179994    0.0063962176    0.0067747310    0.0071535394
  0.0075326160    0.0079119876    0.0082917079    0.0086717233    0.0090520337
  0.0094326928    0.0098137006    0.0101950303    0.0105766818    0.0109587088
  0.0113410845    0.0117238089    0.0121069089    0.0124903843    0.0128742620
  0.0132584885    0.0136431172    0.0140281752    0.0144136086    0.0147994176
  0.0151857093    0.0155724302    0.0159595266    0.0163471058    0.0167351142
  0.0171235785    0.0175125256    0.0179019019    0.0182918146    0.0186821565
  0.0190729812    0.0194643155    0.0198561326    0.0202484593    0.0206413224
  0.0210347220    0.0214286581    0.0218230501    0.0222180858    0.0226136312
  0.0230097398    0.0234064117    0.0238037005    0.0242015526    0.0245999679
  0.0249990270    0.0253987297    0.0257989958    0.0261999056    0.0266014591
  0.0270036563    0.0274064705    0.0278099820    0.0282141909    0.0286190435
  0.0290245667    0.0294308141    0.0298377588    0.0302454814    0.0306538478
  0.0310630456    0.0314729139    0.0318835601    0.0322949305    0.0327071324
  0.0331201389    0.0335340038    0.0339485392    0.0343639866    0.0347801849
  0.0351973221    0.0356152639    0.0360341445    0.0364537492    0.0368743196
  0.0372958288    0.0377182230    0.0381416366    0.0385658816    0.0389910653
  0.0394172147    0.0398444638    0.0402725443    0.0407017246    0.0411319241
  0.0415631965    0.0419954881    0.0424287453    0.0428631827    0.0432986930
  0.0437353030    0.0441731200    0.0446118757    0.0450519994    0.0454932496
  0.0459355459    0.0463792637    0.0468240812    0.0472701058    0.0477175787
  0.0481660709    0.0486160114    0.0490673199    0.0495198622    0.0499737725
  0.0504291311    0.0508859918    0.0513439253    0.0518036559    0.0522646204
  0.0527272746    0.0531913504    0.0536569282    0.0541239813    0.0545928851
  0.0550631031    0.0555351451    0.0560087696    0.0564841375    0.0569613025
  0.0574402109    0.0579207286    0.0584031776    0.0588875040    0.0593736008
  0.0598616555    0.0603516147    0.0608435854    0.0613375142    0.0618336424
  0.0623316750    0.0628319338    0.0633343384    0.0638389155    0.0643457726
  0.0648548290    0.0653663263    0.0658802107    0.0663964823    0.0669151410
  0.0674364015    0.0679603174    0.0684867546    0.0690158740    0.0695478365
  0.0700825617    0.0706199154    0.0711605415    0.0717038766    0.0722505108
  0.0728002027    0.0733531401    0.0739090815    0.0744685635    0.0750315860
  0.0755979076    0.0761679575    0.0767417088    0.0773191348    0.0779006377
  0.0784858689    0.0790752307    0.0796690449    0.0802671239    0.0808694139
  0.0814762369    0.0820882365    0.0827047691    0.0833262905    0.0839528278
  0.0845846757    0.0852221295    0.0858652428    0.0865139350    0.0871690109
  0.0878298000    0.0884974286    0.0891716823    0.0898526415    0.0905409232
  0.0912363663    0.0919398829    0.0926510170    0.0933708414    0.0940990880
  0.0948369637    0.0955836639    0.0963401809    0.0964984581    0.0964984640
  0.0964984640    0.0964984640    0.0964984640    0.0964984640    0.0964984640
  0.0964984640    0.0964984640    0.0964984640    0.0964984640    0.0964984640
  0.0964984640    0.0964984640    0.0964984640    0.0964984640    0.0964984640
  0.0964984640    0.0964984640    0.0964984640    0.0964984640    0.0964984640
  0.0964984640    0.0964984640    0.0964984640    0.0964984640    0.0964984640
  0.0964984640    0.0964984640    0.0964984640    0.0964984640    0.0964984640
  0.0964984640    0.0964984640    0.0964984640    0.0964984640    0.0964984640
  0.0964984640    0.0964984640    0.0964984640    0.0964984640    0.0964984640
  0.0964984640    0.0964984640    0.0964984640    0.0964984640    0.0964984640
  0.0964984640    0.0964984640    0.0964984640    0.0964984640    0.0964984640
  0.0964984640    0.0964984640    0.0964984640    0.0964984640    0.0964984640
  0.0964984640    0.0964984640    0.0964984640    0.0964984640    0.0964984640
  0.0964984640    0.0964984640    0.0964984640    0.0964984640    0.0964984640
  0.0964984640    0.0964984640    0.0964984640    0.0964984640    0.0964984640
  0.0964984640    0.0964984640    0.0964984640    0.0964984640    0.0964984640
  0.0964984640    0.0964984640    0.0964984640    0.0964984640    0.0964984640
  0.0964984640    0.0964984640    0.0964984640    0.0964984640    0.0964984640
  0.0964984640    0.0964984640    0.0964984640    0.0964984640    0.0964984640
  -0.0000005022    0.0003606573    0.0007213876    0.0010821983    0.0014431700
  0.0018043295    0.0021656498    0.0025271580    0.0028888538    0.0032507911
  0.0036129162    0.0039752826    0.0043378636    0.0047006592    0.0050636962
  0.0054269746    0.0057904944    0.0061542556    0.0065182850    0.0068825826
  0.0072471216    0.0076119289    0.0079770312    0.0083424017    0.0087080672
  0.0090740010    0.0094402298    0.0098067805    0.0101735994    0.0105407670
  0.0109082296    0.0112760141    0.0116441473    0.0120125756    0.0123813793
  0.0127505049    0.0131199792    0.0134898022    0.0138599738    0.0142305478
  0.0146014437    0.0149727419    0.0153444156    0.0157164648    0.0160889432
  0.0164617702    0.0168350533    0.0172087118    0.0175827995    0.0179573163
  0.0183322623    0.0187076375    0.0190834686    0.0194597021    0.0198364183
  0.0202135906    0.0205912456    0.0209693298    0.0213479504    0.0217270002
  0.0221065864    0.0224866554    0.0228672341    0.0232483223    0.0236299470
  0.0240120277    0.0243946984    0.0247778788    0.0251616493    0.0255459294
  0.0259308532    0.0263162598    0.0267022565    0.0270888165    0.0274760738
  0.0278638676    0.0282522246    0.0286411986    0.0290308699    0.0294211045
  0.0298120365    0.0302035317    0.0305957511    0.0309885874    0.0313821211
  0.0317762986    0.0321712002    0.0325667992    0.0329631224    0.0333601698
  0.0337579146    0.0341563836    0.0345555767    0.0349555477    0.0353563234
  0.0357578233    0.0361601278    0.0365632102    0.0369670972    0.0373718157
  0.0377772853    0.0381836668    0.0385909066    0.0389988706    0.0394078806
  0.0398176685    0.0402282879    0.0406400070    0.0410524502    0.0414659128
  0.0418802872    0.0422955200    0.0427118793    0.0431291237    0.0435473874
  0.0439666167    0.0443868920    0.0448081866    0.0452305272    0.0456538871
  0.0460783198    0.0465039060    0.0469305381    0.0473582968    0.0477871552
  0.0482172742    0.0486484662    0.0490808114    0.0495143637    0.0499492303
  0.0503852502    0.0508223429    0.0512609378    0.0517008200    0.0521419361
  0.0525843397    0.0530280575    0.0534733042    0.0539197847    0.0543676063
  0.0548170909    0.0552678898    0.0557201639    0.0561738059    0.0566292182
  0.0570859715    0.0575443611    0.0580043063    0.0584658071    0.0589291051
  0.0593939587    0.0598605022    0.0603288695    0.0607988194    0.0612706468
  0.0617442444    0.0622197732    0.0626970723    0.0631763026    0.0636574641
  0.0641405299    0.0646258488    0.0651129648    0.0656023607    0.0660936072
  0.0665871605    0.0670829400    0.0675809994    0.0680812582    0.0685838774
  0.0690888569    0.0695964381    0.0701061383    0.0706184670    0.0711333975
  0.0716511711    0.0721713856    0.0726943091    0.0732201025    0.0737489000
  0.0742805406    0.0748149976    0.0753525928    0.0758934066    0.0764373586
  0.0769846365    0.0775351867    0.0780889556    0.0786465600    0.0792077050
  0.0797724172    0.0803411797    0.0809134826    0.0814900234    0.0820706412
  0.0826554433    0.0832444027    0.0838379756    0.0844358668    0.0850388810
  0.0856466427    0.0862591788    0.0868769988    0.0875002101    0.0881288126
  0.0887627527    0.0894030765    0.0900493011    0.0907014534    0.0913602844
  0.0920260087    0.0926984116    0.0933780566    0.0940656945    0.0947602794
  0.0954634473    0.0961746886    0.0968949154    0.0971540436    0.0971540615
  0.0971540615    0.0971540615    0.0971540615    0.0971540615    0.0971540615
  0.0971540615    0.0971540615    0.0971540615    0.0971540615    0.0971540615
  0.0971540615    0.0971540615    0.0971540615    0.0971540615    0.0971540615
  0.0971540615    0.0971540615    0.0971540615    0.0971540615    0.0971540615
  0.0971540615    0.0971540615    0.0971540615    0.0971540615    0.0971540615
  0.0971540615    0.0971540615    0.0971540615    0.0971540615    0.0971540615
  0.0971540615    0.0971540615    0.0971540615    0.0971540615    0.0971540615
  0.0971540615    0.0971540615    0.0971540615    0.0971540615    0.0971540615
  0.0971540615    0.0971540615    0.0971540615    0.0971540615    0.0971540615
  0.0971540615    0.0971540615    0.0971540615    0.0971540615    0.0971540615
  0.0971540615    0.0971540615    0.0971540615    0.0971540615    0.0971540615
  0.0971540615    0.0971540615    0.0971540615    0.0971540615    0.0971540615
  0.0971540615    0.0971540615    0.0971540615    0.0971540615    0.0971540615
  0.0971540615    0.0971540615    0.0971540615    0.0971540615    0.0971540615
  0.0971540615    0.0971540615    0.0971540615    0.0971540615    0.0971540615
  0.0971540615    0.0971540615    0.0971540615    0.0971540615    0.0971540615
  -0.0000005022    0.0003478095    0.0006956652    0.0010436282    0.0013916984
  0.0017399296    0.0020882949    0.0024368480    0.0027855620    0.0031344905
  0.0034836069    0.0038328841    0.0041824028    0.0045321092    0.0048820302
  0.0052321658    0.0055825159    0.0059330806    0.0062838867    0.0066349342
  0.0069861963    0.0073376998    0.0076894715    0.0080414847    0.0083937123
  0.0087462351    0.0090990260    0.0094520852    0.0098054126    0.0101590350
  0.0105128989    0.0108670577    0.0112215117    0.0115762606    0.0119313315
  0.0122866705    0.0126423582    0.0129983410    0.0133546457    0.0137112722
  0.0140682474    0.0144255176    0.0147831365    0.0151411042    0.0154994205
  0.0158581123    0.0162171260    0.0165765420    0.0169362798    0.0172964469
  0.0176569626    0.0180178538    0.0183791742    0.0187408701    0.0191029683
  0.0194654688    0.0198283717    0.0201916769    0.0205554381    0.0209196284
  0.0212841943    0.0216492698    0.0220147476    0.0223806813    0.0227471247
  0.0231139705    0.0234812722    0.0238491103    0.0242174044    0.0245861813
  0.0249554142    0.0253251836    0.0256954357    0.0260662243    0.0264375493
  0.0268093571    0.0271817282    0.0275545552    0.0279279992    0.0283020064
  0.0286764964    0.0290516302    0.0294273004    0.0298035875    0.0301803842
  0.0305578515    0.0309358552    0.0313144490    0.0316937670    0.0320735946
  0.0324540928    0.0328352615    0.0332169935    0.0335994229    0.0339825228
  0.0343662396    0.0347507343    0.0351358190    0.0355217084    0.0359081611
  0.0362953112    0.0366833463    0.0370719716    0.0374614552    0.0378515020
  0.0382424340    0.0386340901    0.0390265241    0.0394197896    0.0398137793
  0.0402085468    0.0406042799    0.0410005763    0.0413979188    0.0417959854
  0.0421950713    0.0425948814    0.0429955766    0.0433971569    0.0437996224
  0.0442031071    0.0446073696    0.0450127050    0.0454188183    0.0458259776
  0.0462341562    0.0466432199    0.0470533296    0.0474644586    0.0478766069
  0.0482897207    0.0487039343    0.0491191670    0.0495354459    0.0499529049
  0.0503714636    0.0507910684    0.0512118265    0.0516337648    0.0520569101
  0.0524811283    0.0529066339    0.0533333734    0.0537612125    0.0541903660
  0.0546206996    0.0550526157    0.0554855242    0.0559197471    0.0563554719
  0.0567925915    0.0572309449    0.0576708540    0.0581121042    0.0585546955
  0.0589990303    0.0594445989    0.0598917767    0.0603404835    0.0607907459
  0.0612426713    0.0616960719    0.0621510819    0.0626079425    0.0630662784
  0.0635264918    0.0639882877    0.0644520953    0.0649176195    0.0653849140
  0.0658540592    0.0663251355    0.0667981431    0.0672731623    0.0677501127
  0.0682291821    0.0687102631    0.0691934630    0.0696788892    0.0701665148
  0.0706562057    0.0711483106    0.0716426149    0.0721394137    0.0726385728
  0.0731401727    0.0736444816    0.0741512850    0.0746605024    0.0751726434
  0.0756873056    0.0762047842    0.0767254815    0.0772487268    0.0777749494
  0.0783043906    0.0788368627    0.0793723926    0.0799113020    0.0804536179
  0.0809993401    0.0815485224    0.0821013525    0.0826577500    0.0832181439
  0.0837820783    0.0843504116    0.0849227145    0.0854991749    0.0860800073
  0.0866652384    0.0872554049    0.0878497824    0.0884492829    0.0890536115
  0.0896633849    0.0902782813    0.0908986494    0.0915246770    0.0921569273
  0.0927945420    0.0934390500    0.0940898612    0.0947476462    0.0954119489
  0.0960841641    0.0967635140    0.0974504009    0.0977876887    0.0977877125
  0.0977877125    0.0977877125    0.0977877125    0.0977877125    0.0977877125
  0.0977877125    0.0977877125    0.0977877125    0.0977877125    0.0977877125
  0.0977877125    0.0977877125    0.0977877125    0.0977877125    0.0977877125
  0.0977877125    0.0977877125    0.0977877125    0.0977877125    0.0977877125
  0.0977877125    0.0977877125    0.0977877125    0.0977877125    0.0977877125
  0.0977877125    0.0977877125    0.0977877125    0.0977877125    0.0977877125
  0.0977877125    0.0977877125    0.0977877125    0.0977877125    0.0977877125
  0.0977877125    0.0977877125    0.0977877125    0.0977877125    0.0977877125
  0.0977877125    0.0977877125    0.0977877125    0.0977877125    0.0977877125
  0.0977877125    0.0977877125    0.0977877125    0.0977877125    0.0977877125
  0.0977877125    0.0977877125    0.0977877125    0.0977877125    0.0977877125
  0.0977877125    0.0977877125    0.0977877125    0.0977877125    0.0977877125
  0.0977877125    0.0977877125    0.0977877125    0.0977877125    0.0977877125
  0.0977877125    0.0977877125    0.0977877125    0.0977877125    0.0977877125
  -0.0000005022    0.0003360078    0.0006720617    0.0010081694    0.0013444111
  0.0016807601    0.0020172432    0.0023538873    0.0026907191    0.0030276850
  0.0033648118    0.0037021533    0.0040396556    0.0043773457    0.0047151968
  0.0050532892    0.0053915426    0.0057300106    0.0060686931    0.0064075634
  0.0067466483    0.0070859745    0.0074255154    0.0077652708    0.0081052676
  0.0084454790    0.0087859318    0.0091266260    0.0094675615    0.0098087385
  0.0101502106    0.0104918972    0.0108338520    0.0111761019    0.0115185663
  0.0118613526    0.0122043803    0.0125477031    0.0128913209    0.0132352069
  0.0135793880    0.0139238909    0.0142686889    0.0146138087    0.0149592236
  0.0153049603    0.0156509921    0.0159973457    0.0163440749    0.0166911259
  0.0170384720    0.0173861936    0.0177342370    0.0180826560    0.0184314504
  0.0187805936    0.0191300586    0.0194799259    0.0198301956    0.0201807871
  0.0205317810    0.0208831772    0.0212350026    0.0215871766    0.0219397798
  0.0222927853    0.0226461664    0.0230000034    0.0233542964    0.0237089917
  0.0240641430    0.0244196966    0.0247757331    0.0251321718    0.0254891202
  0.0258464709    0.0262043312    0.0265627012    0.0269214734    0.0272807553
  0.0276404932    0.0280007675    0.0283616051    0.0287228718    0.0290846750
  0.0294469610    0.0298098102    0.0301731423    0.0305370912    0.0309015498
  0.0312664911    0.0316320762    0.0319981977    0.0323649094    0.0327321574
  0.0330999956    0.0334684506    0.0338375494    0.0342071578    0.0345774099
  0.0349482253    0.0353198186    0.0356919214    0.0360646680    0.0364380583
  0.0368121460    0.0371868506    0.0375622258    0.0379383519    0.0383151218
  0.0386925355    0.0390706733    0.0394495353    0.0398291215    0.0402094856
  0.0405905202    0.0409723595    0.0413548425    0.0417382106    0.0421221957
  0.0425071463    0.0428926870    0.0432791665    0.0436664507    0.0440544590
  0.0444434062    0.0448331043    0.0452236608    0.0456151024    0.0460073218
  0.0464006677    0.0467946306    0.0471896395    0.0475854531    0.0479823664
  0.0483800039    0.0487787411    0.0491784170    0.0495789781    0.0499806389
  0.0503832385    0.0507866964    0.0511914417    0.0515971258    0.0520038024
  0.0524116591    0.0528204009    0.0532303765    0.0536413714    0.0540535197
  0.0544667944    0.0548813835    0.0552968845    0.0557136461    0.0561316416
  0.0565508708    0.0569712535    0.0573930576    0.0578159079    0.0582400724
  0.0586655781    0.0590924248    0.0595206127    0.0599502489    0.0603811726
  0.0608134642    0.0612472311    0.0616824195    0.0621190026    0.0625571683
  0.0629967824    0.0634380057    0.0638807043    0.0643249318    0.0647708759
  0.0652185097    0.0656676456    0.0661186591    0.0665711477    0.0670254335
  0.0674816236    0.0679396108    0.0683992609    0.0688609764    0.0693242744
  0.0697897717    0.0702571735    0.0707265601    0.0711978778    0.0716714486
  0.0721470580    0.0726246789    0.0731047139    0.0735869214    0.0740713283
  0.0745580688    0.0750470623    0.0755385235    0.0760326669    0.0765290633
  0.0770280883    0.0775298223    0.0780339435    0.0785410956    0.0790510640
  0.0795637146    0.0800794229    0.0805978671    0.0811194226    0.0816442773
  0.0821720019    0.0827032939    0.0832379922    0.0837756678    0.0843173936
  0.0848623917    0.0854111448    0.0859635994    0.0865202114    0.0870806322
  0.0876452908    0.0882138118    0.0887869194    0.0893646672    0.0899467066
  0.0905334398    0.0911250815    0.0917220876    0.0923239753    0.0929312006
  0.0935441658    0.0941624954    0.0947871551    0.0954178497    0.0960546061
  0.0966981217    0.0973481014    0.0980052426    0.0984010831    0.0984010860
  0.0984010860    0.0984010860    0.0984010860    0.0984010860    0.0984010860
  0.0984010860    0.0984010860    0.0984010860    0.0984010860    0.0984010860
  0.0984010860    0.0984010860    0.0984010860    0.0984010860    0.0984010860
  0.0984010860    0.0984010860    0.0984010860    0.0984010860    0.0984010860
  0.0984010860    0.0984010860    0.0984010860    0.0984010860    0.0984010860
  0.0984010860    0.0984010860    0.0984010860    0.0984010860    0.0984010860
  0.0984010860    0.0984010860    0.0984010860    0.0984010860    0.0984010860
  0.0984010860    0.0984010860    0.0984010860    0.0984010860    0.0984010860
  0.0984010860    0.0984010860    0.0984010860    0.0984010860    0.0984010860
  0.0984010860    0.0984010860    0.0984010860    0.0984010860    0.0984010860
  0.0984010860    0.0984010860    0.0984010860    0.0984010860    0.0984010860
  0.0984010860    0.0984010860    0.0984010860    0.0984010860    0.0984010860
  -0.0000005022    0.0003251180    0.0006502554    0.0009754732    0.0013007984
  0.0016262040    0.0019517437    0.0022774175    0.0026032254    0.0029291943
  0.0032553241    0.0035815880    0.0039080396    0.0042346522    0.0045614257
  0.0048883870    0.0052155092    0.0055428192    0.0058703169    0.0061980292
  0.0065259025    0.0068539903    0.0071822658    0.0075107560    0.0078394338
  0.0081683531    0.0084974602    0.0088267818    0.0091563448    0.0094860956
  0.0098161146    0.0101463482    0.0104767963    0.0108075127    0.0111384705
  0.0114696428    0.0118010834    0.0121328190    0.0124647424    0.0127969608
  0.0131294474    0.0134622023    0.0137952253    0.0141285166    0.0144620761
  0.0147959575    0.0151300803    0.0154644981    0.0157992378    0.0161342725
  0.0164695755    0.0168052271    0.0171411738    0.0174774155    0.0178140059
  0.0181509182    0.0184881523    0.0188257352    0.0191635862    0.0195018396
  0.0198404148    0.0201793388    0.0205186382    0.0208582327    0.0211982831
  0.0215386018    0.0218793496    0.0222204730    0.0225618914    0.0229037926
  0.0232460156    0.0235886678    0.0239316955    0.0242751792    0.0246189848
  0.0249632195    0.0253079101    0.0256530032    0.0259984985    0.0263444498
  0.0266908303    0.0270376131    0.0273848519    0.0277325734    0.0280807242
  0.0284293577    0.0287784472    0.0291280195    0.0294780210    0.0298285052
  0.0301794991    0.0305310026    0.0308829620    0.0312354580    0.0315884635
  0.0319419250    0.0322959766    0.0326505110    0.0330056086    0.0333612159
  0.0337173060    0.0340740934    0.0344313100    0.0347891167    0.0351474598
  0.0355064735    0.0358660236    0.0362261102    0.0365868136    0.0369480804
  0.0373100713    0.0376725718    0.0380357161    0.0383995041    0.0387639359
  0.0391289577    0.0394946769    0.0398609057    0.0402279392    0.0405956700
  0.0409639373    0.0413330361    0.0417027250    0.0420732185    0.0424443021
  0.0428161636    0.0431886688    0.0435620323    0.0439360663    0.0443108246
  0.0446863875    0.0450626478    0.0454397932    0.0458176628    0.0461963370
  0.0465758160    0.0469560727    0.0473371342    0.0477190539    0.0481018588
  0.0484854415    0.0488699093    0.0492552355    0.0496414468    0.0500285968
  0.0504165247    0.0508054987    0.0511953309    0.0515861824    0.0519779727
  0.0523707017    0.0527643695    0.0531589493    0.0535545751    0.0539512202
  0.0543489382    0.0547476754    0.0551474854    0.0555482343    0.0559502169
  0.0563531116    0.0567571864    0.0571624145    0.0575687155    0.0579762504
  0.0583848581    0.0587947801    0.0592056677    0.0596180305    0.0600315467
  0.0604461893    0.0608620927    0.0612793371    0.0616978422    0.0621179029
  0.0625389561    0.0629614845    0.0633855954    0.0638107255    0.0642375454
  0.0646657065    0.0650953695    0.0655264542    0.0659589872    0.0663932100
  0.0668289885    0.0672662422    0.0677050516    0.0681456581    0.0685876325
  0.0690314844    0.0694771066    0.0699244186    0.0703733131    0.0708242193
  0.0712767884    0.0717313692    0.0721877471    0.0726461902    0.0731063232
  0.0735686824    0.0740328118    0.0744993821    0.0749676421    0.0754383162
  0.0759110555    0.0763860211    0.0768631861    0.0773427382    0.0778247580
  0.0783090308    0.0787958786    0.0792851135    0.0797769234    0.0802715495
  0.0807685897    0.0812683925    0.0817708507    0.0822763130    0.0827846453
  0.0832961693    0.0838105366    0.0843278542    0.0848484978    0.0853724137
  0.0858996823    0.0864304110    0.0869646803    0.0875024900    0.0880438402
  0.0885891601    0.0891383156    0.0896913871    0.0902486965    0.0908103779
  0.0913759217    0.0919463202    0.0925211444    0.0931011990    0.0936856791
  0.0942752555    0.0948699281    0.0954698309    0.0960758761    0.0966871783
  0.0973046765    0.0979277536    0.0985580191    0.0989955410    0.0989955381
  0.0989955381    0.0989955381    0.0989955381    0.0989955381    0.0989955381
  0.0989955381    0.0989955381    0.0989955381    0.0989955381    0.0989955381
  0.0989955381    0.0989955381    0.0989955381    0.0989955381    0.0989955381
  0.0989955381    0.0989955381    0.0989955381    0.0989955381    0.0989955381
  0.0989955381    0.0989955381    0.0989955381    0.0989955381    0.0989955381
  0.0989955381    0.0989955381    0.0989955381    0.0989955381    0.0989955381
  0.0989955381    0.0989955381    0.0989955381    0.0989955381    0.0989955381
  0.0989955381    0.0989955381    0.0989955381    0.0989955381    0.0989955381
  0.0989955381    0.0989955381    0.0989955381    0.0989955381    0.0989955381
  0.0989955381    0.0989955381    0.0989955381    0.0989955381    0.0989955381
  -0.0000005022    0.0003150329    0.0006301120    0.0009452179    0.0012604311
  0.0015756980    0.0018911257    0.0022066340    0.0025222763    0.0028380796
  0.0031539902    0.0034700617    0.0037862673    0.0041026339    0.0044191614
  0.0047358230    0.0050526723    0.0053696826    0.0056868538    0.0060042128
  0.0063217327    0.0066394135    0.0069573089    0.0072753653    0.0075936362
  0.0079120681    0.0082307145    0.0085495219    0.0088685706    0.0091877803
  0.0095072314    0.0098268703    0.0101467505    0.0104668453    0.0107871279
  0.0111076519    0.0114283904    0.0117493704    0.0120705649    0.0123920009
  0.0127137050    0.0130356237    0.0133577839    0.0136802122    0.0140028551
  0.0143257663    0.0146489725    0.0149724200    0.0152961358    0.0156201199
  0.0159443721    0.0162688658    0.0165936813    0.0169187918    0.0172441438
  0.0175698176    0.0178957596    0.0182219967    0.0185485557    0.0188754097
  0.0192025855    0.0195300832    0.0198578760    0.0201859906    0.0205144271
  0.0208431855    0.0211722925    0.0215017214    0.0218314722    0.0221615717
  0.0224920467    0.0228228167    0.0231539890    0.0234855637    0.0238173798
  0.0241496786    0.0244822457    0.0248152420    0.0251486674    0.0254823610
  0.0258165106    0.0261510625    0.0264859363    0.0268213198    0.0271570250
  0.0274931863    0.0278297231    0.0281667158    0.0285041109    0.0288418815
  0.0291801617    0.0295188174    0.0298579559    0.0301974967    0.0305375203
  0.0308780000    0.0312189087    0.0315603271    0.0319022551    0.0322445318
  0.0325873449    0.0329306677    0.0332744732    0.0336187080    0.0339635059
  0.0343087867    0.0346546307    0.0350009844    0.0353477672    0.0356951132
  0.0360430226    0.0363914415    0.0367404237    0.0370899692    0.0374400243
  0.0377906963    0.0381419048    0.0384937301    0.0388460651    0.0391989633
  0.0395525321    0.0399067178    0.0402614400    0.0406168595    0.0409727618
  0.0413293347    0.0416866049    0.0420444652    0.0424029693    0.0427621439
  0.0431220159    0.0434824511    0.0438436374    0.0442054674    0.0445679948
  0.0449311659    0.0452950880    0.0456597075    0.0460250512    0.0463911191
  0.0467579916    0.0471255884    0.0474938825    0.0478629008    0.0482328042
  0.0486034051    0.0489748105    0.0493469134    0.0497199818    0.0500937745
  0.0504683986    0.0508439079    0.0512202218    0.0515973136    0.0519753173
  0.0523542061    0.0527339533    0.0531146392    0.0534962639    0.0538786665
  0.0542621419    0.0546464220    0.0550316945    0.0554179594    0.0558050826
  0.0561933860    0.0565824136    0.0569726482    0.0573638484    0.0577562287
  0.0581494138    0.0585437790    0.0589391902    0.0593357548    0.0597333118
  0.0601320222    0.0605318323    0.0609328225    0.0613349929    0.0617383704
  0.0621429011    0.0625487193    0.0629555568    0.0633638158    0.0637731209
  0.0641838744    0.0645959690    0.0650093243    0.0654239401    0.0658399507
  0.0662572220    0.0666759953    0.0670962438    0.0675178871    0.0679410055
  0.0683655187    0.0687915877    0.0692191049    0.0696482316    0.0700787798
  0.0705112323    0.0709449992    0.0713805094    0.0718178168    0.0722567335
  0.0726973400    0.0731397435    0.0735837564    0.0740298346    0.0744776830
  0.0749273285    0.0753789589    0.0758326277    0.0762880132    0.0767458126
  0.0772053286    0.0776669905    0.0781309053    0.0785968587    0.0790651187
  0.0795355514    0.0800085321    0.0804836318    0.0809610650    0.0814412341
  0.0819237635    0.0824085727    0.0828962252    0.0833865598    0.0838796303
  0.0843753293    0.0848741397    0.0853754714    0.0858801290    0.0863875225
  0.0868983224    0.0874119118    0.0879291221    0.0884493098    0.0889734402
  0.0895003870    0.0900314912    0.0905659214    0.0911047235    0.0916467980
  0.0921931103    0.0927435532    0.0932981536    0.0938574210    0.0944206312
  0.0949888572    0.0955616966    0.0961396053    0.0967221007    0.0973104969
  0.0979035333    0.0985026583    0.0991075769    0.0995725378    0.0995725498
  0.0995725498    0.0995725498    0.0995725498    0.0995725498    0.0995725498
  0.0995725498    0.0995725498    0.0995725498    0.0995725498    0.0995725498
  0.0995725498    0.0995725498    0.0995725498    0.0995725498    0.0995725498
  0.0995725498    0.0995725498    0.0995725498    0.0995725498    0.0995725498
  0.0995725498    0.0995725498    0.0995725498    0.0995725498    0.0995725498
  0.0995725498    0.0995725498    0.0995725498    0.0995725498    0.0995725498
  0.0995725498    0.0995725498    0.0995725498    0.0995725498    0.0995725498
  0.0995725498    0.0995725498    0.0995725498    0.0995725498    0.0995725498
